dielectric FR941206-1-00134 1 17022
fluid FR941206-1-00134 1 17023
( FR941206-1-00134 183 17024 17033 17037 17059 17063 17075 17096 17145 17148 17282 17302 17306 17330 17352 17400 17403 17489 17499 17503 17523 17570 17573 17592 17649 17657 17661 17698 17701 17704 17708 17797 17874 17878 17881 17891 17894 17909 18028 18031 18051 18054 18093 18109 18117 18142 18145 18149 18161 18164 18206 18384 18389 18406 18409 18415 18453 18482 18486 18523 18629 18639 18642 18646 18658 18701 18766 18798 18813 18821 18840 18929 18935 18951 18969 18972 18980 18983 18990 18993 18996 19010 19026 19029 19032 19064 19067 19070 19120 19157 19159 19162 19196 19230 19233 19310 19313 19316 19461 19464 19467 19471 19501 19511 19525 19528 19557 19560 19564 19567 19570 19644 19647 19651 19654 19657 19666 19717 19875 19899 19902 20044 20047 20065 20239 20295 20298 20313 20329 20339 20358 20377 20393 20408 20427 20443 20469 20531 20534 20554 20680 20732 20735 20750 20753 20794 20817 20820 21007 21010 21086 21089 21126 21129 21132 21284 21286 21318 21321 21476 21495 21498 21673 21676 21777 21780 21834 21837 22029 22080 22200 22205 22310 22315 22342 22345 22365 22373 22447 22676 22730 22733 22758 23042
modef FR941206-1-00134 2 17025 17055
) FR941206-1-00134 183 17026 17039 17040 17065 17066 17092 17098 17147 17150 17288 17304 17308 17342 17354 17402 17405 17493 17505 17506 17525 17572 17575 17594 17656 17663 17664 17703 17706 17710 17711 17799 17880 17883 17884 17893 17896 17913 18030 18033 18053 18056 18095 18114 18122 18144 18147 18151 18163 18166 18213 18386 18391 18408 18411 18417 18458 18484 18488 18525 18631 18641 18644 18648 18660 18703 18768 18800 18815 18823 18842 18932 18944 18957 18971 18974 18982 18985 18992 18995 18998 19017 19028 19031 19034 19066 19069 19072 19125 19161 19164 19165 19201 19232 19235 19312 19315 19318 19463 19466 19469 19473 19506 19516 19527 19530 19559 19562 19566 19569 19572 19646 19649 19653 19656 19659 19669 19728 19881 19901 19904 20046 20049 20077 20285 20297 20300 20315 20331 20341 20360 20379 20406 20410 20441 20445 20471 20533 20536 20561 20682 20734 20737 20752 20755 20799 20819 20822 21009 21012 21088 21091 21128 21131 21134 21288 21289 21320 21323 21481 21497 21500 21675 21678 21779 21782 21836 21839 22037 22091 22202 22207 22312 22319 22344 22359 22367 22375 22449 22680 22732 22735 22760 23046
with FR941206-1-00134 62 17027 17049 17104 17132 17142 17412 17434 17512 17551 17586 17637 17733 17918 18009 18181 18193 18309 18332 18424 18480 18495 18632 18695 18774 19042 19045 19060 19264 19322 19325 19385 19520 19619 19800 20102 20172 20219 20521 20545 20555 20812 20843 20984 21064 21155 21170 21195 21276 21490 21565 21639 21664 21757 21768 21825 22030 22081 22181 22242 22287 22299 22530
pcb FR941206-1-00134 57 17028 17292 17322 17443 17486 17498 17646 17655 17684 17725 17747 17847 17921 17979 18084 18296 18437 18578 18683 18713 18724 18739 18746 18757 18778 18871 18884 18906 19040 19145 19182 19266 19320 19343 19582 19630 20199 20268 20391 20425 20602 20694 20728 20869 21002 21018 21024 21057 21274 21437 21517 21529 21551 21802 22244 22418 22717
concentrations FR941206-1-00134 6 17029 17051 17293 17313 19152 21730
: FR941206-1-00134 7 17030 17169 18414 18891 19482 20312 22648
10000 FR941206-1-00134 1 17031
ppm FR941206-1-00134 7 17032 17654 17926 19156 21414 21516 21733
see FR941206-1-00134 9 17034 17060 17500 17658 17699 17875 18207 19121 19197
proposed FR941206-1-00134 44 17035 17061 17094 17143 17199 17212 17229 17501 17568 17607 17659 17714 17765 17834 17876 18025 18090 18140 18912 19015 19100 19248 19459 19514 19895 19990 20174 20292 20528 20617 20705 20986 21124 21301 21555 21560 21575 21671 21775 21832 22294 22396 22593 22728
761.79 FR941206-1-00134 17 17036 17062 17095 17301 17351 17399 17438 17502 17591 17660 17766 17984 18092 18394 18527 18699 21302
e FR941206-1-00134 5 17038 17303 20681 21287 22201
. FR941206-1-00134 161 17041 17067 17093 17107 17151 17175 17184 17219 17246 17343 17392 17423 17448 17474 17507 17526 17563 17595 17623 17665 17712 17738 17767 17769 17783 17885 17953 18017 18048 18105 18152 18154 18158 18176 18177 18178 18198 18245 18265 18299 18325 18395 18440 18485 18628 18700 18735 18776 18873 18961 18963 18965 18986 19022 19059 19123 19126 19166 19195 19199 19285 19306 19339 19372 19429 19454 19538 19604 19632 19634 19640 19679 19699 19741 19784 19817 19853 19905 19941 19977 20013 20108 20189 20238 20272 20284 20308 20507 20607 20639 20683 20696 20763 20832 20898 20919 20946 20962 20997 20999 21004 21032 21048 21076 21103 21150 21162 21188 21223 21243 21262 21290 21306 21308 21314 21345 21391 21509 21587 21608 21624 21699 21725 21793 21850 21872 21914 21937 21958 21984 22038 22092 22119 22149 22186 22208 22248 22286 22360 22409 22455 22485 22510 22545 22565 22590 22618 22640 22681 22719 22727 22782 22841 22900 22931 22955 22971 22993 23008 23044 23047
the FR941206-1-00134 265 17042 17081 17086 17090 17116 17198 17205 17214 17228 17269 17280 17290 17297 17318 17336 17358 17393 17421 17435 17475 17542 17578 17587 17596 17606 17621 17624 17673 17680 17683 17694 17713 17751 17784 17792 17804 17808 17831 17843 17846 17861 17900 17936 17954 17958 17999 18045 18058 18064 18082 18087 18099 18103 18130 18182 18194 18200 18216 18223 18233 18237 18254 18271 18312 18358 18401 18633 18654 18696 18704 18720 18723 18728 18870 18874 18882 18896 18903 18911 18917 18922 18938 18959 18966 18987 19014 19057 19080 19086 19129 19167 19265 19272 19275 19278 19307 19337 19399 19406 19421 19427 19436 19521 19545 19605 19620 19685 19694 19720 19745 19762 19767 19774 19812 19823 19883 19886 19908 19914 19948 19957 19969 20011 20036 20096 20103 20116 20124 20129 20133 20145 20162 20165 20173 20220 20227 20241 20249 20273 20286 20309 20316 20320 20333 20368 20388 20420 20446 20462 20465 20475 20478 20481 20495 20501 20526 20566 20570 20605 20616 20656 20704 20716 20727 20764 20768 20813 20834 20855 20865 20902 20956 20977 20985 21014 21023 21028 21093 21138 21148 21229 21232 21244 21251 21256 21260 21349 21374 21377 21446 21491 21581 21588 21603 21606 21656 21662 21681 21696 21817 21886 21890 21912 21916 21921 21924 21945 22013 22061 22076 22100 22115 22212 22216 22222 22227 22263 22282 22293 22303 22306 22328 22361 22369 22378 22387 22392 22395 22410 22417 22433 22459 22472 22476 22481 22511 22519 22531 22556 22577 22626 22673 22706 22738 22742 22745 22752 22767 22793 22797 22830 22838 22861 22873 22884 22901 22914 22922 22976 22994 22999 23023 23030 23037 23056
second FR941206-1-00134 2 17043 17102
procedure FR941206-1-00134 3 17044 17069 17231
is FR941206-1-00134 60 17045 17186 17224 17345 17371 17374 17425 17466 17510 17528 17537 17786 17838 18023 18035 18060 18247 18269 18399 18733 18802 19137 19225 19287 19424 19548 19703 19786 19798 20040 20168 20191 20211 20232 20252 20336 20484 20505 20712 20719 20839 21035 21072 21082 21225 21400 21406 21459 21574 21610 21804 22071 22334 22610 22691 22747 22906 23001 23051 23068
for FR941206-1-00134 89 17046 17123 17247 17311 17387 17481 17517 17559 17631 17690 18018 18124 18156 18187 18243 18273 18275 18281 18291 18318 18351 18380 18430 18464 18466 18678 18727 18924 18948 19078 19110 19143 19301 19414 19551 19591 19677 19732 19888 19931 20054 20078 20091 20207 20240 20301 20497 20559 20691 20854 20944 21037 21056 21238 21250 21381 21421 21614 21848 21868 21947 21971 21985 22039 22093 22258 22262 22400 22437 22441 22469 22523 22560 22613 22630 22635 22644 22700 22710 22715 22741 22772 22843 22910 22951 22965 22984 22998 23060
surfaces FR941206-1-00134 9 17047 17165 17908 18073 19043 19323 21060 21105 21278
contaminated FR941206-1-00134 11 17048 17087 18077 19044 19324 20872 20879 21063 21169 21194 22180
higher FR941206-1-00134 1 17050
of FR941206-1-00134 204 17052 17080 17085 17112 17207 17249 17314 17321 17329 17335 17340 17360 17389 17418 17437 17483 17581 17601 17616 17641 17682 17730 17735 17754 17761 17775 17795 17814 17845 17864 17905 17952 17966 17996 18044 18069 18098 18102 18184 18189 18196 18225 18241 18256 18316 18362 18376 18509 18516 18635 18656 18668 18680 18698 18706 18719 18722 18848 18859 18869 18898 18905 18919 18921 18926 18940 18958 19018 19107 19141 19153 19180 19190 19206 19214 19274 19342 19376 19401 19418 19480 19523 19542 19615 19622 19687 19711 19722 19737 19747 19764 19771 19773 19777 19792 19814 19825 19831 19860 19913 19916 19937 19950 19975 19995 20008 20020 20031 20056 20105 20128 20147 20198 20215 20223 20236 20248 20257 20267 20305 20319 20474 20525 20574 20609 20672 20741 20759 20774 20815 20836 20857 20868 20888 20924 20959 21001 21013 21069 21183 21208 21231 21259 21297 21310 21341 21351 21358 21376 21454 21493 21569 21579 21596 21599 21631 21643 21661 21704 21731 21765 21798 21893 21896 21900 21939 21961 21981 21987 22012 22022 22041 22060 22067 22087 22098 22103 22117 22226 22235 22271 22305 22371 22380 22382 22389 22394 22513 22651 22659 22668 22687 22776 22815 22825 22837 22869 22875 22903 22921 22925 22935 22959 23022
pcbs FR941206-1-00134 58 17053 17058 17315 17419 17518 17906 17919 18080 18104 18171 18226 18242 18258 18317 18450 18463 18562 18572 18592 18762 18775 18899 18941 19046 19150 19255 19326 19689 19707 19748 19765 19778 19826 19862 19976 20002 20009 20018 20057 20092 20148 20237 20560 21041 21047 21156 21171 21196 21415 21632 21734 21743 21867 21882 22182 22285 22442 22777
in FR941206-1-00134 126 17054 17089 17130 17140 17235 17300 17368 17382 17432 17549 17584 17590 17672 17720 17731 17771 17810 17849 17868 17916 17964 17976 18007 18049 18168 18179 18191 18227 18339 18367 18373 18382 18478 18637 18650 18689 18771 18825 18828 18888 19007 19013 19079 19085 19092 19099 19202 19218 19241 19247 19298 19303 19388 19430 19447 19481 19513 19518 19589 19617 19725 19822 19863 19947 19983 20021 20100 20141 20149 20170 20279 20370 20399 20434 20464 20477 20519 20529 20543 20775 20806 20810 20982 21027 21077 21153 21184 21209 21216 21336 21364 21416 21455 21483 21488 21503 21520 21532 21542 21580 21605 21622 21652 21670 21684 21710 21749 21774 21785 21806 21831 21854 21935 22001 22027 22049 22172 22193 22377 22406 22517 22616 22684 22724 22963 23026
and FR941206-1-00134 99 17056 17125 17259 17317 17326 17338 17373 17678 17692 17707 17773 17781 17812 17819 18148 18239 18288 18310 18314 18333 18425 18496 18526 18568 18763 18793 18839 18910 19114 19290 19361 19438 19445 19563 19581 19637 19650 19670 19735 19751 19766 19782 19827 19847 19897 20073 20094 20210 20260 20468 20492 20542 20589 20635 20655 20749 20859 20975 21042 21115 21324 21339 21369 21410 21540 21638 21690 21719 21783 21870 22015 22019 22064 22219 22233 22240 22245 22269 22281 22320 22368 22391 22428 22439 22462 22503 22525 22528 22562 22605 22632 22665 22702 22712 22774 22820 22888 23028 23062
askarel FR941206-1-00134 1 17057
f FR941206-1-00134 3 17064 17097 17307
each FR941206-1-00134 11 17068 20342 20503 21720 21789 21894 21956 21979 21982 22068 22107
involves FR941206-1-00134 1 17070
a FR941206-1-00134 110 17071 17101 17167 17225 17256 17353 17401 17442 17478 17530 17564 17628 17788 17826 17987 18021 18112 18228 18295 18385 18416 18435 18517 18524 18564 18574 18603 18612 18640 18675 18682 18690 18712 18756 18805 19023 19369 19374 19448 19483 19492 19526 19540 19610 19628 19790 19809 19900 19921 19932 19951 19964 20045 20062 20082 20089 20138 20205 20246 20296 20405 20440 20472 20532 20546 20563 20652 20665 20698 20776 20785 20818 20825 20886 20971 21065 21210 21217 21265 21315 21456 21467 21496 21504 21533 21543 21550 21685 21846 21897 21959 22085 22194 22331 22448 22492 22542 22549 22594 22649 22657 22666 22731 22790 22805 22854 22867 22876 22889 22941
15hour FR941206-1-00134 1 17072
none FR941206-1-00134 3 17073 17159 17200
soaking FR941206-1-00134 1 17074
ie FR941206-1-00134 6 17076 17283 17331 17650 18952 19876
, FR941206-1-00134 240 17077 17115 17134 17136 17177 17189 17194 17251 17268 17284 17296 17316 17332 17362 17364 17379 17386 17464 17634 17640 17651 17756 17778 17780 17816 17818 17829 17853 17857 17907 17911 17940 17961 17983 17985 18011 18013 18020 18057 18071 18096 18111 18119 18129 18211 18212 18259 18267 18336 18341 18345 18379 18387 18392 18397 18443 18455 18459 18468 18537 18580 18595 18606 18611 18616 18619 18623 18649 18661 18663 18753 18759 18783 18785 18788 18790 18792 18812 18838 18945 18953 19047 19073 19083 19088 19096 19102 19128 19209 19217 19223 19244 19256 19262 19327 19347 19353 19356 19360 19378 19404 19486 19488 19507 19531 19544 19587 19595 19616 19626 19642 19701 19719 19759 19808 19839 19840 19849 19866 19868 19877 19920 19961 19980 19987 20038 20070 20093 20119 20132 20140 20143 20195 20201 20245 20376 20407 20433 20457 20461 20489 20491 20537 20569 20588 20592 20596 20621 20627 20631 20634 20669 20701 20710 20738 20746 20756 20779 20781 20800 20808 20823 20842 20847 20871 20877 20912 20921 21017 21050 21080 21107 21112 21135 21142 21264 21303 21333 21338 21361 21384 21404 21407 21420 21424 21442 21450 21461 21463 21482 21501 21548 21633 21648 21694 21737 21784 21788 21816 21840 21853 21857 21923 21991 22004 22052 22099 22141 22230 22232 22237 22239 22266 22268 22274 22292 22349 22350 22356 22403 22527 22656 22664 22678 22683 22690 22750 22754 22761 22778 22799 22801 22847 22853 22872 22887 22938 22948 22950 23049
no FR941206-1-00134 12 17078 18846 18863 19051 19331 19938 20383 20414 21635 21715 22451 22822
agitation FR941206-1-00134 1 17079
kerosene FR941206-1-00134 5 17082 17091 17106 17162 17208
or FR941206-1-00134 117 17083 17137 17209 17240 17305 17365 17460 17494 17553 17555 17561 17604 17620 17830 17871 17920 17950 17962 17969 17986 18005 18014 18042 18067 18115 18136 18342 18349 18370 18393 18428 18461 18469 18499 18513 18528 18556 18583 18588 18599 18624 18645 18665 18693 18709 18808 18827 18833 18855 18933 18955 19220 19470 19489 19497 19532 19593 19596 19769 19869 19956 19962 20035 20081 20126 20161 20185 20350 20353 20459 20523 20550 20562 20572 20782 20790 20824 20874 20878 20936 21214 21373 21419 21464 21472 21502 21518 21524 21530 21557 21572 21646 21666 21679 21735 21738 21744 21760 21770 21801 21827 21965 22203 22475 22500 22536 22553 22624 22653 22661 22751 22796 22808 22812 22829 22879 22894
movement FR941206-1-00134 1 17084
surface FR941206-1-00134 12 17088 17118 17237 17258 17270 17934 18132 18765 19273 21165 21246 21892
would FR941206-1-00134 46 17099 17119 17180 17271 17395 17439 17450 17576 17610 17945 17990 18126 18320 18353 18975 18999 19035 19345 19474 19856 19925 20153 20578 20590 20687 20766 20989 21157 21327 21619 21819 21875 21905 21949 21973 22006 22054 22110 22145 22175 22276 22296 22488 22736 22832 22845
require FR941206-1-00134 10 17100 17397 17441 18285 18294 18322 18354 18434 18502 21876
soak FR941206-1-00134 1 17103
clean FR941206-1-00134 2 17105 19958
after FR941206-1-00134 3 17108 19420 22913
decontamination FR941206-1-00134 19 17109 17201 17230 17369 17408 17429 17479 17533 17608 17629 17674 17691 17763 17870 17938 18088 18125 18918 21299
using FR941206-1-00134 3 17110 17161 23036
one FR941206-1-00134 2 17111 20522
these FR941206-1-00134 10 17113 17157 17670 19431 19602 20837 20896 20947 21078 21101
procedures FR941206-1-00134 4 17114 17160 17299 17370
decontaminated FR941206-1-00134 12 17117 17257 17543 17583 17776 17824 17949 17968 18000 18046 18131 21558
not FR941206-1-00134 43 17120 17181 17233 17440 17467 17546 17611 17635 17991 18003 18284 18321 18433 18446 18543 19075 19257 19349 19393 19549 19574 19675 19682 19697 20004 20026 20114 20154 20182 20364 20517 20539 20624 20688 20720 21053 21073 21109 21389 21931 22611 22849 23052
be FR941206-1-00134 94 17121 17127 17182 17217 17272 17277 17410 17453 17472 17547 17728 17759 17948 18134 18174 18687 18717 18976 19000 19036 19252 19269 19281 19350 19366 19395 19443 19475 19478 19585 19613 19946 20058 20099 20262 20277 20324 20345 20365 20382 20413 20487 20579 20582 20591 20675 20689 20772 20885 20931 20941 20953 21054 21062 21097 21120 21160 21168 21181 21193 21206 21248 21270 21295 21328 21452 21538 21577 21620 21650 21708 21747 21812 21820 21883 21906 21928 21950 21953 21976 22007 22055 22096 22111 22146 22176 22179 22191 22253 22467 22539 22786 22850 23034
regulated FR941206-1-00134 13 17122 17273 17372 18079 18128 19457 19550 19676 19861 20693 20721 20943 22326
disposal FR941206-1-00134 91 17124 17341 17359 17377 17381 17444 17752 17866 18157 18190 18255 18276 18282 18292 18297 18319 18344 18352 18431 18438 18467 18501 18565 18575 18604 18676 18691 18714 18725 18878 18886 18950 18964 19006 19091 19108 19142 19205 19240 19293 19297 19536 19552 19623 19678 19686 19996 20055 20392 20426 20685 20740 20758 20826 20945 21239 21282 21332 21507 21546 21948 21972 22195 22234 22270 22440 22452 22463 22473 22482 22526 22563 22587 22602 22608 22633 22652 22660 22674 22713 22775 22814 22870 22895 22915 22930 22943 22966 22985 22996 23063
could FR941206-1-00134 18 17126 17276 18133 19365 19945 20614 20952 21119 21180 21537 21649 21707 21746 21811 21930 22190 22465 22785
reused FR941206-1-00134 5 17128 17548 18006 18137 19597
except FR941206-1-00134 4 17129 19667 20747 21477
association FR941206-1-00134 3 17131 17550 18008
food FR941206-1-00134 3 17133 17552 18010
feed FR941206-1-00134 3 17135 17554 18012
drinking FR941206-1-00134 4 17138 17514 17557 18015
water FR941206-1-00134 10 17139 17482 17515 17544 17558 17582 17602 18016 18019 18047
accordance FR941206-1-00134 7 17141 17433 17585 17732 18192 18479 19618
761.20 FR941206-1-00134 11 17144 17569 17700 17796 17877 17890 18027 18050 18141 18160 18405
c FR941206-1-00134 17 17146 17524 17571 17702 17798 17879 17892 18029 18052 18143 18162 18407 18630 20328 20356 20650 22206
5 FR941206-1-00134 15 17149 17404 17705 18146 18973 19568 19655 20409 20754 21011 21322 21677 21781 21838 22988
epa FR941206-1-00134 41 17152 17185 17220 17253 17344 17424 17447 17465 17513 17527 17666 17740 17886 17978 18246 18268 18300 18398 19084 19176 19224 19286 19379 19433 19680 19702 19742 19785 20039 20190 20266 20509 20711 20905 20963 21081 21224 21609 21851 22571 22682
's FR941206-1-00134 6 17153 19802 19911 19935 20243 22583
research FR941206-1-00134 1 17154
demonstrates FR941206-1-00134 1 17155
that FR941206-1-00134 73 17156 17222 17227 17289 17357 17406 17427 17541 17599 17668 17722 17745 17957 18034 18074 18170 18215 18302 18760 18801 18816 18843 18861 18868 19133 19186 19254 19364 19381 19435 19576 19609 19661 19693 19705 19797 20017 20050 20087 20095 20144 20213 20229 20512 20575 20914 20927 20937 20965 20976 21092 21145 21405 21618 21810 21877 21903 21968 22070 22143 22173 22184 22333 22413 22533 22570 22607 22725 22802 22821 22891 22979 23012
two FR941206-1-00134 2 17158 18889
should FR941206-1-00134 3 17163 19251 22538
decontaminate FR941206-1-00134 1 17164
to FR941206-1-00134 122 17166 17355 17415 17420 17452 17539 17618 17717 17743 17750 17791 17803 17852 17860 17897 17947 17972 18038 18062 18139 18220 18222 18253 18448 18545 18558 18652 18671 18804 19002 19038 19055 19062 19177 19204 19227 19236 19335 19352 19397 19411 19477 19494 19683 19760 19906 19927 19973 20010 20014 20033 20159 20203 20234 20264 20581 20626 20678 20703 20714 20787 20840 20860 20901 21099 21111 21137 21159 21167 21192 21227 21235 21240 21253 21272 21330 21432 21469 21576 21658 21762 21814 21822 21861 21909 21927 21952 21975 22095 22113 22133 22178 22252 22255 22279 22289 22386 22424 22458 22479 22495 22506 22555 22576 22581 22671 22693 22698 22705 22763 22766 22810 22827 22852 22857 22866 22882 22908 23017 23020 23033 23054
level FR941206-1-00134 7 17168 17588 17609 21258 22116 22185 22332
10 FR941206-1-00134 7 17170 17242 17263 21431 22132 22163 22352
m FR941206-1-00134 6 17171 17243 17264 17491 21526 21740
g/100 FR941206-1-00134 2 17172 17265
cm FR941206-1-00134 2 17173 17266
2 FR941206-1-00134 14 17174 17245 17267 17644 17653 18165 18410 18643 18814 19633 20340 21528 21742 22734
therefore FR941206-1-00134 2 17176 23048
confirmatory FR941206-1-00134 1 17178
sampling FR941206-1-00134 3 17179 21140 22188
required FR941206-1-00134 6 17183 18734 19476 21951 22008 22056
requesting FR941206-1-00134 1 17187
comment FR941206-1-00134 1 17188
supported FR941206-1-00134 3 17190 22515 22622
by FR941206-1-00134 32 17191 17213 17279 17686 17927 18078 18277 18936 19053 19175 19239 19333 19368 19491 19968 20123 20225 20396 20430 20565 20722 20784 20895 20955 21022 21355 21445 21466 21601 21654 22600 22792
laboratory FR941206-1-00134 2 17192 17286
data FR941206-1-00134 2 17193 19291
on FR941206-1-00134 20 17195 17903 18600 18895 18902 18916 19292 19811 20707 20909 20933 20993 21859 21885 21889 22431 22491 22541 22789 22981
aggressive FR941206-1-00134 1 17196
versus FR941206-1-00134 1 17197
techniques FR941206-1-00134 2 17202 19294
especially FR941206-1-00134 1 17203
where FR941206-1-00134 9 17204 18232 20109 20882 21794 21915 22450 22471 22744
volume FR941206-1-00134 7 17206 17320 18738 18876 21663 21767 22924
another FR941206-1-00134 5 17210 17376 18927 20922 22567
solvent FR941206-1-00134 2 17211 18113
commenter FR941206-1-00134 2 17215 22568
can FR941206-1-00134 3 17216 19612 19820
reduced FR941206-1-00134 1 17218
recognizes FR941206-1-00134 1 17221
there FR941206-1-00134 5 17223 20380 20411 20883 22803
possibility FR941206-1-00134 1 17226
may FR941206-1-00134 14 17232 17757 18173 19280 19584 20136 20261 20771 20884 21052 21061 21269 21293 21451
result FR941206-1-00134 3 17234 19821 22833
final FR941206-1-00134 2 17236 18083
levels FR941206-1-00134 6 17238 17261 17516 17689 17873 20007
at FR941206-1-00134 45 17239 17350 17398 17519 17567 17603 17833 17889 17923 17941 18026 18091 18404 19151 19554 19624 19757 19788 19804 19894 20042 20254 20293 20325 20332 20352 20480 20494 20646 20730 21084 21143 21172 21197 21514 21628 21729 21955 21978 22183 22330 22443 22945 22967 22975
below FR941206-1-00134 3 17241 17605 20177
g/100cm FR941206-1-00134 2 17244 21527
purposes FR941206-1-00134 5 17248 18188 18679 18925 21383
implementation FR941206-1-00134 2 17250 17681
if FR941206-1-00134 11 17252 17998 18081 20164 20508 20640 21385 21712 21751 22120 22150
subsequently FR941206-1-00134 1 17254
sampled FR941206-1-00134 10 17255 21122 21161 21929 21954 21977 22035 22079 22089 22109
found FR941206-1-00134 6 17260 19692 21026 21166 21191 21363
above FR941206-1-00134 2 17262 20354
unless FR941206-1-00134 7 17274 17821 18357 18505 19882 20891 21841
it FR941206-1-00134 14 17275 17536 17841 17944 19250 19691 20180 20335 20483 21051 21713 21752 23013 23067
shown FR941206-1-00134 2 17278 20278
owner FR941206-1-00134 3 17281 20125 20571
through FR941206-1-00134 9 17285 17333 17457 17762 19712 19749 20664 21298 22215
documentation FR941206-1-00134 1 17287
original FR941206-1-00134 2 17291 18100
were FR941206-1-00134 6 17294 17309 19696 20917 22129 22160
determined FR941206-1-00134 6 17295 20395 20429 20511 21907 22540
prescribed FR941206-1-00134 2 17298 17319
followed FR941206-1-00134 1 17310
those FR941206-1-00134 6 17312 17390 18261 18857 21425 22425
rinseate FR941206-1-00134 1 17323
was FR941206-1-00134 13 17324 18218 18360 20516 20538 21722 21753 21791 21843 21918 21969 22250 22804
used FR941206-1-00134 9 17325 17367 18004 18123 20053 20233 20263 21098 22254
properly FR941206-1-00134 1 17327
disposed FR941206-1-00134 15 17328 17729 17760 17951 19479 19614 19710 20019 20773 21182 21207 21296 21453 21578 22097
copies FR941206-1-00134 1 17334
manifests FR941206-1-00134 1 17337
certificates FR941206-1-00134 1 17339
also FR941206-1-00134 9 17346 17396 17626 17758 17887 19109 21294 22466 22621
proposing FR941206-1-00134 16 17347 17375 17426 17529 17787 18061 19226 19787 20041 20212 20713 20907 21083 21226 21611 22692
additional FR941206-1-00134 3 17348 20601 20929
language FR941206-1-00134 3 17349 18202 19004
clarify FR941206-1-00134 2 17356 17677
solvents FR941206-1-00134 2 17361 17391
abrasives FR941206-1-00134 1 17363
equipment FR941206-1-00134 11 17366 17777 17815 17912 19384 19580 19665 20217 20231 20745 21039
option FR941206-1-00134 3 17378 20686 21693
specifically FR941206-1-00134 7 17380 17687 17858 18396 18530 19131 20892
an FR941206-1-00134 42 17383 17613 17801 17993 18120 18286 18323 18355 18363 18368 18503 18510 18609 18731 19093 19104 19138 19415 19508 19599 19889 19917 19992 20022 20028 20110 20156 20451 20513 20556 20801 21185 21280 21484 21566 21640 22260 22456 22573 22783 22835 22933
industrial FR941206-1-00134 39 17384 18617 19008 19094 19221 19242 19299 19498 19509 19638 19752 19890 19918 19978 19999 20023 20051 20079 20097 20111 20130 20151 20166 20208 20302 20321 20421 20447 20514 20576 20611 20791 20802 20910 20934 20968 21186 21473 21485
boiler FR941206-1-00134 3 17385 18615 19753
certain FR941206-1-00134 7 17388 19688 19706 20150 20848 21241 21807
proposal FR941206-1-00134 6 17394 17476 17625 20765 22532 22726
all FR941206-1-00134 5 17407 18257 19191 22169 23029
activities FR941206-1-00134 7 17409 17430 18304 18327 18419 18490 20271
conducted FR941206-1-00134 2 17411 17431
containment FR941206-1-00134 1 17413
adequate FR941206-1-00134 4 17414 19730 20918 20991
prevent FR941206-1-00134 2 17416 19857
releases FR941206-1-00134 1 17417
environment FR941206-1-00134 7 17422 17622 20012 20037 20163 22283 22831
any FR941206-1-00134 18 17428 17746 18107 18750 18794 19439 19929 20600 20994 21163 21291 21629 21705 21799 22121 22126 22151 22716
provisions FR941206-1-00134 7 17436 17734 17794 17832 18403 18636 22422
approval FR941206-1-00134 17 17445 17828 17989 18287 18298 18324 18356 18369 18439 18504 18512 18692 18726 18732 19631 21283 22196
from FR941206-1-00134 31 17446 17899 18236 18263 18451 18472 18577 18593 18867 18881 19271 19426 20387 20419 20500 20598 20660 20726 21397 21911 21920 21944 22009 22057 22075 22106 22125 22155 22284 22323 22834
workers FR941206-1-00134 1 17449
have FR941206-1-00134 11 17451 17946 18075 18862 19187 19211 19708 20183 20450 21158 21974
protected FR941206-1-00134 1 17454
against FR941206-1-00134 4 17455 17696 17807 20906
exposure FR941206-1-00134 1 17456
dermal FR941206-1-00134 1 17458
contact FR941206-1-00134 4 17459 17917 18773 21154
inhalation FR941206-1-00134 1 17461
; FR941206-1-00134 18 17462 17924 18547 18549 18553 18567 18587 18909 19154 19837 19841 19846 20338 20357 20442 20467 21198 22351
however FR941206-1-00134 5 17463 19700 20920 21049 21263
specifying FR941206-1-00134 1 17468
what FR941206-1-00134 1 17469
measures FR941206-1-00134 2 17470 20456
must FR941206-1-00134 10 17471 17727 19268 20323 20344 20363 20449 20486 21205 21247
taken FR941206-1-00134 2 17473 20488
establishes FR941206-1-00134 2 17477 17627
standard FR941206-1-00134 14 17480 17509 17534 17630 17939 18022 18089 20090 20558 21094 21266 21378 21447 21534
0.5 FR941206-1-00134 4 17484 17490 17496 17531
micrograms FR941206-1-00134 6 17485 21175 21200 21436 22137 22164
per FR941206-1-00134 7 17487 17647 21176 21201 21438 22991 23006
liter FR941206-1-00134 2 17488 17648
g/l FR941206-1-00134 1 17492
approximately FR941206-1-00134 3 17495 22987 23002
ppb FR941206-1-00134 2 17497 17532
g FR941206-1-00134 2 17504 17593
this FR941206-1-00134 27 17508 17736 17742 17836 17850 18185 18204 18250 18377 19304 19340 19854 19942 20216 20258 20661 20670 20684 20723 20830 21033 21346 22031 22082 22407 22486 22688
consistent FR941206-1-00134 2 17511 19799
40 FR941206-1-00134 13 17520 18533 19805 19984 20066 20074 20280 20400 20435 21933 22346 22444 22695
cfr FR941206-1-00134 12 17521 18534 19806 19985 20067 20075 20281 20401 20436 22353 22445 22696
141.61 FR941206-1-00134 1 17522
because FR941206-1-00134 5 17535 17840 19405 19690 22920
difficult FR941206-1-00134 2 17538 21813
ensure FR941206-1-00134 2 17540 20016
will FR941206-1-00134 6 17545 17676 19391 19409 20275 23014
as FR941206-1-00134 40 17556 17800 18337 18412 18521 18608 18749 18978 19011 19097 19103 19245 19296 19373 19539 19780 19963 19981 19991 19998 20394 20428 20697 20804 20852 20864 21304 21402 21443 21549 21584 21845 21902 22313 22336 22338 22404 22647 22932 23039
livestock FR941206-1-00134 1 17560
humans FR941206-1-00134 1 17562
conforming FR941206-1-00134 3 17565 17789 20699
amendment FR941206-1-00134 4 17566 17790 17837 19305
6 FR941206-1-00134 13 17574 17709 18032 18150 18984 18994 19030 19068 19314 19465 20444 21090 21130
allow FR941206-1-00134 6 17577 18039 18063 19178 19237 22699
unrestricted FR941206-1-00134 2 17579 18040
reuse FR941206-1-00134 5 17580 17697 18043 18068 18934
established FR941206-1-00134 3 17589 17975 22301
agency FR941206-1-00134 6 17597 17785 17955 18059 20228 22213
believes FR941206-1-00134 5 17598 17667 17956 19380 20964
uses FR941206-1-00134 1 17600
pose FR941206-1-00134 3 17612 20027 20155
unreasonable FR941206-1-00134 8 17614 17994 19698 19939 20006 20029 20157 22823
risk FR941206-1-00134 7 17615 17995 19923 19940 19943 20030 20158
injury FR941206-1-00134 4 17617 17997 20032 22826
health FR941206-1-00134 5 17619 20034 20160 22280 22828
organic FR941206-1-00134 1 17632
liquids FR941206-1-00134 11 17633 18457 18708 18908 19052 19261 19332 20695 20870 21523 21718
associated FR941206-1-00134 6 17636 18308 18331 18423 18494 19263
remediation FR941206-1-00134 1 17638
wastes FR941206-1-00134 17 17639 17726 17922 18234 20603 22211 22241 22614 22718 22721 22781 22816 22859 22928 22954 22960 23031
less FR941206-1-00134 9 17642 20371 20647 21411 21433 21573 21647 21997 22134
than FR941206-1-00134 16 17643 18347 18755 18901 18947 20372 20648 21412 21430 21434 21993 21998 22046 22131 22135 22162
milligrams FR941206-1-00134 1 17645
< FR941206-1-00134 2 17652 21173
h FR941206-1-00134 2 17662 20072
placing FR941206-1-00134 2 17669 21680
standards FR941206-1-00134 3 17671 17974 20988
section FR941206-1-00134 6 17675 17851 18205 18741 21347 22408
simplify FR941206-1-00134 1 17679
program FR941206-1-00134 2 17685 21689
defining FR941206-1-00134 1 17688
removing FR941206-1-00134 2 17693 18449
prohibitions FR941206-1-00134 2 17695 17848
introductory FR941206-1-00134 1 17715
text FR941206-1-00134 1 17716
761.60 FR941206-1-00134 33 17718 17755 18197 18638 18968 18979 18989 19025 19063 19158 19229 19309 19460 19524 19556 19643 19898 20043 20294 20530 20679 20731 20816 21006 21085 21125 21285 21317 21494 21672 21776 21833 22199
states FR941206-1-00134 1 17719
part FR941206-1-00134 16 17721 18169 18186 18361 18378 18508 18515 18535 18718 18829 20068 20282 20402 20437 20831 22354
`` FR941206-1-00134 18 17723 18172 18745 18777 19134 19144 19169 19181 19547 19713 19793 20196 20584 20718 20770 21366 22335 22595
... FR941206-1-00134 1 17724
subpart FR941206-1-00134 4 17737 18374 18538 20071
'' FR941206-1-00134 18 17739 18199 18748 18780 19136 19148 19171 19185 19553 19716 19796 20202 20587 20725 20833 21368 22341 22598
interprets FR941206-1-00134 1 17741
mean FR941206-1-00134 2 17744 19575
otherwise FR941206-1-00134 4 17748 18529 18666 20942
subject FR941206-1-00134 1 17749
requirements FR941206-1-00134 14 17753 18183 18195 18697 19522 19887 20118 20222 20814 21492 22300 22502 22589 22896
under FR941206-1-00134 21 17764 17825 18532 19458 19601 19954 20060 20541 20829 21005 21123 21279 21300 21554 21559 21691 22198 22224 22302 22327 22426
8 FR941206-1-00134 1 17768
distribution FR941206-1-00134 5 17770 17809 17963 18041 18066
commerce FR941206-1-00134 5 17772 17811 17965 19284 19590
use FR941206-1-00134 17 17774 17813 17863 17904 17931 17960 18244 18264 18819 18837 18854 18928 19594 21375 22229 22265 22498
structures FR941206-1-00134 2 17779 17817
materials FR941206-1-00134 11 17782 17820 18471 19724 21668 21772 21829 22273 22325 22636 23025
current FR941206-1-00134 13 17793 17862 18159 18967 19081 19555 20915 20978 21015 22768 22972 23009 23024
exception FR941206-1-00134 2 17802 18634
general FR941206-1-00134 3 17805 17901 22550
prohibition FR941206-1-00134 2 17806 17902
they FR941206-1-00134 3 17822 18506 18892
are FR941206-1-00134 23 17823 18002 18306 18329 18421 18445 18492 18507 18514 19674 19988 20290 20311 20623 20644 21020 21388 21428 22483 22722 22897 22961 22986
tsca FR941206-1-00134 14 17827 17865 17988 18436 19449 19534 19629 20692 21211 21218 21505 21544 22225 22415
761.79. FR941206-1-00134 2 17835 21561
important FR941206-1-00134 1 17839
causes FR941206-1-00134 1 17842
scope FR941206-1-00134 1 17844
among FR941206-1-00134 2 17854 20593
other FR941206-1-00134 16 17855 18371 18754 18795 19362 19440 19533 20594 21044 21189 21273 21667 21771 21828 22187 22591
things FR941206-1-00134 2 17856 20595
conform FR941206-1-00134 1 17859
approvals FR941206-1-00134 1 17867
establishing FR941206-1-00134 1 17869
cleanup FR941206-1-00134 2 17872 17981
4 FR941206-1-00134 15 17882 19529 19561 19648 19903 20048 20299 20378 20535 20736 20821 21307 21499 21570 21644
proposes FR941206-1-00134 3 17888 21348 21852
7 FR941206-1-00134 3 17895 18055 20470
exempt FR941206-1-00134 1 17898
eg FR941206-1-00134 6 17910 18110 18118 18454 19718 22677
which FR941206-1-00134 20 17914 17942 18279 18289 18305 18328 18420 18491 19049 19054 19210 19329 19334 20454 20613 21071 21399 21427 21458 22275
comes FR941206-1-00134 1 17915
50 FR941206-1-00134 8 17925 19155 21409 21659 21763 21823 22355 23018
allowing FR941206-1-00134 2 17928 19005
its FR941206-1-00134 6 17929 18831 18852 19389 21521 21766
continued FR941206-1-00134 3 17930 22228 22264
until FR941206-1-00134 1 17932
thw FR941206-1-00134 1 17933
exceeded FR941206-1-00134 1 17935
appropriate FR941206-1-00134 5 17937 19105 21036 21055 22468
point FR941206-1-00134 5 17943 19375 19541 21888 21904
further FR941206-1-00134 1 17959
items FR941206-1-00134 9 17967 18001 18579 20307 20643 20940 20961 21237 22238
cleaned FR941206-1-00134 1 17970
up FR941206-1-00134 1 17971
specific FR941206-1-00134 3 17973 18806 22497
applicable FR941206-1-00134 3 17977 21271 21305
spill FR941206-1-00134 1 17980
policies FR941206-1-00134 1 17982
present FR941206-1-00134 2 17992 18943
being FR941206-1-00134 8 18024 18672 19402 19989 20291 21395 22748 22898
stringent FR941206-1-00134 1 18036
enough FR941206-1-00134 1 18037
restricted FR941206-1-00134 1 18065
solid FR941206-1-00134 6 18070 18116 19499 19872 20792 21474
nonporous FR941206-1-00134 3 18072 21104 21164
been FR941206-1-00134 7 18076 18770 19173 19188 19212 19709 22918
concentration FR941206-1-00134 7 18085 18101 18224 18684 21025 21630 21803
meets FR941206-1-00134 1 18086
d FR941206-1-00134 3 18094 18375 18702
regardless FR941206-1-00134 1 18097
although FR941206-1-00134 2 18106 19074
liquid FR941206-1-00134 9 18108 18571 19194 19413 19423 21031 21070 21386 21637
abrasive FR941206-1-00134 1 18121
remain FR941206-1-00134 1 18127
distributed FR941206-1-00134 2 18135 19588
pursuant FR941206-1-00134 2 18138 21136
9 FR941206-1-00134 3 18153 20398 20432
processing FR941206-1-00134 11 18155 18240 18274 18280 18290 18303 18326 18359 18418 18489 18662
says FR941206-1-00134 1 18167
processed FR941206-1-00134 1 18175
compliance FR941206-1-00134 9 18180 19519 20101 20171 20520 20544 20811 21489 22298
preamble FR941206-1-00134 3 18201 20259 22689
addressing FR941206-1-00134 1 18203
44 FR941206-1-00134 1 18208
fr FR941206-1-00134 2 18209 22347
31527 FR941206-1-00134 1 18210
explained FR941206-1-00134 1 18214
provision FR941206-1-00134 3 18217 19731 19855
intended FR941206-1-00134 1 18219
apply FR941206-1-00134 1 18221
manufacturing FR941206-1-00134 1 18229
waste FR941206-1-00134 18 18230 18626 18669 19452 19500 19611 19873 20269 20793 21221 21475 21553 22397 22402 22508 22585 22639 22746
stream FR941206-1-00134 1 18231
resulted FR941206-1-00134 1 18235
manufacture FR941206-1-00134 2 18238 18811
clarifying FR941206-1-00134 1 18248
how FR941206-1-00134 2 18249 21860
paragraph FR941206-1-00134 1 18251
applies FR941206-1-00134 1 18252
including FR941206-1-00134 5 18260 19834 21106 21334 22779
removed FR941206-1-00134 13 18262 19270 19444 21396 21539 21898 21919 21925 21943 21970 22018 22128 22159
today FR941206-1-00134 1 18266
broadening FR941206-1-00134 1 18270
exemption FR941206-1-00134 3 18272 19600 22574
identifying FR941206-1-00134 1 18278
does FR941206-1-00134 6 18283 18293 19573 20003 20113 20181
clarifies FR941206-1-00134 1 18301
primarily FR941206-1-00134 4 18307 18330 18422 18493
facilitate FR941206-1-00134 6 18311 18334 18426 18497 18559 19907
storage FR941206-1-00134 19 18313 18348 18427 18581 22231 22267 22438 22461 22501 22524 22561 22617 22631 22711 22773 22839 22964 23027 23061
transportation FR941206-1-00134 4 18315 18350 18429 18465
treatment FR941206-1-00134 10 18335 18498 19504 19879 20797 21479 22654 22662 22877 22893
defined FR941206-1-00134 7 18338 19012 19098 19246 19512 19982 20805
261.10 FR941206-1-00134 1 18340
land FR941206-1-00134 3 18343 18500 22586
rather FR941206-1-00134 3 18346 18900 18946
activity FR941206-1-00134 3 18364 18519 20200
already FR941206-1-00134 1 18365
included FR941206-1-00134 3 18366 18688 22723
authorization FR941206-1-00134 2 18372 22261
example FR941206-1-00134 2 18381 22934
761.61 FR941206-1-00134 2 18383 18522
761.62 FR941206-1-00134 3 18388 21556 22204
b FR941206-1-00134 26 18390 18483 18487 18659 18970 18981 18991 19027 19065 19160 19231 19311 19462 19558 19565 19645 19652 20733 20751 21008 21087 21127 21319 21674 21778 21835
implementing FR941206-1-00134 1 18400
existing FR941206-1-00134 3 18402 18511 18883
follows FR941206-1-00134 1 18413
do FR941206-1-00134 2 18432 20025
examples FR941206-1-00134 3 18441 18540 20608
include FR941206-1-00134 7 18442 18541 19003 19346 20204 20620 22846
but FR941206-1-00134 9 18444 18542 19048 19328 19348 20622 21108 21996 22848
limited FR941206-1-00134 6 18447 18544 19351 20625 21110 22851
service FR941206-1-00134 4 18452 21398 21600 21687
draining FR941206-1-00134 1 18456
packaging FR941206-1-00134 1 18460
repackaging FR941206-1-00134 1 18462
combining FR941206-1-00134 1 18470
smaller FR941206-1-00134 1 18473
containers FR941206-1-00134 4 18474 18477 18582 18594
into FR941206-1-00134 11 18475 18563 18573 18602 18674 18711 19283 20347 20367 20604 20651
larger FR941206-1-00134 1 18476
761.1 FR941206-1-00134 2 18481 18657
selfimplementing FR941206-1-00134 2 18518 22701
such FR941206-1-00134 9 18520 18607 19295 19779 20851 20862 22272 22534 22646
allowed FR941206-1-00134 2 18531 20893
761 FR941206-1-00134 2 18536 20283
d. FR941206-1-00134 1 18539
microencapsulation FR941206-1-00134 1 18546
pulverization FR941206-1-00134 1 18548
particle FR941206-1-00134 1 18550
size FR941206-1-00134 1 18551
separation FR941206-1-00134 1 18552
employing FR941206-1-00134 1 18554
augers FR941206-1-00134 1 18555
hoppers FR941206-1-00134 1 18557
feeding FR941206-1-00134 1 18560
nond FR941206-1-00134 2 18561 18591
unit FR941206-1-00134 12 18566 18576 18605 18677 18715 18729 19428 19880 20255 20606 22685 23000
directly FR941206-1-00134 4 18569 18589 20458 21152
piping FR941206-1-00134 1 18570
bulk FR941206-1-00134 2 18584 18596
transport FR941206-1-00134 2 18585 18597
vehicles FR941206-1-00134 2 18586 18598
introducing FR941206-1-00134 2 18590 20599
pallets FR941206-1-00134 1 18601
incinerator FR941206-1-00134 3 18610 19750 21213
high FR941206-1-00134 1 18613
efficiency FR941206-1-00134 1 18614
furnace FR941206-1-00134 21 18618 19095 19510 19891 19919 20000 20024 20112 20131 20167 20322 20422 20448 20515 20577 20653 20657 20673 20803 21187 21486
alternate FR941206-1-00134 1 18620
destruction FR941206-1-00134 2 18621 18954
method FR941206-1-00134 5 18622 19106 20397 20431 21034
chemical FR941206-1-00134 5 18625 18849 19451 21220 22755
landfill FR941206-1-00134 3 18627 19453 21222
3 FR941206-1-00134 9 18647 18841 19163 19234 20359 20498 20998 21999 22047
order FR941206-1-00134 1 18651
meet FR941206-1-00134 5 18653 19398 20115 20615 23055
intent FR941206-1-00134 1 18655
diluting FR941206-1-00134 1 18664
blending FR941206-1-00134 1 18667
prior FR941206-1-00134 3 18670 19972 21908
introduced FR941206-1-00134 3 18673 20366 20506
meeting FR941206-1-00134 1 18681
limit FR941206-1-00134 10 18685 19761 21228 22436 22522 22559 22629 22709 22771 23059
shall FR941206-1-00134 5 18686 18716 20381 20412 20674
comply FR941206-1-00134 2 18694 20218
rate FR941206-1-00134 2 18705 22997
delivering FR941206-1-00134 1 18707
nons FR941206-1-00134 2 18710 21249
conditions FR941206-1-00134 7 18721 20104 20175 20289 20310 20527 20619
when FR941206-1-00134 2 18730 19997
b. FR941206-1-00134 1 18736
large FR941206-1-00134 3 18737 18875 22923
articles FR941206-1-00134 20 18740 18923 19021 19041 19267 19321 19344 19363 19456 19583 19673 20762 21003 21019 21045 21058 21102 21190 21242 21275
761.3 FR941206-1-00134 8 18742 19016 19101 19515 19625 19789 19896 20807
currently FR941206-1-00134 6 18743 19127 19641 19743 22962 23040
defines FR941206-1-00134 1 18744
article FR941206-1-00134 12 18747 18752 18779 18872 18877 18885 18960 19058 19338 21149 21261 21292
manufactured FR941206-1-00134 2 18751 18796
container FR941206-1-00134 1 18758
contains FR941206-1-00134 1 18761
whose FR941206-1-00134 2 18764 21059
s FR941206-1-00134 2 18767 18822
has FR941206-1-00134 7 18769 18817 18844 19089 19172 22420 22917
direct FR941206-1-00134 2 18772 21356
includes FR941206-1-00134 2 18781 20088
capacitors FR941206-1-00134 3 18782 19668 20748
transformers FR941206-1-00134 3 18784 19113 19727
electric FR941206-1-00134 2 18786 20628
motors FR941206-1-00134 1 18787
pumps FR941206-1-00134 1 18789
pipes FR941206-1-00134 1 18791
item FR941206-1-00134 3 18797 19276 19279
1 FR941206-1-00134 4 18799 18962 20314 22818
formed FR941206-1-00134 1 18803
shape FR941206-1-00134 2 18807 18832
design FR941206-1-00134 2 18809 18834
during FR941206-1-00134 5 18810 18835 18851 20390 20424
end FR941206-1-00134 8 18818 18836 18853 21721 21790 21895 21957 21980
function FR941206-1-00134 1 18820
dependent FR941206-1-00134 1 18824
whole FR941206-1-00134 1 18826
upon FR941206-1-00134 2 18830 20120
either FR941206-1-00134 6 18845 20061 20928 21692 21754 21786
change FR941206-1-00134 2 18847 20700
composition FR941206-1-00134 2 18850 18860
only FR941206-1-00134 2 18856 19607
changes FR941206-1-00134 2 18858 18913
commercial FR941206-1-00134 1 18864
purpose FR941206-1-00134 2 18865 20835
separate FR941206-1-00134 2 18866 19965
proposals FR941206-1-00134 2 18879 20838
differ FR941206-1-00134 1 18880
regulations FR941206-1-00134 6 18887 19082 19130 20729 20897 22419
ways FR941206-1-00134 1 18890
focus FR941206-1-00134 2 18893 18914
more FR941206-1-00134 4 18894 18915 20524 22045
presence FR941206-1-00134 3 18897 18904 22388
containing FR941206-1-00134 7 18907 19149 21040 21046 21634 21866 21881
portions FR941206-1-00134 1 18920
metal FR941206-1-00134 3 18930 20349 20351
recovery FR941206-1-00134 3 18931 20856 20890
verifying FR941206-1-00134 1 18937
absence FR941206-1-00134 2 18939 22874
presumed FR941206-1-00134 2 18942 22177
outright FR941206-1-00134 1 18949
landfilling FR941206-1-00134 1 18956
redesignated FR941206-1-00134 1 18977
new FR941206-1-00134 4 18988 19024 19308 21316
ii FR941206-1-00134 5 18997 19071 19468 19571 19658
amended FR941206-1-00134 2 19001 22314
furnaces FR941206-1-00134 18 19009 19243 19300 19639 19979 20052 20080 20098 20152 20209 20303 20612 20630 20633 20638 20911 20935 20969
drained FR941206-1-00134 15 19019 19111 19115 19189 19213 19403 19425 19577 19662 19671 20641 20742 20760 20938 21422
pcbcontaminated FR941206-1-00134 19 19020 19112 19116 19382 19455 19578 19663 19672 19726 20306 20642 20743 20761 20939 20960 21403 21585 21700 22148
iii FR941206-1-00134 4 19033 19317 19472 21133
added FR941206-1-00134 1 19037
address FR941206-1-00134 3 19039 21331 22496
contain FR941206-1-00134 2 19050 19330
characterize FR941206-1-00134 7 19056 19336 21100 21147 21236 21255 21862
respect FR941206-1-00134 2 19061 22288
explicitly FR941206-1-00134 1 19076
provided FR941206-1-00134 1 19077
past FR941206-1-00134 1 19087
interpreted FR941206-1-00134 2 19090 19174
natural FR941206-1-00134 16 19117 21311 21342 21352 21392 21510 21562 21589 21615 21625 21701 21726 21795 21863 21878 21940
gas FR941206-1-00134 17 19118 20658 21312 21343 21353 21393 21511 21563 21590 21616 21626 21702 21727 21796 21864 21879 21941
pipeline FR941206-1-00134 19 19119 21313 21344 21354 21359 21365 21394 21417 21512 21564 21586 21591 21597 21617 21627 21703 21728 21797 21880
ref FR941206-1-00134 3 19122 19198 23043
25 FR941206-1-00134 1 19124
state FR941206-1-00134 8 19132 19493 19864 20084 20186 20551 20786 21468
salvage FR941206-1-00134 3 19135 19170 19238
acceptable FR941206-1-00134 3 19139 19993 20610
form FR941206-1-00134 6 19140 19949 19994 20193 20251 20274
hydraulic FR941206-1-00134 4 19146 19183 19207 19215
machines FR941206-1-00134 3 19147 19184 19208
word FR941206-1-00134 1 19168
smelting FR941206-1-00134 2 19179 20853
free FR941206-1-00134 5 19192 19259 21029 21074 21716
flowing FR941206-1-00134 5 19193 19260 21030 21075 21717
21 FR941206-1-00134 1 19200
addition FR941206-1-00134 1 19203
fluids FR941206-1-00134 3 19216 21360 21418
municipal FR941206-1-00134 5 19219 19496 19871 20789 21471
landfills FR941206-1-00134 1 19222
amend FR941206-1-00134 2 19228 22694
761.3. FR941206-1-00134 1 19249
noted FR941206-1-00134 1 19253
just FR941206-1-00134 1 19258
before FR941206-1-00134 1 19277
reintroduced FR941206-1-00134 1 19282
seeking FR941206-1-00134 1 19288
comments FR941206-1-00134 4 19289 22220 22430 22514
inclusion FR941206-1-00134 1 19302
addresses FR941206-1-00134 1 19319
category FR941206-1-00134 2 19341 20206
ship FR941206-1-00134 2 19354 21113
hulls FR941206-1-00134 2 19355 21114
air FR941206-1-00134 6 19357 19959 20085 20187 20552 21116
handling FR941206-1-00134 3 19358 20270 21117
systems FR941206-1-00134 2 19359 21118
characterized FR941206-1-00134 5 19367 21021 21401 21444 21513
wipe FR941206-1-00134 9 19370 21095 21121 21139 21233 21267 21379 21448 21535
sample FR941206-1-00134 5 19371 21536 21815 22123 22153
clarification FR941206-1-00134 2 19377 19543
electrical FR941206-1-00134 5 19383 19579 19664 20744 21038
porous FR941206-1-00134 3 19386 19407 21277
material FR941206-1-00134 2 19387 19442
core FR941206-1-00134 4 19390 19408 19437 19723
probably FR941206-1-00134 1 19392
rapidly FR941206-1-00134 1 19394
able FR941206-1-00134 1 19396
requirement FR941206-1-00134 7 19400 21847 22464 22564 22634 22714 23064
continue FR941206-1-00134 2 19410 22909
release FR941206-1-00134 4 19412 19763 19770 20005
extended FR941206-1-00134 1 19416
period FR941206-1-00134 2 19417 22840
time FR941206-1-00134 15 19419 20334 20482 22435 22477 22521 22558 22628 22670 22708 22770 22863 22881 22912 23058
initial FR941206-1-00134 1 19422
cases FR941206-1-00134 1 19432
recommends FR941206-1-00134 1 19434
sorbent FR941206-1-00134 1 19441
placed FR941206-1-00134 3 19446 20932 21215
approved FR941206-1-00134 9 19450 19535 20676 20828 21212 21219 21506 21545 22192
facility FR941206-1-00134 9 19484 20496 20777 20827 21457 21508 21547 22944 23038
permitted FR941206-1-00134 4 19485 19865 20778 21460
licensed FR941206-1-00134 4 19487 19867 20780 21462
registered FR941206-1-00134 4 19490 19870 20783 21465
manage FR941206-1-00134 3 19495 20788 21470
excluding FR941206-1-00134 2 19502 20795
thermal FR941206-1-00134 4 19503 19878 20796 21478
units FR941206-1-00134 3 19505 20798 21480
operating FR941206-1-00134 10 19517 20169 20288 20317 20518 20540 20618 20809 20987 21487
facilities FR941206-1-00134 3 19537 22603 22978
phrase FR941206-1-00134 4 19546 19606 20717 20769
sold FR941206-1-00134 1 19586
sale FR941206-1-00134 1 19592
without FR941206-1-00134 3 19598 19627 19729
rules FR941206-1-00134 2 19603 21016
means FR941206-1-00134 1 19608
definition FR941206-1-00134 3 19621 19791 19803
open FR941206-1-00134 9 19635 19714 19794 19815 19818 19858 20585 20636 20708
burning FR941206-1-00134 9 19636 19715 19795 19816 19819 19859 20586 20709 20867
provide FR941206-1-00134 5 19660 20970 20990 22489 22737
chose FR941206-1-00134 1 19681
regulate FR941206-1-00134 1 19684
risks FR941206-1-00134 3 19695 22278 22824
aware FR941206-1-00134 1 19704
burnout FR941206-1-00134 1 19721
efficient FR941206-1-00134 1 19733
combustion FR941206-1-00134 9 19734 19739 19746 19776 19833 19974 20146 20667 20958
control FR941206-1-00134 1 19736
gaseous FR941206-1-00134 1 19738
products FR941206-1-00134 2 19740 19830
controls FR941206-1-00134 4 19744 20908 20930 20992
criteria FR941206-1-00134 4 19754 22257 22295 22842
set FR941206-1-00134 2 19755 19892
out FR941206-1-00134 3 19756 19893 21598
761.70 FR941206-1-00134 1 19758
production FR941206-1-00134 1 19768
byproducts FR941206-1-00134 1 19772
incomplete FR941206-1-00134 2 19775 19832
dioxins FR941206-1-00134 1 19781
furans FR941206-1-00134 1 19783
rcra FR941206-1-00134 7 19801 19955 20063 20184 20548 22427 22582
260.10 FR941206-1-00134 2 19807 19986
ban FR941206-1-00134 2 19810 20706
practice FR941206-1-00134 1 19813
volatilization FR941206-1-00134 1 19824
several FR941206-1-00134 3 19828 21612 22968
toxic FR941206-1-00134 1 19829
polychlorinated FR941206-1-00134 2 19835 19842
dibenzofurans FR941206-1-00134 1 19836
2,3,7 FR941206-1-00134 2 19838 19848
dibenzo- FR941206-1-00134 1 19843
p FR941206-1-00134 2 19844 19851
-dioxins FR941206-1-00134 1 19845
,- FR941206-1-00134 1 19850
-dioxin FR941206-1-00134 1 19852
combustors FR941206-1-00134 1 19874
combustor FR941206-1-00134 1 19884
met FR941206-1-00134 1 19885
regional FR941206-1-00134 9 19909 19933 19970 20134 20567 22739 22794 22942 22969
administrator FR941206-1-00134 7 19910 19934 19971 20135 20568 22740 22795
review FR941206-1-00134 1 19912
operation FR941206-1-00134 1 19915
sitespecific FR941206-1-00134 1 19922
assessment FR941206-1-00134 2 19924 19944
need FR941206-1-00134 3 19926 22807 22856
accompany FR941206-1-00134 1 19928
request FR941206-1-00134 2 19930 20122
determination FR941206-1-00134 3 19936 19966 22791
permit FR941206-1-00134 7 19952 20064 20086 20107 20117 20549 20553
issued FR941206-1-00134 3 19953 19967 22197
act FR941206-1-00134 2 19960 22309
combusting FR941206-1-00134 1 20001
help FR941206-1-00134 1 20015
operated FR941206-1-00134 1 20059
266 FR941206-1-00134 1 20069
270.66 FR941206-1-00134 1 20076
valid FR941206-1-00134 2 20083 20547
their FR941206-1-00134 2 20106 20230
written FR941206-1-00134 1 20121
operator FR941206-1-00134 2 20127 20573
make FR941206-1-00134 1 20137
finding FR941206-1-00134 2 20139 20564
writing FR941206-1-00134 1 20142
discussed FR941206-1-00134 1 20176
even FR941206-1-00134 3 20178 20881 23065
though FR941206-1-00134 2 20179 23066
permits FR941206-1-00134 1 20188
amending FR941206-1-00134 2 20192 22432
771053 FR941206-1-00134 1 20194
notification FR941206-1-00134 3 20197 20221 21688
owners FR941206-1-00134 1 20214
761.205 FR941206-1-00134 1 20224
notifying FR941206-1-00134 1 20226
dispose FR941206-1-00134 2 20235 23021
reader FR941206-1-00134 1 20242
convenience FR941206-1-00134 1 20244
copy FR941206-1-00134 1 20247
revised FR941206-1-00134 1 20250
reproduced FR941206-1-00134 1 20253
iiij FR941206-1-00134 1 20256
notify FR941206-1-00134 1 20265
nolonger FR941206-1-00134 1 20276
following FR941206-1-00134 1 20287
disposing FR941206-1-00134 1 20304
temperature FR941206-1-00134 3 20318 20463 20476
least FR941206-1-00134 1 20326
1000 FR941206-1-00134 3 20327 20355 20649
centigrade FR941206-1-00134 1 20330
charged FR941206-1-00134 3 20337 20485 20645
charge FR941206-1-00134 2 20343 20504
fed FR941206-1-00134 1 20346
molten FR941206-1-00134 1 20348
successive FR941206-1-00134 1 20361
charges FR941206-1-00134 1 20362
hearth FR941206-1-00134 4 20369 20466 20479 20637
15 FR941206-1-00134 1 20373
minute FR941206-1-00134 1 20374
intervals FR941206-1-00134 1 20375
visible FR941206-1-00134 2 20384 20415
particulate FR941206-1-00134 2 20385 20417
emissions FR941206-1-00134 5 20386 20418 20557 20659 20996
stack FR941206-1-00134 1 20389
60 FR941206-1-00134 2 20403 20438
appendix FR941206-1-00134 6 20404 20439 21325 21855 21873 22357
fugitive FR941206-1-00134 1 20416
building FR941206-1-00134 1 20423
operational FR941206-1-00134 1 20452
device FR941206-1-00134 1 20453
accurately FR941206-1-00134 3 20455 21146 21254
indirectly FR941206-1-00134 1 20460
reading FR941206-1-00134 1 20473
recorded FR941206-1-00134 1 20490
retained FR941206-1-00134 1 20493
years FR941206-1-00134 2 20499 23019
date FR941206-1-00134 1 20502
ever FR941206-1-00134 1 20510
deemed FR941206-1-00134 1 20580
conducting FR941206-1-00134 1 20583
prohibited FR941206-1-00134 1 20597
arc FR941206-1-00134 1 20629
blast FR941206-1-00134 1 20632
chamber FR941206-1-00134 3 20654 20662 20668
passed FR941206-1-00134 1 20663
secondary FR941206-1-00134 1 20666
kind FR941206-1-00134 1 20671
according FR941206-1-00134 1 20677
available FR941206-1-00134 3 20690 21390 22612
due FR941206-1-00134 3 20702 22385 22865
delete FR941206-1-00134 1 20715
rule FR941206-1-00134 1 20724
governing FR941206-1-00134 2 20739 20757
substitute FR941206-1-00134 1 20767
promote FR941206-1-00134 1 20841
minimal FR941206-1-00134 1 20844
regulatory FR941206-1-00134 4 20845 20980 22363 22551
burden FR941206-1-00134 1 20846
recycling FR941206-1-00134 2 20849 20973
practices FR941206-1-00134 2 20850 20863
metals FR941206-1-00134 1 20858
stop FR941206-1-00134 1 20861
unapproved FR941206-1-00134 1 20866
wood FR941206-1-00134 1 20873
paper FR941206-1-00134 1 20875
cores FR941206-1-00134 1 20876
insulation FR941206-1-00134 1 20880
claim FR941206-1-00134 1 20887
energy FR941206-1-00134 3 20889 22308 22372
elsewhere FR941206-1-00134 1 20894
some FR941206-1-00134 4 20899 21043 22546 22911
commenters FR941206-1-00134 7 20900 20925 20948 22547 22592 22620 22641
anprm FR941206-1-00134 3 20903 22217 22411
advised FR941206-1-00134 1 20904
stating FR941206-1-00134 1 20913
processes FR941206-1-00134 1 20916
group FR941206-1-00134 1 20923
recommended FR941206-1-00134 2 20926 22642
suggested FR941206-1-00134 3 20949 22548 22569
environmental FR941206-1-00134 1 20950
harm FR941206-1-00134 1 20951
caused FR941206-1-00134 1 20954
unregulated FR941206-1-00134 1 20957
responsibly FR941206-1-00134 1 20966
run FR941206-1-00134 1 20967
valuable FR941206-1-00134 1 20972
benefit FR941206-1-00134 1 20974
federal FR941206-1-00134 1 20979
matrix FR941206-1-00134 1 20981
conjunction FR941206-1-00134 1 20983
potential FR941206-1-00134 2 20995 22383
characterization FR941206-1-00134 4 21000 21309 21350 21382
very FR941206-1-00134 1 21066
light FR941206-1-00134 1 21067
coating FR941206-1-00134 1 21068
instances FR941206-1-00134 1 21079
test FR941206-1-00134 6 21096 21234 21252 21268 21380 21449
guidelines FR941206-1-00134 1 21141
locations FR941206-1-00134 2 21144 21809
areas FR941206-1-00134 1 21151
100 FR941206-1-00134 9 21174 21177 21199 21202 21435 21439 21525 21739 22136
square FR941206-1-00134 5 21178 21203 21440 22139 22166
centimeters FR941206-1-00134 5 21179 21204 21441 22140 22167
application FR941206-1-00134 1 21230
wiped FR941206-1-00134 2 21245 21884
contamination FR941206-1-00134 2 21257 22118
alternative FR941206-1-00134 1 21281
i FR941206-1-00134 4 21326 21856 21874 22358
created FR941206-1-00134 1 21329
abandonment FR941206-1-00134 3 21335 21849 21869
place FR941206-1-00134 5 21337 21623 21653 21711 21750
removal FR941206-1-00134 6 21340 21871 21910 21986 22040 22174
analysis FR941206-1-00134 1 21357
commonly FR941206-1-00134 1 21362
drips FR941206-1-00134 1 21367
geographic FR941206-1-00134 1 21370
low FR941206-1-00134 2 21371 22337
points FR941206-1-00134 1 21372
samples FR941206-1-00134 4 21387 22005 22053 22105
between FR941206-1-00134 2 21408 22028
500 FR941206-1-00134 3 21413 21515 21732
pipe FR941206-1-00134 7 21423 21657 21901 21917 21942 21962 22094
segments FR941206-1-00134 15 21426 21595 21604 21818 21938 21967 21990 21995 22017 22026 22036 22044 22090 22158 22171
greater FR941206-1-00134 8 21429 21519 21531 21736 21745 21992 22130 22161
condensate FR941206-1-00134 1 21522
managed FR941206-1-00134 1 21541
nonn FR941206-1-00134 1 21552
inside FR941206-1-00134 3 21567 21641 21891
diameter FR941206-1-00134 4 21568 21642 21706 21800
inches FR941206-1-00134 2 21571 21645
same FR941206-1-00134 1 21582
manner FR941206-1-00134 1 21583
industry FR941206-1-00134 1 21592
routinely FR941206-1-00134 1 21593
takes FR941206-1-00134 1 21594
abandoning FR941206-1-00134 1 21602
rightofway FR941206-1-00134 1 21607
options FR941206-1-00134 2 21613 22399
abandoned FR941206-1-00134 6 21621 21651 21682 21709 21748 21805
freeflowing FR941206-1-00134 1 21636
filling FR941206-1-00134 1 21655
percent FR941206-1-00134 3 21660 21764 21824
cement FR941206-1-00134 4 21665 21769 21826 21842
listed FR941206-1-00134 4 21669 21773 21808 21830
segment FR941206-1-00134 10 21683 21899 21926 21983 22063 22069 22077 22108 22127 22144
public FR941206-1-00134 1 21686
sealing FR941206-1-00134 1 21695
ends FR941206-1-00134 5 21697 22011 22021 22059 22066
shut FR941206-1-00134 2 21698 21724
contained FR941206-1-00134 1 21714
sealed FR941206-1-00134 2 21723 21792
/100cm FR941206-1-00134 1 21741
washed FR941206-1-00134 1 21755
once FR941206-1-00134 1 21756
diesel FR941206-1-00134 1 21758
fuel FR941206-1-00134 1 21759
filled FR941206-1-00134 2 21761 21821
case FR941206-1-00134 1 21787
specified FR941206-1-00134 1 21844
details FR941206-1-00134 1 21858
pipelines FR941206-1-00134 1 21865
lowest FR941206-1-00134 1 21887
ground FR941206-1-00134 3 21913 21922 21946
exceed FR941206-1-00134 1 21932
feet FR941206-1-00134 1 21934
length FR941206-1-00134 4 21936 21960 22003 22051
having FR941206-1-00134 1 21963
seven FR941206-1-00134 4 21964 21994 22034 22088
fewer FR941206-1-00134 1 21966
multiple FR941206-1-00134 3 21988 22042 22156
contiguous FR941206-1-00134 3 21989 22043 22157
miles FR941206-1-00134 2 22000 22048
total FR941206-1-00134 2 22002 22050
both FR941206-1-00134 6 22010 22020 22058 22065 22104 22243
first FR941206-1-00134 2 22014 22062
last FR941206-1-00134 1 22016
five FR941206-1-00134 1 22023
randomly FR941206-1-00134 1 22024
chosen FR941206-1-00134 1 22025
scheme FR941206-1-00134 2 22032 22083
producing FR941206-1-00134 2 22033 22084
onehalf FR941206-1-00134 1 22072
mile FR941206-1-00134 1 22073
distant FR941206-1-00134 1 22074
previously FR941206-1-00134 1 22078
minimum FR941206-1-00134 1 22086
analytical FR941206-1-00134 1 22101
results FR941206-1-00134 3 22102 22124 22154
averaged FR941206-1-00134 1 22112
determine FR941206-1-00134 1 22114
average FR941206-1-00134 2 22122 22152
pcb/100 FR941206-1-00134 2 22138 22165
then FR941206-1-00134 2 22142 22168
considered FR941206-1-00134 1 22147
unsampled FR941206-1-00134 1 22170
regimes FR941206-1-00134 1 22189
c. FR941206-1-00134 1 22209
pcb/radioactive FR941206-1-00134 7 22210 22401 22507 22638 22720 22780 22927
solicited FR941206-1-00134 2 22214 22429
information FR941206-1-00134 2 22218 22249
regarding FR941206-1-00134 1 22221
regulation FR941206-1-00134 1 22223
mixtures FR941206-1-00134 1 22236
radioactive FR941206-1-00134 3 22246 22290 22324
constituents FR941206-1-00134 1 22247
requested FR941206-1-00134 1 22251
propose FR941206-1-00134 1 22256
developing FR941206-1-00134 1 22259
minimize FR941206-1-00134 1 22277
components FR941206-1-00134 1 22291
achieve FR941206-1-00134 1 22297
authority FR941206-1-00134 2 22304 22762
atomic FR941206-1-00134 1 22307
aea FR941206-1-00134 2 22311 22329
42 FR941206-1-00134 1 22316
usc FR941206-1-00134 1 22317
2011 FR941206-1-00134 1 22318
maintain FR941206-1-00134 1 22321
doses FR941206-1-00134 1 22322
reasonably FR941206-1-00134 1 22339
achievable FR941206-1-00134 1 22340
alara FR941206-1-00134 1 22343
19442 FR941206-1-00134 1 22348
nuclear FR941206-1-00134 1 22362
commission FR941206-1-00134 1 22364
nrc FR941206-1-00134 1 22366
department FR941206-1-00134 1 22370
doe FR941206-1-00134 3 22374 22939 23050
participated FR941206-1-00134 1 22376
identification FR941206-1-00134 1 22379
situations FR941206-1-00134 2 22381 22470
concern FR941206-1-00134 1 22384
radionuclides FR941206-1-00134 1 22390
development FR941206-1-00134 1 22393
management FR941206-1-00134 3 22398 22509 22756
reflected FR941206-1-00134 1 22405
stated FR941206-1-00134 1 22412
neither FR941206-1-00134 1 22414
nor FR941206-1-00134 1 22416
waiver FR941206-1-00134 2 22421 22552
similar FR941206-1-00134 2 22423 22575
1year FR941206-1-00134 9 22434 22460 22520 22557 22627 22707 22769 22862 23057
761.65 FR941206-1-00134 3 22446 22697 22729
technology FR941206-1-00134 4 22453 22655 22878 22916
exists FR941206-1-00134 1 22454
extension FR941206-1-00134 4 22457 22784 22836 22844
capacity FR941206-1-00134 7 22474 22579 22609 22663 22871 22904 22936
necessary FR941206-1-00134 1 22478
complete FR941206-1-00134 3 22480 22672 22883
insufficient FR941206-1-00134 2 22484 22880
approach FR941206-1-00134 1 22487
flexibility FR941206-1-00134 2 22490 22516
casebycase FR941206-1-00134 3 22493 22543 22703
basis FR941206-1-00134 2 22494 22544
scenarios FR941206-1-00134 1 22499
issues FR941206-1-00134 1 22504
unique FR941206-1-00134 1 22505
majority FR941206-1-00134 1 22512
extending FR941206-1-00134 2 22518 22623
concurred FR941206-1-00134 1 22529
extensions FR941206-1-00134 4 22535 22643 22704 22765
waivers FR941206-1-00134 1 22537
variance FR941206-1-00134 2 22554 22580
still FR941206-1-00134 1 22566
grant FR941206-1-00134 2 22572 22764
national FR941206-1-00134 1 22578
hazardous FR941206-1-00134 1 22584
restriction FR941206-1-00134 1 22588
good FR941206-1-00134 1 22596
faith FR941206-1-00134 1 22597
showing FR941206-1-00134 1 22599
contacting FR941206-1-00134 1 22601
nationwide FR941206-1-00134 1 22604
certifying FR941206-1-00134 1 22606
remaining FR941206-1-00134 1 22615
many FR941206-1-00134 1 22619
waiving FR941206-1-00134 1 22625
like FR941206-1-00134 1 22637
problems FR941206-1-00134 2 22645 22937
lack FR941206-1-00134 4 22650 22658 22667 22868
sufficient FR941206-1-00134 1 22669
process FR941206-1-00134 2 22675 22886
bioremediation FR941206-1-00134 1 22679
iiig3 FR941206-1-00134 1 22686
region FR941206-1-00134 1 22743
stored FR941206-1-00134 2 22749 22926
director FR941206-1-00134 2 22753 22798
division FR941206-1-00134 1 22757
cmd FR941206-1-00134 2 22759 22800
granted FR941206-1-00134 1 22787
based FR941206-1-00134 1 22788
demonstrated FR941206-1-00134 2 22806 22855
justification FR941206-1-00134 1 22809
store FR941206-1-00134 2 22811 22858
conduct FR941206-1-00134 1 22813
beyond FR941206-1-00134 2 22817 22860
year FR941206-1-00134 3 22819 22992 23007
frame FR941206-1-00134 1 22864
treatment/destruction FR941206-1-00134 1 22885
demonstration FR941206-1-00134 1 22890
relevant FR941206-1-00134 1 22892
pursued FR941206-1-00134 1 22899
problem FR941206-1-00134 1 22902
shortfalls FR941206-1-00134 1 22905
expected FR941206-1-00134 2 22907 23053
developed FR941206-1-00134 1 22919
awaiting FR941206-1-00134 1 22929
operates FR941206-1-00134 1 22940
oak FR941206-1-00134 2 22946 22982
ridge FR941206-1-00134 2 22947 22983
tennessee FR941206-1-00134 1 22949
pcb/rcra/radioactive FR941206-1-00134 1 22952
mixed FR941206-1-00134 1 22953
fifty FR941206-1-00134 1 22956
million FR941206-1-00134 3 22957 22989 23004
pounds FR941206-1-00134 3 22958 22990 23005
sites FR941206-1-00134 1 22970
generation FR941206-1-00134 1 22973
rates FR941206-1-00134 1 22974
various FR941206-1-00134 1 22977
rely FR941206-1-00134 1 22980
maximum FR941206-1-00134 1 22995
3.09 FR941206-1-00134 1 23003
projections FR941206-1-00134 1 23010
indicate FR941206-1-00134 1 23011
take FR941206-1-00134 1 23015
30 FR941206-1-00134 1 23016
yet FR941206-1-00134 1 23032
generated FR941206-1-00134 1 23035
configured FR941206-1-00134 1 23041
11 FR941206-1-00134 1 23045
pursuing FR941206-1-00134 1 23069
