'' FR941206-1-00134 14 55002 55221 55257 55287 55350 55441 55637 55992 58651 58738 59011 59142 59817 59867
epa FR941206-1-00134 67 55003 55049 55071 55190 55280 55333 55458 55587 55751 55775 55789 55855 56192 56220 56247 56380 56439 56475 56495 56548 56578 56732 56751 56803 56885 56910 56944 56968 56982 56997 57077 57117 57222 57228 57541 57547 57661 57732 57746 57760 57863 57950 58304 58386 58409 58446 58469 58485 58508 58529 58614 58670 58691 58773 58805 58811 58961 59018 59051 59131 59238 59438 59539 59973 60080 60175 60298
's FR941206-1-00134 22 55004 55334 55776 56332 56381 56496 56764 57036 57311 57475 57489 57586 57662 57980 58410 58470 58509 58530 58671 58774 58979 59540
responsibility FR941206-1-00134 4 55005 57663 58330 58697
for FR941206-1-00134 80 55006 55080 55088 55409 55471 55474 55550 55624 55658 55903 56008 56221 56305 56389 56397 56556 56572 56586 56622 56635 56701 56727 56920 56929 57130 57200 57238 57414 57466 57477 57595 57666 57747 57881 57953 58051 58083 58157 58210 58237 58315 58331 58555 58580 58816 58843 58853 58878 58897 58932 58962 58987 59085 59110 59138 59177 59210 59321 59352 59452 59491 59507 59527 59558 59584 59586 59597 59603 59639 59711 59737 59776 59779 59851 59902 59947 60022 60272 60279 60310
implementing FR941206-1-00134 2 55007 56930
any FR941206-1-00134 12 55008 55121 55137 56670 57306 57330 58401 58443 59055 59423 59432 59703
of FR941206-1-00134 191 55009 55013 55018 55045 55054 55067 55097 55113 55120 55126 55136 55182 55196 55238 55240 55268 55305 55307 55312 55351 55365 55384 55439 55484 55631 55650 55661 55669 55847 55900 55934 56014 56024 56066 56085 56137 56158 56169 56208 56253 56284 56287 56297 56323 56329 56354 56370 56400 56429 56448 56458 56513 56516 56625 56683 56696 56715 56786 56814 56838 57062 57085 57098 57123 57165 57173 57210 57266 57293 57329 57332 57351 57354 57365 57378 57394 57409 57425 57458 57492 57508 57567 57569 57592 57611 57647 57652 57657 57674 57697 57709 57801 57812 57821 57826 57911 57917 57919 57941 57994 58068 58076 58097 58113 58126 58180 58194 58215 58231 58234 58249 58261 58281 58299 58322 58336 58372 58383 58423 58460 58501 58512 58553 58568 58632 58637 58652 58655 58659 58669 58673 58676 58713 58759 58829 58848 58891 58900 58907 58948 58969 58984 58994 59006 59039 59057 59088 59102 59225 59278 59281 59406 59415 59455 59473 59482 59510 59530 59614 59622 59643 59672 59684 59697 59715 59719 59725 59745 59785 59877 59920 59929 59957 59983 59994 60013 60038 60069 60121 60140 60151 60157 60163 60195 60222 60235 60263 60291 60306 60341 60367
the FR941206-1-00134 338 55010 55043 55052 55065 55111 55118 55187 55212 55234 55253 55266 55283 55301 55348 55363 55366 55371 55380 55407 55417 55421 55424 55455 55469 55527 55559 55603 55629 55653 55659 55673 55680 55696 55706 55725 55730 55753 55837 55848 55860 55911 55916 55959 55984 56003 56029 56055 56061 56064 56083 56103 56107 56135 56165 56178 56185 56194 56201 56209 56212 56242 56249 56270 56276 56285 56298 56306 56310 56316 56327 56330 56336 56352 56355 56361 56371 56374 56398 56401 56410 56415 56423 56441 56446 56449 56481 56514 56528 56540 56557 56563 56591 56601 56620 56623 56626 56630 56640 56713 56758 56762 56773 56782 56810 56827 56834 56859 56927 56941 56956 56999 57006 57008 57027 57033 57055 57067 57086 57120 57127 57135 57141 57157 57180 57192 57211 57218 57245 57251 57257 57263 57289 57294 57309 57314 57319 57324 57333 57342 57352 57366 57383 57387 57398 57405 57410 57421 57426 57432 57461 57464 57468 57472 57486 57504 57558 57573 57579 57584 57599 57612 57625 57631 57639 57643 57675 57685 57693 57698 57710 57716 57768 57790 57799 57805 57878 57882 57886 57904 57920 57923 57937 57942 57968 57973 57978 58000 58044 58048 58052 58056 58072 58077 58098 58102 58131 58137 58141 58148 58171 58178 58181 58185 58187 58190 58195 58203 58211 58216 58232 58245 58250 58259 58262 58268 58276 58300 58309 58320 58328 58337 58346 58421 58424 58432 58465 58492 58499 58526 58543 58556 58565 58609 58620 58630 58656 58660 58674 58699 58721 58750 58757 58778 58827 58844 58851 58869 58872 58883 58892 58908 58960 58966 58977 58982 59004 59007 59049 59058 59075 59086 59093 59121 59125 59156 59161 59166 59250 59265 59298 59314 59323 59338 59404 59453 59465 59471 59495 59508 59528 59605 59610 59615 59619 59623 59641 59646 59655 59659 59669 59682 59687 59693 59698 59706 59713 59716 59720 59723 59730 59734 59743 59748 59756 59766 59783 59788 59799 59840 59875 59887 59892 59898 59921 59930 59951 60028 60039 60067 60138 60149 60155 60161 60179 60186 60192 60226 60254 60260 60288 60292 60313 60323 60326 60331 60336 60339 60342
statutory FR941206-1-00134 2 55011 57021
requirements FR941206-1-00134 26 55012 55087 55431 55549 55561 55578 55865 55893 55949 55980 55994 56005 56863 57092 57348 57607 57811 58107 58161 58371 58704 58968 59091 59209 59320 59611
tsca FR941206-1-00134 71 55014 55079 55092 55114 55197 55222 55320 55483 55497 55556 55604 55651 55670 55754 55766 55931 55952 56386 56497 56553 56567 56592 56602 56658 56703 56774 56854 56914 56932 56991 57087 57136 57202 57252 57299 57315 57343 57399 57417 57433 57450 57480 57577 57603 57665 57676 57703 57764 57784 57806 57929 58005 58016 58026 58085 58103 58200 58239 58263 58269 58288 58301 58324 58373 58384 58399 58503 58544 58729 58751 58840
. FR941206-1-00134 150 55015 55031 55050 55091 55100 55151 55203 55246 55279 55309 55448 55450 55453 55526 55546 55586 55600 55636 55698 55748 55772 55801 55832 55851 55932 55975 56007 56071 56080 56109 56141 56164 56174 56211 56309 56325 56357 56376 56405 56432 56462 56524 56589 56663 56707 56741 56771 56833 56866 56893 56925 56955 56962 56964 56967 56996 57023 57073 57126 57179 57244 57302 57420 57463 57494 57496 57499 57575 57624 57660 57705 57714 57787 57925 57936 57985 58021 58108 58133 58153 58183 58242 58296 58327 58358 58385 58406 58438 58484 58515 58517 58522 58550 58575 58594 58641 58662 58683 58705 58728 58747 58782 58785 58812 58850 58867 58888 58973 59017 59064 59096 59203 59229 59259 59305 59337 59437 59475 59494 59513 59545 59570 59618 59649 59666 59700 59736 59774 59801 59804 59813 59839 59862 59885 59901 59944 59972 60021 60052 60079 60124 60136 60172 60198 60231 60257 60295 60309 60328 60360
federal FR941206-1-00134 25 55016 55353 55430 55504 55534 55548 55687 55746 55887 55948 56671 56860 56978 57145 57416 57513 57626 57742 58313 58347 58404 58426 58566 58703 58873
oversight FR941206-1-00134 2 55017 57667
pcb FR941206-1-00134 95 55019 55046 55292 55475 55485 55541 55551 55605 55755 55767 55935 56058 56175 56299 56348 56498 56593 56603 56648 56660 56684 56704 56717 56738 56768 56775 56933 56985 56992 57014 57088 57137 57184 57203 57253 57300 57316 57344 57400 57418 57451 57531 57677 57725 57748 57765 57785 57807 57930 57954 58006 58017 58027 58086 58240 58264 58289 58325 58504 58518 58557 58591 58626 58638 58744 58856 58909 58921 58937 59043 59062 59079 59094 59108 59167 59212 59251 59279 59324 59343 59456 59496 59511 59522 59606 59616 59660 59670 59717 59731 59757 59767 60245 60289 60343
storage FR941206-1-00134 10 55020 55476 55486 55542 55552 55768 57186 57751 57907 58845
and FR941206-1-00134 88 55021 55477 55487 55518 55535 55553 55575 55769 55798 55922 55958 56028 56063 56075 56093 56106 56122 56160 56172 56193 56206 56232 56248 56291 56301 56346 56451 56480 56535 56582 56629 56698 56861 56884 56983 57066 57096 57140 57156 57160 57196 57214 57225 57346 57471 57544 57561 57605 57645 57655 57681 57753 57804 57809 57814 57913 57972 58014 58105 58334 58394 58495 58507 58635 58706 58771 58802 58920 58923 58939 59195 59300 59317 59331 59334 59409 59420 59422 59490 59612 59636 59791 59811 59829 59932 60035 60107 60250
disposal FR941206-1-00134 35 55022 55066 55239 55293 55306 55478 55488 55544 55554 55660 55770 55849 55863 56273 56387 56499 56637 56661 56718 56769 56828 56986 57188 57754 57778 57910 58592 58627 58639 58726 58745 58847 58857 58901 58990
activities FR941206-1-00134 12 55023 55545 55625 56719 56770 57015 57755 57779 57955 58587 58640 58746
under FR941206-1-00134 49 55024 55078 55152 55193 55347 55482 55491 55502 55555 55620 55628 55679 55685 55744 55781 55819 55826 55856 55875 55930 56035 56235 56445 56549 56650 56669 56720 56976 57019 57112 57134 57313 57576 57664 57715 57740 57833 58139 58258 58380 58398 58596 58608 58678 58720 58777 58832 59092 59361
state FR941206-1-00134 55 55025 55082 55098 55122 55128 55165 55213 55291 55327 55341 55360 55372 55398 55425 55493 55536 55803 55809 55822 55838 55880 55978 56251 56331 56416 56541 56621 56641 56723 56763 56824 56862 56868 56882 56904 56984 57110 57143 57628 57723 57737 57853 58310 58349 58429 58519 58547 58558 58586 58610 58625 58633 58679 58725 58743
permits FR941206-1-00134 12 55026 55489 55537 55870 56508 56538 56546 56571 56613 56634 56974 58361
would FR941206-1-00134 48 55027 55075 55315 55413 55615 55816 56032 56779 56807 56886 57004 57031 57235 57248 57482 57502 57581 57618 57637 57671 57756 57792 57857 57892 57932 58060 58206 58252 58291 58305 58343 58366 58387 58615 58716 58807 58821 58859 59105 59164 59206 59600 59653 59793 59818 59848 59953 60188
still FR941206-1-00134 1 55028
be FR941206-1-00134 55 55029 55039 55076 55317 55722 55733 55817 56000 56033 56688 56831 56877 56907 57483 57638 57757 57795 57858 57934 58253 58293 58367 58370 58717 58733 58814 58824 58996 59001 59046 59083 59147 59170 59183 59273 59345 59450 59478 59556 59601 59678 59709 59819 59855 59895 59914 59962 60001 60016 60032 60042 60059 60183 60270 60354
undertaken FR941206-1-00134 1 55030
one FR941206-1-00134 6 55032 55633 56708 56903 59763 59918
commenter FR941206-1-00134 2 55033 56709
suggested FR941206-1-00134 2 55034 55609
that FR941206-1-00134 59 55035 55073 55089 55110 55290 55314 55329 55343 55412 55423 55610 55626 55724 55804 55834 56031 56313 56614 56875 56881 56898 56917 57016 57206 57217 57323 57371 57570 57648 57802 57890 57902 57977 58003 58119 58316 58352 58690 58789 58912 58927 58940 58981 59031 59107 59243 59270 59342 59440 59537 59554 59562 59760 59978 59996 60057 60082 60177 60300
all FR941206-1-00134 6 55036 55843 57091 59282 59353 59878
facilities FR941206-1-00134 4 55037 57234 57720 57822
should FR941206-1-00134 2 55038 59708
required FR941206-1-00134 11 55040 56245 56339 56413 56531 57859 57935 58189 58294 58645 58916
to FR941206-1-00134 155 55041 55060 55083 55129 55177 55184 55198 55206 55251 55258 55288 55332 55406 55463 55467 55539 55655 55675 55708 55712 55727 55737 55763 55806 55841 55896 55907 55913 55920 55923 55971 55999 56054 56082 56125 56259 56342 56367 56418 56425 56460 56469 56509 56532 56643 56655 56680 56733 56750 56766 56797 56818 56851 56857 56871 56890 56909 56972 57011 57038 57064 57071 57080 57119 57296 57339 57380 57412 57533 57557 57691 57700 57794 57829 57860 57877 57894 57922 57967 58042 58064 58079 58128 58164 58197 58218 58255 58369 58391 58412 58462 58473 58487 58490 58532 58583 58588 58602 58622 58646 58694 58698 58701 58723 58732 58740 58762 58766 58769 58813 58823 58861 58871 58894 58917 58951 58959 59023 59029 59034 59054 59060 59073 59082 59155 59169 59182 59245 59248 59275 59309 59370 59520 59565 59595 59608 59626 59632 59657 59667 59754 59797 59843 59854 59913 59961 60148 60182 60216 60240 60244 60253 60321 60353 60374
register FR941206-1-00134 3 55042 58567 58874
use FR941206-1-00134 11 55044 55364 55378 55709 56921 59005 59035 59056 60068 60213 60317
transformers FR941206-1-00134 1 55047
with FR941206-1-00134 18 55048 55105 55429 55682 55774 55946 56320 57341 57511 57598 57721 57798 57899 57991 58177 58345 58418 59470
if FR941206-1-00134 10 55051 55718 56590 56639 57169 57303 57453 58022 59886 59980
intent FR941206-1-00134 6 55053 58411 58471 58758 58980 59613
such FR941206-1-00134 14 55055 55146 55201 55611 55710 55715 55858 55950 55982 56744 56815 57837 58035 59650
a FR941206-1-00134 143 55056 55081 55106 55127 55156 55164 55172 55180 55216 55226 55241 55326 55340 55359 55397 55404 55410 55435 55612 55648 55719 55738 55760 55802 55827 55898 55908 55973 56015 56042 56050 56067 56097 56118 56156 56216 56224 56282 56364 56385 56390 56463 56552 56583 56598 56657 56702 56787 56799 56816 56839 56853 56867 56913 56931 56947 56963 57041 57045 57083 57099 57109 57149 57198 57201 57208 57215 57298 57355 57369 57392 57415 57440 57449 57456 57479 57509 57512 57615 57702 57706 57722 57728 57763 57783 57830 57839 57843 57900 57926 57986 57992 58004 58015 58025 58066 58084 58114 58117 58165 58199 58208 58238 58279 58287 58323 58377 58454 58475 58502 58551 58590 58624 58648 58817 58855 58946 58956 59150 59173 59240 59348 59435 59502 59535 59592 59634 59651 59663 59673 59770 59858 59882 59958 59967 59984 60004 60047 60070 60131 60196 60214 60356
registration FR941206-1-00134 1 55057
program FR941206-1-00134 19 55058 55614 55812 55831 55850 56501 56604 56649 56662 56726 57856 58138 58427 58561 58593 58598 58628 58858 58884
is FR941206-1-00134 32 55059 55168 55261 55330 55344 55427 55759 56747 56918 57078 57888 58009 58019 58058 58173 58271 58376 58408 58472 59257 59631 59686 59692 59747 59787 59889 59987 60055 60129 60143 60169 60201
enhance FR941206-1-00134 1 55061
monitoring FR941206-1-00134 3 55062 57651 58333
capabilities FR941206-1-00134 1 55063
over FR941206-1-00134 2 55064 56737
this FR941206-1-00134 24 55068 55207 55247 55582 55598 56036 56110 56610 57124 57500 58513 58576 58597 58941 59070 59103 59204 59306 59543 60125 60219 60281 60351 60371
equipment FR941206-1-00134 1 55069
, FR941206-1-00134 228 55070 55104 55109 55140 55142 55161 55163 55231 55233 55249 55260 55271 55432 55457 55500 55509 55513 55517 55557 55562 55570 55572 55574 55663 55717 55750 55777 55778 55788 55824 55836 55866 55871 55877 55937 55942 55953 55955 55957 55969 55977 55981 55995 56011 56090 56113 56117 56121 56144 56147 56152 56203 56205 56241 56278 56290 56335 56360 56379 56393 56409 56434 56438 56479 56494 56527 56543 56551 56566 56581 56600 56608 56612 56666 56675 56710 56730 56743 56789 56792 56804 56841 56844 56883 56895 56943 57026 57076 57093 57095 57168 57231 57278 57282 57286 57304 57337 57349 57362 57386 57396 57439 57520 57523 57550 57578 57594 57597 57608 57650 57719 57750 57752 57789 57842 57848 57873 57906 57908 57962 57971 58023 58033 58037 58043 58047 58160 58202 58244 58285 58303 58440 58445 58451 58535 58540 58569 58613 58685 58708 58756 58799 58806 58819 58866 58882 58998 59019 59021 59113 59146 59187 59189 59218 59231 59237 59261 59266 59284 59288 59293 59315 59328 59330 59339 59364 59366 59371 59374 59377 59379 59382 59386 59389 59391 59393 59395 59398 59400 59408 59417 59425 59427 59445 59461 59469 59518 59524 59547 59560 59572 59675 59681 59702 59740 59742 59753 59762 59778 59782 59790 59807 59891 59906 59908 59939 59946 59950 59975 59977 59990 60009 60027 60034 60063 60065 60073 60075 60097 60101 60106 60154 60174 60208 60273 60297 60345 60370
believes FR941206-1-00134 4 55072 55752 56998 60176
it FR941206-1-00134 10 55074 56805 57447 57454 58407 58786 58974 59271 59691 59792
permissible FR941206-1-00134 1 55077
promulgate FR941206-1-00134 1 55084
its FR941206-1-00134 12 55085 55377 55808 56138 56651 56888 57653 57658 58389 58414 58696 58833
own FR941206-1-00134 1 55086
purpose FR941206-1-00134 3 55090 59087 59621
section FR941206-1-00134 13 55093 55101 55153 55194 55223 55269 55639 55664 55699 58381 58545 58752 58902
18 FR941206-1-00134 4 55094 55102 55154 55270
addresses FR941206-1-00134 3 55095 57776 57903
preemption FR941206-1-00134 4 55096 55208 55259 55418
law FR941206-1-00134 4 55099 55354 56334 57743
provides FR941206-1-00134 1 55103
few FR941206-1-00134 2 55107 55974
exceptions FR941206-1-00134 1 55108
provisions FR941206-1-00134 4 55112 56447 57659 58260
shall FR941206-1-00134 1 55115
not FR941206-1-00134 28 55116 55296 55316 55443 55825 56691 56748 56780 56808 56906 56938 57154 57443 57933 58010 58039 58174 58224 58600 58666 59368 59500 59794 59998 60113 60190 60277 60349
affect FR941206-1-00134 2 55117 60191
authority FR941206-1-00134 12 55119 55349 55823 56328 56653 56672 56765 56889 57022 57139 57147 57690
or FR941206-1-00134 99 55123 55131 55143 55149 55166 55175 55186 55236 55244 55303 55368 55382 55388 55392 55399 55496 55501 55543 55692 55729 55735 55829 55844 55905 55915 55926 55987 56654 56677 56784 56790 56812 56836 56842 56949 57102 57111 57144 57163 57187 57287 57291 57358 57363 57382 57403 57407 57423 57506 57528 57602 57609 57627 57695 57727 57734 57770 57819 57824 57849 57867 57939 57959 58012 58074 58093 58130 58147 58170 58192 58213 58247 58311 58339 58348 58354 58362 58400 58419 58428 58434 58464 58467 58478 58480 58837 58936 58971 59042 59295 59357 59413 59428 59443 59485 59590 60076 60118 60133
political FR941206-1-00134 1 55124
subdivision FR941206-1-00134 1 55125
establish FR941206-1-00134 6 55130 56656 58207 58589 58623 59208
continue FR941206-1-00134 4 55132 57429 58256 58603
in FR941206-1-00134 102 55133 55220 55263 55370 55376 55379 55403 55454 55581 55690 55693 55793 55833 56021 56060 56088 56134 56142 56177 56200 56228 56237 56239 56340 56358 56377 56407 56435 56476 56489 56492 56525 56609 56664 56825 56880 56911 56922 56940 57024 57040 57048 57060 57327 57368 57374 57485 57583 57589 57614 57620 57642 57668 57684 57796 57884 57897 57996 58054 58116 58122 58175 58184 58275 58416 58525 58564 58667 58748 58826 58838 58992 59012 59134 59214 59253 59326 59434 59480 59487 59532 59534 59542 59588 59645 59662 59705 59712 59733 59759 59821 59881 59917 59926 60003 60018 60086 60130 60134 60165 60185 60204
effect FR941206-1-00134 2 55134 60156
regulation FR941206-1-00134 4 55135 55214 55328 55335
chemical FR941206-1-00134 18 55138 55147 55173 55242 55386 58796 59411 59459 59504 59515 59551 59576 59870 59933 60209 60229 60255 60346
substance FR941206-1-00134 5 55139 55148 55174 55243 55367
mixture FR941206-1-00134 5 55141 55150 55176 55245 55369
article FR941206-1-00134 1 55144
containing FR941206-1-00134 9 55145 56129 56150 56349 56403 59193 59227 59827 60025
( FR941206-1-00134 65 55155 55158 55225 55228 55273 55276 55323 55337 55356 55373 55393 55507 55641 55644 55647 55666 55701 55783 55965 56099 56227 56256 56267 56279 56292 56455 56560 56575 56673 57162 57268 57272 57335 57518 57537 57551 57562 57733 57866 57958 58089 58109 58134 58154 58222 58273 58570 58780 58904 59014 59026 59099 59130 59143 59232 59291 59355 59628 59775 59845 59937 59965 60007 60045 60091
) FR941206-1-00134 64 55157 55160 55227 55230 55275 55278 55325 55339 55358 55390 55395 55525 55643 55646 55649 55668 55703 55787 55968 56105 56231 56258 56269 56281 56294 56457 56565 56580 56679 57172 57270 57274 57385 57527 57539 57553 57564 57739 57872 57961 58091 58111 58136 58156 58236 58295 58574 58784 58906 59016 59028 59101 59145 59236 59297 59359 59630 59802 59847 59943 59971 60020 60051 60110
2 FR941206-1-00134 8 55159 55274 55338 56280 57552 58110 58516 60119
however FR941206-1-00134 11 55162 56742 56894 57438 58243 58439 59260 59546 59741 59907 59976
locality FR941206-1-00134 1 55167
preempted FR941206-1-00134 3 55169 55297 55318
from FR941206-1-00134 23 55170 55416 55918 56123 56219 56351 56539 56547 56802 56822 56902 57069 57460 57572 58229 58810 58965 59048 59446 60225 60248 60325 60335
regulating FR941206-1-00134 2 55171 56716
protect FR941206-1-00134 3 55178 55199 55713
against FR941206-1-00134 3 55179 55200 55714
risk FR941206-1-00134 9 55181 55202 55716 55726 56695 57377 57623 58125 58459
injury FR941206-1-00134 6 55183 56697 57063 57379 58127 58461
health FR941206-1-00134 7 55185 55728 55914 57065 57381 58129 58463
environment FR941206-1-00134 7 55188 55731 55917 57068 57384 58132 58466
where FR941206-1-00134 8 55189 57051 57999 58278 58453 58468 59216 59255
has FR941206-1-00134 8 55191 55281 56899 58030 58145 58150 58885 60284
acted FR941206-1-00134 1 55192
6 FR941206-1-00134 4 55195 55224 55229 55640
an FR941206-1-00134 33 55204 55820 56012 56182 56295 56646 56693 56721 56745 56896 56950 56989 57174 57227 57375 57546 57621 57735 57850 57862 57869 57949 58081 58123 58220 58457 58928 58963 58985 58988 59036 60205 60318
exception FR941206-1-00134 3 55205 55256 55286
provision FR941206-1-00134 6 55209 55248 55758 56778 57128 58755
applies FR941206-1-00134 1 55210
when FR941206-1-00134 6 55211 55396 56188 57148 59123 60199
concerns FR941206-1-00134 1 55215
requirement FR941206-1-00134 6 55217 55342 55419 55426 57331 58893
`` FR941206-1-00134 13 55218 55254 55284 55345 55434 55613 55990 58649 58736 59009 59135 59814 59863
described FR941206-1-00134 2 55219 57002
ie FR941206-1-00134 3 55232 59188 60008
manner FR941206-1-00134 6 55235 55302 57370 57616 58118 59665
method FR941206-1-00134 10 55237 55304 58930 58943 58991 59038 59059 59129 59132 59506
referred FR941206-1-00134 1 55250
as FR941206-1-00134 22 55252 55773 55859 55889 55951 55983 56155 56520 56690 57082 57260 57761 57838 58036 58318 58536 58735 58999 59180 59403 59676 59823
parenthetical FR941206-1-00134 2 55255 55285
enclosed FR941206-1-00134 1 55262
parentheses FR941206-1-00134 1 55264
at FR941206-1-00134 12 55265 55566 55584 56275 56422 56970 57074 57305 58420 59159 59185 59431
beginning FR941206-1-00134 1 55267
subsection FR941206-1-00134 1 55272
b FR941206-1-00134 9 55277 55667 55702 56467 57269 57495 59100 59629 59846
interpreted FR941206-1-00134 1 55282
mean FR941206-1-00134 1 55289
rules FR941206-1-00134 4 55294 57680 59095 59661
are FR941206-1-00134 20 55295 55563 55579 55894 56038 56754 56864 56959 57017 58915 59081 59549 59910 59925 59941 59997 60089 60238 60276 60333
because FR941206-1-00134 5 55298 59690 59722 59928 60280
they FR941206-1-00134 4 55299 57891 59924 60274
describe FR941206-1-00134 1 55300
pcbs FR941206-1-00134 40 55308 55662 55815 55921 56130 56151 56199 56324 56372 56404 56430 57072 57827 57896 57912 58677 58831 58849 58919 58935 59041 59179 59194 59228 59304 59559 59644 59699 59806 59816 59828 59853 59893 59909 59935 59940 60088 60164 60324 60332
other FR941206-1-00134 16 55310 55374 55385 55503 55686 55745 56115 56161 56977 57103 57142 57771 58312 58402 58425 59410
examples FR941206-1-00134 1 55311
situations FR941206-1-00134 3 55313 56756 59215
by FR941206-1-00134 35 55319 55479 55695 55741 55813 55854 56191 56246 56414 56474 56562 56577 56619 56981 57054 57108 57116 57731 57745 57759 57782 58538 58619 58795 58804 58865 59003 59289 59312 59458 59835 59873 60066 60077 60267
include FR941206-1-00134 3 55321 57081 57672
: FR941206-1-00134 4 55322 56041 56266 58088
1 FR941206-1-00134 8 55324 55449 55645 56268 57538 58090 59803 60117
identical FR941206-1-00134 3 55331 56794 56846
; FR941206-1-00134 6 55336 55355 55391 55591 57437 59751
adopted FR941206-1-00134 1 55346
another FR941206-1-00134 5 55352 57020 57113 57741 57834
3 FR941206-1-00134 4 55357 56293 57563 58135
prohibition FR941206-1-00134 1 55361
on FR941206-1-00134 21 55362 55420 55461 55597 55939 56265 58442 58498 59077 59149 59172 59230 59264 59347 59769 59857 59966 60046 60160 60287 60355
than FR941206-1-00134 8 55375 57044 58226 59198 59599 59832 59923 60116
manufacture FR941206-1-00134 1 55381
processing FR941206-1-00134 1 55383
substances FR941206-1-00134 6 55387 59354 59412 59416 59442 59484
mixtures FR941206-1-00134 3 55389 59444 59486
4 FR941206-1-00134 2 55394 58155
local FR941206-1-00134 1 55400
government FR941206-1-00134 1 55401
prevails FR941206-1-00134 1 55402
petition FR941206-1-00134 1 55405
administrator FR941206-1-00134 20 55408 55654 55674 55697 55707 56759 57035 57194 57247 57321 57389 57474 57488 57560 57687 57880 57970 57975 58050 58205
rule FR941206-1-00134 11 55411 55780 57125 59071 59104 59163 59205 59242 59268 59544 60372
exempt FR941206-1-00134 1 55414
them FR941206-1-00134 1 55415
grounds FR941206-1-00134 1 55422
consistent FR941206-1-00134 3 55428 59635 59664
providing FR941206-1-00134 2 55433 57554
significantly FR941206-1-00134 2 55436 59728
higher FR941206-1-00134 1 55437
degree FR941206-1-00134 1 55438
protection FR941206-1-00134 3 55440 55901 56255
while FR941206-1-00134 1 55442
unduly FR941206-1-00134 1 55444
burdening FR941206-1-00134 1 55445
interstate FR941206-1-00134 1 55446
commerce FR941206-1-00134 1 55447
coordinated FR941206-1-00134 22 55451 55606 55756 56594 56705 56776 56855 56915 56934 56952 56993 57029 57089 57204 57254 57317 57401 57678 58007 58028 58265 58505
approval FR941206-1-00134 48 55452 55607 55757 56595 56706 56777 56801 56856 56897 56916 56935 56953 56994 57030 57090 57161 57205 57213 57255 57259 57301 57318 57334 57402 57419 57434 57452 57481 57679 57704 57766 57786 57931 58008 58018 58029 58087 58201 58241 58266 58270 58290 58302 58326 58506 58803 58896 59033
anprm FR941206-1-00134 3 55456 56942 58527
requested FR941206-1-00134 1 55459
comments FR941206-1-00134 6 55460 55590 55601 58497 59263 59311
whether FR941206-1-00134 2 55462 58714
adopt FR941206-1-00134 1 55464
regulatory FR941206-1-00134 5 55465 55618 55892 56004 60193
changes FR941206-1-00134 1 55466
reduce FR941206-1-00134 1 55468
need FR941206-1-00134 2 55470 55998
concurrent FR941206-1-00134 1 55472
permitting FR941206-1-00134 8 55473 55524 55560 55967 56017 56500 57138 57146
allowing FR941206-1-00134 2 55480 60178
recognition FR941206-1-00134 1 55481
issued FR941206-1-00134 17 55490 56384 56488 56503 56561 56576 56618 56975 57107 57436 57724 57730 57832 58032 58144 58272 58284
expanded FR941206-1-00134 6 55492 55821 55879 56647 56722 57851
hazardous FR941206-1-00134 11 55494 55810 55881 56145 56271 56450 56724 57240 57854 58680 58834
waste FR941206-1-00134 27 55495 55811 55882 55993 56047 56272 56453 56725 57104 57150 57176 57185 57241 57359 57515 57634 57772 57855 58340 58355 58363 58435 58681 58835 59063 59141 59380
lookalike FR941206-1-00134 3 55498 56659 58841
programs FR941206-1-00134 5 55499 55857 55883 58682 58727
environmental FR941206-1-00134 7 55505 55622 55979 56254 57514 57633 57835
statutes FR941206-1-00134 2 55506 55623
eg FR941206-1-00134 6 55508 56674 57336 57519 59938 60064
cercla FR941206-1-00134 6 55510 55876 55956 56678 57840 58158
site FR941206-1-00134 1 55511
remediation FR941206-1-00134 6 55512 55872 55933 56682 57749 57905
rcra FR941206-1-00134 14 55514 55782 55861 55867 55954 56236 56461 56465 56483 56550 56652 56676 57525 57844
corrective FR941206-1-00134 7 55515 55868 56302 56442 56484 56544 57845
action FR941206-1-00134 9 55516 55869 56303 56443 56485 56545 56667 57846 58483
national FR941206-1-00134 2 55519 55960
pollution FR941206-1-00134 3 55520 55961 58797
discharge FR941206-1-00134 2 55521 55962
elimination FR941206-1-00134 2 55522 55963
system FR941206-1-00134 2 55523 55964
regulated FR941206-1-00134 3 55528 57056 59360
community FR941206-1-00134 3 55529 56070 57057
often FR941206-1-00134 1 55530
must FR941206-1-00134 5 55531 55885 59045 60031 60041
procure FR941206-1-00134 1 55532
both FR941206-1-00134 3 55533 56170 57131
prior FR941206-1-00134 4 55538 56081 57118 59053
commencing FR941206-1-00134 1 55540
current FR941206-1-00134 5 55547 56016 58092 58585 59497
including FR941206-1-00134 9 55558 55814 56148 59285 59365 59418 59808 59874 60092
set FR941206-1-00134 1 55564
out FR941206-1-00134 1 55565
40 FR941206-1-00134 1 55567
cfr FR941206-1-00134 1 55568
761.60 FR941206-1-00134 5 55569 58903 58972 59013 59025
761.65 FR941206-1-00134 1 55571
761.70 FR941206-1-00134 3 55573 58952 58970
761.75. FR941206-1-00134 1 55576
additional FR941206-1-00134 4 55577 57166 57280 57284
proposed FR941206-1-00134 12 55580 57711 58510 59097 59158 59162 59181 59241 59267 59341 59624 59841
notice FR941206-1-00134 14 55583 57393 57457 57491 57964 57993 58067 58233 58280 58552 58577 58875 59307 59340
761.61 FR941206-1-00134 1 55585
received FR941206-1-00134 6 55588 57195 57226 57448 57455 57984
several FR941206-1-00134 6 55589 55947 56504 58663 59262 59582
those FR941206-1-00134 8 55592 57049 57590 57669 57777 57997 58790 59310
commenters FR941206-1-00134 4 55593 58664 58687 58709
maintained FR941206-1-00134 1 55594
opposite FR941206-1-00134 1 55595
views FR941206-1-00134 1 55596
proposal FR941206-1-00134 8 55599 56037 56596 58514 58531 58612 59316 59952
addressing FR941206-1-00134 1 55602
mechanism FR941206-1-00134 4 55608 56936 56995 58549
trigger FR941206-1-00134 2 55616 55944
undesirable FR941206-1-00134 1 55617
responses FR941206-1-00134 1 55619
various FR941206-1-00134 4 55621 56025 56517 59492
fall FR941206-1-00134 2 55627 59463
jurisdiction FR941206-1-00134 1 55630
only FR941206-1-00134 4 55632 57190 57588 59303
particular FR941206-1-00134 2 55634 60005
statute FR941206-1-00134 4 55635 57114 57836 58405
although FR941206-1-00134 4 55638 56711 56772 56926
e FR941206-1-00134 4 55642 58905 59015 59027
requires FR941206-1-00134 3 55652 55672 55705
prescribe FR941206-1-00134 1 55656
methods FR941206-1-00134 3 55657 58899 59137
9 FR941206-1-00134 2 55665 55700
further FR941206-1-00134 3 55671 55704 55928
coordinate FR941206-1-00134 1 55676
actions FR941206-1-00134 5 55677 55683 55742 58159 58397
taken FR941206-1-00134 5 55678 55684 55743 56668 59451
act FR941206-1-00134 4 55681 58379 58448 58779
laws FR941206-1-00134 5 55688 55747 56979 58836 58842
administered FR941206-1-00134 4 55689 56980 57115 57744
whole FR941206-1-00134 1 55691
part FR941206-1-00134 3 55694 56466 59362
authorities FR941206-1-00134 3 55711 56987 58415
determination FR941206-1-00134 8 55720 56283 59277 59454 59509 59714 60340 60352
can FR941206-1-00134 6 55721 55732 56760 58925 58944 59727
made FR941206-1-00134 1 55723
eliminated FR941206-1-00134 1 55734
reduced FR941206-1-00134 1 55736
sufficient FR941206-1-00134 3 55739 55909 58062
extent FR941206-1-00134 3 55740 55910 56286
therefore FR941206-1-00134 5 55749 59020 59571 59701 59752
viable FR941206-1-00134 2 55761 56521
alternative FR941206-1-00134 1 55762
issuing FR941206-1-00134 4 55764 57630 58351 58431
duplicative FR941206-1-00134 2 55765 55795
approvals FR941206-1-00134 2 55771 56821
final FR941206-1-00134 4 55779 56482 57524 57530
45 FR941206-1-00134 1 55784
fr FR941206-1-00134 3 55785 58572 59234
33325 FR941206-1-00134 1 55786
sees FR941206-1-00134 1 55790
little FR941206-1-00134 2 55791 55925
value FR941206-1-00134 1 55792
requiring FR941206-1-00134 2 55794 57478
permit FR941206-1-00134 29 55796 56218 56388 56468 56486 56555 56585 56872 57101 57243 57357 57469 57526 57532 57601 57726 57729 57769 57803 57831 57847 57901 58099 58142 58149 58314 58338 58353 58433
proceedings FR941206-1-00134 1 55797
duplicate FR941206-1-00134 1 55799
paperwork FR941206-1-00134 1 55800
opts FR941206-1-00134 1 55805
expand FR941206-1-00134 1 55807
operating FR941206-1-00134 3 55818 56534 56554
federallyauthorized FR941206-1-00134 1 55828
delegated FR941206-1-00134 1 55830
event FR941206-1-00134 2 55835 58186
may FR941206-1-00134 16 55839 55943 55997 56849 56869 56905 58120 58954 59010 59477 59579 59764 60000 60015 60058 60363
elect FR941206-1-00134 1 55840
regulate FR941206-1-00134 2 55842 56767
some FR941206-1-00134 6 55845 58686 59481 59550 59991 60010
aspect FR941206-1-00134 1 55846
standards FR941206-1-00134 3 55852 55888 57265
developed FR941206-1-00134 3 55853 56473 59564
land FR941206-1-00134 1 55862
restriction FR941206-1-00134 1 55864
projects FR941206-1-00134 1 55873
initiated FR941206-1-00134 2 55874 56440
and/or FR941206-1-00134 5 55878 57909 58070 58101 58846
which FR941206-1-00134 15 55884 56019 56045 56100 56826 57232 57617 57885 58055 58140 59078 59114 59118 59447 60087
incorporate FR941206-1-00134 1 55886
their FR941206-1-00134 2 55890 57239
baseline FR941206-1-00134 1 55891
likely FR941206-1-00134 3 55895 59695 59912
provide FR941206-1-00134 5 55897 57005 57874 58647 58763
level FR941206-1-00134 2 55899 58947
adequate FR941206-1-00134 2 55902 58718
eliminating FR941206-1-00134 1 55904
reducing FR941206-1-00134 1 55906
risks FR941206-1-00134 2 55912 57061
exposure FR941206-1-00134 2 55919 57070
require FR941206-1-00134 16 55924 56681 56781 56809 57288 57404 57692 58071 59106 59165 59276 59501 59525 59591 59849 59954
no FR941206-1-00134 5 55927 58306 59116 59196 59830
review FR941206-1-00134 2 55929 57159
contamination FR941206-1-00134 6 55936 56059 56176 56289 56300 56685
based FR941206-1-00134 3 55938 58441 60103
sitespecific FR941206-1-00134 1 55940
conditions FR941206-1-00134 9 55941 57094 57167 57285 57353 57800 58034 58100 58179
compliance FR941206-1-00134 4 55945 57797 58176 58332
npdes FR941206-1-00134 3 55966 56217 56584
just FR941206-1-00134 1 55970
name FR941206-1-00134 1 55972
additionally FR941206-1-00134 3 55976 57788 58684
california FR941206-1-00134 1 55985
listed FR941206-1-00134 2 55986 59467
new FR941206-1-00134 1 55988
jersey FR941206-1-00134 1 55989
xcode FR941206-1-00134 1 55991
also FR941206-1-00134 10 55996 56406 56687 56806 57989 58523 58644 58711 59207 60296
factored FR941206-1-00134 1 56001
into FR941206-1-00134 5 56002 56049 56096 56223 59464
equation FR941206-1-00134 1 56006
illustrative FR941206-1-00134 1 56009
purposes FR941206-1-00134 1 56010
example FR941206-1-00134 3 56013 57596 59777
scenario FR941206-1-00134 1 56018
resulted FR941206-1-00134 1 56020
multiple FR941206-1-00134 5 56022 56791 56820 56843 56923
layers FR941206-1-00134 1 56023
state/federal FR941206-1-00134 1 56026
involvement FR941206-1-00134 1 56027
benefits FR941206-1-00134 1 56030
derived FR941206-1-00134 1 56034
presented FR941206-1-00134 1 56039
here FR941206-1-00134 1 56040
manufacturing FR941206-1-00134 2 56043 56162
facility FR941206-1-00134 35 56044 56056 56111 56213 56243 56277 56337 56362 56411 56529 57181 57219 57295 57310 57325 57367 57411 57427 57441 57510 57585 57613 57699 57791 57887 57943 58057 58078 58115 58172 58196 58217 58251 58317 58455
discharged FR941206-1-00134 1 56046
waters FR941206-1-00134 2 56048 56207
river FR941206-1-00134 7 56051 56108 56179 56210 56308 56317 56375
located FR941206-1-00134 3 56052 57889 58059
adjacent FR941206-1-00134 1 56053
discovered FR941206-1-00134 1 56057
soils FR941206-1-00134 2 56062 59399
groundwater FR941206-1-00134 3 56065 56344 56356
nearby FR941206-1-00134 2 56068 56307
residential FR941206-1-00134 1 56069
wells FR941206-1-00134 1 56072
were FR941206-1-00134 10 56073 56153 56167 56597 58643 58665 58710 58731 59221 59563
drilled FR941206-1-00134 1 56074
pcbladen FR941206-1-00134 1 56076
oil FR941206-1-00134 7 56077 56128 56350 56402 60019 60094 60102
was FR941206-1-00134 23 56078 56131 56244 56318 56338 56412 56472 56487 56530 56937 57326 57435 57956 57965 58143 58283 58528 58562 58599 58692 58761 58880 58975
found FR941206-1-00134 4 56079 60002 60017 60090
installation FR941206-1-00134 1 56084
oil/water FR941206-1-00134 1 56086
separators FR941206-1-00134 1 56087
1965 FR941206-1-00134 1 56089
untreated FR941206-1-00134 1 56091
process FR941206-1-00134 8 56092 56444 56928 56954 57712 58828 58852 59436
stormwater FR941206-1-00134 1 56094
flowed FR941206-1-00134 1 56095
brook FR941206-1-00134 1 56098
flows FR941206-1-00134 1 56101
through FR941206-1-00134 6 56102 57271 57816 58542 58629 59120
property FR941206-1-00134 1 56104
housed FR941206-1-00134 1 56112
among FR941206-1-00134 1 56114
things FR941206-1-00134 1 56116
transformer FR941206-1-00134 2 56119 56139
division FR941206-1-00134 1 56120
1932 FR941206-1-00134 1 56124
1977 FR941206-1-00134 1 56126
insulating FR941206-1-00134 1 56127
used FR941206-1-00134 6 56132 56832 56878 58734 59519 59557
extensively FR941206-1-00134 1 56133
operation FR941206-1-00134 7 56136 56624 57312 57364 57445 57610 58112
plant FR941206-1-00134 1 56140
addition FR941206-1-00134 5 56143 56493 56665 57025 59472
wastes FR941206-1-00134 3 56146 56149 56166
generated FR941206-1-00134 1 56154
result FR941206-1-00134 7 56157 57059 57373 57619 57683 58121 59405
these FR941206-1-00134 8 56159 58359 58934 59483 59573 59948 60166 60232
processes FR941206-1-00134 2 56163 56519
disposed FR941206-1-00134 1 56168
on- FR941206-1-00134 1 56171
offsite FR941206-1-00134 1 56173
had FR941206-1-00134 6 56180 56214 56502 57220 57982 58787
been FR941206-1-00134 10 56181 56617 56900 57276 57983 58031 58151 58168 58863 58886
issue FR941206-1-00134 4 56183 57250 57391 58065
since FR941206-1-00134 5 56184 56752 58868 60137 60361
late FR941206-1-00134 1 56186
1970s FR941206-1-00134 1 56187
studies FR941206-1-00134 3 56189 56263 56311
conducted FR941206-1-00134 3 56190 57018 58162
two FR941206-1-00134 2 56195 56957
neighboring FR941206-1-00134 1 56196
states FR941206-1-00134 9 56197 56924 58621 58642 58700 58768 58791 58820 58911
detected FR941206-1-00134 1 56198
sediments FR941206-1-00134 1 56202
fish FR941206-1-00134 1 56204
obtained FR941206-1-00134 4 56215 56901 57957 59047
discharges FR941206-1-00134 2 56222 56588
navigable FR941206-1-00134 1 56225
waterway FR941206-1-00134 1 56226
early FR941206-1-00134 3 56229 56477 56490
1978 FR941206-1-00134 1 56230
interim FR941206-1-00134 1 56233
status FR941206-1-00134 2 56234 60194
1980. FR941206-1-00134 1 56238
1981 FR941206-1-00134 2 56240 56341
resident FR941206-1-00134 1 56250
department FR941206-1-00134 1 56252
dep FR941206-1-00134 3 56257 56417 56542
conduct FR941206-1-00134 3 56260 56510 58392
three FR941206-1-00134 1 56261
major FR941206-1-00134 1 56262
focussing FR941206-1-00134 1 56264
practices FR941206-1-00134 1 56274
onsite FR941206-1-00134 1 56288
assessment FR941206-1-00134 1 56296
alternatives FR941206-1-00134 1 56304
concluded FR941206-1-00134 1 56312
sediment FR941206-1-00134 1 56314
along FR941206-1-00134 1 56315
contaminated FR941206-1-00134 3 56319 59375 59402
39000 FR941206-1-00134 1 56321
pounds FR941206-1-00134 1 56322
using FR941206-1-00134 3 56326 56988 59124
superfund FR941206-1-00134 1 56333
install FR941206-1-00134 1 56343
pumps FR941206-1-00134 1 56345
remove FR941206-1-00134 2 56347 60217
top FR941206-1-00134 1 56353
1987 FR941206-1-00134 1 56359
installed FR941206-1-00134 1 56363
slurry FR941206-1-00134 1 56365
wall FR941206-1-00134 1 56366
minimize FR941206-1-00134 1 56368
migration FR941206-1-00134 1 56369
towards FR941206-1-00134 1 56373
1988 FR941206-1-00134 3 56378 56408 56437
regional FR941206-1-00134 15 56382 57034 57193 57246 57320 57388 57473 57487 57559 57686 57879 57969 57974 58049 58204
office FR941206-1-00134 1 56383
high FR941206-1-00134 1 56391
temperature FR941206-1-00134 1 56392
thermal FR941206-1-00134 3 56394 56558 56627
oxidizer FR941206-1-00134 1 56395
incinerator FR941206-1-00134 3 56396 56559 56628
destruction FR941206-1-00134 1 56399
make FR941206-1-00134 3 56419 58533 59795
necessary FR941206-1-00134 1 56420
repairs FR941206-1-00134 1 56421
dam FR941206-1-00134 1 56424
decrease FR941206-1-00134 1 56426
future FR941206-1-00134 1 56427
transport FR941206-1-00134 1 56428
downstream FR941206-1-00134 1 56431
finally FR941206-1-00134 2 56433 58707
october FR941206-1-00134 1 56436
solid FR941206-1-00134 2 56452 59140
amendments FR941206-1-00134 1 56454
hswa FR941206-1-00134 1 56456
1984 FR941206-1-00134 1 56459
draft FR941206-1-00134 1 56464
initiate FR941206-1-00134 2 56470 58474
cleanup FR941206-1-00134 2 56471 56522
1989 FR941206-1-00134 1 56478
1991. FR941206-1-00134 1 56491
r FR941206-1-00134 3 56505 56568 56631
& FR941206-1-00134 3 56506 56569 56632
d FR941206-1-00134 3 56507 56570 56633
pilotscale FR941206-1-00134 2 56511 56573
experiments FR941206-1-00134 2 56512 56574
effectiveness FR941206-1-00134 1 56515
bioremediation FR941206-1-00134 1 56518
technologies FR941206-1-00134 5 56523 56638 56729 56740 56874
summary FR941206-1-00134 1 56526
obtain FR941206-1-00134 8 56533 56798 56819 56852 57297 57701 57861 58198
air FR941206-1-00134 1 56536
emission FR941206-1-00134 1 56537
region FR941206-1-00134 10 56564 57462 57574 57580 57883 57924 57987 58001 58053 58188
headquarters FR941206-1-00134 1 56579
water FR941206-1-00134 31 56587 59256 59476 59531 59587 59598 59704 59726 59780 59789 59800 59880 59995 60014 60026 60030 60054 60056 60123 60127 60142 60159 60181 60203 60224 60237 60249 60265 60283 60308 60337
reality FR941206-1-00134 1 56599
could FR941206-1-00134 16 56605 56615 56686 57058 57182 57390 57428 57442 57682 57944 57988 58447 59000 59272 59555 60269
have FR941206-1-00134 10 56606 56616 57237 57275 57793 58061 58167 58822 58860 58862
recognized FR941206-1-00134 3 56607 56689 57758
case FR941206-1-00134 1 56611
experimental FR941206-1-00134 1 56636
elected FR941206-1-00134 1 56642
either FR941206-1-00134 3 56644 57249 59580
implement FR941206-1-00134 2 56645 58724
posing FR941206-1-00134 1 56692
unreasonable FR941206-1-00134 4 56694 57376 57622 58124
thus FR941206-1-00134 4 56699 59301 59945 60173
suitable FR941206-1-00134 1 56700
supporting FR941206-1-00134 1 56712
concept FR941206-1-00134 2 56714 58500
stationary FR941206-1-00134 3 56728 56795 56847
encouraged FR941206-1-00134 1 56731
maintain FR941206-1-00134 1 56734
centralized FR941206-1-00134 1 56735
control FR941206-1-00134 1 56736
mobile FR941206-1-00134 4 56739 56788 56840 56873
approach FR941206-1-00134 7 56746 56966 57001 57498 57501 57718 58494
acceptable FR941206-1-00134 2 56749 56908
there FR941206-1-00134 4 56753 58715 59548 60200
limited FR941206-1-00134 5 56755 58041 58881 59369 60285
whereby FR941206-1-00134 1 56757
preempt FR941206-1-00134 1 56761
owner FR941206-1-00134 14 56783 56811 56835 57290 57406 57422 57505 57694 57938 57979 58073 58191 58212 58246
operator FR941206-1-00134 13 56785 56813 56837 57292 57408 57424 57507 57696 57940 58075 58193 58214 58248
but FR941206-1-00134 5 56793 56845 58038 59367 59561
unit FR941206-1-00134 3 56796 56817 56848
single FR941206-1-00134 1 56800
each FR941206-1-00134 4 56823 59955 59981 60036
technology FR941206-1-00134 1 56829
will FR941206-1-00134 8 56830 56876 59449 59462 59677 59894 60211 60315
want FR941206-1-00134 1 56850
ensure FR941206-1-00134 2 56858 59633
harmonized FR941206-1-00134 1 56865
chose FR941206-1-00134 1 56870
exclusively FR941206-1-00134 1 56879
respect FR941206-1-00134 1 56887
do FR941206-1-00134 4 56891 59499 60112 60348
so FR941206-1-00134 1 56892
developing FR941206-1-00134 1 56912
intended FR941206-1-00134 1 56919
discussed FR941206-1-00134 3 56939 56960 59679
considered FR941206-1-00134 1 56945
establishing FR941206-1-00134 2 56946 58854
selfimplementing FR941206-1-00134 3 56948 57497 57717
interactive FR941206-1-00134 6 56951 56965 56990 57000 57028 58493
approaches FR941206-1-00134 1 56958
below FR941206-1-00134 3 56961 57003 59680
proposes FR941206-1-00134 6 56969 58486 59022 59072 59318 60373
761.77 FR941206-1-00134 4 56971 57075 57267 58489
recognize FR941206-1-00134 2 56973 58308
agency FR941206-1-00134 6 57007 57629 58350 58430 58978 59656
best FR941206-1-00134 1 57009
opportunity FR941206-1-00134 1 57010
effectively FR941206-1-00134 1 57012
oversee FR941206-1-00134 1 57013
maximize FR941206-1-00134 1 57032
ability FR941206-1-00134 1 57037
serve FR941206-1-00134 1 57039
preventative FR941206-1-00134 1 57042
rather FR941206-1-00134 1 57043
reactive FR941206-1-00134 1 57046
role FR941206-1-00134 1 57047
instances FR941206-1-00134 4 57050 57591 57670 57998
unintentional FR941206-1-00134 1 57052
negligence FR941206-1-00134 1 57053
proposing FR941206-1-00134 1 57079
condition FR941206-1-00134 1 57084
limitations FR941206-1-00134 1 57097
nona FR941206-1-00134 5 57100 57212 57258 57356 57600
management FR941206-1-00134 12 57105 57151 57177 57242 57360 57516 57635 57773 58341 58356 58364 58436
document FR941206-1-00134 11 57106 57152 57178 57361 57517 57636 57649 57774 58342 58357 58437
effective FR941206-1-00134 1 57121
date FR941206-1-00134 1 57122
allows FR941206-1-00134 1 57129
simultaneous FR941206-1-00134 1 57132
coordination FR941206-1-00134 1 57133
does FR941206-1-00134 1 57153
exist FR941206-1-00134 2 57155 58046
subsequent FR941206-1-00134 2 57158 58094
inclusion FR941206-1-00134 1 57164
deemed FR941206-1-00134 2 57170 58368
appropriate FR941206-1-00134 4 57171 58013 59050 59602
existing FR941206-1-00134 2 57175 57870
commence FR941206-1-00134 4 57183 57444 57534 57945
operations FR941206-1-00134 6 57189 57430 57535 57587 57946 58257
after FR941206-1-00134 4 57191 57536 58024 58297
reviewed FR941206-1-00134 1 57197
request FR941206-1-00134 5 57199 57279 58422 58895 58958
included FR941206-1-00134 2 57207 60184
copy FR941206-1-00134 1 57209
verification FR941206-1-00134 1 57216
submitted FR941206-1-00134 1 57221
form FR941206-1-00134 2 57223 57542
771053 FR941206-1-00134 2 57224 57543
id FR941206-1-00134 3 57229 57864 57951
number FR941206-1-00134 5 57230 57549 57865 57871 57952
most FR941206-1-00134 5 57233 58792 59441 59694 60083
already FR941206-1-00134 1 57236
accepting FR941206-1-00134 1 57256
written FR941206-1-00134 8 57261 57490 57555 57875 57915 57963 58957 59032
provided FR941206-1-00134 2 57262 57767
relevant FR941206-1-00134 1 57264
g FR941206-1-00134 1 57273
met FR941206-1-00134 1 57277
information FR941206-1-00134 2 57281 58444
impose FR941206-1-00134 1 57283
time FR941206-1-00134 1 57307
during FR941206-1-00134 3 57308 60228 60338
determined FR941206-1-00134 6 57322 59084 59148 59171 59346 59856
violation FR941206-1-00134 2 57328 57350
failure FR941206-1-00134 1 57338
comply FR941206-1-00134 1 57340
reporting FR941206-1-00134 5 57345 57604 57808 58104 59869
recordkeeping FR941206-1-00134 4 57347 57606 57810 58106
might FR941206-1-00134 1 57372
deficiency FR941206-1-00134 7 57395 57459 57493 57995 58069 58235 58282
revoke FR941206-1-00134 1 57397
apply FR941206-1-00134 2 57413 59658
until FR941206-1-00134 3 57431 57446 58267
deadline FR941206-1-00134 2 57465 58209
submitting FR941206-1-00134 1 57467
application FR941206-1-00134 5 57470 58082 58221 58801 58986
rationale FR941206-1-00134 1 57476
reflected FR941206-1-00134 1 57484
allow FR941206-1-00134 1 57503
signed FR941206-1-00134 1 57521
rod FR941206-1-00134 4 57522 57841 58166 58182
stateissued FR941206-1-00134 1 57529
filing FR941206-1-00134 1 57540
obtaining FR941206-1-00134 1 57545
identification FR941206-1-00134 1 57548
notification FR941206-1-00134 5 57556 57571 57876 57921 57981
receiving FR941206-1-00134 1 57565
confirmation FR941206-1-00134 2 57566 57916
receipt FR941206-1-00134 3 57568 57918 58230
intervene FR941206-1-00134 1 57582
none FR941206-1-00134 12 57593 60122 60126 60141 60158 60180 60202 60223 60236 60264 60282 60307
underlying FR941206-1-00134 2 57632 58360
lead FR941206-1-00134 1 57640
organization FR941206-1-00134 1 57641
development FR941206-1-00134 2 57644 58631
issuance FR941206-1-00134 2 57646 58298
implementation FR941206-1-00134 2 57654 58511
enforcement FR941206-1-00134 4 57656 57673 58335 58396
exercising FR941206-1-00134 1 57688
his/her FR941206-1-00134 1 57689
detailed FR941206-1-00134 1 57707
description FR941206-1-00134 1 57708
follows FR941206-1-00134 1 57713
authorized FR941206-1-00134 2 57736 58776
director FR941206-1-00134 1 57738
having FR941206-1-00134 1 57762
generally FR941206-1-00134 3 57775 58223 60189
normally FR941206-1-00134 4 57780 60212 60275 60316
covered FR941206-1-00134 1 57781
761.180 FR941206-1-00134 1 57813
761.202 FR941206-1-00134 1 57815
761.218. FR941206-1-00134 1 57817
owners FR941206-1-00134 1 57818
operators FR941206-1-00134 1 57820
storing FR941206-1-00134 1 57823
disposing FR941206-1-00134 1 57825
pursuant FR941206-1-00134 2 57828 58163
rcraauthorized FR941206-1-00134 1 57852
confirm FR941206-1-00134 1 57868
like FR941206-1-00134 1 57893
handle FR941206-1-00134 1 57895
accordance FR941206-1-00134 1 57898
receive FR941206-1-00134 2 57914 58808
separate FR941206-1-00134 2 57927 59217
formal FR941206-1-00134 1 57928
immediately FR941206-1-00134 1 57947
once FR941206-1-00134 1 57948
confirmed FR941206-1-00134 2 57960 57976
given FR941206-1-00134 1 57966
respond FR941206-1-00134 1 57990
determines FR941206-1-00134 1 58002
available FR941206-1-00134 2 58011 58541
needed FR941206-1-00134 1 58020
necessarily FR941206-1-00134 1 58040
following FR941206-1-00134 1 58045
basis FR941206-1-00134 13 58063 59076 59153 59176 59351 59638 59652 59773 59861 59866 59970 60050 60359
submit FR941206-1-00134 3 58080 58219 58955
substantive FR941206-1-00134 1 58095
violations FR941206-1-00134 1 58096
expired FR941206-1-00134 1 58146
revoked FR941206-1-00134 1 58152
completed FR941206-1-00134 2 58169 58864
less FR941206-1-00134 1 58225
30 FR941206-1-00134 1 58227
days FR941206-1-00134 1 58228
able FR941206-1-00134 1 58254
except FR941206-1-00134 1 58274
instance FR941206-1-00134 1 58277
then FR941206-1-00134 1 58286
first FR941206-1-00134 1 58292
longer FR941206-1-00134 1 58307
being FR941206-1-00134 1 58319
equivalent FR941206-1-00134 2 58321 58950
primary FR941206-1-00134 1 58329
reside FR941206-1-00134 1 58344
documents FR941206-1-00134 1 58365
whose FR941206-1-00134 1 58374
breach FR941206-1-00134 1 58375
prohibited FR941206-1-00134 1 58378
15 FR941206-1-00134 1 58382
reserve FR941206-1-00134 1 58388
rights FR941206-1-00134 1 58390
inspections FR941206-1-00134 1 58393
take FR941206-1-00134 1 58395
applicable FR941206-1-00134 2 58403 59090
exercise FR941206-1-00134 1 58413
consultation FR941206-1-00134 2 58417 58450
without FR941206-1-00134 1 58449
especially FR941206-1-00134 1 58452
poses FR941206-1-00134 1 58456
immediate FR941206-1-00134 1 58458
criminal FR941206-1-00134 2 58476 58479
investigation FR941206-1-00134 1 58477
civil FR941206-1-00134 1 58481
judicial FR941206-1-00134 1 58482
add FR941206-1-00134 1 58488
reflect FR941206-1-00134 1 58491
solicits FR941206-1-00134 1 58496
enhancement FR941206-1-00134 2 58520 58559
grants FR941206-1-00134 3 58521 58722 58730
cited FR941206-1-00134 1 58524
resources FR941206-1-00134 1 58534
appropriated FR941206-1-00134 1 58537
congress FR941206-1-00134 2 58539 58760
28 FR941206-1-00134 2 58546 58753
grant FR941206-1-00134 5 58548 58560 58611 58754 58818
availability FR941206-1-00134 1 58554
published FR941206-1-00134 2 58563 59239
56 FR941206-1-00134 1 58571
9008 FR941206-1-00134 1 58573
solicited FR941206-1-00134 1 58578
applications FR941206-1-00134 2 58579 58877
financial FR941206-1-00134 2 58581 58764
assistance FR941206-1-00134 4 58582 58765 58809 58879
support FR941206-1-00134 1 58584
funding FR941206-1-00134 2 58595 58719
anticipated FR941206-1-00134 1 58601
beyond FR941206-1-00134 1 58604
fiscal FR941206-1-00134 1 58605
year FR941206-1-00134 1 58606
1992. FR941206-1-00134 1 58607
partially FR941206-1-00134 1 58616
fund FR941206-1-00134 1 58617
efforts FR941206-1-00134 2 58618 58775
legislation FR941206-1-00134 1 58634
regulations FR941206-1-00134 4 58636 58910 59498 59617
match FR941206-1-00134 1 58650
25 FR941206-1-00134 1 58653
percent FR941206-1-00134 4 58654 59200 59834 60120
total FR941206-1-00134 1 58657
cost FR941206-1-00134 1 58658
project FR941206-1-00134 1 58661
favor FR941206-1-00134 1 58668
encouragement FR941206-1-00134 1 58672
listing FR941206-1-00134 2 58675 58830
voiced FR941206-1-00134 1 58688
concern FR941206-1-00134 4 58689 59685 59746 59786
trying FR941206-1-00134 1 58693
delegate FR941206-1-00134 1 58695
enforce FR941206-1-00134 1 58702
skeptical FR941206-1-00134 1 58712
seed FR941206-1-00134 1 58737
money FR941206-1-00134 1 58739
complement FR941206-1-00134 2 58741 58770
ongoing FR941206-1-00134 1 58742
creating FR941206-1-00134 1 58749
selected FR941206-1-00134 1 58767
augment FR941206-1-00134 1 58772
ref FR941206-1-00134 1 58781
55 FR941206-1-00134 2 58783 59233
envisioned FR941206-1-00134 1 58788
heavily FR941206-1-00134 1 58793
impacted FR941206-1-00134 1 58794
problems FR941206-1-00134 1 58798
upon FR941206-1-00134 1 58800
eligible FR941206-1-00134 1 58815
engaged FR941206-1-00134 1 58825
adopting FR941206-1-00134 1 58839
response FR941206-1-00134 2 58870 60247
soliciting FR941206-1-00134 1 58876
discontinued FR941206-1-00134 1 58887
l. FR941206-1-00134 1 58889
clarification FR941206-1-00134 2 58890 59069
alternate FR941206-1-00134 5 58898 58929 58942 58989 59037
persons FR941206-1-00134 1 58913
who FR941206-1-00134 2 58914 58924
incinerate FR941206-1-00134 1 58918
items FR941206-1-00134 3 58922 58938 59044
demonstrate FR941206-1-00134 1 58926
exists FR941206-1-00134 1 58931
destroying FR941206-1-00134 2 58933 59040
achieve FR941206-1-00134 1 58945
performance FR941206-1-00134 1 58949
incinerators FR941206-1-00134 1 58953
exemption FR941206-1-00134 1 58964
incineration FR941206-1-00134 2 58967 58995
never FR941206-1-00134 1 58976
submission FR941206-1-00134 1 58983
lieu FR941206-1-00134 1 58993
optional FR941206-1-00134 1 58997
construed FR941206-1-00134 1 59002
word FR941206-1-00134 1 59008
amend FR941206-1-00134 1 59024
clarify FR941206-1-00134 3 59030 59074 59246
official FR941206-1-00134 1 59052
destroy FR941206-1-00134 1 59061
m. FR941206-1-00134 1 59065
wet FR941206-1-00134 7 59066 59174 59771 59859 59864 59968 60048
weight/dry FR941206-1-00134 1 59067
weight FR941206-1-00134 12 59068 59152 59175 59350 59772 59836 59860 59865 59876 59969 60049 60358
concentrations FR941206-1-00134 9 59080 59109 59213 59280 59344 59457 59512 59523 59850
identifying FR941206-1-00134 1 59089
761.1 FR941206-1-00134 3 59098 59627 59844
nond FR941206-1-00134 4 59111 59201 59688 59837
materials FR941206-1-00134 6 59112 59202 59226 59401 59838 60369
contain FR941206-1-00134 3 59115 60114 60364
liquids FR941206-1-00134 8 59117 59299 59327 59358 59810 60085 60168 60227
pass FR941206-1-00134 1 59119
filter FR941206-1-00134 2 59122 59127
paint FR941206-1-00134 1 59126
test FR941206-1-00134 2 59128 59136
9095 FR941206-1-00134 1 59133
evaluating FR941206-1-00134 1 59139
sw846 FR941206-1-00134 1 59144
dry FR941206-1-00134 3 59151 59349 60357
according FR941206-1-00134 1 59154
definition FR941206-1-00134 1 59157
761.3. FR941206-1-00134 1 59160
concentration FR941206-1-00134 13 59168 59252 59325 59607 59642 59671 59718 59732 59758 59768 60162 60290 60344
liquid FR941206-1-00134 16 59178 59286 59738 59749 59805 59815 59852 59884 59888 59904 59960 59985 60023 60153 60207 60294
defined FR941206-1-00134 2 59184 59820
761.3 FR941206-1-00134 2 59186 59822
homogeneous FR941206-1-00134 2 59190 59883
flowable FR941206-1-00134 2 59191 59825
material FR941206-1-00134 3 59192 59689 59826
more FR941206-1-00134 7 59197 59567 59574 59831 59911 59915 60115
0.5 FR941206-1-00134 2 59199 59833
determining FR941206-1-00134 4 59211 59322 59604 59640
distinct FR941206-1-00134 2 59219 59319
phases FR941206-1-00134 1 59220
present FR941206-1-00134 3 59222 59258 59479
within FR941206-1-00134 1 59223
samples FR941206-1-00134 14 59224 59283 59287 59336 59448 59533 59589 59739 59781 59905 59949 60024 60302 60312
12866 FR941206-1-00134 1 59235
sought FR941206-1-00134 1 59244
how FR941206-1-00134 1 59247
determine FR941206-1-00134 5 59249 59521 59668 59755 59765
media FR941206-1-00134 1 59254
indicated FR941206-1-00134 1 59269
read FR941206-1-00134 1 59274
removing FR941206-1-00134 1 59290
drying FR941206-1-00134 1 59292
evaporating FR941206-1-00134 1 59294
condensing FR941206-1-00134 1 59296
leaving FR941206-1-00134 1 59302
responds FR941206-1-00134 1 59308
clarifying FR941206-1-00134 1 59313
nons FR941206-1-00134 3 59329 59356 59959
multiphasic FR941206-1-00134 1 59332
liquid/liquid FR941206-1-00134 1 59333
liquid/nond FR941206-1-00134 1 59335
761 FR941206-1-00134 1 59363
dielectric FR941206-1-00134 2 59372 60095
fluids FR941206-1-00134 3 59373 59385 59388
solvents FR941206-1-00134 2 59376 60109
oils FR941206-1-00134 2 59378 59381
heat FR941206-1-00134 2 59383 60098
transfer FR941206-1-00134 2 59384 60099
hydraulic FR941206-1-00134 2 59387 60104
paints FR941206-1-00134 1 59390
sludges FR941206-1-00134 1 59392
slurries FR941206-1-00134 1 59394
dredge FR941206-1-00134 1 59396
spoils FR941206-1-00134 1 59397
spills FR941206-1-00134 1 59407
combination FR941206-1-00134 1 59414
impurities FR941206-1-00134 1 59419
byproducts FR941206-1-00134 1 59421
byproduct FR941206-1-00134 1 59424
intermediate FR941206-1-00134 1 59426
impurity FR941206-1-00134 1 59429
manufactured FR941206-1-00134 1 59430
point FR941206-1-00134 1 59433
assumes FR941206-1-00134 1 59439
analysis FR941206-1-00134 7 59460 59516 59552 59577 59871 60187 60230
categories FR941206-1-00134 1 59466
above FR941206-1-00134 1 59468
wastewater FR941206-1-00134 6 59474 59812 60301 60311 60327 60362
varying FR941206-1-00134 1 59488
amounts FR941206-1-00134 5 59489 59993 60234 60262 60366
reasons FR941206-1-00134 1 59493
specific FR941206-1-00134 1 59503
analytical FR941206-1-00134 1 59505
many FR941206-1-00134 1 59514
procedures FR941206-1-00134 3 59517 59553 59578
accounting FR941206-1-00134 2 59526 59585
presence FR941206-1-00134 1 59529
way FR941206-1-00134 2 59536 59594
accomplishes FR941206-1-00134 1 59538
objectives FR941206-1-00134 2 59541 59569
address FR941206-1-00134 1 59566
general FR941206-1-00134 2 59568 59575
offer FR941206-1-00134 1 59581
options FR941206-1-00134 1 59583
different FR941206-1-00134 1 59593
account FR941206-1-00134 1 59596
meet FR941206-1-00134 1 59609
overall FR941206-1-00134 1 59620
revisions FR941206-1-00134 2 59625 59842
reproducible FR941206-1-00134 1 59637
pcbcontaining FR941206-1-00134 1 59647
medium FR941206-1-00134 6 59648 59683 59744 59761 59784 59899
enable FR941206-1-00134 1 59654
nonliquid FR941206-1-00134 1 59674
repository FR941206-1-00134 1 59696
sample FR941206-1-00134 7 59707 59721 59735 59922 59986 60040 60197
accounted FR941206-1-00134 3 59710 60271 60278
amount FR941206-1-00134 5 59724 60012 60139 60150 60221
bias FR941206-1-00134 1 59729
itself FR941206-1-00134 1 59750
sense FR941206-1-00134 1 59796
exclude FR941206-1-00134 1 59798
organic FR941206-1-00134 7 59809 60084 60152 60167 60206 60293 60319
homogenous FR941206-1-00134 2 59824 59890
means FR941206-1-00134 1 59868
results FR941206-1-00134 1 59872
dissolved FR941206-1-00134 1 59879
distributed FR941206-1-00134 1 59896
throughout FR941206-1-00134 1 59897
evenly FR941206-1-00134 1 59900
nonhomogenous FR941206-1-00134 1 59903
concentrated FR941206-1-00134 1 59916
component FR941206-1-00134 1 59919
others FR941206-1-00134 1 59927
physical FR941206-1-00134 1 59931
properties FR941206-1-00134 1 59934
possess FR941206-1-00134 1 59936
hydrophobic FR941206-1-00134 1 59942
phase FR941206-1-00134 4 59956 59982 60006 60037
separately FR941206-1-00134 3 59963 59988 60043
analyzed FR941206-1-00134 3 59964 59989 60044
recognizes FR941206-1-00134 1 59974
even FR941206-1-00134 4 59979 60218 60258 60329
small FR941206-1-00134 6 59992 60011 60171 60220 60233 60261
separable FR941206-1-00134 3 59999 60029 60053
removed FR941206-1-00134 4 60033 60239 60266 60334
readily FR941206-1-00134 1 60060
physically FR941206-1-00134 1 60061
separated FR941206-1-00134 1 60062
separatory FR941206-1-00134 1 60071
funnel FR941206-1-00134 1 60072
filtration FR941206-1-00134 1 60074
decantation FR941206-1-00134 1 60078
notes FR941206-1-00134 2 60081 60299
mineral FR941206-1-00134 1 60093
fluid FR941206-1-00134 3 60096 60100 60105
rinse FR941206-1-00134 1 60108
usually FR941206-1-00134 3 60111 60128 60144
suspension FR941206-1-00134 1 60132
solution FR941206-1-00134 1 60135
very FR941206-1-00134 1 60145
low FR941206-1-00134 1 60146
compared FR941206-1-00134 1 60147
relatively FR941206-1-00134 1 60170
analysts FR941206-1-00134 2 60210 60347
desiccant FR941206-1-00134 1 60215
avoid FR941206-1-00134 1 60241
potential FR941206-1-00134 2 60242 60251
interference FR941206-1-00134 1 60243
instrumental FR941206-1-00134 1 60246
damage FR941206-1-00134 1 60252
instrumentation FR941206-1-00134 1 60256
though FR941206-1-00134 2 60259 60330
desiccation FR941206-1-00134 1 60268
influence FR941206-1-00134 1 60286
consist FR941206-1-00134 1 60303
almost FR941206-1-00134 1 60304
entirely FR941206-1-00134 1 60305
analyst FR941206-1-00134 1 60314
solvent FR941206-1-00134 1 60320
extract FR941206-1-00134 1 60322
consider FR941206-1-00134 1 60350
significant FR941206-1-00134 1 60365
suspended FR941206-1-00134 1 60368
identify FR941206-1-00134 1 60375
