of FR941206-1-00134 158 12146 12153 12171 12193 12199 12276 12288 12322 12349 12396 12430 12511 12554 12573 12611 12623 12651 12657 12684 12712 12715 12744 12809 12853 12887 12906 12908 12912 13119 13137 13157 13202 13218 13233 13258 13290 13373 13384 13387 13396 13399 13424 13470 13511 13527 13565 13639 13672 13695 13798 13825 13829 13901 13955 13966 14016 14054 14105 14150 14170 14172 14235 14262 14268 14322 14333 14351 14388 14404 14411 14428 14480 14553 14558 14563 14570 14573 14590 14616 14636 14685 14829 14888 14908 14986 15000 15052 15056 15081 15116 15119 15128 15143 15161 15172 15202 15221 15231 15247 15276 15326 15353 15377 15385 15402 15416 15446 15451 15462 15472 15499 15511 15541 15584 15618 15641 15654 15726 15756 15783 15792 15795 15849 15880 15888 15906 15965 15992 16014 16054 16079 16100 16107 16156 16234 16247 16290 16320 16350 16400 16409 16452 16495 16503 16506 16519 16606 16687 16697 16752 16769 16793 16834 16860 16874 16923 16942 16958
pcb FR941206-1-00134 74 12147 12172 12195 12354 12466 12485 12502 12662 12913 12995 13058 13070 13278 13291 13300 13400 13471 13480 13735 13768 13861 14006 14323 14399 14455 14461 14512 14522 14548 14624 14638 14765 14876 14889 15006 15043 15075 15084 15180 15210 15240 15250 15258 15263 15361 15404 15473 15586 15612 15650 15710 15727 15837 15966 16015 16055 16093 16141 16169 16235 16303 16333 16351 16375 16410 16445 16477 16479 16556 16583 16801 16849 16877 16884
remediation FR941206-1-00134 40 12148 12173 12196 12340 12355 12663 12890 12915 12996 13059 13292 13304 13344 13405 13449 13455 13472 13532 13540 13756 13769 13845 13902 13941 14007 14324 14357 14400 14456 14513 14549 14600 14766 14890 14901 15032 15076 15152 15181 15211
wastes FR941206-1-00134 42 12149 12197 12812 12891 12916 13496 14151 14550 14571 14891 15077 15085 15173 15182 15212 15242 15251 15260 15270 15320 15412 15441 15479 15564 15574 15580 15588 15614 15626 15644 15761 15839 15934 15968 16017 16057 16095 16353 16357 16412 16959 16978
from FR941206-1-00134 28 12150 12219 12257 12410 12634 12641 12752 13183 13237 13614 13781 14181 14650 14826 14831 15106 15124 15273 15315 15321 15628 15802 15936 16039 16313 16358 16704 16776
the FR941206-1-00134 248 12151 12167 12176 12189 12201 12225 12229 12274 12286 12294 12308 12313 12338 12353 12489 12494 12546 12559 12564 12592 12617 12621 12635 12639 12642 12647 12652 12660 12685 12710 12723 12742 12784 12825 12835 12882 12900 12919 12948 12956 13019 13039 13056 13069 13086 13096 13102 13117 13125 13130 13135 13142 13146 13150 13158 13162 13172 13184 13196 13214 13231 13256 13268 13277 13343 13349 13370 13374 13382 13385 13394 13422 13429 13434 13464 13468 13499 13524 13531 13566 13610 13619 13635 13643 13648 13657 13668 13693 13696 13714 13733 13754 13772 13778 13785 13801 13816 13834 13837 13850 13853 13887 13893 13899 13907 13910 13913 13916 13925 13953 13967 13977 13987 13994 14014 14020 14033 14045 14071 14080 14095 14109 14147 14175 14182 14195 14220 14297 14307 14331 14365 14369 14382 14426 14439 14460 14470 14478 14497 14529 14534 14547 14568 14617 14621 14633 14637 14719 14722 14741 14752 14763 14776 14779 14824 14858 14879 14886 14900 14905 14920 14924 14938 14953 14965 15042 15054 15114 15125 15141 15200 15233 15244 15274 15284 15322 15380 15383 15452 15460 15470 15508 15512 15530 15547 15616 15625 15638 15642 15655 15665 15697 15708 15751 15754 15767 15803 15846 15850 15886 15897 15909 15944 15995 16012 16019 16040 16052 16102 16124 16131 16135 16144 16152 16175 16232 16245 16250 16255 16274 16291 16302 16321 16374 16398 16405 16476 16489 16512 16517 16555 16651 16695 16759 16767 16788 16797 16800 16835 16848 16863 16882 16893 16938 16948 16953 16956 17012
site FR941206-1-00134 18 12152 12178 13303 13345 13534 13803 13900 13940 14043 14248 14334 14354 14370 14535 14692 14723 14753 15149
contamination FR941206-1-00134 8 12154 12207 15474 15540 15698 15728 15796 16142
to FR941206-1-00134 116 12155 12188 12214 12216 12235 12247 12273 12285 12297 12320 12332 12345 12413 12531 12550 12556 12581 12595 12609 12667 12850 12881 12898 13007 13038 13065 13077 13095 13115 13141 13190 13212 13261 13298 13414 13420 13436 13508 13546 13573 13576 13581 13616 13622 13775 13800 13822 13831 13937 13951 13983 13985 14025 14050 14155 14237 14306 14374 14396 14450 14502 14539 14599 14665 14726 14740 14757 14820 14850 14885 14899 14923 14951 15022 15037 15177 15195 15198 15255 15304 15392 15678 15688 15695 15699 15746 15895 15973 15989 15994 16010 16018 16050 16069 16207 16230 16287 16300 16309 16326 16346 16425 16521 16549 16699 16716 16722 16726 16741 16758 16845 16853 16908 16926 16950 16983
another FR941206-1-00134 2 12156 16569
location FR941206-1-00134 2 12157 16155
for FR941206-1-00134 80 12158 12228 12303 12364 12369 12454 12629 12695 12740 12807 12885 12922 12951 12963 13026 13180 13216 13288 13315 13323 13467 13479 13589 13591 13701 13717 13745 13767 13842 13856 13858 13912 13932 13993 14003 14032 14100 14114 14139 14178 14266 14511 14521 14677 14709 14712 14875 15065 15365 15515 15522 15549 15600 15622 15634 15702 15832 15836 15853 15920 15948 15963 16194 16404 16478 16523 16561 16574 16632 16647 16712 16732 16791 16829 16937 16955 16989 17000 17009 17016
destruction FR941206-1-00134 6 12159 12168 12498 13686 13793 14101
or FR941206-1-00134 73 12160 12166 12169 12206 12426 12499 12579 12736 12910 13002 13045 13085 13121 13380 13583 13976 14102 14117 14131 14166 14239 14310 14339 14372 14409 14430 14519 14537 14556 14603 14668 14670 14773 14869 15101 15105 15154 15166 15227 15271 15289 15324 15334 15350 15363 15390 15464 15569 15723 15732 15735 15744 15758 15820 15928 15933 16114 16154 16318 16360 16437 16458 16591 16660 16694 16701 16707 16831 16934 16961 16965 16967 16975
containment FR941206-1-00134 4 12161 12170 13570 13795
( FR941206-1-00134 83 12162 12179 12393 12428 12468 12519 12569 12583 12613 12691 12718 12754 12762 12789 12793 12838 12870 12935 12955 12959 12970 13111 13148 13328 13364 13484 13487 13490 13502 13516 13551 13554 13559 13664 13761 13877 13890 13973 14083 14087 14188 14197 14213 14225 14413 14447 14474 14486 14489 14492 14518 14748 14840 14958 15111 15291 15309 15338 15592 15660 15772 15862 15865 15899 16158 16160 16163 16177 16217 16226 16267 16328 16415 16465 16499 16531 16611 16618 16622 16636 16807 16810 16813
offsite FR941206-1-00134 4 12163 14119 14125 14154
disposal FR941206-1-00134 78 12164 12181 12192 12202 12344 12486 12503 12886 13027 13046 13053 13289 13469 13481 13659 13670 13709 13720 13736 13765 13802 13818 13862 13996 14107 14120 14127 14412 14503 14509 14559 14669 14808 14844 14859 14887 14989 14999 15007 15044 15063 15367 15386 15523 15601 15623 15635 15704 15808 15834 15851 15921 15955 15964 15976 16042 16053 16105 16117 16157 16195 16202 16212 16233 16349 16408 16443 16526 16584 16659 16713 16717 16781 16830 16850 16885 16941 16957
) FR941206-1-00134 83 12165 12182 12404 12437 12476 12526 12571 12585 12615 12693 12720 12756 12764 12791 12803 12844 12874 12946 12961 12986 12987 13114 13155 13330 13368 13486 13489 13492 13507 13535 13553 13556 13561 13666 13763 13879 13903 13975 14089 14090 14190 14210 14215 14273 14420 14449 14488 14491 14494 14495 14525 14750 14845 14960 15130 15299 15318 15343 15596 15662 15779 15864 15867 15903 16162 16165 16166 16183 16219 16228 16272 16332 16417 16467 16501 16533 16614 16621 16631 16642 16809 16812 16815
waste FR941206-1-00134 61 12174 12356 12463 12467 12636 12664 12816 12831 12857 12868 12997 13032 13042 13060 13245 13250 13272 13293 13326 13473 13533 13681 13770 13787 14157 14196 14222 14271 14401 14457 14514 14524 14767 15157 15234 15265 15406 15458 15505 15543 15666 15770 15984 16041 16111 16136 16171 16190 16237 16242 16251 16292 16305 16322 16335 16368 16447 16460 16481 16490 16878
at FR941206-1-00134 37 12175 12402 12435 12516 13010 13049 13342 13460 13482 13512 13519 13530 13662 13759 14041 14084 14352 14418 14445 14594 14714 14721 14835 14841 14892 14956 15158 15191 15218 15382 15408 15608 15658 15753 16281 16640 16805
cleanup FR941206-1-00134 13 12177 12190 12232 12347 12358 13500 14077 14684 14710 14851 15061 15146 16803
onsite FR941206-1-00134 6 12180 12343 12384 12416 13446 14116
. FR941206-1-00134 150 12183 12209 12260 12291 12327 12337 12357 12438 12477 12537 12586 12620 12654 12694 12728 12769 12781 12820 12875 12894 12917 12954 12988 13055 13092 13124 13165 13195 13224 13282 13305 13337 13369 13390 13433 13463 13536 13562 13585 13600 13624 13651 13653 13656 13722 13738 13748 13750 13753 13788 13815 13836 13864 13880 13924 13945 14019 14044 14094 14108 14129 14174 14274 14299 14318 14320 14326 14360 14391 14435 14504 14526 14592 14608 14645 14676 14690 14718 14737 14772 14806 14833 14857 14912 14944 14974 15011 15039 15072 15074 15078 15169 15237 15239 15243 15261 15396 15410 15439 15459 15485 15503 15544 15555 15602 15663 15706 15729 15775 15780 15809 15827 15868 15911 15951 15953 15956 15997 16044 16092 16129 16167 16198 16200 16203 16293 16323 16348 16388 16418 16439 16441 16444 16468 16534 16536 16541 16597 16650 16675 16736 16761 16771 16787 16816 16838 16862 16944 16979 17011
section FR941206-1-00134 4 12184 12328 15885 16918
761.61 FR941206-1-00134 17 12185 12329 12568 12582 12612 13483 13558 13663 13760 13876 13972 14086 14422 14517 14747 14957 16197
would FR941206-1-00134 48 12186 12212 12360 12377 13022 13061 13427 13474 13571 13820 13847 13867 13883 13904 13934 14023 14048 14092 14098 14112 14133 14185 14289 14301 14437 14506 14531 14693 14705 14810 14846 14863 14940 14948 14963 15174 15252 15830 16046 16191 16297 16422 16471 16514 16784 16869 16900 16919
apply FR941206-1-00134 5 12187 12215 13189 14438 16522
and FR941206-1-00134 106 12191 12231 12307 12424 12464 12528 12558 12645 12674 12682 12688 12757 12774 12839 12967 12977 13004 13145 13186 13206 13270 13313 13331 13351 13419 13447 13459 13557 13618 13631 13637 13684 13706 13712 13777 13808 13811 13833 13839 13886 13920 13930 13959 14037 14067 14212 14244 14270 14293 14355 14496 14566 14640 14704 14733 14762 14786 14823 14854 14871 14896 14904 14927 14991 14998 15062 15136 15148 15163 15185 15197 15216 15278 15330 15355 15358 15435 15492 15535 15581 15674 15786 15807 15856 15892 15904 15980 16003 16031 16034 16037 16088 16273 16307 16341 16407 16431 16510 16539 16547 16563 16643 16754 16778 16872 16940
all FR941206-1-00134 11 12194 12671 13066 14398 14987 15029 15087 15359 15563 15760 16772
regardless FR941206-1-00134 5 12198 14403 14552 15230 15376
when FR941206-1-00134 6 12200 12722 13240 13358 15232 15637
, FR941206-1-00134 236 12203 12205 12224 12252 12255 12293 12316 12373 12405 12474 12475 12488 12513 12521 12527 12543 12561 12566 12572 12576 12578 12637 12644 12677 12701 12747 12792 12800 12804 12824 12845 12860 12927 12937 12975 12976 12981 12984 12993 13015 13021 13034 13044 13073 13078 13080 13082 13084 13171 13252 13406 13504 13518 13568 13675 13679 13683 13703 13705 13711 13794 13796 13804 13807 13892 13915 13919 13927 13929 13998 14061 14063 14066 14074 14091 14159 14165 14199 14201 14203 14206 14208 14211 14227 14229 14231 14233 14242 14250 14253 14256 14260 14264 14285 14328 14336 14338 14342 14364 14376 14380 14393 14402 14406 14423 14468 14476 14528 14541 14545 14551 14575 14576 14584 14679 14688 14701 14744 14751 14761 14774 14778 14783 14791 14843 14881 14895 14914 14936 14946 14961 15027 15034 15041 15091 15094 15099 15133 15135 15151 15153 15183 15205 15223 15229 15293 15311 15328 15333 15340 15347 15349 15375 15418 15420 15422 15424 15426 15428 15430 15432 15434 15448 15488 15518 15524 15534 15558 15571 15575 15594 15597 15604 15624 15651 15670 15680 15691 15712 15816 15819 15872 15901 15917 15926 15932 15959 16026 16029 16033 16075 16082 16087 16109 16113 16133 16143 16179 16184 16220 16229 16269 16280 16330 16340 16354 16363 16377 16392 16396 16488 16509 16560 16566 16573 16580 16586 16590 16629 16664 16668 16681 16683 16685 16689 16691 16693 16718 16890 16931 16933 16972 16974 16988 16992 17002
spill FR941206-1-00134 7 12204 12230 14689 15118 15145 15314 16802
occurred FR941206-1-00134 2 12208 14500
subpart FR941206-1-00134 6 12210 12253 12277 12298 14702 16891
g FR941206-1-00134 7 12211 12254 12278 12299 14703 16613 16823
continue FR941206-1-00134 2 12213 13821
recent FR941206-1-00134 1 12217
spills FR941206-1-00134 3 12218 12326 12336
electrical FR941206-1-00134 3 12220 15316 15346
equipment FR941206-1-00134 3 12221 15317 15826
; FR941206-1-00134 10 12222 12423 12858 14580 14715 15131 15147 15319 15344 15357
however FR941206-1-00134 3 12223 14913 15603
party FR941206-1-00134 4 12226 12272 12284 14681
responsible FR941206-1-00134 1 12227
could FR941206-1-00134 13 12233 12244 13047 13542 13603 13645 13791 14754 14782 15874 16096 16448 16491
choose FR941206-1-00134 1 12234
follow FR941206-1-00134 1 12236
761.61. FR941206-1-00134 1 12237
there FR941206-1-00134 1 12238
are FR941206-1-00134 22 12239 12386 12433 12444 13134 13355 13362 13612 13689 13725 13742 14010 14348 14384 14560 14578 14597 15369 15598 15615 15631 15764
other FR941206-1-00134 24 12240 12574 12672 12696 13243 13339 13640 13809 14340 14655 14993 15137 15245 15279 15335 15351 15360 15437 15585 15833 16024 16401 16779 16929
conforming FR941206-1-00134 3 12241 12295 12314
changes FR941206-1-00134 6 12242 12262 12296 12315 13741 16546
which FR941206-1-00134 9 12243 12456 13259 13426 14577 14962 15366 16482 16663
be FR941206-1-00134 56 12245 12361 12378 12532 12750 12851 12863 13023 13048 13063 13210 13509 13543 13574 13823 13848 13868 13884 13935 14024 14049 14099 14113 14135 14303 14316 14532 14755 14812 14848 14864 14949 15020 15175 15253 15468 15483 15693 15790 15800 15941 16001 16048 16098 16192 16298 16380 16450 16472 16493 16655 16710 16854 16870 16901 16998
made FR941206-1-00134 2 12246 12266
40 FR941206-1-00134 4 12248 12794 12871 14697
cfr FR941206-1-00134 4 12249 12795 12872 14698
part FR941206-1-00134 6 12250 12796 14631 14699 15689 16888
761 FR941206-1-00134 4 12251 14700 15690 16889
resulting FR941206-1-00134 8 12256 13780 14764 15123 15627 15639 15935 16312
this FR941206-1-00134 22 12258 12289 12305 12779 13226 13391 13629 13956 14276 14609 14691 15170 15189 15777 15870 15884 16294 16342 16469 16745 16839 16917
proposal FR941206-1-00134 12 12259 12290 12306 12309 13227 13392 13630 14777 15871 16132 16325 16600
these FR941206-1-00134 14 12261 12375 12431 12439 12541 13723 13746 14286 15203 15476 15810 16419 16733 16777
have FR941206-1-00134 8 12263 12279 12300 12449 13310 13332 13572 14026
not FR941206-1-00134 39 12264 12280 12732 12833 12842 12848 13075 13188 13356 13378 13604 14134 14302 14385 14507 14586 14611 14641 14648 14664 14694 14917 15014 15122 15370 15481 15519 15715 15940 16047 16067 16138 16308 16344 16432 16492 16515 16920 16997
been FR941206-1-00134 8 12265 12281 12301 12450 13000 13311 13334 16843
because FR941206-1-00134 6 12267 12447 14620 14660 14937 16502
those FR941206-1-00134 5 12268 13607 15683 16910 16994
who FR941206-1-00134 1 12269
were FR941206-1-00134 3 12270 15287 15749
a FR941206-1-00134 84 12271 12282 12394 12418 12509 12584 12614 12734 12738 12755 12766 12818 12830 12855 12866 12879 12904 13029 13050 13178 13200 13234 13238 13247 13295 13365 13442 13485 13520 13552 13560 13586 13843 13859 13974 14005 14027 14088 14136 14162 14353 14481 14487 14588 14680 14683 14686 14758 14788 14803 14807 14842 14865 14972 14982 15005 15069 15117 15144 15313 15400 15730 15863 15878 15889 15952 15978 16007 16181 16209 16239 16365 16385 16454 16466 16524 16577 16581 16587 16592 16602 16633 16857 16876
negotiation FR941206-1-00134 1 12275
direct FR941206-1-00134 1 12283
development FR941206-1-00134 1 12287
nevertheless FR941206-1-00134 1 12292
accounted FR941206-1-00134 1 12302
in FR941206-1-00134 78 12304 12352 12380 12508 12562 12616 12659 12765 12817 12865 13028 13068 13161 13168 13221 13246 13267 13359 13441 13539 13549 13594 13647 13732 13784 13906 13964 13971 13989 14013 14079 14146 14161 14295 14361 14567 14614 14630 14728 14799 14910 14970 15067 15104 15164 15193 15224 15373 15456 15475 15486 15538 15684 15750 15776 15908 15912 15943 15957 15977 16005 16061 16071 16083 16089 16140 16180 16238 16249 16278 16364 16453 16576 16665 16744 16799 16879 16887
is FR941206-1-00134 48 12310 12400 12457 12493 12703 12725 12827 12840 12877 12896 12929 13228 13263 13412 13450 13597 13947 14367 14463 14610 14628 14647 14724 15049 15187 15207 15398 15506 15560 15606 15645 15667 15972 16137 16172 16222 16276 16343 16370 16543 16571 16720 16763 16796 16827 16947 17004 17015
consistent FR941206-1-00134 1 12311
with FR941206-1-00134 26 12312 12318 12459 12483 12545 12813 13242 13348 14194 14219 14282 14883 14897 15300 15307 15590 15914 15986 16188 16393 16551 16881 16916 16928 16952 17019
especially FR941206-1-00134 3 12317 12721 16993
respect FR941206-1-00134 3 12319 14884 14898
references FR941206-1-00134 1 12321
`` FR941206-1-00134 13 12323 12333 12397 12406 13320 14441 14867 15179 15257 15403 15509 16780 16894
old FR941206-1-00134 2 12324 12334
'' FR941206-1-00134 13 12325 12335 12399 12409 13327 14443 14874 15184 15262 15407 15514 16782 16896
specifically FR941206-1-00134 3 12330 12588 12771
applies FR941206-1-00134 1 12331
selfimplementing FR941206-1-00134 10 12339 12383 12605 13286 13465 13649 13968 14081 16295 16402
option FR941206-1-00134 16 12341 12753 12761 13287 13466 13650 13655 13660 13752 13757 13963 14082 14224 14955 16296 16470
proposes FR941206-1-00134 3 12342 12628 14395
specified FR941206-1-00134 3 12346 14759 15372
levels FR941206-1-00134 14 12348 12359 12392 12412 12415 12656 12669 12926 14078 14169 14711 14836 14929 16505
residual FR941206-1-00134 7 12350 12391 12655 13782 14906 14928 16864
pcbs FR941206-1-00134 50 12351 12631 12633 12640 12653 12953 12964 13009 13341 13354 13361 13528 13617 13783 14140 14173 14269 14347 14383 14583 14593 14713 14736 14832 14834 14909 15066 15120 15129 15162 15222 15298 15301 15308 15364 15395 15502 15568 15591 15620 15741 15763 15907 15993 16248 16508 16610 16703 16775 16868
more FR941206-1-00134 3 12362 13264 13457
stringent FR941206-1-00134 1 12363
high FR941206-1-00134 3 12365 13676 16504
exposure FR941206-1-00134 4 12366 12371 13615 14429
areas FR941206-1-00134 6 12367 12372 14069 15725 16064 16086
than FR941206-1-00134 10 12368 13012 13276 13340 13523 14070 15389 15647 15743 16262
low FR941206-1-00134 1 12370
as FR941206-1-00134 45 12374 12604 12699 12709 12854 12903 12947 13016 13166 13177 13409 13730 13852 13870 13981 14058 14076 14477 14798 14996 15113 15140 15178 15256 15302 15556 15576 15578 15682 15824 15877 15923 16009 16058 16204 16252 16316 16356 16623 16679 16714 16875 16903 16970 16980
terms FR941206-1-00134 2 12376 12432
defined FR941206-1-00134 1 12379
761.3. FR941206-1-00134 2 12381 15192
three FR941206-1-00134 3 12382 14942 16103
options FR941206-1-00134 9 12385 12607 14943 15064 15705 15835 16106 16403 16421
proposed FR941206-1-00134 36 12387 12401 12434 12446 12966 13087 13098 13285 13548 13599 13661 13744 13758 13875 13962 13970 13980 14085 14221 14257 14415 14516 14746 14861 15060 15685 15828 15860 15970 16215 16345 16463 16497 16529 16638 16789
: FR941206-1-00134 7 12388 13493 13909 14187 15267 16607 16820
capping FR941206-1-00134 1 12389
higher FR941206-1-00134 2 12390 12411
definition FR941206-1-00134 4 12395 15190 15401 16639
cap FR941206-1-00134 1 12398
761.3 FR941206-1-00134 4 12403 12436 15409 16641
treating FR941206-1-00134 2 12407 12630
down FR941206-1-00134 1 12408
lower FR941206-1-00134 2 12414 13461
using FR941206-1-00134 5 12417 12918 14115 15295 16657
nond FR941206-1-00134 4 12419 13495 15167 15268
solvent FR941206-1-00134 7 12420 12490 12624 12643 12648 12658 13579
washing FR941206-1-00134 3 12421 12491 12625
process FR941206-1-00134 12 12422 12492 12504 12626 12724 13501 13841 13855 13926 15046 16327 16852
microencapsulation FR941206-1-00134 5 12425 12909 13120 14130 16317
vitrification FR941206-1-00134 8 12427 12700 12748 12911 13122 14132 14801 16319
definitions FR941206-1-00134 1 12429
last FR941206-1-00134 1 12440
two FR941206-1-00134 4 12441 13131 16644 17006
immobilization FR941206-1-00134 1 12442
technologies FR941206-1-00134 8 12443 12487 12580 12603 13123 13642 13671 13724
being FR941206-1-00134 5 12445 13743 14152 15305 16486
they FR941206-1-00134 2 12448 14432
promulgated FR941206-1-00134 1 12451
under FR941206-1-00134 52 12452 12567 12670 12680 12760 12821 12892 12991 13274 13280 13317 13451 13874 13943 14358 14389 14421 14484 14515 14564 14601 14606 14626 14653 14674 14696 14745 14775 14852 14878 15009 15047 15707 15766 15859 15869 15883 15969 16101 16120 16130 16196 16214 16224 16413 16462 16496 16528 16558 16730 16906 16963
rcra FR941206-1-00134 13 12453 12461 12681 12782 12822 12883 12901 12920 13275 14607 14853 16578 16964
debris FR941206-1-00134 3 12455 15138 15272
contaminated FR941206-1-00134 7 12458 15088 15112 15306 16187 16705 17018
both FR941206-1-00134 3 12460 14882 15214
hazardous FR941206-1-00134 6 12462 12811 12843 12856 13271 16973
tsca FR941206-1-00134 21 12465 12893 12992 13051 13281 14359 14390 14565 14627 14675 15010 15017 15048 15709 15768 16121 16211 16455 16559 16582 16731
see FR941206-1-00134 4 12469 12971 14414 16637
57 FR941206-1-00134 3 12470 12972 12978
fr FR941206-1-00134 3 12471 12973 12979
37194 FR941206-1-00134 1 12472
37282 FR941206-1-00134 1 12473
based FR941206-1-00134 7 12478 13726 13872 14329 14424 14629 15840
on FR941206-1-00134 22 12479 12591 12778 13089 13230 13628 13634 13727 13771 14330 14368 14425 14533 14632 14643 14816 15841 16151 16174 16384 16397 16766
epa FR941206-1-00134 51 12480 12538 12587 12627 12702 12730 12770 12876 12895 12928 13100 13253 13318 13625 13697 13921 13938 13948 13999 14300 14343 14394 14436 14646 14815 14915 14947 14979 15012 15186 15206 15397 15545 15559 15605 15679 15713 15873 15960 16045 16221 16383 16389 16542 16674 16719 16737 16762 16817 16846 17003
's FR941206-1-00134 11 12481 13152 13284 13319 13922 13939 13949 14000 15059 15961 16599
experience FR941206-1-00134 1 12482
approving FR941206-1-00134 2 12484 13888
only FR941206-1-00134 5 12495 12758 13176 14290 16301
currently FR941206-1-00134 6 12496 13690 14327 16336 16371 16897
available FR941206-1-00134 2 12497 16299
physical FR941206-1-00134 3 12500 14204 14407
separation FR941206-1-00134 1 12501
considered FR941206-1-00134 5 12505 12759 13024 14317 16739
generally FR941206-1-00134 3 12506 14945 16428
effective FR941206-1-00134 1 12507
variety FR941206-1-00134 3 12510 13201 16859
situations FR941206-1-00134 2 12512 13223
commercially FR941206-1-00134 1 12514
feasible FR941206-1-00134 1 12515
ambient FR941206-1-00134 1 12517
temperatures FR941206-1-00134 1 12518
ie FR941206-1-00134 8 12520 12936 13517 13891 15339 15900 16268 16329
no FR941206-1-00134 6 12522 13578 13739 13826 15740 16484
external FR941206-1-00134 1 12523
heat FR941206-1-00134 1 12524
source FR941206-1-00134 2 12525 15890
safe FR941206-1-00134 1 12529
enough FR941206-1-00134 1 12530
conducted FR941206-1-00134 2 12533 12726
without FR941206-1-00134 1 12534
prior FR941206-1-00134 6 12535 12608 14501 16286 16671 16728
approval FR941206-1-00134 20 12536 12768 13840 13846 13863 13908 13914 13917 14008 14708 15008 15045 15882 16213 16339 16527 16585 16672 16729 16851
will FR941206-1-00134 4 12539 12749 14931 15714
consider FR941206-1-00134 1 12540
factors FR941206-1-00134 7 12542 14192 14217 14280 14288 14308 14994
along FR941206-1-00134 1 12544
general FR941206-1-00134 6 12547 13587 14001 15958 16552 16603
statutory FR941206-1-00134 1 12548
requirement FR941206-1-00134 5 12549 13588 14873 16725 16949
prevent FR941206-1-00134 1 12551
unreasonable FR941206-1-00134 3 12552 13827 14827
risk FR941206-1-00134 9 12553 13828 14191 14216 14427 14589 14644 14828 14984
injury FR941206-1-00134 5 12555 13830 14431 14591 14830
health FR941206-1-00134 5 12557 12689 13776 13832 14822
environment FR941206-1-00134 7 12560 13779 13835 14825 15996 16020 16760
considering FR941206-1-00134 1 12563
addition FR941206-1-00134 2 12565 15487
c FR941206-1-00134 11 12570 12763 13762 13878 14749 14959 16161 16218 16440 16532 16808
processes FR941206-1-00134 2 12575 15466
procedures FR941206-1-00134 6 12577 13133 13979 16540 16646 17008
requests FR941206-1-00134 4 12589 12772 13626 16390
comments FR941206-1-00134 3 12590 13627 15196
best FR941206-1-00134 1 12593
method FR941206-1-00134 4 12594 12801 15719 16153
expeditiously FR941206-1-00134 1 12596
include FR941206-1-00134 9 12597 13646 13792 14186 14992 15213 15813 16423 16742
new FR941206-1-00134 4 12598 13477 13865 14124
universally FR941206-1-00134 1 12599
acceptable FR941206-1-00134 3 12600 13438 15677
riskbased FR941206-1-00134 12 12601 12767 13751 13755 13817 13844 13995 14954 15847 15954 16210 16525
treatment FR941206-1-00134 5 12602 12606 13641 15001 15097
amendment FR941206-1-00134 1 12610
federal FR941206-1-00134 3 12618 12673 16930
register FR941206-1-00134 1 12619
kind FR941206-1-00134 1 12622
removes FR941206-1-00134 1 12632
separates FR941206-1-00134 1 12638
reuses FR941206-1-00134 1 12646
while FR941206-1-00134 3 12649 13448 14275
disposing FR941206-1-00134 1 12650
treated FR941206-1-00134 4 12661 12889 13057 14768
must FR941206-1-00134 2 12665 15939
correspond FR941206-1-00134 1 12666
allowable FR941206-1-00134 1 12668
local FR941206-1-00134 3 12675 16935 16968
regulations FR941206-1-00134 8 12676 12683 12823 13273 13737 14639 16376 16886
including FR941206-1-00134 5 12678 13072 15449 15572 16065
requirements FR941206-1-00134 7 12679 13766 13790 14510 15368 15852 16936
occupational FR941206-1-00134 1 12686
safety FR941206-1-00134 2 12687 14228
administration FR941206-1-00134 1 12690
osha FR941206-1-00134 1 12692
techniques FR941206-1-00134 3 12697 14990 16861
such FR941206-1-00134 14 12698 12708 13388 14057 14797 14995 15557 15681 15823 15922 16006 16315 16355 16678
concerned FR941206-1-00134 2 12704 16749
about FR941206-1-00134 2 12705 16750
additional FR941206-1-00134 3 12706 16420 16434
issues FR941206-1-00134 1 12707
release FR941206-1-00134 5 12711 13204 13217 13232 16013
volatile FR941206-1-00134 3 12713 12745 16753
products FR941206-1-00134 1 12714
incomplete FR941206-1-00134 1 12716
combustion FR941206-1-00134 1 12717
pics FR941206-1-00134 2 12719 12746
inu FR941206-1-00134 1 12727
if FR941206-1-00134 6 12729 12829 12989 14141 16134 16244
can FR941206-1-00134 5 12731 12862 13453 15798 16996
devise FR941206-1-00134 1 12733
procedure FR941206-1-00134 5 12735 12788 14796 16259 17014
prescribe FR941206-1-00134 1 12737
technology FR941206-1-00134 2 12739 14138
addressing FR941206-1-00134 1 12741
issue FR941206-1-00134 2 12743 12780
deleted FR941206-1-00134 1 12751
comment FR941206-1-00134 3 12773 16391 16765
supporting FR941206-1-00134 2 12775 16394
technical FR941206-1-00134 4 12776 13127 13632 14251
information FR941206-1-00134 2 12777 13633
uses FR941206-1-00134 2 12783 15938
toxicity FR941206-1-00134 5 12785 12836 12957 14207 16256
characteristic FR941206-1-00134 4 12786 12837 12958 16257
leaching FR941206-1-00134 6 12787 13132 13143 13159 14171 16258
tclp FR941206-1-00134 4 12790 12902 13020 13151
261 FR941206-1-00134 1 12797
appendix FR941206-1-00134 2 12798 15686
ii FR941206-1-00134 2 12799 13652
1311 FR941206-1-00134 1 12802
its FR941206-1-00134 3 12805 13169 14817
model FR941206-1-00134 2 12806 12921
col FR941206-1-00134 1 12808
potentially FR941206-1-00134 2 12810 14866
municipal FR941206-1-00134 9 12814 13030 13040 13248 15095 15854 15982 16240 16366
solid FR941206-1-00134 13 12815 12867 13031 13041 13244 13249 13269 13325 15983 16241 16367 16794 16971
landfill FR941206-1-00134 11 12819 12869 13033 13043 13251 15985 16112 16243 16275 16369 16461
assumption FR941206-1-00134 1 12826
that FR941206-1-00134 30 12828 12998 13099 13199 13255 13353 13688 14030 14312 14346 14362 14381 14546 14793 14919 14978 15016 15209 15469 15525 15562 15610 15629 15720 15739 15759 15797 16819 16914 16995
does FR941206-1-00134 5 12832 12847 13187 14916 15013
exhibit FR941206-1-00134 1 12834
otherwise FR941206-1-00134 5 12841 13333 15371 15520 16976
it FR941206-1-00134 6 12846 12861 13946 14142 14657 14661
need FR941206-1-00134 2 12849 15548
disposed FR941206-1-00134 10 12852 13510 14350 14387 14562 14572 16099 16451 16494 16873
thus FR941206-1-00134 1 12859
placed FR941206-1-00134 2 12864 15942
261.3 FR941206-1-00134 1 12873
drawing FR941206-1-00134 1 12878
parallel FR941206-1-00134 1 12880
rules FR941206-1-00134 4 12884 13071 13279 16954
certain FR941206-1-00134 1 12888
proposing FR941206-1-00134 10 12897 12930 15188 15208 15399 15607 16223 16544 16721 17005
use FR941206-1-00134 13 12899 13079 13101 13262 13316 13395 13564 13954 14039 14249 14667 16696 16939
measure FR941206-1-00134 1 12905
effectiveness FR941206-1-00134 5 12907 13118 13638 14232 15055
containing FR941206-1-00134 7 12914 15297 15501 15565 15762 16774 16867
establishing FR941206-1-00134 1 12923
toxic FR941206-1-00134 2 12924 13235
contaminant FR941206-1-00134 2 12925 13203
50 FR941206-1-00134 14 12931 12939 13013 14466 14581 14622 14716 14838 15393 15566 15648 15747 16263 16270
micrograms FR941206-1-00134 3 12932 16264 16609
per FR941206-1-00134 3 12933 12941 16265
liter FR941206-1-00134 2 12934 16266
approximately FR941206-1-00134 1 12938
parts FR941206-1-00134 1 12940
billion FR941206-1-00134 1 12942
[ FR941206-1-00134 1 12943
ppb FR941206-1-00134 3 12944 13014 16271
] FR941206-1-00134 1 12945
treatability FR941206-1-00134 1 12949
level FR941206-1-00134 7 12950 12962 14625 14760 14907 15898 16246
extractable FR941206-1-00134 1 12952
tc FR941206-1-00134 1 12960
was FR941206-1-00134 8 12965 14472 14802 15035 15235 15387 16260 16483
subsequently FR941206-1-00134 2 12968 13005
withdrawn FR941206-1-00134 1 12969
21520 FR941206-1-00134 1 12974
49280 FR941206-1-00134 1 12980
october FR941206-1-00134 1 12982
30 FR941206-1-00134 1 12983
1992 FR941206-1-00134 1 12985
adopted FR941206-1-00134 1 12990
any FR941206-1-00134 17 12994 13191 14595 14654 15107 15159 15219 15225 15444 15717 15881 16115 16185 16310 16324 16658 16724
has FR941206-1-00134 3 12999 14662 16841
microencapsulated FR941206-1-00134 1 13001
vitrified FR941206-1-00134 1 13003
shown FR941206-1-00134 1 13006
leach FR941206-1-00134 1 13008
less FR941206-1-00134 4 13011 13522 15646 16261
measured FR941206-1-00134 3 13017 16253 16624
by FR941206-1-00134 16 13018 13498 13692 13713 14769 14814 15294 15844 16021 16123 16254 16373 16382 16625 16673 16986
appropriate FR941206-1-00134 5 13025 14872 15987 16149 16474
after FR941206-1-00134 1 13035
written FR941206-1-00134 2 13036 13881
notice FR941206-1-00134 2 13037 14292
approved FR941206-1-00134 5 13052 13314 13691 16119 16456
facility FR941206-1-00134 2 13054 15733
still FR941206-1-00134 5 13062 13377 14847 16097 16449
subject FR941206-1-00134 3 13064 14598 14849
prohibitions FR941206-1-00134 2 13067 16436
but FR941206-1-00134 5 13074 15121 16066 16378 16747
limited FR941206-1-00134 2 13076 16068
reuse FR941206-1-00134 2 13081 16833
export FR941206-1-00134 1 13083
ban FR941206-1-00134 1 13088
open FR941206-1-00134 1 13090
burning FR941206-1-00134 1 13091
one FR941206-1-00134 7 13093 13476 13824 14975 15051 15079 16945
commenter FR941206-1-00134 3 13094 13197 14976
anprm FR941206-1-00134 1 13097
american FR941206-1-00134 1 13103
national FR941206-1-00134 1 13104
standards FR941206-1-00134 6 13105 13747 13931 14073 14184 16538
institute/american FR941206-1-00134 1 13106
nuclear FR941206-1-00134 1 13107
society FR941206-1-00134 1 13108
leachability FR941206-1-00134 1 13109
test FR941206-1-00134 4 13110 13207 13260 13321
ansi/ans FR941206-1-00134 3 13112 13163 13173
16.1 FR941206-1-00134 1 13113
determine FR941206-1-00134 2 13116 14792
major FR941206-1-00134 1 13126
differences FR941206-1-00134 1 13128
between FR941206-1-00134 2 13129 14730
amount FR941206-1-00134 1 13136
surface FR941206-1-00134 4 13138 14238 16635 16837
area FR941206-1-00134 1 13139
exposed FR941206-1-00134 1 13140
medium FR941206-1-00134 2 13144 13160
neutral FR941206-1-00134 1 13147
versus FR941206-1-00134 2 13149 14122
mildly FR941206-1-00134 1 13153
acidic FR941206-1-00134 1 13154
nature FR941206-1-00134 1 13156
standard FR941206-1-00134 11 13164 13174 13819 15071 16570 16605 16626 16653 16790 16798 16840
stated FR941206-1-00134 2 13167 14011
introduction FR941206-1-00134 1 13170
serves FR941206-1-00134 1 13175
basis FR941206-1-00134 2 13179 16387
indexing FR941206-1-00134 1 13181
releases FR941206-1-00134 4 13182 13580 15991 16751
encapsulant FR941206-1-00134 1 13185
specific FR941206-1-00134 4 13192 13219 13740 15070
environmental FR941206-1-00134 2 13193 15089
situation FR941206-1-00134 2 13194 16513
noted FR941206-1-00134 1 13198
tests FR941206-1-00134 6 13205 13309 13350 13375 13403 16628
conditions FR941206-1-00134 2 13208 13918
should FR941206-1-00134 5 13209 14980 15019 15789 15999
developed FR941206-1-00134 2 13211 13312
assess FR941206-1-00134 1 13213
potential FR941206-1-00134 4 13215 13773 14265 16077
contaminants FR941206-1-00134 1 13220
given FR941206-1-00134 1 13222
since FR941206-1-00134 1 13225
focused FR941206-1-00134 1 13229
constituent FR941206-1-00134 1 13236
matrix FR941206-1-00134 1 13239
cod FR941206-1-00134 1 13241
believes FR941206-1-00134 2 13254 16818
question FR941206-1-00134 1 13257
properly FR941206-1-00134 1 13265
addressed FR941206-1-00134 1 13266
today FR941206-1-00134 4 13283 14392 14862 16598
includes FR941206-1-00134 6 13294 13393 13667 15086 15266 16601
different FR941206-1-00134 1 13296
way FR941206-1-00134 3 13297 13452 15528
evaluate FR941206-1-00134 1 13299
concentrations FR941206-1-00134 1 13301
during FR941206-1-00134 3 13302 13404 13563
some FR941206-1-00134 5 13306 14279 15450 15489 16666
field FR941206-1-00134 2 13307 13401
screening FR941206-1-00134 2 13308 13402
methods FR941206-1-00134 3 13322 15676 16118
evaluating FR941206-1-00134 1 13324
sw846 FR941206-1-00134 1 13329
widely FR941206-1-00134 1 13335
used FR941206-1-00134 6 13336 13413 13538 13621 15021 15694
chemicals FR941206-1-00134 1 13338
may FR941206-1-00134 16 13346 13376 14344 15442 15467 15480 15495 15536 15692 15737 15812 16147 16379 16654 16669 16709
interfere FR941206-1-00134 1 13347
indicate FR941206-1-00134 1 13352
present FR941206-1-00134 2 13357 13363
fact FR941206-1-00134 1 13360
false FR941206-1-00134 2 13366 13417
negative FR941206-1-00134 1 13367
correct FR941206-1-00134 1 13371
application FR941206-1-00134 11 13372 13838 13857 13997 14009 14615 14739 14785 14809 15201 16128
inform FR941206-1-00134 1 13379
warn FR941206-1-00134 2 13381 16909
user FR941206-1-00134 1 13383
presence FR941206-1-00134 1 13386
interferences FR941206-1-00134 2 13389 13425
several FR941206-1-00134 2 13397 16545
kinds FR941206-1-00134 1 13398
so FR941206-1-00134 1 13407
long FR941206-1-00134 1 13408
confirmatory FR941206-1-00134 1 13410
sampling FR941206-1-00134 6 13411 14335 15673 15718 16987 17001
guard FR941206-1-00134 1 13415
against FR941206-1-00134 1 13416
negatives FR941206-1-00134 1 13418
demonstrate FR941206-1-00134 2 13421 15738
absence FR941206-1-00134 1 13423
render FR941206-1-00134 1 13428
analytical FR941206-1-00134 3 13430 13439 15675
results FR941206-1-00134 4 13431 13440 14332 15461
invalid FR941206-1-00134 1 13432
ability FR941206-1-00134 2 13435 14819
obtain FR941206-1-00134 2 13437 16727
very FR941206-1-00134 2 13443 14967
short FR941206-1-00134 1 13444
time FR941206-1-00134 4 13445 13957 15384 15755
complete FR941206-1-00134 1 13454
goals FR941206-1-00134 1 13456
quickly FR941206-1-00134 1 13458
costs FR941206-1-00134 1 13462
offer FR941206-1-00134 1 13475
consideration FR941206-1-00134 1 13478
4 FR941206-1-00134 2 13488 16164
v FR941206-1-00134 2 13491 14493
allowing FR941206-1-00134 1 13494
generated FR941206-1-00134 4 13497 15139 15236 16487
eg FR941206-1-00134 8 13503 14198 14226 14475 15292 15310 15593 16178
spent FR941206-1-00134 1 13505
abrasives FR941206-1-00134 2 13506 16698
their FR941206-1-00134 6 13513 13728 15527 15975 16288 16924
existing FR941206-1-00134 3 13514 13734 14118
concentration FR941206-1-00134 16 13515 13521 13526 14202 14267 14405 14462 14555 14596 14729 15160 15220 15378 15381 15640 15902
maximum FR941206-1-00134 1 13525
found FR941206-1-00134 3 13529 14725 15455
solvents FR941206-1-00134 3 13537 13567 16943
activities FR941206-1-00134 7 13541 13596 13602 15785 16677 16735 16783
reused FR941206-1-00134 1 13544
according FR941206-1-00134 1 13545
provisions FR941206-1-00134 4 13547 13969 14921 16424
761.79 FR941206-1-00134 4 13550 16550 16899 16907
1 FR941206-1-00134 2 13555 14189
secondary FR941206-1-00134 1 13569
provided FR941206-1-00134 1 13575
ensure FR941206-1-00134 1 13577
soil FR941206-1-00134 5 13582 14720 14911 15132 16186
water FR941206-1-00134 4 13584 14059 14241 16081
protection FR941206-1-00134 3 13590 14053 16085
workers FR941206-1-00134 2 13592 13608
engaged FR941206-1-00134 1 13593
decontamination FR941206-1-00134 12 13595 13601 13611 13978 16537 16604 16645 16652 16792 16912 16984 17010
also FR941206-1-00134 7 13598 15507 15632 15875 16000 16738 16842
proceed FR941206-1-00134 1 13605
until FR941206-1-00134 1 13606
conducting FR941206-1-00134 2 13609 16911
protected FR941206-1-00134 1 13613
materials FR941206-1-00134 8 13620 15093 15286 15438 15447 15454 15858 16866
decontaminate FR941206-1-00134 1 13623
performance FR941206-1-00134 3 13636 13729 13789
agency FR941206-1-00134 2 13644 14966
performancebased FR941206-1-00134 4 13654 13658 13860 16442
b FR941206-1-00134 7 13665 14448 15661 16199 16227 16416 16500
traditional FR941206-1-00134 1 13669
hightemperature FR941206-1-00134 1 13673
incineration FR941206-1-00134 2 13674 16108
efficiency FR941206-1-00134 1 13677
boilers FR941206-1-00134 1 13678
chemical FR941206-1-00134 6 13680 13698 14156 14770 16110 16459
landfills FR941206-1-00134 2 13682 14158
alternate FR941206-1-00134 1 13685
methodologies FR941206-1-00134 1 13687
director FR941206-1-00134 1 13694
management FR941206-1-00134 4 13699 13813 14223 16038
division FR941206-1-00134 1 13700
mobile FR941206-1-00134 1 13702
transportable FR941206-1-00134 1 13704
none FR941206-1-00134 2 13707 17007
fixedsite FR941206-1-00134 2 13708 13719
units FR941206-1-00134 3 13710 13721 16043
regional FR941206-1-00134 7 13715 13894 14707 14742 14780 16125 16145
administrator FR941206-1-00134 6 13716 13895 14743 14781 16126 16146
unique FR941206-1-00134 1 13718
required FR941206-1-00134 2 13731 13885
iii FR941206-1-00134 2 13749 15687
bases FR941206-1-00134 1 13764
risks FR941206-1-00134 1 13774
pcbremediation FR941206-1-00134 1 13786
restriction FR941206-1-00134 1 13797
access FR941206-1-00134 2 13799 14036
deed FR941206-1-00134 1 13805
restrictions FR941206-1-00134 3 13806 14040 15916
short- FR941206-1-00134 1 13810
longterm FR941206-1-00134 1 13812
controls FR941206-1-00134 2 13814 14259
essentially FR941206-1-00134 1 13849
same FR941206-1-00134 2 13851 15453
current FR941206-1-00134 6 13854 14243 14440 14554 15915 16104
approvals FR941206-1-00134 2 13866 13873
classified FR941206-1-00134 1 13869
performancerisk FR941206-1-00134 1 13871
applications FR941206-1-00134 1 13882
official FR941206-1-00134 1 13889
having FR941206-1-00134 1 13896
jurisdiction FR941206-1-00134 1 13897
over FR941206-1-00134 2 13898 14454
document FR941206-1-00134 2 13905 16596
reasons FR941206-1-00134 1 13911
findings FR941206-1-00134 1 13923
criteria FR941206-1-00134 3 13928 14177 15843
decisionmaking FR941206-1-00134 1 13933
similar FR941206-1-00134 1 13936
program FR941206-1-00134 4 13942 15711 15894 16557
cercla FR941206-1-00134 7 13944 14602 14855 14880 14893 14934 15026
desire FR941206-1-00134 1 13950
limit FR941206-1-00134 1 13952
consuming FR941206-1-00134 1 13958
resource FR941206-1-00134 2 13960 14254
intensive FR941206-1-00134 1 13961
favor FR941206-1-00134 1 13965
additions FR941206-1-00134 2 13982 16548
761.79. FR941206-1-00134 1 13984
assist FR941206-1-00134 1 13986
applicant FR941206-1-00134 2 13988 15058
developing FR941206-1-00134 2 13990 14123
an FR941206-1-00134 8 13991 14612 14794 15028 15057 16205 16338 16981
approach FR941206-1-00134 3 13992 14902 14926
principles FR941206-1-00134 1 14002
reviewing FR941206-1-00134 1 14004
here FR941206-1-00134 1 14012
form FR941206-1-00134 2 14015 15168
four FR941206-1-00134 1 14017
preferences FR941206-1-00134 1 14018
first FR941206-1-00134 2 14021 17013
preference FR941206-1-00134 5 14022 14047 14097 14111 15962
permanent FR941206-1-00134 1 14028
remedy FR941206-1-00134 3 14029 14263 14973
allows FR941206-1-00134 1 14031
least FR941206-1-00134 2 14034 16282
restrictive FR941206-1-00134 1 14035
land FR941206-1-00134 3 14038 14106 14126
each FR941206-1-00134 3 14042 14283 14313
second FR941206-1-00134 1 14046
impose FR941206-1-00134 1 14051
greater FR941206-1-00134 4 14052 15388 15570 15742
sensitive FR941206-1-00134 2 14055 16063
ecosystems FR941206-1-00134 1 14056
resources FR941206-1-00134 2 14060 16520
croplands FR941206-1-00134 1 14062
grazing FR941206-1-00134 1 14064
lands FR941206-1-00134 1 14065
residential FR941206-1-00134 2 14068 16090
target FR941206-1-00134 2 14072 14183
expressed FR941206-1-00134 1 14075
provide FR941206-1-00134 3 14093 14291 14941
third FR941206-1-00134 1 14096
extraction FR941206-1-00134 1 14103
instead FR941206-1-00134 1 14104
fourth FR941206-1-00134 1 14110
facilities FR941206-1-00134 6 14121 14128 15554 15788 15950 15998
preferred FR941206-1-00134 1 14137
caused FR941206-1-00134 1 14143
unacceptable FR941206-1-00134 2 14144 14168
increases FR941206-1-00134 1 14145
overall FR941206-1-00134 2 14148 14818
volume FR941206-1-00134 6 14149 14200 15083 15228 15249 15478
sent FR941206-1-00134 1 14153
resulted FR941206-1-00134 1 14160
liquid FR941206-1-00134 2 14163 15165
phase FR941206-1-00134 1 14164
allowed FR941206-1-00134 2 14167 16381
evaluation FR941206-1-00134 2 14176 14790
sitespecific FR941206-1-00134 4 14179 14789 15842 16435
variances FR941206-1-00134 1 14180
associated FR941206-1-00134 3 14193 14218 14281
state FR941206-1-00134 4 14205 14408 16932 16966
mobility FR941206-1-00134 1 14209
2 FR941206-1-00134 5 14214 14490 16620 16811 16826
reliability FR941206-1-00134 1 14230
possibility FR941206-1-00134 1 14234
discharge FR941206-1-00134 1 14236
ground FR941206-1-00134 2 14240 16176
reasonably FR941206-1-00134 1 14245
expected FR941206-1-00134 1 14246
future FR941206-1-00134 1 14247
feasibility FR941206-1-00134 1 14252
value FR941206-1-00134 1 14255
institutional FR941206-1-00134 1 14258
permanence FR941206-1-00134 1 14261
minimization FR941206-1-00134 1 14272
paragraph FR941206-1-00134 1 14277
reflects FR941206-1-00134 1 14278
criterion FR941206-1-00134 2 14284 14298
unranked FR941206-1-00134 1 14287
assistance FR941206-1-00134 1 14294
defining FR941206-1-00134 1 14296
limiting FR941206-1-00134 1 14304
itself FR941206-1-00134 2 14305 16306
listed FR941206-1-00134 4 14309 14315 16734 16962
require FR941206-1-00134 6 14311 14356 14706 15876 16433 16670
factor FR941206-1-00134 1 14314
e FR941206-1-00134 1 14319
implementation FR941206-1-00134 2 14321 15887
programs FR941206-1-00134 1 14325
historical FR941206-1-00134 1 14337
data FR941206-1-00134 2 14341 16395
presume FR941206-1-00134 1 14345
illegally FR941206-1-00134 2 14349 14386
case FR941206-1-00134 2 14363 14569
burden FR941206-1-00134 2 14366 14530
owner FR941206-1-00134 3 14371 14536 15734
operator FR941206-1-00134 3 14373 14538 15736
establish FR941206-1-00134 2 14375 14540
through FR941206-1-00134 6 14377 14542 15312 15652 16847 16856
persuasive FR941206-1-00134 2 14378 14543
evidence FR941206-1-00134 2 14379 14544
address FR941206-1-00134 1 14397
date FR941206-1-00134 2 14410 14557
introductory FR941206-1-00134 2 14416 16904
text FR941206-1-00134 2 14417 16905
761.60 FR941206-1-00134 3 14419 15374 15861
now FR941206-1-00134 3 14433 14464 14579
pose FR941206-1-00134 2 14434 14587
antin FR941206-1-00134 3 14442 14505 15656
provision FR941206-1-00134 2 14444 15657
761.1 FR941206-1-00134 2 14446 15659
retain FR941206-1-00134 1 14451
regulatory FR941206-1-00134 1 14452
authority FR941206-1-00134 2 14453 15018
even FR941206-1-00134 2 14458 15636
where FR941206-1-00134 9 14459 15283 15379 15611 15664 16168 16475 16511 16568
below FR941206-1-00134 1 14465
ppm FR941206-1-00134 11 14467 14582 14623 14717 14732 14735 14839 15394 15567 15649 15748
unless FR941206-1-00134 1 14469
dilution FR941206-1-00134 2 14471 14499
authorized FR941206-1-00134 2 14473 14498
result FR941206-1-00134 5 14479 15115 15142 15537 15617
transformer FR941206-1-00134 2 14482 15924
reclassification FR941206-1-00134 1 14483
761.30 FR941206-1-00134 1 14485
mandate FR941206-1-00134 1 14508
761.62 FR941206-1-00134 11 14520 15609 15829 15971 16159 16216 16225 16414 16464 16498 16530
nonn FR941206-1-00134 21 14523 15241 15259 15264 15405 15587 15613 15838 15967 16016 16056 16094 16170 16189 16236 16304 16334 16352 16411 16446 16480
again FR941206-1-00134 1 14527
legally FR941206-1-00134 1 14561
before FR941206-1-00134 3 14574 15003 15805
do FR941206-1-00134 2 14585 15038
corrective FR941206-1-00134 2 14604 15155
action FR941206-1-00134 5 14605 14652 14673 15156 15653
inconsistency FR941206-1-00134 1 14613
various FR941206-1-00134 3 14618 15436 15703
statutes FR941206-1-00134 1 14619
economic FR941206-1-00134 1 14634
impacts FR941206-1-00134 1 14635
solely FR941206-1-00134 1 14642
precluded FR941206-1-00134 1 14649
taking FR941206-1-00134 1 14651
statute FR941206-1-00134 2 14656 15033
administers FR941206-1-00134 1 14658
simply FR941206-1-00134 2 14659 15050
chosen FR941206-1-00134 1 14663
regulate FR941206-1-00134 1 14666
take FR941206-1-00134 1 14671
remedial FR941206-1-00134 2 14672 14925
example FR941206-1-00134 3 14678 16575 16946
begins FR941206-1-00134 1 14682
historic FR941206-1-00134 1 14687
fall FR941206-1-00134 1 14695
vary FR941206-1-00134 1 14727
10 FR941206-1-00134 3 14731 16608 16821
100 FR941206-1-00134 1 14734
upon FR941206-1-00134 4 14738 14784 14787 16127
cleaned FR941206-1-00134 1 14756
dechlorination FR941206-1-00134 1 14771
immobilizing FR941206-1-00134 1 14795
situ FR941206-1-00134 1 14800
viable FR941206-1-00134 1 14804
alternative FR941206-1-00134 4 14805 16116 16206 16982
then FR941206-1-00134 1 14811
judged FR941206-1-00134 1 14813
protect FR941206-1-00134 1 14821
< FR941206-1-00134 1 14837
authorities FR941206-1-00134 2 14856 16122
rule FR941206-1-00134 2 14860 14939
applicable FR941206-1-00134 3 14868 16429 16883
relevant FR941206-1-00134 1 14870
cleanups FR941206-1-00134 2 14877 14935
sites FR941206-1-00134 2 14894 16070
utilized FR941206-1-00134 1 14903
anticipate FR941206-1-00134 1 14918
relating FR941206-1-00134 1 14922
permitted FR941206-1-00134 1 14930
significantly FR941206-1-00134 1 14932
affect FR941206-1-00134 1 14933
likely FR941206-1-00134 1 14950
select FR941206-1-00134 1 14952
give FR941206-1-00134 1 14964
broad FR941206-1-00134 1 14968
discretion FR941206-1-00134 1 14969
selecting FR941206-1-00134 1 14971
suggested FR941206-1-00134 1 14977
conduct FR941206-1-00134 1 14981
comparative FR941206-1-00134 1 14983
analysis FR941206-1-00134 1 14985
possible FR941206-1-00134 1 14988
transportation FR941206-1-00134 1 14997
residues FR941206-1-00134 2 15002 16773
issuing FR941206-1-00134 1 15004
believe FR941206-1-00134 1 15015
accomplish FR941206-1-00134 1 15023
exactly FR941206-1-00134 1 15024
what FR941206-1-00134 1 15025
encompassing FR941206-1-00134 1 15030
proactive FR941206-1-00134 1 15031
designed FR941206-1-00134 2 15036 16002
rather FR941206-1-00134 1 15040
determining FR941206-1-00134 1 15053
achieving FR941206-1-00134 1 15068
5 FR941206-1-00134 2 15073 15866
category FR941206-1-00134 3 15080 15171 15246
large FR941206-1-00134 5 15082 15248 15477 15497 15582
media FR941206-1-00134 1 15090
dredged FR941206-1-00134 2 15092 15857
sewage FR941206-1-00134 1 15096
sludges FR941206-1-00134 3 15098 15103 15855
commercial FR941206-1-00134 1 15100
industrial FR941206-1-00134 2 15102 15331
pollution FR941206-1-00134 1 15108
control FR941206-1-00134 3 15109 15896 16011
device FR941206-1-00134 1 15110
incidental FR941206-1-00134 1 15126
manufacture FR941206-1-00134 1 15127
rags FR941206-1-00134 1 15134
removal FR941206-1-00134 2 15150 15893
referred FR941206-1-00134 2 15176 15254
response FR941206-1-00134 1 15194
simplify FR941206-1-00134 1 15199
amendments FR941206-1-00134 1 15204
liquids FR941206-1-00134 3 15215 16562 16708
nons FR941206-1-00134 5 15217 16564 16634 16648 16990
quantity FR941206-1-00134 1 15226
6 FR941206-1-00134 1 15238
bulk FR941206-1-00134 1 15269
demolition FR941206-1-00134 6 15275 15440 15465 15493 15579 15784
buildings FR941206-1-00134 1 15277
human FR941206-1-00134 1 15280
created FR941206-1-00134 1 15281
structures FR941206-1-00134 1 15282
construction FR941206-1-00134 1 15285
manufactured FR941206-1-00134 1 15288
coated FR941206-1-00134 1 15290
paint FR941206-1-00134 1 15296
opposed FR941206-1-00134 2 15303 16715
chopping FR941206-1-00134 2 15323 16690
shredding FR941206-1-00134 4 15325 15463 15787 15949
automobiles FR941206-1-00134 1 15327
household FR941206-1-00134 2 15329 15769
appliances FR941206-1-00134 1 15332
white FR941206-1-00134 1 15336
goods FR941206-1-00134 1 15337
shredder FR941206-1-00134 6 15341 15411 15457 15504 15542 15573
fluff FR941206-1-00134 1 15342
pcbimpregnated FR941206-1-00134 1 15345
sounddeadening FR941206-1-00134 1 15348
types FR941206-1-00134 1 15352
insulation FR941206-1-00134 5 15354 15427 15500 15595 16688
gaskets FR941206-1-00134 1 15356
items FR941206-1-00134 3 15362 15517 15918
equal FR941206-1-00134 2 15391 15745
comprise FR941206-1-00134 1 15413
small FR941206-1-00134 3 15414 15814 15930
pieces FR941206-1-00134 1 15415
metal FR941206-1-00134 4 15417 15532 15552 15945
rubber FR941206-1-00134 1 15419
plastic FR941206-1-00134 1 15421
fabric FR941206-1-00134 1 15423
foam FR941206-1-00134 1 15425
wire FR941206-1-00134 1 15429
cardboard FR941206-1-00134 1 15431
dirt FR941206-1-00134 1 15433
contain FR941206-1-00134 1 15443
number FR941206-1-00134 1 15445
sources FR941206-1-00134 4 15471 15794 15811 16078
easily FR941206-1-00134 1 15482
identified FR941206-1-00134 2 15484 16960
decommissioning FR941206-1-00134 1 15490
projects FR941206-1-00134 2 15491 15494
produce FR941206-1-00134 1 15496
quantities FR941206-1-00134 1 15498
end FR941206-1-00134 1 15510
line FR941206-1-00134 1 15513
many FR941206-1-00134 1 15516
regulated FR941206-1-00134 8 15521 15599 15621 15633 15919 16193 16786 16977
find FR941206-1-00134 1 15526
into FR941206-1-00134 1 15529
scrap FR941206-1-00134 1 15531
stream FR941206-1-00134 2 15533 15946
subsequent FR941206-1-00134 2 15539 16832
acknowledges FR941206-1-00134 1 15546
responsibly FR941206-1-00134 1 15550
operated FR941206-1-00134 3 15551 15981 16004
recycling FR941206-1-00134 1 15553
reiterating FR941206-1-00134 1 15561
well FR941206-1-00134 1 15577
volumes FR941206-1-00134 1 15583
impregnated FR941206-1-00134 1 15589
processing FR941206-1-00134 5 15619 15630 15643 15806 16711
already FR941206-1-00134 1 15668
shredded FR941206-1-00134 1 15669
statistically FR941206-1-00134 1 15671
valid FR941206-1-00134 1 15672
characterize FR941206-1-00134 1 15696
support FR941206-1-00134 1 15700
proposals FR941206-1-00134 1 15701
accept FR941206-1-00134 1 15716
mathematically FR941206-1-00134 1 15721
masks FR941206-1-00134 1 15722
dilutes FR941206-1-00134 1 15724
generator FR941206-1-00134 1 15731
wastestream FR941206-1-00134 3 15752 15804 15910
generation FR941206-1-00134 2 15757 16036
exempt FR941206-1-00134 1 15765
exemption FR941206-1-00134 2 15771 16746
unit FR941206-1-00134 1 15773
iid1 FR941206-1-00134 1 15774
preamble FR941206-1-00134 1 15778
conscientious FR941206-1-00134 1 15781
operators FR941206-1-00134 1 15782
aware FR941206-1-00134 1 15791
known FR941206-1-00134 1 15793
readily FR941206-1-00134 1 15799
removed FR941206-1-00134 1 15801
capacitors FR941206-1-00134 2 15815 15931
light FR941206-1-00134 1 15817
ballasts FR941206-1-00134 1 15818
pcbcontaminated FR941206-1-00134 1 15821
articles FR941206-1-00134 1 15822
hydraulic FR941206-1-00134 1 15825
allow FR941206-1-00134 2 15831 16231
extending FR941206-1-00134 1 15845
philosophy FR941206-1-00134 1 15848
condition FR941206-1-00134 1 15879
identification FR941206-1-00134 1 15891
variability FR941206-1-00134 1 15905
compliance FR941206-1-00134 2 15913 16915
carcasses FR941206-1-00134 1 15925
nonintact FR941206-1-00134 1 15927
leaking FR941206-1-00134 1 15929
unauthorized FR941206-1-00134 1 15937
destined FR941206-1-00134 1 15947
approve FR941206-1-00134 2 15974 16051
wellengineered FR941206-1-00134 1 15979
monitoring FR941206-1-00134 1 15988
detect FR941206-1-00134 1 15990
manner FR941206-1-00134 1 16008
controlling FR941206-1-00134 1 16022
among FR941206-1-00134 1 16023
things FR941206-1-00134 1 16025
areal FR941206-1-00134 1 16027
dispersion FR941206-1-00134 1 16028
runon FR941206-1-00134 1 16030
runoff FR941206-1-00134 1 16032
leachate FR941206-1-00134 1 16035
inclined FR941206-1-00134 1 16049
fill FR941206-1-00134 1 16059
material FR941206-1-00134 2 16060 16311
environmentally FR941206-1-00134 1 16062
100year FR941206-1-00134 1 16072
flood FR941206-1-00134 1 16073
plains FR941206-1-00134 1 16074
near FR941206-1-00134 1 16076
drinking FR941206-1-00134 1 16080
wellhead FR941206-1-00134 1 16084
settings FR941206-1-00134 1 16091
uniform FR941206-1-00134 1 16139
specify FR941206-1-00134 1 16148
limitations FR941206-1-00134 2 16150 16438
stored FR941206-1-00134 1 16173
pile FR941206-1-00134 1 16182
leachabilitybased FR941206-1-00134 1 16201
obtaining FR941206-1-00134 1 16208
notified FR941206-1-00134 1 16277
writing FR941206-1-00134 1 16279
15 FR941206-1-00134 1 16283
working FR941206-1-00134 1 16284
days FR941206-1-00134 1 16285
receipt FR941206-1-00134 1 16289
pret FR941206-1-00134 1 16314
pretreat FR941206-1-00134 1 16331
requires FR941206-1-00134 1 16337
change FR941206-1-00134 1 16347
automobile FR941206-1-00134 1 16359
appliance FR941206-1-00134 1 16361
shredders FR941206-1-00134 1 16362
prohibited FR941206-1-00134 1 16372
casebycase FR941206-1-00134 1 16386
inclusion FR941206-1-00134 2 16399 16768
storage FR941206-1-00134 1 16406
make FR941206-1-00134 1 16426
them FR941206-1-00134 2 16427 16922
nationwide FR941206-1-00134 1 16430
incinerator FR941206-1-00134 1 16457
most FR941206-1-00134 1 16473
longer FR941206-1-00134 1 16485
leachable FR941206-1-00134 1 16507
warrant FR941206-1-00134 1 16516
expenditure FR941206-1-00134 1 16518
7 FR941206-1-00134 1 16535
applicability FR941206-1-00134 1 16553
throughout FR941206-1-00134 1 16554
surfaces FR941206-1-00134 6 16565 16649 16706 16795 16991 17017
except FR941206-1-00134 1 16567
established FR941206-1-00134 1 16572
permit FR941206-1-00134 1 16579
superfund FR941206-1-00134 2 16588 16593
rod FR941206-1-00134 1 16589
enforcement FR941206-1-00134 1 16594
decision FR941206-1-00134 1 16595
m FR941206-1-00134 2 16612 16822
/100 FR941206-1-00134 1 16615
square FR941206-1-00134 1 16616
centimeters FR941206-1-00134 1 16617
cm FR941206-1-00134 2 16619 16825
wipe FR941206-1-00134 1 16627
761.123 FR941206-1-00134 1 16630
achieved FR941206-1-00134 1 16656
cleaning FR941206-1-00134 2 16661 16865
technique FR941206-1-00134 1 16662
instances FR941206-1-00134 1 16667
although FR941206-1-00134 1 16676
filtering FR941206-1-00134 1 16680
soaking FR941206-1-00134 1 16682
wiping FR941206-1-00134 1 16684
stripping FR941206-1-00134 1 16686
scraping FR941206-1-00134 1 16692
remove FR941206-1-00134 1 16700
separate FR941206-1-00134 1 16702
waive FR941206-1-00134 1 16723
whether FR941206-1-00134 1 16740
distillation FR941206-1-00134 2 16743 16770
remains FR941206-1-00134 1 16748
semie FR941206-1-00134 1 16755
organic FR941206-1-00134 1 16756
compounds FR941206-1-00134 1 16757
seeking FR941206-1-00134 1 16764
remain FR941206-1-00134 1 16785
policy FR941206-1-00134 1 16804
761.125 FR941206-1-00134 1 16806
i FR941206-1-00134 1 16814
pcb/100 FR941206-1-00134 1 16824
protective FR941206-1-00134 1 16828
decontaminated FR941206-1-00134 1 16836
demonstrated FR941206-1-00134 1 16844
achievable FR941206-1-00134 1 16855
wide FR941206-1-00134 1 16858
managed FR941206-1-00134 1 16871
accordance FR941206-1-00134 1 16880
d. FR941206-1-00134 1 16892
note FR941206-1-00134 1 16895
following FR941206-1-00134 1 16898
inserted FR941206-1-00134 1 16902
operations FR941206-1-00134 1 16913
relieve FR941206-1-00134 1 16921
duty FR941206-1-00134 1 16925
comply FR941206-1-00134 2 16927 16951
laws FR941206-1-00134 1 16969
followed FR941206-1-00134 1 16985
accessed FR941206-1-00134 1 16999
mineral FR941206-1-00134 1 17020
oil FR941206-1-00134 1 17021
