but FR940104-0-00033 9 8143 8814 8913 9702 11388 11566 11862 12181 13444
for FR940104-0-00033 119 8144 8163 8175 8293 8295 8318 8322 8324 8373 8376 8408 8421 8429 8471 8606 8619 8634 8691 8722 8778 8825 8850 8959 9137 9160 9192 9217 9233 9304 9326 9361 9370 9427 9448 9452 9515 9528 9555 9558 9577 9672 9733 9742 9785 9825 9868 9872 9885 9946 10013 10127 10299 10310 10324 10378 10388 10404 10454 10469 10475 10554 10558 10581 10601 10627 10650 10686 10695 10718 10929 10975 10997 11055 11176 11193 11232 11277 11331 11414 11491 11583 11821 11849 11967 12079 12171 12226 12370 12666 12681 12836 12838 12852 13069 13248 13290 13379 13501 13544 13630 13690 13730 13752 13765 13846 13886 13956 14011 14126 14177 14202 14321 14341 14511 14692 14811 14985 15129 15133
which FR940104-0-00033 16 8145 8215 8296 8325 8537 9408 11584 12976 13061 13204 13691 14057 14383 14516 14963 15166
rdi FR940104-0-00033 20 8146 8159 8186 8304 8327 8342 8415 8428 9132 9277 9388 9621 10009 10045 10467 10906 11094 11418 11461 15184
's FR940104-0-00033 26 8147 8150 8160 8187 8217 8305 8308 8343 8346 8416 8419 8774 8777 8852 8902 9043 9133 9278 10729 10967 11157 11656 11897 12900 13552 15155
or FR940104-0-00033 76 8148 8235 8328 8344 8395 8417 8550 8601 8670 8706 8775 8810 8818 8975 9009 9065 9067 9120 9616 10010 10041 10046 10132 10158 10321 10323 10474 10949 11146 11165 11348 11419 11450 11462 11728 11785 11793 11923 11939 11951 12091 12101 12108 12125 12149 12289 12331 12337 12357 12404 12473 12530 12588 12644 12702 12708 12755 12824 12909 13172 13187 13585 13619 13626 13637 13718 13735 14101 14147 14386 14420 14498 14674 14689 14901 14969
drv FR940104-0-00033 9 8149 8307 8329 8345 8418 10012 10048 11420 11463
have FR940104-0-00033 17 8151 8309 8414 8762 8781 9134 10370 10745 10899 11010 11671 12544 13242 13359 14318 14358 14972
not FR940104-0-00033 68 8152 8286 8413 8763 8905 8945 8996 9099 9489 9506 9550 9809 9849 10111 10141 10395 10420 10715 10893 11335 11670 11683 11791 11856 11963 11992 12087 12096 12123 12141 12219 12287 12334 12344 12390 12438 12506 12568 12639 12709 12797 12816 12950 13367 13389 13448 13464 13517 13646 13661 13713 13831 13942 13989 14071 14105 14165 14316 14359 14371 14402 14418 14477 14660 14809 14848 14925 15122
been FR940104-0-00033 7 8153 8310 8764 8782 9135 13662 14360
established FR940104-0-00033 9 8154 8162 8195 8311 8699 8783 9136 9212 15212
by FR940104-0-00033 17 8155 8196 8545 8551 8784 9401 9900 10165 10536 11396 11437 11965 12028 12818 13322 13671 14362
fda FR940104-0-00033 48 8156 8178 8201 8255 8280 8943 9042 9289 9924 10050 10100 10197 10261 10348 10441 10501 10514 10728 10817 10859 11112 11129 11156 11601 11655 11870 11896 12341 12515 12647 12814 12968 13047 13121 13146 13462 13515 13984 14260 14363 14424 14505 14707 15008 15040 15089 15154 15219
. FR940104-0-00033 209 8157 8177 8198 8220 8240 8254 8267 8312 8349 8388 8420 8461 8474 8516 8562 8613 8625 8648 8679 8712 8726 8730 8771 8786 8830 8833 8872 8875 8895 8942 8989 9017 9046 9092 9123 9159 9202 9206 9256 9300 9321 9341 9373 9414 9462 9497 9534 9603 9638 9679 9717 9751 9765 9788 9840 9878 9897 9962 10016 10049 10098 10162 10174 10196 10208 10230 10247 10255 10260 10302 10330 10345 10387 10407 10438 10498 10513 10531 10549 10585 10605 10617 10653 10698 10721 10766 10808 10832 10858 10881 10907 10957 11005 11029 11109 11126 11155 11188 11199 11202 11225 11269 11304 11322 11356 11404 11500 11519 11546 11598 11641 11677 11695 11723 11795 11841 11866 11891 11928 11983 12023 12058 12110 12151 12168 12221 12235 12261 12294 12340 12352 12369 12426 12447 12514 12548 12571 12600 12646 12661 12692 12730 12765 12813 12841 12881 12931 12967 13001 13044 13078 13120 13145 13224 13256 13294 13324 13363 13383 13410 13418 13457 13490 13514 13535 13560 13760 13802 13845 13890 13926 13983 14002 14048 14061 14169 14205 14255 14270 14292 14308 14334 14354 14394 14422 14441 14504 14537 14614 14635 14652 14704 14739 14761 14774 14801 14836 14855 14889 14930 14942 14984 15030 15055 15083 15112 15153 15198 15217
once FR940104-0-00033 2 8158 8694
are FR940104-0-00033 49 8161 8218 8347 8492 8799 8866 8903 9054 9153 9471 9665 9823 10088 10333 10492 10636 10678 11084 11218 11790 12095 12122 12264 12270 12286 12505 12560 12638 12721 12796 13287 13376 13402 13452 13557 13872 13875 13959 14070 14104 14121 14164 14200 14265 14370 14377 14401 14695 15079
these FR940104-0-00033 33 8164 8655 8779 8792 8840 8864 9480 9495 9591 9651 9752 9845 10056 10305 10328 10331 10351 10389 10402 10506 10712 11063 11119 11800 11853 12029 12502 12579 13386 14050 14263 14356 14399
additional FR940104-0-00033 3 8165 9024 10934
seven FR940104-0-00033 1 8166
nutrients FR940104-0-00033 28 8167 8294 8323 8410 8636 8693 8702 9025 9158 9275 9581 9806 10092 10246 10329 10332 10371 10902 10990 11020 11075 11184 11415 11426 11638 11933 14106 14818
, FR940104-0-00033 271 8168 8200 8269 8279 8333 8353 8390 8423 8431 8435 8447 8485 8536 8596 8639 8641 8643 8645 8667 8669 8681 8735 8737 8739 8741 8743 8745 8747 8749 8751 8754 8761 8813 8853 8898 8921 8925 8928 8934 8969 8974 9028 9048 9052 9064 9069 9111 9142 9162 9180 9199 9265 9279 9286 9288 9312 9330 9334 9383 9407 9429 9457 9482 9502 9564 9584 9668 9673 9722 9923 9930 9944 9978 10018 10107 10109 10113 10118 10120 10122 10137 10151 10154 10177 10232 10304 10318 10320 10347 10391 10440 10500 10551 10607 10619 10638 10731 10739 10752 10813 10834 10909 10932 10960 10971 11007 11031 11038 11062 11076 11082 11095 11111 11128 11164 11171 11231 11234 11238 11252 11254 11279 11313 11387 11421 11429 11440 11464 11471 11482 11565 11600 11663 11668 11679 11700 11704 11814 11832 11834 11836 11957 11966 11969 12098 12100 12115 12129 12133 12170 12173 12188 12197 12203 12283 12296 12326 12372 12381 12388 12398 12403 12428 12452 12470 12472 12482 12489 12532 12550 12590 12606 12625 12628 12715 12718 12754 12779 12787 12867 12935 13006 13008 13014 13032 13046 13060 13176 13194 13200 13237 13270 13279 13327 13396 13412 13443 13548 13555 13577 13583 13604 13618 13625 13639 13653 13680 13699 13771 13780 13856 13892 13949 14004 14118 14134 14138 14141 14152 14155 14163 14180 14223 14226 14229 14232 14235 14238 14241 14244 14248 14250 14336 14364 14396 14406 14456 14469 14552 14554 14556 14570 14578 14627 14669 14676 14684 14686 14688 14706 14716 14726 14747 14749 14753 14763 14829 14867 14879 14912 14921 14944 14957 14987 15007 15039 15136 15177 15185 15204 15206
nutrient FR940104-0-00033 70 8169 8290 8319 8355 8443 8558 8631 8910 8918 8932 8960 9008 9107 9143 9305 9323 9396 9449 9477 9652 9694 9827 9975 10015 10217 10281 10359 10522 10679 10915 10942 10999 11152 11340 11455 11478 11582 11709 12116 12663 13052 13161 13167 13180 13209 13316 13923 14064 14072 14088 14166 14174 14289 14372 14393 14403 14481 14495 14634 14651 14658 14702 14825 14852 14927 14981 15052 15080 15130 15145
content FR940104-0-00033 49 8170 8291 8320 8632 8961 9144 9187 9306 9324 9450 9653 9803 9976 10184 10218 10282 10360 10523 10680 11072 11153 11504 11861 12117 12664 12668 12812 13053 13317 13659 13759 13924 14065 14073 14089 14167 14175 14290 14373 14404 14482 14703 14853 14928 14982 15053 15081 15131 15146
claims FR940104-0-00033 57 8171 8292 8321 8467 8479 8493 8633 8653 8962 9114 9145 9299 9307 9325 9451 9524 9632 9654 9794 9822 9977 10076 10083 10136 10185 10219 10301 10524 10681 10821 11217 11297 11330 11413 11730 12118 12263 12533 12562 12634 12665 12680 12907 13054 13931 14066 14068 14074 14090 14168 14176 14291 14374 14405 15061 15082 15132
may FR940104-0-00033 24 8172 8357 8392 8437 8844 9989 10028 10307 10943 11022 11050 11065 11258 11368 12086 12140 12972 12980 13210 13352 13591 13970 13988 14959
be FR940104-0-00033 78 8173 8230 8339 8358 8469 8543 8659 8689 8720 8767 8802 8848 9026 9039 9147 9247 9294 9399 9783 9810 9866 9895 9990 10029 10156 10242 10275 10308 10354 10447 10568 10599 10684 10716 10774 10853 10873 10945 11051 11066 11213 11282 11336 11946 12002 12142 12154 12335 12391 12439 12459 12546 12760 12973 12992 13042 13211 13320 13432 13480 13592 13789 13796 13839 13850 13908 13971 13997 14027 14035 14112 14300 14767 14960 15017 15042 15049 15142
made FR940104-0-00033 8 8174 9040 9824 11219 11591 12143 12271 12392
them FR940104-0-00033 3 8176 9706 14410
intends FR940104-0-00033 1 8179
to FR940104-0-00033 129 8180 8188 8190 8232 8236 8258 8262 8274 8288 8338 8584 8766 8801 8954 9033 9056 9101 9246 9270 9296 9317 9356 9392 9435 9491 9510 9593 9622 9646 9667 9728 9748 9761 9812 9834 9992 10004 10031 10066 10077 10080 10160 10203 10241 10376 10397 10458 10479 10570 10645 10658 10809 10818 10852 11013 11137 11178 11284 11370 11375 11384 11459 11556 11571 11574 11639 11651 11705 11712 11718 11787 11812 11823 11871 11880 11925 11948 12018 12041 12090 12161 12423 12444 12508 12545 12632 12654 12859 12994 13036 13094 13152 13159 13232 13358 13440 13454 13482 13519 13748 13776 13791 13798 13818 13849 13854 13910 13961 13976 13999 14111 14123 14190 14330 14350 14426 14491 14568 14619 14631 14699 14797 14815 14882 15044 15048 15075 15091 15141
consider FR940104-0-00033 3 8181 11138 15045
revising FR940104-0-00033 2 8182 14789
all FR940104-0-00033 5 8183 10112 10428 10470 13532
of FR940104-0-00033 268 8184 8210 8226 8250 8384 8441 8456 8504 8533 8556 8591 8603 8664 8791 8807 8821 8839 8842 8884 8888 8931 8937 8981 8992 9006 9023 9060 9075 9096 9105 9156 9178 9188 9225 9238 9250 9261 9274 9386 9445 9468 9474 9494 9573 9579 9590 9599 9619 9650 9757 9804 9819 9854 9943 9971 9999 10007 10043 10055 10063 10091 10116 10180 10193 10200 10212 10216 10227 10245 10276 10286 10295 10316 10361 10381 10383 10401 10451 10484 10505 10521 10540 10573 10591 10711 10748 10762 10789 10802 10878 10888 10901 10913 10924 10927 10940 10964 10978 10988 11018 11026 11052 11058 11073 11099 11102 11118 11183 11196 11237 11300 11342 11352 11467 11476 11488 11505 11525 11531 11542 11553 11580 11617 11633 11637 11654 11674 11686 11744 11759 11771 11780 11783 11806 11810 11830 11852 11883 11899 11911 11941 11997 12007 12012 12034 12037 12053 12070 12082 12106 12112 12147 12164 12215 12280 12308 12319 12322 12349 12366 12410 12414 12431 12486 12494 12511 12528 12537 12578 12586 12597 12603 12622 12642 12658 12675 12690 12752 12763 12777 12785 12793 12809 12826 12834 12876 12886 12902 12914 12939 12955 12985 13019 13024 13066 13075 13098 13129 13143 13192 13207 13251 13268 13276 13284 13310 13344 13369 13394 13406 13468 13498 13504 13523 13602 13678 13809 13851 13862 13899 13916 13935 13952 13979 13993 14019 14083 14098 14107 14212 14272 14391 14433 14453 14461 14467 14472 14509 14523 14574 14594 14599 14603 14649 14665 14682 14734 14737 14758 14819 14826 14874 14876 14886 14893 14905 14975 14991 14999 15002 15028 15036 15069 15098 15108 15182 15195 15214
the FR940104-0-00033 423 8185 8191 8208 8212 8224 8241 8251 8303 8313 8351 8361 8367 8385 8439 8442 8457 8475 8502 8511 8534 8554 8563 8567 8582 8604 8649 8662 8665 8671 8675 8710 8713 8727 8731 8805 8879 8885 8889 8899 8948 8982 8990 9004 9007 9011 9015 9021 9034 9058 9061 9071 9076 9103 9106 9109 9163 9184 9189 9203 9236 9242 9248 9251 9262 9266 9272 9354 9358 9374 9387 9415 9443 9446 9463 9475 9499 9508 9512 9535 9539 9552 9574 9580 9600 9604 9620 9648 9680 9693 9719 9726 9730 9755 9772 9789 9801 9817 9841 9852 9855 9879 9883 9901 9926 9933 9979 9983 10000 10008 10011 10019 10023 10044 10047 10053 10082 10104 10138 10149 10166 10178 10191 10194 10209 10233 10264 10292 10342 10358 10379 10384 10392 10399 10408 10412 10431 10452 10466 10526 10538 10543 10555 10574 10582 10602 10620 10624 10647 10654 10709 10743 10756 10760 10767 10784 10797 10814 10820 10835 10839 10843 10862 10876 10882 10905 10910 10925 10930 10938 10953 10965 10972 10986 10994 11016 11035 11040 11070 11093 11116 11140 11180 11226 11256 11260 11264 11270 11323 11339 11343 11353 11357 11363 11389 11393 11397 11405 11434 11438 11443 11447 11454 11460 11465 11468 11473 11477 11489 11501 11522 11537 11543 11547 11551 11578 11594 11604 11631 11652 11672 11680 11696 11745 11756 11772 11778 11796 11804 11842 11846 11850 11863 11867 11873 11884 11912 11929 11954 11980 11984 11998 12010 12024 12038 12054 12071 12075 12216 12222 12281 12309 12315 12360 12394 12400 12407 12429 12434 12449 12466 12476 12512 12535 12541 12572 12576 12607 12623 12659 12673 12693 12726 12732 12736 12757 12766 12807 12819 12868 12898 12911 12960 12996 13003 13016 13025 13037 13057 13072 13076 13079 13123 13130 13154 13179 13201 13205 13225 13246 13249 13258 13263 13311 13345 13360 13364 13373 13391 13400 13413 13424 13458 13466 13469 13491 13499 13502 13505 13521 13524 13536 13571 13643 13657 13665 13669 13676 13684 13704 13710 13725 13728 13749 13763 13772 13781 13803 13807 13833 13842 13860 13863 13869 13887 13893 13897 13914 13917 13927 13933 13980 14005 14020 14030 14038 14052 14084 14096 14108 14115 14171 14181 14218 14256 14268 14273 14279 14293 14309 14365 14389 14431 14459 14462 14465 14470 14473 14563 14572 14588 14592 14600 14616 14628 14632 14653 14700 14727 14735 14754 14759 14776 14785 14799 14838 14856 14872 14884 14887 14903 14922 14946 14967 14973 14977 14989 15000 15005 15010 15022 15032 15046 15056 15067 15070 15094 15106 15109 15114 15126 15137 15163 15183
conform FR940104-0-00033 1 8189
most FR940104-0-00033 5 8192 9566 9578 9589 10108
recent FR940104-0-00033 1 8193
levels FR940104-0-00033 15 8194 9478 9496 10340 10373 10490 10740 10900 10987 11017 11025 11090 11182 11636 11710
nas FR940104-0-00033 9 8197 8205 8252 8261 8785 8787 8835 8890 8900
however FR940104-0-00033 16 8199 9047 9287 10303 10439 10908 11127 11678 12295 12427 12549 13007 14003 14395 14943 15205
is FR940104-0-00033 105 8202 8206 8222 8256 8285 8426 8508 8519 8577 8617 8698 8816 8859 8952 9000 9098 9211 9214 9221 9229 9245 9253 9409 9488 9644 9848 10198 10220 10394 10511 10515 10529 10587 10642 10700 10738 10920 11124 11133 11160 11267 11290 11362 11399 11509 11563 11569 11590 11809 11818 11855 11962 12026 12056 12182 12199 12224 12230 12245 12257 12363 12521 12567 12581 12629 12651 12815 12830 12891 12895 12921 13027 13139 13150 13181 13213 13230 13366 13438 13493 13512 13542 13633 13695 13712 13762 13817 14188 14417 14464 14486 14496 14720 14730 14743 14756 14788 14808 14880 14924 15024 15034 15157 15207 15210
aware FR940104-0-00033 4 8203 9473 10199 13368
that FR940104-0-00033 215 8204 8244 8283 8316 8411 8466 8478 8497 8507 8539 8548 8566 8575 8652 8685 8700 8717 8789 8837 8857 8863 8950 8998 9129 9152 9167 9219 9235 9244 9291 9377 9394 9418 9466 9484 9538 9565 9586 9607 9663 9684 9689 9792 9851 9882 9982 10022 10052 10087 10102 10146 10148 10236 10263 10350 10369 10414 10416 10443 10461 10491 10503 10517 10542 10623 10640 10660 10682 10706 10708 10726 10741 10770 10811 10838 10861 10885 10898 10903 11083 11114 11131 11161 11210 11229 11243 11263 11273 11326 11360 11365 11392 11409 11453 11536 11550 11603 11755 11789 11799 11808 11816 11826 11845 11886 11916 11932 11959 11977 11987 12014 12031 12074 12094 12121 12156 12229 12244 12255 12313 12424 12445 12517 12563 12565 12575 12610 12637 12649 12696 12704 12720 12735 12756 12770 12821 12851 12894 12920 12957 12970 13009 13051 13125 13148 13166 13228 13262 13314 13349 13399 13423 13445 13461 13495 13539 13556 13570 13622 13627 13686 13709 13743 13775 13794 13806 13822 13836 13871 13880 13883 13896 13902 13905 13930 13940 13966 13986 13995 14024 14069 14092 14094 14103 14120 14185 14199 14209 14259 14262 14275 14313 14327 14347 14368 14414 14445 14458 14493 14542 14587 14650 14656 14679 14710 14806 14842 14859 15021 15088 15148 15158 15162 15208 15221
in FR940104-0-00033 137 8207 8272 8350 8360 8366 8381 8400 8510 8559 8581 8620 8674 8709 8769 8797 8804 8868 8878 8986 9014 9082 9108 9197 9241 9258 9437 9459 9479 9530 9560 9675 9698 9709 9744 9759 9828 9836 9874 9887 9937 9951 9953 9963 10084 10190 10214 10222 10224 10279 10336 10356 10423 10427 10519 10563 10577 10688 10702 10804 10916 10947 10958 11000 11034 11068 11087 11185 11310 11373 11382 11427 11433 11611 11630 11646 11659 11666 11803 11876 11972 11979 12189 12259 12272 12291 12314 12384 12433 12461 12524 12540 12601 12700 12855 12917 12952 12963 12975 13011 13021 13168 13325 13484 13607 13668 13767 13841 14016 14029 14037 14043 14170 14214 14278 14379 14382 14430 14488 14500 14515 14571 14591 14606 14615 14697 14722 14745 14781 14784 14907 14949 14962 15004 15066 15101 15118 15125
process FR940104-0-00033 2 8209 8253
reevaluating FR940104-0-00033 1 8211
basis FR940104-0-00033 8 8213 8663 9216 9232 9818 11136 12990 15065
on FR940104-0-00033 65 8214 8370 8452 8661 8907 8915 8964 8977 8979 9003 9010 9020 9070 9149 9183 9442 9498 9655 9718 9770 9816 9948 9974 10169 10508 10759 10787 10800 10830 10856 10875 10952 10985 11121 11726 11732 11777 12144 12393 12448 12465 12479 12483 12491 12583 12594 12635 12742 12987 13234 13245 13531 13755 13865 13938 14008 14087 14114 14173 14196 14267 14871 14966 15062 15165
rda FR940104-0-00033 6 8216 8666 8773 8851 8891 8901
determined FR940104-0-00033 1 8219
it FR940104-0-00033 29 8221 8284 8597 8855 8951 9292 9430 9643 9661 10851 11244 11817 12152 12256 12650 13049 13126 13149 13229 13687 13692 13829 13857 14314 14337 14485 14807 15140 15167
considering FR940104-0-00033 1 8223
issue FR940104-0-00033 5 8225 8266 8383 9260 14018
whether FR940104-0-00033 8 8227 9642 9771 9820 11287 14569 15077 15093
values FR940104-0-00033 4 8228 8687 8958 9037
should FR940104-0-00033 19 8229 8247 8468 8658 8688 9018 9549 9808 9865 9894 10841 10872 11945 12746 12759 13463 13788 14645 14766
selected FR940104-0-00033 1 8231
prevent FR940104-0-00033 1 8233
deficiencies FR940104-0-00033 1 8234
promote FR940104-0-00033 1 8237
optimal FR940104-0-00033 1 8238
wellness FR940104-0-00033 1 8239
agency FR940104-0-00033 51 8242 8314 8476 8564 8728 9204 9267 9355 9842 9880 9980 10020 10139 10234 10393 10409 10621 10655 10840 10883 10966 11358 11390 11406 11548 11681 11697 12025 12573 12608 12899 13004 13226 13259 13365 13414 13492 13537 13773 13804 13894 13928 14182 14310 14366 14654 14777 14857 14947 15057 15138
believes FR940104-0-00033 16 8243 8315 8477 10349 11130 11602 12609 12648 13005 13147 13227 13774 13929 14367 15009 15220
its FR940104-0-00033 3 8245 13033 13189
action FR940104-0-00033 1 8246
await FR940104-0-00033 1 8248
completion FR940104-0-00033 1 8249
committed FR940104-0-00033 1 8257
working FR940104-0-00033 1 8259
with FR940104-0-00033 34 8260 8521 8947 9084 9276 9411 9611 9797 10143 10411 11416 11425 11644 11692 11715 11895 11994 12191 12239 12274 12799 12897 13056 13196 13697 13877 14834 14844 14865 14898 14915 14994 15013 15201
help FR940104-0-00033 1 8263
resolve FR940104-0-00033 1 8264
this FR940104-0-00033 32 8265 8382 8433 8517 8682 9259 9284 10228 10251 10703 11162 11197 11402 11512 11661 11889 11917 12113 12157 12604 13416 13477 13540 13847 14017 14186 14215 14442 14764 14782 15159 15202
accordingly FR940104-0-00033 3 8268 10618 11028
as FR940104-0-00033 66 8270 8302 8364 8398 8513 8755 8757 8876 9049 9112 9116 9525 9557 9612 9614 9832 9898 10152 10163 10669 10692 10694 10961 10991 10993 11032 11078 11096 11098 11150 11274 11431 11623 11625 12103 12184 12201 12249 12266 12268 12346 12376 12441 12501 12591 12593 12626 12773 12932 13063 13476 13550 13605 13675 13761 14129 14145 14302 14326 14346 14534 14567 14671 14831 14863 14945
stated FR940104-0-00033 21 8271 8465 8651 8877 9050 9128 9465 9981 10021 10415 10725 11209 11228 11754 11844 11986 12695 13422 14701 14805 14948
response FR940104-0-00033 1 8273
comment FR940104-0-00033 49 8275 8464 8628 8650 8683 8714 9127 9352 9375 9416 9464 9640 9681 9767 9790 10225 10413 10724 10768 10815 10836 11037 11191 11208 11227 11271 11324 11398 11439 11749 11797 11843 11868 11893 11930 11985 12671 12694 12733 12767 12820 13417 13421 14195 14539 14564 14804 14839 15086
number FR940104-0-00033 3 8276 10062 10539
1 FR940104-0-00033 12 8277 8528 9320 9911 9969 10256 10676 12848 13336 13598 14081 15192
above FR940104-0-00033 6 8278 9051 10385 10488 13374 13664
has FR940104-0-00033 6 8281 9268 9843 11682 13660 14338
concluded FR940104-0-00033 3 8282 10051 14184
possible FR940104-0-00033 2 8287 11618
define FR940104-0-00033 3 8289 10646 10842
no FR940104-0-00033 30 8297 8326 8427 8772 8819 8861 8970 9131 9215 9231 10201 10643 10746 12556 13243 13407 13427 13472 13508 13527 13574 13587 13600 13784 13812 13919 14245 14252 14339 15211
reliable FR940104-0-00033 3 8298 12912 13190
reference FR940104-0-00033 11 8299 8686 8957 9036 9150 9190 9209 11344 11469 12879 12889
standards FR940104-0-00033 3 8300 11707 11717
such FR940104-0-00033 35 8301 8614 8701 8993 9093 9115 9298 9793 9821 10300 11077 11306 11430 11567 11693 11926 11960 11988 12202 12262 12375 12419 12772 12804 13012 13549 13674 14127 14144 14670 14830 14862 14931 15037 15060
and FR940104-0-00033 102 8306 8646 8724 8752 8759 8935 9030 9140 9336 9346 9366 9483 9520 9545 9585 9628 9635 9657 9669 9738 9778 9807 9847 9861 9891 9932 9939 9950 10072 10123 10182 10257 10270 10288 10364 10472 10547 10561 10593 10632 10639 10665 10792 10826 10849 10868 10933 10980 11021 11046 11060 11080 11104 11333 11472 11711 11815 11837 11859 11914 11937 11943 12000 12004 12077 12084 12166 12179 12193 12198 12242 12247 12284 12317 12324 12416 12490 12554 12716 12789 12916 12991 13111 13238 13280 13405 13689 13700 13742 13757 13954 14033 14119 14193 14251 14332 14352 14677 14750 14787 14822 15073
authorization FR940104-0-00033 1 8317
exists FR940104-0-00033 1 8330
( FR940104-0-00033 117 8331 8402 8405 8445 8483 8524 8527 8530 8594 8622 8828 8870 8893 9086 9089 9308 9381 9455 9904 9907 9910 9913 9916 9919 9955 9965 9968 10093 10172 10253 10672 10675 11189 11449 11480 11735 11738 11741 11762 11765 11768 11902 11905 11908 12044 12047 12050 12061 12064 12067 12127 12206 12209 12212 12277 12299 12302 12305 12613 12616 12619 12844 12847 12924 13100 13102 13105 13108 13113 13116 13217 13298 13301 13304 13307 13329 13332 13335 13338 13341 13563 13566 13597 13609 13612 13615 13640 13654 13681 13701 13723 13947 14077 14080 14132 14153 14435 14438 14526 14550 14580 14583 14608 14611 14621 14624 14713 14791 14794 14910 14936 14939 14951 14954 15175 15188 15191
eg FR940104-0-00033 11 8332 8446 8484 9382 11481 12128 13948 14133 14154 14527 14911
vitamin FR940104-0-00033 20 8334 8505 8592 8607 9173 9185 9226 9239 9281 11239 11492 11502 11517 11532 11858 14545 14561 14575 14672 14741
k FR940104-0-00033 4 8335 9174 9186 9240
) FR940104-0-00033 117 8336 8404 8407 8451 8491 8526 8529 8532 8612 8624 8832 8874 8897 9088 9091 9315 9389 9461 9909 9912 9915 9918 9921 9922 9961 9967 9970 10097 10176 10259 10674 10677 11200 11452 11521 11737 11740 11743 11764 11767 11770 11904 11907 11910 12046 12049 12052 12063 12066 12069 12139 12208 12211 12214 12279 12301 12304 12307 12615 12618 12621 12846 12849 12930 13104 13107 13110 13115 13118 13119 13223 13300 13303 13306 13309 13331 13334 13337 13340 13343 13565 13568 13599 13611 13614 13617 13642 13656 13683 13703 13741 13958 14079 14082 14137 14162 14437 14440 14533 14558 14582 14585 14610 14613 14623 14626 14715 14793 14796 14920 14938 14941 14953 14956 15190 15193 15194
needs FR940104-0-00033 1 8337
deferred FR940104-0-00033 1 8340
until FR940104-0-00033 2 8341 9207
adopted FR940104-0-00033 2 8348 9426
interim FR940104-0-00033 1 8352
quantitative FR940104-0-00033 5 8354 10911 10935 10983 11474
information FR940104-0-00033 15 8356 8719 8916 9799 10936 10984 11014 11445 11554 11568 11807 11961 13068 13754 15038
listed FR940104-0-00033 3 8359 9196 14028
nutrition FR940104-0-00033 20 8362 8374 8458 9078 9685 10170 10973 11523 11955 11981 12361 12401 12408 12477 13058 13080 13750 14009 14039 14116
label FR940104-0-00033 26 8363 8718 8956 9035 9073 9164 10765 10974 11296 11524 11727 11779 11956 11982 12362 12402 12409 12478 13059 13751 14032 14040 14117 14269 14968 15072
discussed FR940104-0-00033 4 8365 10221 11033 15124
final FR940104-0-00033 5 8368 9972 10704 14006 14085
rule FR940104-0-00033 5 8369 9973 10705 14007 14086
general FR940104-0-00033 1 8371
requirements FR940104-0-00033 4 8372 9303 10970 13729
labeling FR940104-0-00033 12 8375 9952 10171 11729 12076 12316 13081 14010 14970 14990 15033 15074
dietary FR940104-0-00033 69 8377 8823 9318 9371 9412 9453 9469 9749 9786 9830 9869 9892 10114 10239 10284 10314 10337 10405 10417 10444 10509 10559 10651 10696 10719 10790 10879 10918 10976 11056 11100 11122 11186 11612 11781 11839 12020 12080 12145 12162 12320 12412 12484 12492 12503 12526 12584 12598 12640 12683 12744 12839 12978 13235 13408 13533 13546 13792 13950 14012 14142 14178 14191 14203 14428 14513 14667 14813 15134
supplements FR940104-0-00033 68 8378 9319 9372 9428 9454 9470 9556 9567 9659 9664 9690 9750 9787 9870 9893 10115 10240 10285 10315 10338 10406 10418 10445 10510 10560 10652 10697 10720 10791 10831 10857 10880 10977 11057 11101 11123 11187 11224 11278 11613 11640 11782 12081 12146 12163 12321 12481 12485 12493 12504 12585 12599 12641 12698 12719 12840 13451 13534 13547 13793 13951 14013 14179 14192 14204 14429 14668 15135
published FR940104-0-00033 3 8379 11665 14014
elsewhere FR940104-0-00033 3 8380 9257 14015
federal FR940104-0-00033 3 8386 9263 14021
register FR940104-0-00033 3 8387 9264 14022
also FR940104-0-00033 10 8389 8715 8914 9230 9433 9682 10773 10944 12768 13260
manufacturers FR940104-0-00033 8 8391 8436 9053 11177 11367 11622 11822 14407
provide FR940104-0-00033 5 8393 9583 9795 11173 12015
amount FR940104-0-00033 29 8394 8440 9059 9097 9191 9237 10468 10912 10948 11475 11552 11579 12463 12536 12751 12880 12890 12893 12919 13018 13175 13601 13666 14503 14589 14602 14629 14904 15174
percentage FR940104-0-00033 3 8396 10950 11448
statements FR940104-0-00033 6 8397 10951 14093 14264 14932 14965
described FR940104-0-00033 1 8399
ยง101.13 FR940104-0-00033 2 8401 9085
i FR940104-0-00033 3 8403 9087 13308
3 FR940104-0-00033 6 8406 9090 9906 13117 13330 13655
those FR940104-0-00033 15 8409 9157 9526 10144 10455 10476 10489 10750 10896 11423 11432 11716 12035 13350 13486
do FR940104-0-00033 4 8412 10612 13388 13447
example FR940104-0-00033 11 8422 9161 11233 11435 11968 12172 12371 14536 14573 14617 14986
while FR940104-0-00033 6 8424 8834 10099 11039 11664 15113
there FR940104-0-00033 16 8425 8576 8815 8858 8999 9213 9228 10586 10641 10699 11132 11361 12971 13138 14958 15209
fluoride FR940104-0-00033 2 8430 8450
under FR940104-0-00033 6 8432 10103 10727 14711 14934 15151
provision FR940104-0-00033 4 8434 12114 12158 13848
declare FR940104-0-00033 5 8438 9057 12254 13095 14095
present FR940104-0-00033 10 8444 8509 8796 10105 11479 13182 13667 13840 14042 14499
2 FR940104-0-00033 14 8448 9201 10226 11739 11766 11906 12048 12065 12210 12303 12617 13302 13567 13641
mg FR940104-0-00033 6 8449 11516 11530 14544 14648 14917
any FR940104-0-00033 8 8453 9609 11720 12292 12964 13370 13620 13900
panel FR940104-0-00033 5 8454 9081 10956 12397 12469
outside FR940104-0-00033 6 8455 9074 11950 12356 12399 12471
facts FR940104-0-00033 2 8459 9079
box FR940104-0-00033 1 8460
11. FR940104-0-00033 1 8462
one FR940104-0-00033 23 8463 8627 8846 9126 9351 9639 9766 9835 10382 10723 10781 11207 11235 11288 11301 11748 12670 13420 14538 14803 14820 15085 15199
permitted FR940104-0-00033 5 8470 8660 8721 9784 11947
beta FR940104-0-00033 7 8472 8481 8488 8514 8571 8579 8610
-carotene FR940104-0-00033 7 8473 8482 8489 8515 8572 8580 8611
regarding FR940104-0-00033 6 8480 9800 10937 11015 11606 11708
`` FR940104-0-00033 122 8486 8569 8587 8794 8845 8880 9077 9117 9121 9168 9327 9332 9337 9342 9347 9362 9367 9516 9521 9541 9546 9624 9629 9734 9739 9774 9779 9857 9862 9928 9935 9940 9985 10025 10068 10073 10128 10133 10266 10271 10628 10633 10661 10666 10777 10822 10827 10845 10864 10869 10889 11042 11047 11142 11203 11246 11316 11327 11378 11410 11484 11559 11586 11607 11688 12130 12135 12377 12453 12551 12555 12677 12728 12738 12774 12781 12790 12800 12862 12904 12944 12998 13132 13156 13253 13265 13272 13281 13291 13380 13426 13471 13507 13526 13573 13579 13586 13714 13719 13732 13736 13783 13811 13918 14156 14283 14295 14322 14342 14528 14639 14769 14832 14843 14864 14897 14913 15012 15099 15116 15171 15215
contains FR940104-0-00033 15 8487 8570 8598 9780 10002 10038 10667 11483 11514 11539 13165 13623 13881 13903 15169
'' FR940104-0-00033 122 8490 8573 8590 8827 8854 8882 9080 9119 9124 9181 9331 9335 9339 9345 9349 9365 9369 9519 9523 9544 9548 9627 9631 9737 9741 9777 9781 9860 9864 9931 9938 9945 9988 10027 10071 10075 10131 10135 10269 10273 10631 10635 10664 10668 10779 10825 10829 10848 10867 10871 10891 11045 11049 11145 11205 11248 11319 11329 11380 11412 11520 11561 11588 11610 11691 12134 12138 12382 12457 12553 12559 12679 12731 12741 12780 12788 12795 12802 12865 12906 12947 13002 13135 13158 13257 13271 13278 13286 13295 13384 13430 13475 13511 13530 13578 13584 13590 13717 13722 13734 13739 13787 13815 13922 14161 14286 14298 14324 14344 14532 14644 14775 14837 14846 14868 14900 14919 15015 15103 15120 15173 15218
about FR940104-0-00033 7 8494 8501 8654 12009 12119 12534 14306
an FR940104-0-00033 27 8495 10205 11417 11878 12174 12185 12354 12462 12522 12569 12831 12892 12918 12953 13140 13648 13878 14303 14447 14479 14517 14535 14779 14850 15018 15050 15143
ingredient FR940104-0-00033 16 8496 12355 12425 12435 12446 12523 12570 13621 13649 13879 13901 14031 14448 14463 14474 14518
make FR940104-0-00033 8 8498 10459 11376 11557 12860 12995 14412 14798
implied FR940104-0-00033 8 8499 14063 14304 14480 14851 15019 15051 15144
representations FR940104-0-00033 1 8500
level FR940104-0-00033 10 8503 8555 9013 9104 9380 9424 10939 13185 13202 14390
a FR940104-0-00033 125 8506 8531 8540 8546 8557 8560 8586 8593 8608 8615 9094 9208 9222 9340 9378 9404 9420 9485 9826 9829 9837 9914 9994 9997 10014 10033 10036 10060 10448 10485 10588 10793 10886 10914 10917 10922 10941 10962 11001 11134 11151 11166 11174 11250 11307 11315 11377 11526 11558 11581 11585 11675 11751 11828 12032 12104 12227 12232 12236 12250 12347 12373 12411 12519 12525 12682 12743 12748 12853 12861 12933 12940 12943 12977 12982 12988 13022 13064 13160 13163 13169 13184 13208 13305 13315 13339 13436 13496 13707 13731 13810 13820 13825 13866 13911 13967 14319 14380 14392 14454 14489 14494 14501 14507 14512 14524 14604 14636 14657 14718 14731 14812 14823 14860 14877 14891 14908 14926 14980 14992 14997 15025 15063 15170 15222
food FR940104-0-00033 51 8512 8541 8561 8583 9110 9243 9439 9532 9562 9677 9700 9711 9746 9839 9876 9889 9995 10001 10034 10064 10425 10527 10565 10690 10806 11470 11648 12854 12857 12869 12941 13077 13164 13685 13711 13726 13740 13769 13821 13827 13844 13867 13912 14099 14130 14455 14605 14719 14765 14888 15164
conclusion FR940104-0-00033 3 8518 10207 10252
consistent FR940104-0-00033 4 8520 9896 10181 12896
section FR940104-0-00033 22 8522 8883 9905 11733 11760 11881 11900 11918 12042 12059 12204 12275 12297 12509 12611 12656 12842 13296 13328 13561 14075 14443
403 FR940104-0-00033 3 8523 12276 13297
r FR940104-0-00033 3 8525 12278 13299
act FR940104-0-00033 15 8535 11746 11773 11885 11913 11999 12055 12072 12217 12282 12310 12513 12624 12660 13312
states FR940104-0-00033 9 8538 8788 8856 10707 12073 13313 13569 14444 14896
can FR940104-0-00033 12 8542 9038 9691 9703 10419 10446 10683 12333 12389 13431 14054 14299
misbranded FR940104-0-00033 1 8544
statement FR940104-0-00033 15 8547 9095 10926 12374 12464 13708 14466 14508 14593 14736 14873 14892 14923 14978 15011
expressly FR940104-0-00033 1 8549
implication FR940104-0-00033 1 8552
characterizes FR940104-0-00033 1 8553
considers FR940104-0-00033 3 8565 13048 15139
claim FR940104-0-00033 31 8568 8616 9252 9423 10195 10785 10798 10887 11154 11308 11381 11562 11589 12866 12948 12997 13318 13816 13864 13925 14305 14483 14854 14929 14983 15020 15054 15097 15147 15160 15203
implies FR940104-0-00033 3 8574 9662 15161
enough FR940104-0-00033 2 8578 10375
constitute FR940104-0-00033 5 8585 14288 14478 14596 14661
good FR940104-0-00033 22 8588 9223 9328 9343 9363 9517 9542 9625 9735 9775 9858 9986 10069 10129 10267 10616 10629 10662 10823 10865 11043 15026
source FR940104-0-00033 31 8589 9224 9329 9344 9364 9518 9543 9626 9736 9776 9859 9942 9987 10070 10130 10268 10313 10630 10663 10824 10866 11044 12105 12776 12784 12792 13065 13267 13275 13283 15027
ie FR940104-0-00033 3 8595 9456 15176
10 FR940104-0-00033 3 8599 9615 10003
percent FR940104-0-00033 17 8600 9385 9572 9598 9618 10006 10040 10995 11351 11486 11541 14158 14452 14522 14598 14664 15181
more FR940104-0-00033 20 8602 9122 9172 9338 10042 10613 11002 11204 11247 11291 11328 11379 11411 11487 11560 11587 12131 12711 13972 14044
dv FR940104-0-00033 3 8605 10996 11490
from FR940104-0-00033 10 8609 8909 8917 8939 9696 10495 11615 11626 11750 13824
provided FR940104-0-00033 1 8618
ยง101.65 FR940104-0-00033 9 8621 14434 14579 14607 14620 14790 14935 14950 15152
c FR940104-0-00033 14 8623 9966 10673 12845 13103 13564 13610 14531 14546 14576 14642 14714 14742 14772
12. FR940104-0-00033 1 8626
advocated FR940104-0-00033 1 8629
defining FR940104-0-00033 4 8630 11139 12903 13252
ultratrace FR940104-0-00033 3 8635 8656 8692
including FR940104-0-00033 3 8637 9280 11422
boron FR940104-0-00033 2 8638 8740
silicon FR940104-0-00033 2 8640 8738
vanadium FR940104-0-00033 2 8642 8750
arsenic FR940104-0-00033 2 8644 8734
tin FR940104-0-00033 2 8647 8748
elements FR940104-0-00033 3 8657 8733 9063
esaddi FR940104-0-00033 2 8668 8776
amounts FR940104-0-00033 6 8672 8980 13241 13401 14047 14681
found FR940104-0-00033 6 8673 8985 10335 10946 11086 11684
average FR940104-0-00033 1 8676
wellbalanced FR940104-0-00033 2 8677 8987
diet FR940104-0-00033 8 8678 9016 10453 11597 12962 13040 13247 15006
additionally FR940104-0-00033 4 8680 10346 13045 14705
argued FR940104-0-00033 7 8684 9376 9537 10147 11798 11931 12769
available FR940104-0-00033 2 8690 10494
reputable FR940104-0-00033 1 8695
scientific FR940104-0-00033 3 8696 8966 9001
evidence FR940104-0-00033 5 8697 8820 8862 10202 11685
serve FR940104-0-00033 1 8703
important FR940104-0-00033 5 8704 9715 9798 10436 13050
metabolic FR940104-0-00033 1 8705
physiological FR940104-0-00033 1 8707
functions FR940104-0-00033 1 8708
body FR940104-0-00033 1 8711
suggested FR940104-0-00033 8 8716 10164 10837 11395 11915 12734 13460 14208
choline FR940104-0-00033 3 8723 8758 9066
inositol FR940104-0-00033 3 8725 8760 9068
disagrees FR940104-0-00033 5 8729 9205 10860 11391 13261
trace FR940104-0-00033 3 8732 8983 9062
nickel FR940104-0-00033 1 8736
cadmium FR940104-0-00033 1 8742
lead FR940104-0-00033 1 8744
lithium FR940104-0-00033 1 8746
cobalt FR940104-0-00033 1 8753
well FR940104-0-00033 8 8756 9472 10693 10992 11091 11097 11624 12592
shown FR940104-0-00033 1 8765
essential FR940104-0-00033 2 8768 8867
humans FR940104-0-00033 3 8770 8826 8869
substances FR940104-0-00033 7 8780 8793 8843 8865 10368 11840 12498
several FR940104-0-00033 4 8790 9503 10596 14817
naturally FR940104-0-00033 1 8795
foods FR940104-0-00033 23 8798 9151 9406 9436 9529 9559 9674 9697 9708 9743 9873 9886 10086 10422 10433 10497 10562 10687 10803 11645 11694 13084 13766
known FR940104-0-00033 1 8800
required FR940104-0-00033 3 8803 11555 14110
diets FR940104-0-00033 2 8806 8988
various FR940104-0-00033 3 8808 9805 14723
animal FR940104-0-00033 2 8809 8940
microbial FR940104-0-00033 1 8811
species FR940104-0-00033 1 8812
little FR940104-0-00033 2 8817 9613
their FR940104-0-00033 5 8822 10481 11024 11857 14415
essentiality FR940104-0-00033 3 8824 9005 9022
ref FR940104-0-00033 4 8829 8871 8894 10173
4 FR940104-0-00033 9 8831 8873 8896 13682 14439 14584 14612 14625 14795
acknowledges FR940104-0-00033 7 8836 10262 11359 11549 12969 13985 14778
some FR940104-0-00033 9 8838 10311 10362 11147 11366 12810 13545 13672 14666
classes FR940104-0-00033 1 8841
day FR940104-0-00033 1 8847
candidates FR940104-0-00033 1 8849
currently FR940104-0-00033 3 8860 14317 15095
summary FR940104-0-00033 1 8881
10th FR940104-0-00033 1 8886
edition FR940104-0-00033 1 8887
publication FR940104-0-00033 1 8892
based FR940104-0-00033 5 8904 9148 9182 9441 11731
only FR940104-0-00033 7 8906 9403 10855 12160 13136 13434 13594
data FR940104-0-00033 4 8908 8938 8978 8994
intake FR940104-0-00033 6 8911 8923 9695 10483 11027 12954
measurements FR940104-0-00033 2 8912 8927
balance FR940104-0-00033 1 8919
studies FR940104-0-00033 3 8920 8924 10249
experimental FR940104-0-00033 1 8922
biochemical FR940104-0-00033 1 8926
epidemiological FR940104-0-00033 1 8929
observations FR940104-0-00033 1 8930
status FR940104-0-00033 1 8933
extrapolation FR940104-0-00033 1 8936
experiments FR940104-0-00033 1 8941
does FR940104-0-00033 8 8944 8995 10140 11669 13645 13830 14315 14476
agree FR940104-0-00033 2 8946 10142
comments FR940104-0-00033 13 8949 9504 9536 9605 9724 9753 9846 10145 12030 13459 14207 14257 14280
desirable FR940104-0-00033 2 8953 13973
base FR940104-0-00033 1 8955
solely FR940104-0-00033 4 8963 8976 9815 12345
individual FR940104-0-00033 1 8965
research FR940104-0-00033 1 8967
publications FR940104-0-00033 1 8968
matter FR940104-0-00033 2 8971 11198
how FR940104-0-00033 2 8972 11577
current FR940104-0-00033 2 8973 11995
element FR940104-0-00033 1 8984
existence FR940104-0-00033 1 8991
mean FR940104-0-00033 2 8997 12747
agreement FR940104-0-00033 2 9002 9019
recommended FR940104-0-00033 2 9012 11325
reached FR940104-0-00033 1 9027
timely FR940104-0-00033 1 9029
appropriate FR940104-0-00033 8 9031 9645 10512 10637 13151 13231 13543 14201
changes FR940104-0-00033 1 9032
through FR940104-0-00033 2 9041 14049
rulemaking FR940104-0-00033 1 9044
procedures FR940104-0-00033 1 9045
free FR940104-0-00033 23 9055 12740 12864 12905 12946 13000 13134 13157 13255 13293 13382 14136 14160 14222 14225 14228 14231 14234 14237 14240 14243 14285 14297
product FR940104-0-00033 22 9072 9610 10931 11253 11266 11289 11345 11497 11506 11513 11527 11538 12228 12542 12758 13026 13437 13644 13705 13982 13994 14909
accordance FR940104-0-00033 2 9083 12273
considered FR940104-0-00033 1 9100
characterize FR940104-0-00033 1 9102
would FR940104-0-00033 34 9113 9293 9390 9431 9633 10058 10125 10155 10297 10353 10567 10610 10656 10714 11320 11991 12001 12218 12437 12543 12949 12958 13041 13479 13795 13837 13906 13941 14287 14847 14971 15016 15041 15149
high FR940104-0-00033 31 9118 9333 9348 9368 9522 9547 9630 9740 9863 9929 10026 10074 10134 10272 10374 10634 10736 10778 10828 10846 10870 10890 11048 11143 11221 11635 12136 12258 15100 15117 15172
13. FR940104-0-00033 1 9125
although FR940104-0-00033 3 9130 13385 14355
certain FR940104-0-00033 2 9138 14502
vitamins FR940104-0-00033 29 9139 9656 10117 10287 10471 10979 11059 11332 11784 11792 11831 11936 11942 12083 12097 12107 12124 12148 12165 12178 12241 12323 12330 12415 12529 12587 12643 13554 13953
minerals FR940104-0-00033 27 9141 10119 10289 10473 10981 11061 11334 11786 11794 11833 11938 11944 12085 12099 12109 12126 12150 12167 12180 12243 12325 12332 12417 12531 12589 12645 13955
could FR940104-0-00033 9 9146 9165 9398 11172 11212 12253 12458 12724 13996
recognized FR940104-0-00033 1 9154
sources FR940104-0-00033 4 9155 10090 10244 11940
state FR940104-0-00033 2 9166 11535
brand FR940104-0-00033 4 9169 11236 11386 13969
x FR940104-0-00033 1 9170
provides FR940104-0-00033 6 9171 9713 10982 12850 13348 14091
than FR940104-0-00033 19 9175 9871 10615 10754 11249 11293 11496 11935 11976 12329 12687 12712 12873 12883 13029 13087 14045 14282 14560
two FR940104-0-00033 1 9176
servings FR940104-0-00033 1 9177
cabbage FR940104-0-00033 2 9179 9220
vegetables FR940104-0-00033 1 9193
without FR940104-0-00033 4 9194 11295 13488 13580
sauce FR940104-0-00033 1 9195
ยง101.12 FR940104-0-00033 1 9198
table FR940104-0-00033 1 9200
standard FR940104-0-00033 1 9210
confidence FR940104-0-00033 3 9218 9234 10189
k. FR940104-0-00033 2 9227 9282
subject FR940104-0-00033 3 9249 9811 12507
nutritionally FR940104-0-00033 1 9254
significant FR940104-0-00033 2 9255 12983
proposed FR940104-0-00033 7 9269 9359 10153 10625 14425 15110 15127
expand FR940104-0-00033 1 9271
list FR940104-0-00033 2 9273 12436
at FR940104-0-00033 16 9283 9569 9595 9959 10339 10372 10464 11089 11401 12908 12928 13183 13186 13203 13221 15178
time FR940104-0-00033 2 9285 11403
concludes FR940104-0-00033 5 9290 10622 11113 12574 13895
premature FR940104-0-00033 1 9295
authorize FR940104-0-00033 1 9297
b. FR940104-0-00033 1 9301
specific FR940104-0-00033 4 9302 10989 11019 13067
21 FR940104-0-00033 1 9309
cfr FR940104-0-00033 1 9310
101 FR940104-0-00033 1 9311
subpart FR940104-0-00033 1 9313
d FR940104-0-00033 1 9314
_applicability FR940104-0-00033 1 9316
ยง101.54 FR940104-0-00033 5 9322 9954 9964 10671 15187
14. FR940104-0-00033 1 9350
encouraged FR940104-0-00033 1 9353
maintain FR940104-0-00033 1 9357
definitions FR940104-0-00033 15 9360 9460 9514 9732 9760 9884 10106 10150 10215 10520 10553 10580 10597 10609 10626
higher FR940104-0-00033 3 9379 9422 11181
40 FR940104-0-00033 1 9384
suggest FR940104-0-00033 2 9391 14492
consumers FR940104-0-00033 24 9393 9493 9587 9637 9796 10079 10161 10187 10237 10571 10732 10771 11008 11211 11573 11813 13070 13446 13483 13745 13779 13855 13963 13987
daily FR940104-0-00033 9 9395 9575 9601 10343 10482 11354 11544 11596 13039
intakes FR940104-0-00033 1 9397
achieved FR940104-0-00033 1 9400
consuming FR940104-0-00033 1 9402
few FR940104-0-00033 1 9405
inconsistent FR940104-0-00033 1 9410
guidelines FR940104-0-00033 1 9413
maintained FR940104-0-00033 5 9417 9606 9791 11272 15087
if FR940104-0-00033 16 9419 10110 10776 11215 11230 11305 11338 12169 12518 13015 13595 14041 14398 14717 14988 15031
new FR940104-0-00033 3 9421 9486 10968
was FR940104-0-00033 4 9425 11456 15104 15121
likely FR940104-0-00033 3 9432 10611 13960
apply FR940104-0-00033 3 9434 12220 13153
conventional FR940104-0-00033 18 9438 9531 9561 9676 9699 9710 9745 9838 9875 9888 10424 10496 10564 10689 10805 11647 12856 13768
form FR940104-0-00033 19 9440 9533 9563 9678 9701 9712 9747 9877 9890 10426 10566 10691 10807 11649 12858 13770 14729 14752 14755
logic FR940104-0-00033 1 9444
proposal FR940104-0-00033 7 9447 9509 9727 10730 12039 14172 14786
consistency FR940104-0-00033 5 9458 9758 10213 10518 10532
users FR940104-0-00033 1 9467
elevated FR940104-0-00033 1 9476
products FR940104-0-00033 15 9481 9592 10296 10751 10897 11088 11108 11424 11825 11854 12022 12636 13487 13939 14058
paradigm FR940104-0-00033 1 9487
needed FR940104-0-00033 2 9490 12057
inform FR940104-0-00033 1 9492
other FR940104-0-00033 22 9500 9714 9720 10365 10435 10753 11105 11838 11864 11934 12194 12328 12450 12495 12595 13977 14148 14197 14210 14281 14559 14964
hand FR940104-0-00033 3 9501 9721 12451
did FR940104-0-00033 2 9505 13516
support FR940104-0-00033 3 9507 10204 10250
use FR940104-0-00033 22 9511 9649 9947 10054 10081 10179 10400 10504 10710 11117 12577 12725 13128 13467 13503 13522 13677 13861 13898 13915 14409 14416
same FR940104-0-00033 9 9513 9553 9731 10556 10583 10603 12223 13361 13981
used FR940104-0-00033 13 9527 9991 10030 10685 10854 11978 13433 13593 14378 14487 14506 14870 15096
terms FR940104-0-00033 29 9540 9773 9856 10057 10265 10306 10352 10386 10403 10507 10541 10557 10648 10713 10863 11041 11064 11120 12580 12771 12805 13264 13355 13375 13572 14213 14274 14357 14400
carry FR940104-0-00033 2 9551 9623
meaning FR940104-0-00033 4 9554 10782 10795 13362
contain FR940104-0-00033 15 9568 9594 12871 12981 13441 13455 13647 13799 13832 13944 14000 14059 14548 14646 14816
least FR940104-0-00033 4 9570 9596 10465 15179
100 FR940104-0-00033 8 9571 9597 11350 14157 14451 14521 14597 14663
value FR940104-0-00033 7 9576 9602 10344 11355 11545 12017 13074
they FR940104-0-00033 10 9582 10462 11280 12269 12285 13397 14369 14376 14384 15078
expect FR940104-0-00033 2 9588 10238
allowing FR940104-0-00033 2 9608 12676
20 FR940104-0-00033 4 9617 10039 11485 15180
confuse FR940104-0-00033 1 9634
mislead FR940104-0-00033 2 9636 13962
questioned FR940104-0-00033 2 9641 12672
permit FR940104-0-00033 3 9647 10059 13127
mineral FR940104-0-00033 2 9658 11860
since FR940104-0-00033 2 9660 9707
comparable FR940104-0-00033 1 9666
acceptable FR940104-0-00033 2 9670 12582
substitutes FR940104-0-00033 3 9671 13629 13693
noted FR940104-0-00033 1 9683
educators FR940104-0-00033 1 9686
feel FR940104-0-00033 1 9687
strongly FR940104-0-00033 1 9688
enhance FR940104-0-00033 1 9692
never FR940104-0-00033 1 9704
replace FR940104-0-00033 2 9705 10421
components FR940104-0-00033 3 9716 10437 14100
many FR940104-0-00033 3 9723 12019 12697
supported FR940104-0-00033 1 9725
extend FR940104-0-00033 1 9729
emphasized FR940104-0-00033 4 9754 11964 12155 12336
importance FR940104-0-00033 2 9756 15001
assist FR940104-0-00033 1 9762
consumer FR940104-0-00033 5 9763 10248 10534 11257 14053
education FR940104-0-00033 2 9764 10535
requested FR940104-0-00033 5 9768 14194 14258 14565 14840
clarification FR940104-0-00033 4 9769 12033 12605 14566
will FR940104-0-00033 8 9782 10892 11009 11281 11887 14026 14659 15058
precise FR940104-0-00033 1 9802
discriminatory FR940104-0-00033 1 9813
treatment FR940104-0-00033 1 9814
supplement FR940104-0-00033 17 9831 10764 10919 11874 12021 12234 12238 12252 12413 12527 12684 12745 12979 14514 14525 14814 14878
opposed FR940104-0-00033 1 9833
reviewed FR940104-0-00033 1 9844
persuaded FR940104-0-00033 5 9850 10396 12027 12817 13494
definition FR940104-0-00033 6 9853 10380 12833 14320 14340 15213
different FR940104-0-00033 4 9867 10552 10608 10794
finds FR940104-0-00033 3 9881 10502 13538
directed FR940104-0-00033 1 9899
1990 FR940104-0-00033 2 9902 13346
amendments FR940104-0-00033 2 9903 13347
b FR940104-0-00033 29 9908 11201 11736 11742 11763 11769 11903 11909 12045 12051 12062 12068 12207 12213 12300 12306 12614 12620 13114 13333 14078 14436 14581 14609 14622 14792 14937 14952 15189
iii FR940104-0-00033 1 9917
vi FR940104-0-00033 1 9920
defined FR940104-0-00033 6 9925 10670 11170 13321 13606 14361
term FR940104-0-00033 26 9927 9984 10024 10584 10604 10844 11141 11149 11163 11168 12727 12737 13131 13155 13425 13470 13478 13506 13525 13541 13782 14294 14328 14348 14861 15115
synonyms FR940104-0-00033 4 9934 13289 13378 13387
rich FR940104-0-00033 1 9936
excellent FR940104-0-00033 1 9941
labels FR940104-0-00033 4 9949 10788 10801 10877
58 FR940104-0-00033 3 9956 10094 13218
fr FR940104-0-00033 4 9957 10095 12926 13219
2302 FR940104-0-00033 2 9958 13220
2344 FR940104-0-00033 2 9960 10096
describe FR940104-0-00033 5 9993 10032 11179 14388 14883
when FR940104-0-00033 13 9996 10035 10595 10783 10796 11169 13162 13435 13450 13974 14446 14869 14890
serving FR940104-0-00033 5 9998 10037 12829 13023 13093
19 FR940104-0-00033 1 10005
likewise FR940104-0-00033 1 10017
sufficient FR940104-0-00033 2 10061 11135
items FR940104-0-00033 1 10065
bear FR940104-0-00033 1 10067
allow FR940104-0-00033 4 10078 10850 11572 13083
selecting FR940104-0-00033 1 10085
better FR940104-0-00033 3 10089 11268 11311
recognizes FR940104-0-00033 5 10101 10235 10442 10884 14655
potassium FR940104-0-00033 1 10121
fiber FR940104-0-00033 4 10124 10322 12132 12260
qualify FR940104-0-00033 3 10126 10298 10377
confusing FR940104-0-00033 2 10157 10569
misleading FR940104-0-00033 5 10159 11261 12290 13778 14421
iom FR940104-0-00033 1 10167
report FR940104-0-00033 1 10168
6 FR940104-0-00033 3 10175 13106 13613
targeted FR940104-0-00033 1 10183
increases FR940104-0-00033 1 10186
' FR940104-0-00033 4 10188 11499 11508 13746
validity FR940104-0-00033 1 10192
alternate FR940104-0-00033 2 10206 10579
basic FR940104-0-00033 1 10210
principle FR940104-0-00033 1 10211
detail FR940104-0-00033 1 10223
document FR940104-0-00033 1 10229
furthermore FR940104-0-00033 2 10231 11599
concentrated FR940104-0-00033 1 10243
refs FR940104-0-00033 1 10254
5 FR940104-0-00033 6 10258 12378 12454 13702 14940 14955
might FR940104-0-00033 2 10274 10772
limited FR940104-0-00033 5 10277 11053 11989 12386 13790
utility FR940104-0-00033 2 10278 11054
comparing FR940104-0-00033 1 10280
among FR940104-0-00033 3 10283 11220 11621
because FR940104-0-00033 9 10290 10430 10572 12111 12418 12803 13195 13828 14740
virtually FR940104-0-00033 1 10291
entire FR940104-0-00033 2 10293 15071
class FR940104-0-00033 1 10294
useful FR940104-0-00033 5 10309 10355 10449 11067 13481
single FR940104-0-00033 3 10312 11074 14824
calcium FR940104-0-00033 2 10317 11081
biotin FR940104-0-00033 2 10319 11079
multinutrient FR940104-0-00033 1 10325
preparations FR940104-0-00033 1 10326
containing FR940104-0-00033 5 10327 11528 12685 13085 13650
generally FR940104-0-00033 3 10334 11085 14475
below FR940104-0-00033 2 10341 11092
highlighting FR940104-0-00033 2 10357 11069
herbs FR940104-0-00033 3 10363 11103 11835
similar FR940104-0-00033 9 10366 11106 11148 11167 11642 12496 13354 13826 13843
nutritional FR940104-0-00033 5 10367 11071 11107 12497 13073
reasons FR940104-0-00033 2 10390 14128
preclude FR940104-0-00033 4 10398 13465 13520 13859
agrees FR940104-0-00033 1 10410
respects FR940104-0-00033 1 10429
latter FR940104-0-00033 1 10432
supply FR940104-0-00033 2 10434 10528
part FR940104-0-00033 4 10450 10923 14733 14757
who FR940104-0-00033 4 10456 10477 10733 14408
wish FR940104-0-00033 2 10457 10478
sure FR940104-0-00033 2 10460 14413
consume FR940104-0-00033 1 10463
increase FR940104-0-00033 2 10480 11371
particular FR940104-0-00033 4 10486 12293 13968 14728
substance FR940104-0-00033 1 10487
ordinarily FR940104-0-00033 1 10493
thus FR940104-0-00033 3 10499 10606 13891
convinced FR940104-0-00033 1 10516
across FR940104-0-00033 1 10525
necessary FR940104-0-00033 3 10530 11570 14732
facilitates FR940104-0-00033 1 10533
limiting FR940104-0-00033 1 10537
public FR940104-0-00033 1 10544
must FR940104-0-00033 10 10545 10598 11441 11534 12153 12870 13319 13858 14034 14411
learn FR940104-0-00033 1 10546
interpret FR940104-0-00033 1 10548
moreover FR940104-0-00033 1 10550
difficulties FR940104-0-00033 1 10575
inherent FR940104-0-00033 2 10576 11629
learning FR940104-0-00033 1 10578
greater FR940104-0-00033 2 10589 11975
chance FR940104-0-00033 1 10590
error FR940104-0-00033 2 10592 14780
misinterpretation FR940104-0-00033 1 10594
learned FR940104-0-00033 1 10600
harm FR940104-0-00033 1 10614
reason FR940104-0-00033 4 10644 11848 13371 14151
differently FR940104-0-00033 1 10649
like FR940104-0-00033 1 10657
clarify FR940104-0-00033 1 10659
nothing FR940104-0-00033 1 10701
allowed FR940104-0-00033 3 10717 11337 14266
15. FR940104-0-00033 1 10722
want FR940104-0-00033 1 10734
truly FR940104-0-00033 1 10735
levels_that FR940104-0-00033 1 10737
exceed FR940104-0-00033 2 10742 10904
rdi_would FR940104-0-00033 1 10744
means FR940104-0-00033 4 10747 12006 12365 13673
identifying FR940104-0-00033 2 10749 13485
reading FR940104-0-00033 2 10755 11758
fine FR940104-0-00033 1 10757
print FR940104-0-00033 1 10758
back FR940104-0-00033 1 10761
each FR940104-0-00033 3 10763 10998 15196
acknowledged FR940104-0-00033 1 10769
confused FR940104-0-00033 1 10775
had FR940104-0-00033 1 10780
appears FR940104-0-00033 3 10786 10799 15168
avoid FR940104-0-00033 2 10810 13777
inconsistency FR940104-0-00033 1 10812
urged FR940104-0-00033 1 10816
prohibit FR940104-0-00033 1 10819
further FR940104-0-00033 4 10833 11030 11194 13753
potency FR940104-0-00033 4 10847 11144 11222 11341
prohibited FR940104-0-00033 1 10874
specifically FR940104-0-00033 1 10894
identify FR940104-0-00033 2 10895 13819
often FR940104-0-00033 1 10921
identity FR940104-0-00033 8 10928 11466 14468 14510 14595 14738 14875 14894
principal FR940104-0-00033 4 10954 11847 12395 12467
display FR940104-0-00033 3 10955 12396 12468
addition FR940104-0-00033 4 10959 11632 13326 14698
result FR940104-0-00033 4 10963 11802 12934 12951
format FR940104-0-00033 2 10969 11004
legible FR940104-0-00033 1 11003
consequently FR940104-0-00033 1 11006
easy FR940104-0-00033 1 11011
access FR940104-0-00033 1 11012
adjust FR940104-0-00033 1 11023
previous FR940104-0-00033 1 11036
therefore FR940104-0-00033 5 11110 12652 12717 13411 14762
precluding FR940104-0-00033 1 11115
unjustified FR940104-0-00033 1 11125
tentative FR940104-0-00033 1 11158
view FR940104-0-00033 3 11159 12602 15156
way FR940104-0-00033 2 11175 12966
see FR940104-0-00033 3 11190 11576 15186
25 FR940104-0-00033 1 11192
discussion FR940104-0-00033 2 11195 14998
16. FR940104-0-00033 1 11206
misled FR940104-0-00033 1 11214
comparative FR940104-0-00033 1 11216
vitamin/mineral FR940104-0-00033 1 11223
b6 FR940104-0-00033 5 11240 11493 11503 11518 11533
tablets FR940104-0-00033 7 11241 12703 14547 14577 14643 14673 14773
claimed FR940104-0-00033 4 11242 14590 14601 14633
contained FR940104-0-00033 1 11245
competitive FR940104-0-00033 1 11251
then FR940104-0-00033 2 11255 11314
get FR940104-0-00033 1 11259
impression FR940104-0-00033 1 11262
former FR940104-0-00033 1 11265
customers FR940104-0-00033 1 11275
shop FR940104-0-00033 1 11276
able FR940104-0-00033 2 11283 12993
readily FR940104-0-00033 3 11285 11575 14055
observe FR940104-0-00033 1 11286
potent FR940104-0-00033 1 11292
another FR940104-0-00033 6 11294 11303 11385 11892 12364 14827
suggesting FR940104-0-00033 1 11298
superiority FR940104-0-00033 1 11299
over FR940104-0-00033 1 11302
resulted FR940104-0-00033 1 11309
sales FR940104-0-00033 1 11312
horsepower FR940104-0-00033 3 11317 11608 11689
race FR940104-0-00033 1 11318
ensue FR940104-0-00033 1 11321
already FR940104-0-00033 1 11346
meets FR940104-0-00033 2 11347 13727
exceeds FR940104-0-00033 1 11349
possibility FR940104-0-00033 1 11364
choose FR940104-0-00033 1 11369
potencies FR940104-0-00033 1 11372
order FR940104-0-00033 1 11374
comparison FR940104-0-00033 1 11383
limitation FR940104-0-00033 1 11394
warranted FR940104-0-00033 2 11400 13513
points FR940104-0-00033 3 11407 14311 14708
out FR940104-0-00033 4 11408 14312 14541 14709
megadoses FR940104-0-00033 1 11428
cited FR940104-0-00033 1 11436
include FR940104-0-00033 4 11442 13353 14217 14427
following FR940104-0-00033 6 11444 11953 12359 12406 12475 14219
: FR940104-0-00033 3 11446 13596 14220
fraction FR940104-0-00033 1 11451
increased FR940104-0-00033 2 11457 13663
relative FR940104-0-00033 1 11458
per FR940104-0-00033 5 11494 12828 12878 12888 13091
tablet FR940104-0-00033 3 11495 14637 14746
`x FR940104-0-00033 2 11498 11507
250 FR940104-0-00033 1 11510
mg. FR940104-0-00033 1 11511
300 FR940104-0-00033 2 11515 11529
1500 FR940104-0-00033 1 11540
considerable FR940104-0-00033 1 11564
fits FR940104-0-00033 1 11592
into FR940104-0-00033 3 11593 13964 14979
total FR940104-0-00033 3 11595 13017 13038
concern FR940104-0-00033 1 11605
races FR940104-0-00033 2 11609 11690
stems FR940104-0-00033 1 11614
concerns FR940104-0-00033 3 11616 11628 11643
unfair FR940104-0-00033 1 11619
marketing FR940104-0-00033 1 11620
safety FR940104-0-00033 2 11627 11721
very FR940104-0-00033 2 11634 13239
led FR940104-0-00033 1 11650
establishment FR940104-0-00033 1 11653
fortification FR940104-0-00033 1 11657
policy FR940104-0-00033 3 11658 11662 12901
1980. FR940104-0-00033 1 11660
ยง104.20 FR940104-0-00033 1 11667
force FR940104-0-00033 1 11673
regulation FR940104-0-00033 3 11676 13323 15111
widespread FR940104-0-00033 1 11687
urges FR940104-0-00033 1 11698
industry FR940104-0-00033 3 11699 11702 11875
particularly FR940104-0-00033 1 11701
associations FR940104-0-00033 1 11703
develop FR940104-0-00033 1 11706
monitor FR940104-0-00033 1 11713
compliance FR940104-0-00033 2 11714 12190
minimize FR940104-0-00033 1 11719
problems FR940104-0-00033 1 11722
c. FR940104-0-00033 3 11724 14062 14562
restrictions FR940104-0-00033 1 11725
411 FR940104-0-00033 11 11734 11761 11882 11901 12043 12060 12205 12298 12510 12612 12657
17. FR940104-0-00033 1 11747
trade FR940104-0-00033 1 11752
association FR940104-0-00033 1 11753
literal FR940104-0-00033 1 11757
prohibits FR940104-0-00033 2 11774 11920
giving FR940104-0-00033 4 11775 11921 12367 12442
prominence FR940104-0-00033 8 11776 11922 12089 12339 12343 12368 12422 12443
ingredients FR940104-0-00033 11 11788 11865 11927 12013 12093 12120 12327 13670 14102 14247 14254
prohibitions FR940104-0-00033 1 11801
withholding FR940104-0-00033 1 11805
interest FR940104-0-00033 1 11811
increasingly FR940104-0-00033 2 11819 13215
common FR940104-0-00033 1 11820
market FR940104-0-00033 1 11824
offer FR940104-0-00033 1 11827
combination FR940104-0-00033 1 11829
purchase FR940104-0-00033 1 11851
invited FR940104-0-00033 1 11869
join FR940104-0-00033 1 11872
seeking FR940104-0-00033 1 11877
amendment FR940104-0-00033 1 11879
remedy FR940104-0-00033 1 11888
problem FR940104-0-00033 2 11890 15200
disagreed FR940104-0-00033 1 11894
interpretation FR940104-0-00033 1 11898
merely FR940104-0-00033 1 11919
emphasis FR940104-0-00033 1 11924
appear FR940104-0-00033 1 11949
immediately FR940104-0-00033 4 11952 12358 12405 12474
providing FR940104-0-00033 1 11958
being FR940104-0-00033 1 11970
presented FR940104-0-00033 1 11971
type FR940104-0-00033 6 11973 12350 13992 14109 14821 14828
size FR940104-0-00033 2 11974 12351
declarations FR940104-0-00033 1 11990
conflict FR940104-0-00033 1 11993
provisions FR940104-0-00033 3 11996 12196 14051
fair FR940104-0-00033 1 12003
reasonable FR940104-0-00033 1 12005
communicating FR940104-0-00033 1 12008
presence FR940104-0-00033 3 12011 12808 13206
added FR940104-0-00033 25 12016 12240 12557 13428 13473 13509 13528 13575 13581 13589 13631 13634 13651 13785 13800 13813 13834 13874 13888 13909 13920 13936 13945 14618 14691
sections FR940104-0-00033 1 12036
relating FR940104-0-00033 1 12040
advertising FR940104-0-00033 2 12078 12318
give FR940104-0-00033 2 12088 12421
emphasize FR940104-0-00033 1 12092
represented FR940104-0-00033 1 12102
protein FR940104-0-00033 5 12137 12233 12237 12251 12480
pertains FR940104-0-00033 1 12159
herbal FR940104-0-00033 3 12175 12186 12487
extract FR940104-0-00033 2 12176 12187
includes FR940104-0-00033 2 12177 14996
labeled FR940104-0-00033 3 12183 12246 13092
ยง101.9 FR940104-0-00033 2 12192 13608
applicable FR940104-0-00033 2 12195 14189
advertised FR940104-0-00033 2 12200 12248
true FR940104-0-00033 1 12225
primarily FR940104-0-00033 1 12231
permissible FR940104-0-00033 1 12265
long FR940104-0-00033 2 12267 12500
false FR940104-0-00033 2 12288 14419
makes FR940104-0-00033 1 12311
clear FR940104-0-00033 1 12312
given FR940104-0-00033 1 12338
interprets FR940104-0-00033 1 12342
function FR940104-0-00033 1 12348
declaring FR940104-0-00033 1 12353
g FR940104-0-00033 10 12379 12455 12689 12714 12823 12875 12885 13031 13089 13097
psyllium FR940104-0-00033 3 12380 12432 12456
except FR940104-0-00033 3 12383 14325 14345
extremely FR940104-0-00033 1 12385
circumstances FR940104-0-00033 1 12387
placements FR940104-0-00033 1 12420
declaration FR940104-0-00033 1 12430
construed FR940104-0-00033 1 12440
declared FR940104-0-00033 3 12460 14036 14113
extracts FR940104-0-00033 1 12488
so FR940104-0-00033 2 12499 14457
advises FR940104-0-00033 4 12516 13805 14678 14858
sugar FR940104-0-00033 35 12520 12538 12558 12566 12667 12739 12778 12786 12794 12811 12863 12945 12999 13133 13254 13269 13277 13285 13292 13381 13395 13429 13442 13489 13510 13529 13576 13582 13588 13756 13786 13814 13921 13946 14001
actually FR940104-0-00033 1 12539
restricted FR940104-0-00033 1 12547
sugarfree FR940104-0-00033 4 12552 12678 12729 12801
absence FR940104-0-00033 5 12561 13142 13393 13934 14097
assert FR940104-0-00033 1 12564
types FR940104-0-00033 1 12596
written FR940104-0-00033 1 12627
sufficiently FR940104-0-00033 1 12630
flexible FR940104-0-00033 1 12631
accommodate FR940104-0-00033 1 12633
unnecessary FR940104-0-00033 1 12653
amend FR940104-0-00033 1 12655
2. FR940104-0-00033 1 12662
18. FR940104-0-00033 1 12669
appropriateness FR940104-0-00033 1 12674
less FR940104-0-00033 7 12686 12707 12825 12872 12882 13028 13086
0.5 FR940104-0-00033 7 12688 12713 12822 12874 12884 13030 13088
sugars FR940104-0-00033 31 12691 12723 12753 12764 12827 12837 12877 12887 12956 12986 13020 13090 13099 13144 13456 13474 13603 13624 13632 13652 13658 13698 13801 13835 13870 13882 13889 13904 13937 14025 14060
come FR940104-0-00033 2 12699 15150
capsules FR940104-0-00033 2 12701 14675
weigh FR940104-0-00033 1 12705
slightly FR940104-0-00033 1 12706
much FR940104-0-00033 2 12710 12749
mostly FR940104-0-00033 1 12722
lower FR940104-0-00033 1 12750
totally FR940104-0-00033 1 12761
devoid FR940104-0-00033 2 12762 15035
negligible FR940104-0-00033 2 12775 13266
dietarily FR940104-0-00033 2 12782 13273
insignificant FR940104-0-00033 3 12783 13274 14046
trivial FR940104-0-00033 5 12791 13171 13240 13282 13404
synonymous FR940104-0-00033 1 12798
connote FR940104-0-00033 1 12806
inappropriate FR940104-0-00033 3 12832 13288 13377
insignificance FR940104-0-00033 2 12835 13236
101.60 FR940104-0-00033 2 12843 13562
near FR940104-0-00033 2 12910 13188
limit FR940104-0-00033 2 12913 13191
detection FR940104-0-00033 1 12915
dietetically FR940104-0-00033 3 12922 13170 13403
inconsequential FR940104-0-00033 3 12923 13043 13174
56 FR940104-0-00033 1 12925
60421 FR940104-0-00033 1 12927
60432 FR940104-0-00033 1 12929
even FR940104-0-00033 4 12936 13010 13177 14397
frequent FR940104-0-00033 1 12937
consumption FR940104-0-00033 1 12938
bearing FR940104-0-00033 1 12942
affect FR940104-0-00033 1 12959
overall FR940104-0-00033 1 12961
meaningful FR940104-0-00033 1 12965
situations FR940104-0-00033 1 12974
proportion FR940104-0-00033 1 12984
weight FR940104-0-00033 1 12989
instances FR940104-0-00033 1 13013
net FR940104-0-00033 1 13034
contribution FR940104-0-00033 1 13035
correspond FR940104-0-00033 1 13055
serves FR940104-0-00033 1 13062
concerning FR940104-0-00033 2 13071 13932
regulations FR940104-0-00033 3 13082 13351 15128
0 FR940104-0-00033 1 13096
ยงยง101.9 FR940104-0-00033 1 13101
ii FR940104-0-00033 2 13109 13616
101.36 FR940104-0-00033 1 13112
rejects FR940104-0-00033 2 13122 13415
suggestion FR940104-0-00033 1 13124
where FR940104-0-00033 2 13137 13868
absolute FR940104-0-00033 2 13141 13392
physiologically FR940104-0-00033 1 13173
though FR940104-0-00033 1 13178
quantitation FR940104-0-00033 1 13193
modern FR940104-0-00033 1 13197
analytical FR940104-0-00033 1 13198
methods FR940104-0-00033 1 13199
quantified FR940104-0-00033 1 13212
becoming FR940104-0-00033 1 13214
smaller FR940104-0-00033 1 13216
2320 FR940104-0-00033 1 13222
focus FR940104-0-00033 1 13233
impact FR940104-0-00033 1 13244
purpose FR940104-0-00033 2 13250 13808
ix FR940104-0-00033 1 13342
commonly FR940104-0-00033 1 13356
understood FR940104-0-00033 1 13357
why FR940104-0-00033 1 13372
convey FR940104-0-00033 1 13390
reflect FR940104-0-00033 1 13398
significance FR940104-0-00033 1 13409
19. FR940104-0-00033 1 13419
expected FR940104-0-00033 4 13439 13453 13797 13998
know FR940104-0-00033 2 13449 13990
review FR940104-0-00033 1 13497
conditions FR940104-0-00033 1 13500
propose FR940104-0-00033 1 13518
children FR940104-0-00033 1 13551
chewable FR940104-0-00033 1 13553
frequently FR940104-0-00033 1 13558
sweetened FR940104-0-00033 1 13559
functionally FR940104-0-00033 2 13628 13884
during FR940104-0-00033 1 13635
processing FR940104-0-00033 1 13636
packaging FR940104-0-00033 1 13638
enzymes FR940104-0-00033 1 13679
resembles FR940104-0-00033 1 13688
normally FR940104-0-00033 5 13694 13838 13873 13907 13943
formulated FR940104-0-00033 1 13696
bears FR940104-0-00033 1 13706
low FR940104-0-00033 2 13715 13733
calorie FR940104-0-00033 4 13716 13720 13738 13758
reduced FR940104-0-00033 2 13721 13737
unless FR940104-0-00033 3 13724 14375 14484
directs FR940104-0-00033 1 13744
attention FR940104-0-00033 1 13747
case FR940104-0-00033 1 13764
differs FR940104-0-00033 1 13823
practical FR940104-0-00033 1 13852
benefit FR940104-0-00033 1 13853
replaced FR940104-0-00033 1 13876
substitute FR940104-0-00033 1 13885
precludes FR940104-0-00033 1 13913
adults FR940104-0-00033 1 13957
thinking FR940104-0-00033 1 13965
compared FR940104-0-00033 1 13975
brands FR940104-0-00033 1 13978
every FR940104-0-00033 1 13991
specifies FR940104-0-00033 2 14023 14902
ascertain FR940104-0-00033 1 14056
1. FR940104-0-00033 1 14067
101.65 FR940104-0-00033 1 14076
intended FR940104-0-00033 2 14122 14881
facilitate FR940104-0-00033 1 14124
avoidance FR940104-0-00033 1 14125
intolerance FR940104-0-00033 1 14131
lactose FR940104-0-00033 1 14135
religious FR940104-0-00033 1 14139
beliefs FR940104-0-00033 1 14140
practices FR940104-0-00033 1 14143
vegetarianism FR940104-0-00033 1 14146
nonnutrition FR940104-0-00033 1 14149
related FR940104-0-00033 1 14150
milk FR940104-0-00033 2 14159 14236
tentatively FR940104-0-00033 1 14183
paragraph FR940104-0-00033 1 14187
examples FR940104-0-00033 2 14198 14211
20. FR940104-0-00033 1 14206
category FR940104-0-00033 1 14216
gluten FR940104-0-00033 1 14221
wheat FR940104-0-00033 1 14224
corn FR940104-0-00033 1 14227
yeast FR940104-0-00033 1 14230
starch FR940104-0-00033 1 14233
egg FR940104-0-00033 3 14239 14284 14296
soy FR940104-0-00033 1 14242
artificial FR940104-0-00033 2 14246 14323
nonirradiated FR940104-0-00033 1 14249
synthetic FR940104-0-00033 2 14253 14343
confirm FR940104-0-00033 1 14261
none FR940104-0-00033 1 14271
were FR940104-0-00033 1 14276
submitted FR940104-0-00033 1 14277
interpreted FR940104-0-00033 1 14301
cholesterol FR940104-0-00033 1 14307
applies FR940104-0-00033 2 14329 14349
flavors FR940104-0-00033 2 14331 14351
colors FR940104-0-00033 2 14333 14353
similarly FR940104-0-00033 1 14335
context FR940104-0-00033 3 14381 14490 15068
explicitly FR940104-0-00033 2 14385 15123
implicitly FR940104-0-00033 1 14387
21. FR940104-0-00033 1 14423
coverage FR940104-0-00033 1 14432
constitutes FR940104-0-00033 2 14449 14519
essentially FR940104-0-00033 2 14450 14520
name FR940104-0-00033 4 14460 14471 14760 15047
absent FR940104-0-00033 1 14497
60 FR940104-0-00033 5 14529 14543 14640 14647 14770
mg_vitamin FR940104-0-00033 2 14530 14641
pointed FR940104-0-00033 1 14540
excipients FR940104-0-00033 2 14549 14683
fillers FR940104-0-00033 1 14551
binders FR940104-0-00033 2 14553 14685
lubricants FR940104-0-00033 2 14555 14687
disintegrants FR940104-0-00033 2 14557 14690
requires FR940104-0-00033 1 14586
refers FR940104-0-00033 1 14630
stating FR940104-0-00033 1 14638
precisely FR940104-0-00033 1 14662
small FR940104-0-00033 1 14680
technological FR940104-0-00033 1 14693
purposes FR940104-0-00033 1 14694
allowable FR940104-0-00033 1 14696
ยง101.3 FR940104-0-00033 1 14712
marketed FR940104-0-00033 2 14721 14744
optional FR940104-0-00033 1 14724
forms FR940104-0-00033 1 14725
capsule FR940104-0-00033 1 14748
liquid FR940104-0-00033 1 14751
called FR940104-0-00033 1 14768
mgvitamin FR940104-0-00033 1 14771
regard FR940104-0-00033 1 14783
correction FR940104-0-00033 1 14800
22. FR940104-0-00033 1 14802
unusual FR940104-0-00033 1 14810
multiplevitamins FR940104-0-00033 1 14833
iron FR940104-0-00033 10 14835 14845 14866 14899 14906 14918 14995 15003 15014 15029
confirmation FR940104-0-00033 1 14841
represent FR940104-0-00033 1 14849
nature FR940104-0-00033 1 14885
simply FR940104-0-00033 1 14895
multivitamin FR940104-0-00033 3 14914 14993 15023
15 FR940104-0-00033 1 14916
fall FR940104-0-00033 1 14933
cases FR940104-0-00033 1 14961
effect FR940104-0-00033 1 14974
making FR940104-0-00033 1 14976
unlikely FR940104-0-00033 1 15043
evaluate FR940104-0-00033 1 15059
casebycase FR940104-0-00033 1 15064
determine FR940104-0-00033 1 15076
23. FR940104-0-00033 1 15084
failed FR940104-0-00033 1 15090
address FR940104-0-00033 1 15092
antioxidants FR940104-0-00033 3 15102 15119 15216
within FR940104-0-00033 1 15105
scope FR940104-0-00033 1 15107
antioxidant FR940104-0-00033 1 15197
logical FR940104-0-00033 1 15223
place FR940104-0-00033 1 15224
