pcbs FR941206-1-00134 36 126289 126395 126457 126681 126707 126799 126853 126869 126961 126984 127132 127167 127330 127384 127512 127519 127530 127571 127596 127615 127625 127678 127701 127713 127723 127755 127760 127771 127791 127838 128030 128202 129047 129107 129987 130021
, FR941206-1-00134 232 126290 126303 126307 126356 126364 126378 126396 126425 126431 126500 126511 126517 126550 126565 126625 126659 126700 126716 126733 126744 126750 126752 126763 126783 126785 126813 126855 126863 126870 126912 126947 126957 126971 126972 127003 127005 127013 127024 127027 127029 127031 127039 127047 127049 127052 127054 127066 127070 127075 127080 127083 127147 127177 127193 127279 127325 127327 127345 127346 127353 127358 127367 127407 127410 127418 127420 127457 127473 127484 127491 127535 127549 127559 127584 127608 127610 127616 127672 127674 127697 127724 127726 127730 127758 127805 127811 127881 127885 127893 127935 127936 127953 127967 127974 128009 128020 128022 128032 128058 128062 128071 128106 128137 128146 128188 128237 128249 128294 128317 128320 128356 128440 128475 128503 128517 128592 128625 128626 128628 128670 128707 128718 128720 128722 128724 128727 128732 128735 128782 128784 128787 128815 128820 128838 128874 128878 128919 128947 128950 128964 128986 129030 129035 129039 129041 129051 129066 129122 129143 129173 129191 129236 129250 129260 129268 129305 129311 129337 129360 129392 129398 129403 129410 129437 129439 129443 129445 129489 129495 129505 129521 129528 129530 129532 129551 129553 129555 129562 129589 129592 129594 129597 129605 129610 129616 129623 129628 129662 129664 129666 129683 129690 129697 129704 129736 129756 129759 129761 129772 129774 129776 129780 129782 129794 129796 129798 129814 129816 129824 129826 129828 129878 129893 129896 129918 129920 129922 129946 129950 129954 129993 129998 130001 130012 130017 130029 130051 130069 130098 130102 130110 130121
supelco FR941206-1-00134 13 126291 126336 126397 126589 126658 126673 126743 126748 126796 126841 126877 126899 129822
proposes FR941206-1-00134 6 126292 126398 126670 126793 127317 128563
to FR941206-1-00134 110 126293 126387 126392 126399 126518 126541 126558 126572 126612 126640 126657 126671 126679 126702 126789 126794 126815 126830 126845 126848 126857 126901 126903 126921 126931 126938 126955 126980 127108 127113 127151 127247 127251 127318 127380 127382 127397 127497 127510 127517 127542 127550 127561 127575 127670 127747 127750 127816 127824 127865 127867 127887 127897 127904 127975 128011 128043 128052 128065 128075 128081 128108 128111 128167 128174 128182 128195 128200 128224 128413 128417 128455 128464 128546 128564 128585 128644 128686 128745 128832 128856 128865 128892 128908 128932 128995 129090 129103 129134 129166 129213 129217 129241 129275 129322 129368 129386 129544 129633 129652 129729 129847 129865 129874 129932 129988 130037 130073 130088 130143
use FR941206-1-00134 4 126294 126400 126683 127044
a FR941206-1-00134 46 126295 126360 126415 126462 126560 126603 126637 126887 126913 126995 127101 127275 127741 127831 127851 127882 127939 127969 127997 128197 128221 128593 128674 128689 128713 128882 128894 128899 128952 128957 128973 128977 128990 129016 129140 129198 129283 129288 129341 129486 129492 129841 129937 130027 130030 130049
modified FR941206-1-00134 1 126296
gombergbachmann FR941206-1-00134 1 126297
reaction FR941206-1-00134 3 126298 126363 126402
. FR941206-1-00134 126 126299 126316 126324 126335 126391 126409 126453 126530 126588 126661 126663 126668 126696 126730 126754 126772 126791 126820 126879 126897 126944 126962 126969 126992 127015 127034 127059 127092 127100 127102 127105 127121 127137 127159 127180 127210 127225 127241 127260 127269 127295 127308 127310 127315 127331 127348 127392 127431 127470 127502 127524 127582 127630 127655 127736 127756 127784 127843 127861 127910 127925 127933 127961 127996 127998 128000 128048 128087 128128 128173 128216 128241 128278 128332 128341 128402 128404 128407 128443 128468 128501 128531 128554 128556 128561 128574 128608 128663 128830 128859 128905 128983 129006 129048 129108 129120 129160 129188 129205 129248 129294 129331 129375 129419 129421 129459 129485 129535 129578 129602 129606 129621 129670 129743 129763 129784 129800 129818 129830 129898 129924 130022 130046 130083 130153 130162
an FR941206-1-00134 18 126300 126304 126644 126674 126774 126977 127378 127821 127825 128681 128695 128763 129079 129085 129130 129136 129186 129243
aromatic FR941206-1-00134 1 126301
amine FR941206-1-00134 1 126302
organic FR941206-1-00134 2 126305 126616
nitrite FR941206-1-00134 1 126306
and FR941206-1-00134 110 126308 126379 126424 126445 126486 126532 126551 126576 126606 126614 126643 126689 126735 126786 126805 126856 126871 126891 126949 126959 126982 126990 127006 127032 127071 127084 127088 127148 127194 127217 127256 127289 127328 127359 127421 127445 127451 127546 127602 127611 127648 127719 127766 127776 127797 127812 127819 127855 127913 127921 127977 127994 128019 128045 128079 128119 128123 128154 128163 128284 128304 128327 128369 128384 128390 128419 128487 128512 128597 128641 128651 128656 128710 128794 128851 129018 129024 129042 129095 129111 129237 129320 129361 129405 129411 129413 129431 129446 129556 129599 129618 129668 129711 129718 129725 129738 129769 129778 129792 129849 129864 129867 129955 129991 130010 130039 130106 130117 130125 130132
excess FR941206-1-00134 4 126309 126429 126801 127793
substrate FR941206-1-00134 2 126310 126323
are FR941206-1-00134 15 126311 126343 126350 126370 126382 126412 127018 127094 127233 127416 127455 127590 127732 127761 128890
heated FR941206-1-00134 2 126312 126413
for FR941206-1-00134 47 126313 126418 126470 126620 126676 126682 126687 126760 126866 126988 127043 127055 127097 127155 127323 127338 127388 127508 127555 127600 127646 127668 127704 127743 127754 127968 127981 128338 128348 128423 128569 128886 128999 129106 129139 129245 129349 129354 129362 129379 129395 129466 129498 129548 129614 129648 129844
several FR941206-1-00134 2 126314 126419
hours FR941206-1-00134 3 126315 126420 129389
distillation FR941206-1-00134 1 126317
under FR941206-1-00134 11 126318 126691 126875 127448 127839 127876 128617 128664 129052 129332 130055
vacuum FR941206-1-00134 1 126319
removes FR941206-1-00134 1 126320
the FR941206-1-00134 169 126321 126333 126338 126341 126347 126357 126365 126380 126410 126432 126454 126471 126483 126525 126542 126581 126585 126598 126626 126641 126703 126714 126742 126764 126803 126824 126831 126850 126859 126864 126868 126876 126893 126909 126932 126935 126939 127021 127025 127122 127152 127156 127182 127211 127252 127284 127320 127336 127354 127360 127398 127413 127424 127433 127479 127500 127503 127521 127529 127536 127544 127552 127565 127593 127606 127614 127620 127624 127640 127660 127686 127705 127715 127795 127828 127834 127840 127857 127873 127877 127888 127905 127908 127942 127952 128005 128012 128025 128033 128046 128050 128076 128082 128115 128204 128213 128245 128255 128261 128269 128273 128282 128289 128302 128323 128361 128439 128458 128472 128504 128533 128537 128629 128634 128647 128657 128660 128671 128699 128716 128725 128777 128792 128816 128822 128866 128871 128915 128926 128939 128943 128996 129002 129037 129093 129116 129150 129154 129167 129178 129203 129215 129224 129229 129299 129313 129316 129407 129415 129427 129467 129470 129501 129536 129542 129545 129571 129645 129835 129838 129928 129984 130006 130052 130056 130062 130074 130077 130084
remaining FR941206-1-00134 1 126322
column FR941206-1-00134 1 126325
chromatography FR941206-1-00134 3 126326 126331 126369
and/or FR941206-1-00134 1 126327
high FR941206-1-00134 4 126328 126438 126446 127040
pressure FR941206-1-00134 1 126329
liquid FR941206-1-00134 1 126330
yields FR941206-1-00134 2 126332 126381
product FR941206-1-00134 2 126334 126434
asserts FR941206-1-00134 2 126337 127271
merits FR941206-1-00134 1 126339
of FR941206-1-00134 111 126340 126346 126403 126428 126456 126473 126527 126562 126584 126628 126632 126647 126706 126802 126852 126861 126934 126997 127117 127131 127286 127350 127364 127400 127435 127481 127569 127595 127613 127623 127642 127689 127695 127707 127717 127722 127774 127794 127836 127907 127917 127944 127971 128015 128024 128029 128035 128054 128068 128097 128101 128117 128143 128160 128170 128178 128185 128192 128247 128268 128288 128306 128350 128365 128377 128388 128492 128513 128539 128543 128571 128649 128659 128701 128715 128780 128796 128812 128834 128902 128914 128925 128960 128980 128992 129001 129022 129046 129064 129088 129207 129232 129291 129303 129315 129318 129351 129382 129417 129426 129469 129573 129580 129790 129861 129969 129986 130008 130020 130076 130136
method FR941206-1-00134 4 126342 127086 128199 128461
that FR941206-1-00134 45 126344 126466 126591 126699 127125 127168 127229 127272 127370 127412 127460 127478 127572 127587 127659 127989 128008 128061 128090 128140 128208 128225 128244 128281 128311 128344 128357 128431 128457 128479 128507 128515 128577 128683 128843 128889 128922 128942 128967 129077 129096 129127 129271 129277 129479
most FR941206-1-00134 1 126345
starting FR941206-1-00134 1 126348
materials FR941206-1-00134 2 126349 126529
readily FR941206-1-00134 1 126351
available FR941206-1-00134 2 126352 129497
from FR941206-1-00134 16 126353 126797 127300 127376 127402 127466 127567 127789 127986 128203 128428 128450 128484 129070 129194 129513
commercial FR941206-1-00134 2 126354 127770
sources FR941206-1-00134 2 126355 129402
synthesis FR941206-1-00134 2 126358 126455
is FR941206-1-00134 20 126359 126435 126994 127439 127526 128276 128462 128637 128684 128846 128852 128988 129273 129384 129496 129539 129631 129980 130025 130065
simple FR941206-1-00134 1 126361
onestep FR941206-1-00134 1 126362
final FR941206-1-00134 4 126366 126433 128936 129575
products FR941206-1-00134 1 126367
following FR941206-1-00134 3 126368 129537 129839
sufficiently FR941206-1-00134 1 126371
pure FR941206-1-00134 3 126372 127744 127759
( FR941206-1-00134 89 126373 126385 126440 126448 126490 126547 126609 126693 126811 126966 127692 127803 127930 127956 128232 128352 128621 128653 128667 128691 128742 128753 128772 128801 128870 128911 129009 129012 129015 129019 129055 129058 129061 129441 129509 129524 129569 129677 129680 129684 129687 129691 129694 129698 129701 129705 129708 129712 129715 129722 129726 129745 129751 129764 129785 129802 129808 129819 129832 129886 129899 129906 129912 129925 129936 129940 129943 129947 129951 129956 129959 129963 129966 129995 130014 130092 130095 130099 130103 130107 130111 130114 130118 130122 130126 130129 130133 130145 130150
> FR941206-1-00134 3 126374 126441 126449
97 FR941206-1-00134 1 126375
percent FR941206-1-00134 5 126376 126389 126443 126451 128520
) FR941206-1-00134 89 126377 126390 126444 126452 126493 126549 126611 126695 126819 126968 127694 127810 127932 127960 128240 128354 128627 128655 128669 128693 128751 128755 128774 128803 128873 128913 129011 129014 129017 129021 129057 129060 129063 129451 129512 129534 129577 129679 129682 129686 129689 129693 129696 129700 129703 129707 129710 129714 129717 129724 129728 129747 129753 129766 129787 129804 129810 129821 129834 129888 129901 129908 129914 129927 129938 129942 129945 129949 129953 129958 129961 129965 129968 129997 130016 130094 130097 130101 130105 130109 130113 130116 130120 130124 130128 130131 130135 130147 130152
relatively FR941206-1-00134 2 126383 128026
good FR941206-1-00134 7 126384 126765 127661 128179 128328 128370 129100
30 FR941206-1-00134 1 126386
35 FR941206-1-00134 1 126388
produce FR941206-1-00134 3 126393 126613 127140
symmetrical FR941206-1-00134 1 126394
replacement FR941206-1-00134 1 126401
biphenylsulfonic FR941206-1-00134 1 126404
acid FR941206-1-00134 1 126405
with FR941206-1-00134 14 126406 126482 126521 127008 127221 127235 127291 127487 127636 127685 128315 128541 128762 129491
carbon FR941206-1-00134 1 126407
tetrachloride FR941206-1-00134 1 126408
reactants FR941206-1-00134 1 126411
in FR941206-1-00134 77 126414 126437 126461 126480 126507 126524 126534 126602 126654 126684 126713 126800 126808 126985 127001 127011 127020 127144 127172 127189 127206 127219 127283 127385 127423 127579 127592 127597 127679 127714 127727 127763 127792 127800 127827 127833 127915 127919 127951 127979 128003 128226 128286 128345 128393 128408 128421 128438 128471 128532 128583 128595 128604 128688 128826 128984 129044 129084 129158 129189 129219 129433 129448 129478 129500 129518 129541 129558 129582 129672 129740 129851 129934 129983 130005 130047 130090
parr FR941206-1-00134 1 126416
reactor FR941206-1-00134 1 126417
at FR941206-1-00134 9 126421 126495 126545 126741 126747 126836 126926 127899 129567
250 FR941206-1-00134 1 126422
c FR941206-1-00134 8 126423 128555 129678 129685 129692 129746 129941 130093
after FR941206-1-00134 1 126426
removal FR941206-1-00134 1 126427
solvent FR941206-1-00134 2 126430 127209
obtained FR941206-1-00134 1 126436
purity FR941206-1-00134 2 126439 127041
98 FR941206-1-00134 1 126442
yield FR941206-1-00134 1 126447
80 FR941206-1-00134 1 126450
would FR941206-1-00134 34 126458 126504 126537 126555 126568 126578 126635 126718 126738 126776 126827 126842 126881 126919 127133 127303 127374 127464 127492 127633 127665 127786 127813 127845 128084 128209 128258 128359 129067 129081 129163 129175 129200 129255
be FR941206-1-00134 36 126459 126505 126538 126556 126570 126636 126719 126739 126828 126843 126922 127134 127170 127186 127215 127248 127264 127304 127634 127666 127740 127748 127787 127814 127895 128085 128094 128151 128165 128210 129634 129973 129989 130035 130042 130140
conducted FR941206-1-00134 3 126460 126539 127441
controlled FR941206-1-00134 3 126463 127362 127449
access FR941206-1-00134 2 126464 128064
laboratory FR941206-1-00134 5 126465 126624 127098 127628 127752
has FR941206-1-00134 12 126467 126594 127274 127333 127657 128445 128551 128579 128840 129339 129452 129461
been FR941206-1-00134 11 126468 126595 127991 128313 128381 128400 128433 128841 129453 129859 129883
constructed FR941206-1-00134 1 126469
preparation FR941206-1-00134 1 126472
hazardous FR941206-1-00134 3 126474 126528 129590
chemicals FR941206-1-00134 2 126475 127042
by FR941206-1-00134 24 126476 126708 126724 126779 126895 126916 126924 127045 127174 127442 127626 127859 128373 128589 128646 128768 129223 129328 129347 129373 129674 129719 130067 130081
specially FR941206-1-00134 1 126477
trained FR941206-1-00134 6 126478 126523 126709 127277 127444 127627
personnel FR941206-1-00134 4 126479 126522 126710 127629
compliance FR941206-1-00134 1 126481
occupational FR941206-1-00134 1 126484
safety FR941206-1-00134 2 126485 128731
health FR941206-1-00134 9 126487 126782 127498 127563 127718 127765 128044 128729 129091
administration FR941206-1-00134 2 126488 129005
's FR941206-1-00134 12 126489 126492 126622 126630 127404 128228 128363 128395 128535 128567 128818 129026
osha FR941206-1-00134 1 126491
requirements FR941206-1-00134 6 126494 127224 128612 128658 129155 129601
29 FR941206-1-00134 1 126496
cfr FR941206-1-00134 6 126497 126838 128234 129032 129584 129625
part FR941206-1-00134 8 126498 126839 128235 128275 129033 129585 129639 129649
1910 FR941206-1-00134 1 126499
subpart FR941206-1-00134 2 126501 128238
z. FR941206-1-00134 1 126502
standards FR941206-1-00134 16 126503 126762 127062 127112 127120 127165 127184 127213 127290 127302 127340 127438 127483 127703 127746 129791
distributed FR941206-1-00134 2 126506 129992
sealed FR941206-1-00134 2 126508 127188
glass FR941206-1-00134 1 126509
ampules FR941206-1-00134 1 126510
no FR941206-1-00134 11 126512 126720 126756 127371 127461 127733 128040 128132 128324 128366 129981
larger FR941206-1-00134 1 126513
than FR941206-1-00134 8 126514 126650 127128 127198 127515 127807 128494 128548
5 FR941206-1-00134 5 126515 128875 129695 129786 130108
milliliters FR941206-1-00134 1 126516
analytical FR941206-1-00134 8 126519 126761 126787 127111 127339 127437 127644 127745
laboratories FR941206-1-00134 7 126520 126965 126975 127010 127179 127409 129917
handling FR941206-1-00134 7 126526 126705 126867 127545 127622 127837 128523
processing FR941206-1-00134 10 126531 126553 126734 127912 128283 129040 129444 129554 129737 130009
distribution FR941206-1-00134 10 126533 126566 126736 127547 127914 128285 129043 129447 129557 129739
commerce FR941206-1-00134 10 126535 127916 127980 128287 128422 129045 129449 129559 129741 129852
activities FR941206-1-00134 13 126536 126554 126567 126737 126862 126907 127548 127871 128116 129220 129235 129247 130053
pursuant FR941206-1-00134 7 126540 126937 127886 128831 128864 128907 130142
class FR941206-1-00134 4 126543 126586 128336 129842
exemption FR941206-1-00134 39 126544 126587 126634 126675 126727 126775 126878 126889 126936 126978 127379 127469 127509 127822 127842 127853 127880 127909 127946 127963 128007 128057 128337 128355 128416 128573 128588 128607 129080 129137 129187 129358 129370 129843 129930 130032 130058 130079 130086
761.80 FR941206-1-00134 4 126546 126692 129673 129734
g FR941206-1-00134 3 126548 127201 128239
although FR941206-1-00134 2 126552 128129
expected FR941206-1-00134 2 126557 126571
reach FR941206-1-00134 1 126559
maximum FR941206-1-00134 1 126561
150 FR941206-1-00134 1 126563
grams FR941206-1-00134 3 126564 126575 127130
not FR941206-1-00134 18 126569 126579 126648 126770 126814 127126 127476 128150 128259 128847 128854 128930 128946 128971 129082 129164 129281 129474
exceed FR941206-1-00134 2 126573 126816
100 FR941206-1-00134 3 126574 128498 128703
therefore FR941206-1-00134 4 126577 128642 128853 129622
trigger FR941206-1-00134 1 126580
reporting FR941206-1-00134 4 126582 129366 129377 129598
requirement FR941206-1-00134 1 126583
maintains FR941206-1-00134 1 126590
since FR941206-1-00134 2 126592 126755
it FR941206-1-00134 9 126593 127273 128508 128839 129128 129144 129174 129272 130040
selected FR941206-1-00134 1 126596
as FR941206-1-00134 24 126597 126711 126886 127064 127266 127427 127471 127617 127619 127699 127702 127850 128299 128301 128436 128469 128601 128680 128746 129636 129654 129731 129976 129978
private FR941206-1-00134 1 126599
industry FR941206-1-00134 2 126600 127046
participant FR941206-1-00134 1 126601
cooperative FR941206-1-00134 1 126604
research FR941206-1-00134 11 126605 126688 126788 126989 127058 127293 127389 127601 127647 127768 127783
development FR941206-1-00134 7 126607 126690 126991 127285 127391 127603 127649
agreement FR941206-1-00134 1 126608
crada FR941206-1-00134 1 126610
distribute FR941206-1-00134 6 126615 127518 127675 127978 128420 129850
quality FR941206-1-00134 1 126617
control FR941206-1-00134 2 126618 129334
samples FR941206-1-00134 8 126619 126999 127093 127401 127415 127430 127645 128481
epa FR941206-1-00134 43 126621 126629 126642 126669 126697 126792 126847 126880 126925 126951 127085 127316 127332 127368 127458 127474 127585 127656 127818 127844 127878 127898 128001 128130 128138 128227 128279 128333 128342 128358 128562 128575 128879 128965 128987 129025 129125 129269 129348 129374 129460 130038 130082
emslcincinnati FR941206-1-00134 1 126623
consequences FR941206-1-00134 2 126627 129231
denial FR941206-1-00134 1 126631
its FR941206-1-00134 11 126633 126809 126905 127114 127175 127540 127801 127869 128091 128176 128510
serious FR941206-1-00134 2 126638 128757
inconvenience FR941206-1-00134 1 126639
economic FR941206-1-00134 6 126645 128073 128954 129230 129264 129285
loss FR941206-1-00134 2 126646 128074
less FR941206-1-00134 5 126649 127197 127806 128493 128547
$ FR941206-1-00134 3 126651 127306 128702
100000 FR941206-1-00134 1 126652
annually FR941206-1-00134 2 126653 127136
potential FR941206-1-00134 1 126655
sales FR941206-1-00134 2 126656 127299
inc FR941206-1-00134 1 126660
b FR941206-1-00134 6 126662 127309 128403 128912 129020 129062
proposed FR941206-1-00134 5 126664 127311 128557 128934 129632
decision FR941206-1-00134 3 126665 127312 128558
on FR941206-1-00134 18 126666 126970 127313 127682 127934 128212 128292 128502 128559 128698 128898 128956 128976 129170 129181 129266 129287 129356
petition FR941206-1-00134 25 126667 126715 126728 126810 126846 126890 126954 126979 127104 127123 127314 127322 127802 127817 127854 127940 128406 128410 128474 128560 129138 129199 129214 130033 130064
grant FR941206-1-00134 4 126672 127319 128565 129135
1 FR941206-1-00134 11 126677 126817 127199 127924 127972 128339 128692 129845 129887 129944 129960
year FR941206-1-00134 4 126678 127973 128340 129846
manufacture FR941206-1-00134 10 126680 126946 126956 127324 127366 127383 127434 127490 127671 129038
small FR941206-1-00134 21 126685 126986 127037 127253 127355 127386 127453 127598 127680 128027 128903 128961 128981 129003 129110 129141 129151 129171 129209 129258 129292
quantities FR941206-1-00134 9 126686 126806 126987 127146 127387 127454 127599 127681 127798
f FR941206-1-00134 7 126694 128668 129699 129706 129803 129952 130112
believes FR941206-1-00134 4 126698 127586 128576 129270
due FR941206-1-00134 4 126701 127250 128010 128107
careful FR941206-1-00134 2 126704 127621
demonstrated FR941206-1-00134 2 126712 129076
there FR941206-1-00134 5 126717 127731 127737 129979 130024
unreasonable FR941206-1-00134 7 126721 127372 127462 128041 128325 128367 129086
risk FR941206-1-00134 8 126722 127373 127463 127496 128042 128326 128368 129087
presented FR941206-1-00134 1 126723
granting FR941206-1-00134 9 126725 126773 127377 127467 128004 128055 129078 129185 129195
this FR941206-1-00134 28 126726 127351 127393 127468 127525 127580 127631 127962 128056 128135 128217 128335 128409 128827 128835 128844 128968 128993 129049 129161 129252 129278 129380 129463 129483 129574 129970 130137
request FR941206-1-00134 5 126729 126894 127858 128568 129345
all FR941206-1-00134 7 126731 127181 127230 128488 128598 128887 129425
manufacturing FR941206-1-00134 7 126732 126798 126906 129442 129552 129735 130015
performed FR941206-1-00134 1 126740
inc. FR941206-1-00134 3 126745 129771 129823
facility FR941206-1-00134 1 126746
park FR941206-1-00134 1 126749
bellefonte FR941206-1-00134 2 126751 129825
pa FR941206-1-00134 2 126753 129827
pcb FR941206-1-00134 25 126757 127110 127142 127183 127202 127212 127267 127287 127301 127365 127577 127643 127709 127734 127918 128266 128290 128307 128389 128490 129027 129357 129369 129862 129869
substitutes FR941206-1-00134 3 126758 127735 129105
exist FR941206-1-00134 1 126759
faith FR941206-1-00134 6 126766 127662 128180 128329 128371 129101
effort FR941206-1-00134 2 126767 128330
criterion FR941206-1-00134 1 126768
does FR941206-1-00134 2 126769 127475
apply FR941206-1-00134 2 126771 128931
benefit FR941206-1-00134 2 126777 129256
society FR941206-1-00134 3 126778 128053 128083
allowing FR941206-1-00134 1 126780
important FR941206-1-00134 1 126781
environmental FR941206-1-00134 6 126784 127073 127118 127720 127767 129587
continue FR941206-1-00134 4 126790 126904 127868 130060
prohibit FR941206-1-00134 1 126795
amounts FR941206-1-00134 3 126804 127796 128028
specified FR941206-1-00134 2 126807 127799
ie FR941206-1-00134 2 126812 127804
pound FR941206-1-00134 1 126818
further FR941206-1-00134 1 126821
exemptions FR941206-1-00134 4 126822 129450 129561 129742
beyond FR941206-1-00134 4 126823 126908 127532 127872
1year FR941206-1-00134 5 126825 126910 127874 129929 130085
period FR941206-1-00134 2 126826 127970
subject FR941206-1-00134 3 126829 128643 128855
amended FR941206-1-00134 5 126832 126940 127889 129635 129642
interim FR941206-1-00134 3 126833 126941 127890
procedural FR941206-1-00134 3 126834 126942 127891
rules FR941206-1-00134 4 126835 126943 127892 128888
40 FR941206-1-00134 5 126837 128233 129031 129583 129624
750. FR941206-1-00134 1 126840
required FR941206-1-00134 2 126844 127815
increase FR941206-1-00134 3 126849 127826 129982
amount FR941206-1-00134 2 126851 129985
handled FR941206-1-00134 1 126854
change FR941206-1-00134 7 126858 126885 127832 127849 128260 130004 130028
type FR941206-1-00134 1 126860
procedures FR941206-1-00134 1 126865
any FR941206-1-00134 9 126872 126883 127494 127556 127847 128933 129192 129363 130003
other FR941206-1-00134 2 126873 128599
term FR941206-1-00134 1 126874
consider FR941206-1-00134 3 126882 127846 128360
such FR941206-1-00134 8 126884 127063 127472 127698 127848 129182 130026 130048
new FR941206-1-00134 4 126888 127852 130031 130063
address FR941206-1-00134 2 126892 127856
rulemaking FR941206-1-00134 6 126896 127860 129423 129546 130045 130068
if FR941206-1-00134 8 126898 127862 128099 128938 128948 129124 129149 130023
were FR941206-1-00134 5 126900 127864 128104 128482 128521
wish FR941206-1-00134 2 126902 127866
timeframe FR941206-1-00134 2 126911 127875
letter FR941206-1-00134 2 126914 127884
sent FR941206-1-00134 1 126915
certified FR941206-1-00134 2 126917 127883
mail FR941206-1-00134 1 126918
have FR941206-1-00134 16 126920 127990 128312 128380 128399 128432 128893 128951 128972 129075 129098 129226 129239 129282 129858 129882
received FR941206-1-00134 2 126923 126952
least FR941206-1-00134 2 126927 127900
6 FR941206-1-00134 6 126928 127691 127901 129008 129054 129967
months FR941206-1-00134 2 126929 127902
prior FR941206-1-00134 3 126930 127823 127903
expiration FR941206-1-00134 2 126933 127906
f. FR941206-1-00134 1 126945
import FR941206-1-00134 6 126948 126958 127163 127326 127399 127673
export FR941206-1-00134 9 126950 126960 126983 127329 127511 127594 127641 127677 127870
one FR941206-1-00134 2 126953 128476
chemsyn FR941206-1-00134 21 126963 126967 126973 126993 127016 127035 127060 127106 127138 127160 127226 127242 127270 127296 127321 127381 127403 127785 127841 127863 129915
science FR941206-1-00134 3 126964 126974 129916
submitted FR941206-1-00134 8 126976 127896 127938 128190 128446 129346 129430 130036
manufacture/import FR941206-1-00134 1 126981
manufacturer FR941206-1-00134 1 126996
chemical FR941206-1-00134 1 126998
based FR941206-1-00134 1 127000
lenexa FR941206-1-00134 2 127002 129919
kansas FR941206-1-00134 1 127004
associated FR941206-1-00134 1 127007
wellington FR941206-1-00134 3 127009 127178 127408
ontario FR941206-1-00134 1 127012
canada FR941206-1-00134 2 127014 127173
distributors FR941206-1-00134 1 127017
located FR941206-1-00134 1 127019
united FR941206-1-00134 3 127022 127522 127537
states FR941206-1-00134 3 127023 127523 127538
netherlands FR941206-1-00134 1 127026
spain FR941206-1-00134 1 127028
japan FR941206-1-00134 1 127030
italy FR941206-1-00134 1 127033
manufactures FR941206-1-00134 1 127036
quantity FR941206-1-00134 4 127038 127356 127607 127829
universities FR941206-1-00134 1 127048
government FR941206-1-00134 1 127050
agencies FR941206-1-00134 2 127051 129330
etc. FR941206-1-00134 1 127053
basic FR941206-1-00134 1 127056
scientific FR941206-1-00134 1 127057
produces FR941206-1-00134 1 127061
radiolabelled FR941206-1-00134 1 127065
stable FR941206-1-00134 1 127067
isotope FR941206-1-00134 1 127068
labeled FR941206-1-00134 2 127069 127422
unlabelled FR941206-1-00134 1 127072
contaminants FR941206-1-00134 2 127074 127777
including FR941206-1-00134 3 127076 127280 129393
dibenzo- FR941206-1-00134 1 127077
p FR941206-1-00134 1 127078
-dioxins FR941206-1-00134 1 127079
chlorinated FR941206-1-00134 1 127081
dibenzofurans FR941206-1-00134 1 127082
1613 FR941206-1-00134 1 127087
513 FR941206-1-00134 1 127089
standard FR941206-1-00134 3 127090 127158 129119
solutions FR941206-1-00134 1 127091
intended FR941206-1-00134 1 127095
exclusively FR941206-1-00134 1 127096
applications FR941206-1-00134 1 127099
current FR941206-1-00134 3 127103 127115 128405
wishes FR941206-1-00134 1 127107
add FR941206-1-00134 2 127109 129165
selection FR941206-1-00134 1 127116
contaminant FR941206-1-00134 1 127119
estimates FR941206-1-00134 2 127124 127297
more FR941206-1-00134 3 127127 127513 128706
50 FR941206-1-00134 4 127129 127808 128527 128544
produced FR941206-1-00134 2 127135 127429
will FR941206-1-00134 12 127139 127162 127169 127185 127195 127214 127263 127738 128945 128970 129280 130041
each FR941206-1-00134 1 127141
congener FR941206-1-00134 1 127143
milligram FR941206-1-00134 1 127145
then FR941206-1-00134 1 127149
diluted FR941206-1-00134 1 127150
necessary FR941206-1-00134 1 127153
concentration FR941206-1-00134 1 127154
appropriate FR941206-1-00134 2 127157 129274
also FR941206-1-00134 6 127161 127395 127757 128021 128385 128743
some FR941206-1-00134 2 127164 129257
containing FR941206-1-00134 1 127166
made FR941206-1-00134 3 127171 128131 129099
partner FR941206-1-00134 2 127176 127406
flame FR941206-1-00134 1 127187
2 FR941206-1-00134 4 127190 128754 129900 130096
ml FR941206-1-00134 2 127191 127208
ampoules FR941206-1-00134 1 127192
contain FR941206-1-00134 2 127196 127772
m FR941206-1-00134 7 127200 129526 129713 129907 129957 129964 130127
per FR941206-1-00134 4 127203 128264 128497 129390
vial FR941206-1-00134 1 127204
dissolved FR941206-1-00134 1 127205
1.2 FR941206-1-00134 1 127207
packaged FR941206-1-00134 2 127216 127419
shipped FR941206-1-00134 2 127218 127234
accordance FR941206-1-00134 1 127220
dot FR941206-1-00134 1 127222
shipping FR941206-1-00134 1 127223
literature FR941206-1-00134 1 127227
indicates FR941206-1-00134 1 127228
toxic FR941206-1-00134 2 127231 129619
preparations FR941206-1-00134 1 127232
documentation FR941206-1-00134 1 127236
sheets FR941206-1-00134 1 127237
describing FR941206-1-00134 1 127238
known FR941206-1-00134 1 127239
hazards FR941206-1-00134 1 127240
expects FR941206-1-00134 1 127243
production FR941206-1-00134 2 127244 127254
waste FR941206-1-00134 1 127245
generation FR941206-1-00134 1 127246
minimal FR941206-1-00134 1 127249
rate FR941206-1-00134 1 127255
batch FR941206-1-00134 1 127257
size FR941206-1-00134 1 127258
involved FR941206-1-00134 4 127259 127282 127456 128031
these FR941206-1-00134 9 127261 127436 127482 127728 128016 128102 129071 129234 129246
wastes FR941206-1-00134 2 127262 127268
treated FR941206-1-00134 1 127265
highly FR941206-1-00134 2 127276 127443
staff FR941206-1-00134 1 127278
chemists FR941206-1-00134 1 127281
chemistry FR941206-1-00134 1 127288
midwest FR941206-1-00134 1 127292
institute FR941206-1-00134 2 127294 129789
annual FR941206-1-00134 2 127298 128696
approximately FR941206-1-00134 1 127305
30000 FR941206-1-00134 1 127307
previously FR941206-1-00134 2 127334 129429
established FR941206-1-00134 2 127335 129462
need FR941206-1-00134 3 127337 127352 127742
[ FR941206-1-00134 5 127341 127650 129641 129902 130159
49 FR941206-1-00134 2 127342 127651
fr FR941206-1-00134 6 127343 127652 127958 128441 128623 130160
28154 FR941206-1-00134 2 127344 127653
] FR941206-1-00134 5 127347 127654 129643 129904 130169
because FR941206-1-00134 7 127349 127432 127527 127725 127769 128023 129251
limitations FR941206-1-00134 1 127357
carefully FR941206-1-00134 1 127361
conditions FR941206-1-00134 4 127363 127450 128600 129367
finds FR941206-1-00134 2 127369 127459
result FR941206-1-00134 4 127375 127465 128687 129083
or FR941206-1-00134 30 127390 127499 127560 127564 127676 127711 127830 128308 128529 128705 128708 128730 128733 128737 128740 128759 128766 128788 128791 128800 128807 128821 128935 129092 129196 129365 129871 129999 130018 130148
finding FR941206-1-00134 3 127394 127632 127664
applies FR941206-1-00134 1 127396
canadian FR941206-1-00134 1 127405
provided FR941206-1-00134 1 127411
imported FR941206-1-00134 2 127414 129994
prepared FR941206-1-00134 1 127417
same FR941206-1-00134 2 127425 129117
manner FR941206-1-00134 3 127426 127835 130007
domestically FR941206-1-00134 1 127428
being FR941206-1-00134 1 127440
experienced FR941206-1-00134 1 127446
professionals FR941206-1-00134 1 127447
only FR941206-1-00134 6 127452 128518 129148 129176 129201 129876
believe FR941206-1-00134 1 127477
importation FR941206-1-00134 1 127480
when FR941206-1-00134 2 127485 129481
compared FR941206-1-00134 1 127486
their FR941206-1-00134 11 127488 127945 128066 128109 128193 128351 128415 128572 128581 128587 128605
domestic FR941206-1-00134 1 127489
pose FR941206-1-00134 1 127493
added FR941206-1-00134 2 127495 129884
environment FR941206-1-00134 5 127501 127566 128047 128726 129094
agency FR941206-1-00134 4 127504 128630 128770 128940
generally FR941206-1-00134 1 127505
treats FR941206-1-00134 1 127506
petitions FR941206-1-00134 5 127507 127516 127669 129359 129371
stringently FR941206-1-00134 1 127514
within FR941206-1-00134 1 127520
once FR941206-1-00134 1 127528
cross FR941206-1-00134 1 127531
our FR941206-1-00134 1 127533
borders FR941206-1-00134 1 127534
loses FR941206-1-00134 1 127539
ability FR941206-1-00134 1 127541
monitor FR941206-1-00134 1 127543
inspect FR941206-1-00134 1 127551
receiving FR941206-1-00134 1 127553
facilities FR941206-1-00134 1 127554
regulatory FR941206-1-00134 8 127557 128610 128635 128677 128861 128867 128883 128916
violations FR941206-1-00134 1 127558
protect FR941206-1-00134 1 127562
releases FR941206-1-00134 1 127568
those FR941206-1-00134 3 127570 127588 128514
might FR941206-1-00134 1 127573
lead FR941206-1-00134 1 127574
additional FR941206-1-00134 2 127576 128448
contamination FR941206-1-00134 1 127578
country FR941206-1-00134 1 127581
however FR941206-1-00134 1 127583
concerns FR941206-1-00134 1 127589
mitigated FR941206-1-00134 1 127591
particularly FR941206-1-00134 1 127604
given FR941206-1-00134 1 127605
marking FR941206-1-00134 1 127609
packaging FR941206-1-00134 1 127612
well FR941206-1-00134 2 127618 128300
consistent FR941206-1-00134 2 127635 127684
previous FR941206-1-00134 1 127637
determinations FR941206-1-00134 1 127638
regarding FR941206-1-00134 3 127639 128049 128134
determined FR941206-1-00134 3 127658 128002 128842
efforts FR941206-1-00134 5 127663 128181 128194 128372 129102
met FR941206-1-00134 2 127667 129153
projects FR941206-1-00134 1 127683
overall FR941206-1-00134 1 127687
purposes FR941206-1-00134 2 127688 129350
section FR941206-1-00134 8 127690 128665 128909 128923 129007 129053 129971 130138
e FR941206-1-00134 5 127693 129010 129056 130146 130151
tsca FR941206-1-00134 4 127696 129023 129065 129159
using FR941206-1-00134 2 127700 127712
purpose FR941206-1-00134 1 127706
measuring FR941206-1-00134 1 127708
concentrations FR941206-1-00134 2 127710 128491
study FR941206-1-00134 1 127716
effects FR941206-1-00134 1 127721
cases FR941206-1-00134 1 127729
always FR941206-1-00134 1 127739
developed FR941206-1-00134 1 127749
support FR941206-1-00134 3 127751 128175 128456
analysis FR941206-1-00134 2 127753 128885
needed FR941206-1-00134 2 127762 129409
critical FR941206-1-00134 1 127764
mixtures FR941206-1-00134 1 127773
isomers FR941206-1-00134 1 127775
which FR941206-1-00134 6 127778 127947 128272 128920 129857 129875
may FR941206-1-00134 4 127779 128093 130059 130139
adversely FR941206-1-00134 2 127780 128709
affect FR941206-1-00134 2 127781 129202
experimental FR941206-1-00134 1 127782
prohibited FR941206-1-00134 2 127788 128105
exporting FR941206-1-00134 2 127790 130019
grams/year FR941206-1-00134 1 127809
obtain FR941206-1-00134 1 127820
approved FR941206-1-00134 3 127879 129340 130080
must FR941206-1-00134 6 127894 128631 128880 129114 130034 130071
g. FR941206-1-00134 1 127911
buying FR941206-1-00134 3 127920 128118 128303
selling FR941206-1-00134 3 127922 128120 128305
transformers FR941206-1-00134 15 127923 127988 128113 128122 128127 128148 128215 128257 128310 128392 128430 128486 128526 129870 129873
electric FR941206-1-00134 2 127926 129812
apparatus FR941206-1-00134 2 127927 129890
service FR941206-1-00134 3 127928 128453 129891
association FR941206-1-00134 2 127929 129892
easa FR941206-1-00134 13 127931 127937 127965 128059 128088 128189 128242 128353 128394 128411 128444 128566 128578
requesting FR941206-1-00134 1 127941
renewal FR941206-1-00134 4 127943 128349 128473 128570
was FR941206-1-00134 2 127948 129129
originally FR941206-1-00134 1 127949
granted FR941206-1-00134 7 127950 128334 128437 129372 129931 130054 130087
federal FR941206-1-00134 2 127954 129329
register FR941206-1-00134 1 127955
55 FR941206-1-00134 1 127957
21023 FR941206-1-00134 2 127959 128442
allowed FR941206-1-00134 1 127964
members FR941206-1-00134 4 127966 128092 128511 128540
process FR941206-1-00134 3 127976 128418 129848
reuse FR941206-1-00134 3 127982 128100 128424
nons FR941206-1-00134 10 127983 128013 128205 128250 128293 128318 128425 128466 129853 129879
component FR941206-1-00134 13 127984 128017 128037 128069 128144 128206 128251 128274 128297 128378 128426 129855 129880
parts FR941206-1-00134 14 127985 128018 128038 128070 128145 128207 128252 128263 128298 128319 128379 128427 129856 129881
pcbcontaminated FR941206-1-00134 8 127987 128186 128214 128256 128309 128391 128429 129872
double FR941206-1-00134 3 127992 128434 128459
washed FR941206-1-00134 1 127993
rinsed FR941206-1-00134 1 127995
background FR941206-1-00134 1 127999
original FR941206-1-00134 3 128006 128262 128606
nature FR941206-1-00134 1 128014
activity FR941206-1-00134 1 128034
reusing FR941206-1-00134 1 128036
presents FR941206-1-00134 1 128039
benefits FR941206-1-00134 1 128051
maintained FR941206-1-00134 2 128060 128243
without FR941206-1-00134 3 128063 128141 129261
stockpiles FR941206-1-00134 2 128067 128376
both FR941206-1-00134 3 128072 128322 129109
member FR941206-1-00134 1 128077
companies FR941206-1-00134 1 128078
detriment FR941206-1-00134 1 128080
incurred FR941206-1-00134 1 128086
asserted FR941206-1-00134 1 128089
put FR941206-1-00134 1 128095
out FR941206-1-00134 2 128096 128811
business FR941206-1-00134 4 128098 129004 129142 129152
components FR941206-1-00134 3 128103 128187 128467
inability FR941206-1-00134 1 128110
repair FR941206-1-00134 1 128112
during FR941206-1-00134 1 128114
used FR941206-1-00134 1 128121
servicing FR941206-1-00134 1 128124
customers FR941206-1-00134 1 128125
' FR941206-1-00134 1 128126
judgement FR941206-1-00134 1 128133
claim FR941206-1-00134 2 128136 128177
acknowledged FR941206-1-00134 1 128139
stocks FR941206-1-00134 1 128142
many FR941206-1-00134 1 128147
could FR941206-1-00134 4 128149 128157 128164 129145
repaired FR941206-1-00134 1 128152
promptly FR941206-1-00134 1 128153
equipment FR941206-1-00134 1 128155
users FR941206-1-00134 1 128156
experience FR941206-1-00134 1 128158
interruptions FR941206-1-00134 1 128159
electrical FR941206-1-00134 2 128161 129889
services FR941206-1-00134 1 128162
forced FR941206-1-00134 1 128166
prematurely FR941206-1-00134 1 128168
dispose FR941206-1-00134 1 128169
reusable FR941206-1-00134 1 128171
units FR941206-1-00134 1 128172
reduce FR941206-1-00134 1 128183
inventories FR941206-1-00134 3 128184 128387 128542
evidence FR941206-1-00134 2 128191 128364
develop FR941206-1-00134 2 128196 129104
doublerinse FR941206-1-00134 2 128198 128218
remove FR941206-1-00134 2 128201 129177
reused FR941206-1-00134 1 128211
procedure FR941206-1-00134 1 128219
employs FR941206-1-00134 1 128220
protocol FR941206-1-00134 1 128222
similar FR941206-1-00134 1 128223
spill FR941206-1-00134 1 128229
cleanup FR941206-1-00134 1 128230
policy FR941206-1-00134 3 128231 128808 129133
761 FR941206-1-00134 4 128236 129034 129586 129650
introduction FR941206-1-00134 1 128246
doublerinsed FR941206-1-00134 4 128248 128295 128316 129877
back FR941206-1-00134 1 128253
onto FR941206-1-00134 1 128254
million FR941206-1-00134 2 128265 128704
content FR941206-1-00134 1 128267
transformer FR941206-1-00134 3 128270 128296 129854
into FR941206-1-00134 2 128271 129455
incorporated FR941206-1-00134 1 128277
concluded FR941206-1-00134 1 128280
residues FR941206-1-00134 2 128291 129863
serviced FR941206-1-00134 1 128314
meets FR941206-1-00134 1 128321
criteria FR941206-1-00134 1 128331
decided FR941206-1-00134 1 128343
future FR941206-1-00134 1 128346
requests FR941206-1-00134 2 128347 129327
petitioner FR941206-1-00134 4 128362 128505 128534 129204
evaluating FR941206-1-00134 1 128374
whether FR941206-1-00134 3 128375 128386 128633
effectively FR941206-1-00134 1 128382
decontaminated FR941206-1-00134 2 128383 129860
contained FR941206-1-00134 1 128396
storage FR941206-1-00134 1 128397
areas FR941206-1-00134 1 128398
reduced FR941206-1-00134 1 128401
seeks FR941206-1-00134 1 128412
renew FR941206-1-00134 2 128414 128586
washed/rinsed FR941206-1-00134 1 128435
two FR941206-1-00134 1 128447
reports FR941206-1-00134 1 128449
t FR941206-1-00134 1 128451
r FR941206-1-00134 2 128452 129630
company FR941206-1-00134 2 128454 129813
wash/rinse FR941206-1-00134 1 128460
effective FR941206-1-00134 1 128463
decontaminate FR941206-1-00134 1 128465
described FR941206-1-00134 1 128470
report FR941206-1-00134 1 128477
showed FR941206-1-00134 2 128478 128489
20 FR941206-1-00134 2 128480 128519
taken FR941206-1-00134 2 128483 128765
10 FR941206-1-00134 5 128485 128495 129709 129820 130119
micrograms FR941206-1-00134 1 128496
square FR941206-1-00134 1 128499
centimeters FR941206-1-00134 1 128500
stated FR941206-1-00134 1 128506
surveyed FR941206-1-00134 1 128509
responded FR941206-1-00134 1 128516
still FR941206-1-00134 1 128522
mineral FR941206-1-00134 1 128524
oil FR941206-1-00134 1 128525
ppm FR941206-1-00134 3 128528 128545 128550
greater FR941206-1-00134 1 128530
opinion FR941206-1-00134 1 128536
number FR941206-1-00134 9 128538 128901 128959 128979 129290 129335 129435 129457 129564
500 FR941206-1-00134 1 128549
decreased FR941206-1-00134 1 128552
significantly FR941206-1-00134 1 128553
fulfilled FR941206-1-00134 1 128580
responsibility FR941206-1-00134 1 128582
seeking FR941206-1-00134 1 128584
demonstrating FR941206-1-00134 1 128590
efficacy FR941206-1-00134 1 128591
reduction FR941206-1-00134 3 128594 129297 129301
inventory FR941206-1-00134 1 128596
set FR941206-1-00134 3 128602 128824 129156
forth FR941206-1-00134 3 128603 128825 129157
v. FR941206-1-00134 1 128609
assessment FR941206-1-00134 1 128611
a. FR941206-1-00134 1 128613
executive FR941206-1-00134 5 128614 128618 128661 128828 128836
order FR941206-1-00134 6 128615 128619 128662 128672 128829 128837
12866 FR941206-1-00134 2 128616 128620
58 FR941206-1-00134 1 128622
51735 FR941206-1-00134 1 128624
determine FR941206-1-00134 1 128632
action FR941206-1-00134 4 128636 128678 128682 128764
`` FR941206-1-00134 6 128638 128675 128747 128848 128895 128928
significant FR941206-1-00134 8 128639 128676 128749 128849 128896 128953 128974 129284
'' FR941206-1-00134 6 128640 128679 128750 128850 128906 128963
review FR941206-1-00134 3 128645 128858 129323
office FR941206-1-00134 2 128648 129317
management FR941206-1-00134 2 128650 129319
budget FR941206-1-00134 2 128652 129321
omb FR941206-1-00134 4 128654 128857 129333 129338
3 FR941206-1-00134 7 128666 128773 129013 129059 129681 129752 130100
defines FR941206-1-00134 1 128673
likely FR941206-1-00134 2 128685 128891
rule FR941206-1-00134 13 128690 128845 128937 128944 128969 128994 129029 129050 129162 129253 129279 129484 129576
having FR941206-1-00134 1 128694
effect FR941206-1-00134 1 128697
economy FR941206-1-00134 2 128700 128717
materially FR941206-1-00134 2 128711 128775
affecting FR941206-1-00134 1 128712
sector FR941206-1-00134 1 128714
productivity FR941206-1-00134 1 128719
competition FR941206-1-00134 1 128721
jobs FR941206-1-00134 1 128723
public FR941206-1-00134 4 128728 129376 129471 129487
state FR941206-1-00134 1 128734
local FR941206-1-00134 1 128736
tribal FR941206-1-00134 1 128738
governments FR941206-1-00134 1 128739
communities FR941206-1-00134 1 128741
referred FR941206-1-00134 1 128744
economically FR941206-1-00134 2 128748 129131
; FR941206-1-00134 5 128752 128771 128799 129560 130166
creating FR941206-1-00134 1 128756
inconsistency FR941206-1-00134 1 128758
otherwise FR941206-1-00134 2 128760 129221
interfering FR941206-1-00134 1 128761
planned FR941206-1-00134 1 128767
another FR941206-1-00134 1 128769
altering FR941206-1-00134 1 128776
budgetary FR941206-1-00134 1 128778
impacts FR941206-1-00134 1 128779
entitlements FR941206-1-00134 1 128781
grants FR941206-1-00134 2 128783 129837
user FR941206-1-00134 1 128785
fees FR941206-1-00134 1 128786
loan FR941206-1-00134 1 128789
programs FR941206-1-00134 1 128790
rights FR941206-1-00134 1 128793
obligations FR941206-1-00134 1 128795
recipients FR941206-1-00134 1 128797
thereof FR941206-1-00134 1 128798
4 FR941206-1-00134 4 128802 129688 129765 130104
raising FR941206-1-00134 1 128804
novel FR941206-1-00134 1 128805
legal FR941206-1-00134 2 128806 128813
issues FR941206-1-00134 1 128809
arising FR941206-1-00134 1 128810
mandates FR941206-1-00134 1 128814
president FR941206-1-00134 1 128817
priorities FR941206-1-00134 1 128819
principles FR941206-1-00134 1 128823
terms FR941206-1-00134 2 128833 130075
b. FR941206-1-00134 1 128860
flexibility FR941206-1-00134 4 128862 128868 128884 128917
act FR941206-1-00134 7 128863 128869 128872 128918 128927 129298 129302
usc FR941206-1-00134 3 128876 129307 129660
603 FR941206-1-00134 2 128877 128924
perform FR941206-1-00134 1 128881
impact FR941206-1-00134 5 128897 128955 128975 129193 129286
substantial FR941206-1-00134 4 128900 128958 128978 129289
entities FR941206-1-00134 5 128904 128962 128982 129259 129293
605 FR941206-1-00134 1 128910
provides FR941206-1-00134 1 128921
shall FR941206-1-00134 2 128929 129972
certifies FR941206-1-00134 2 128941 128966
promulgated FR941206-1-00134 1 128949
addition FR941206-1-00134 1 128985
sending FR941206-1-00134 1 128989
copy FR941206-1-00134 1 128991
chief FR941206-1-00134 1 128997
counsel FR941206-1-00134 1 128998
advocacy FR941206-1-00134 1 129000
ban FR941206-1-00134 1 129028
prohibits FR941206-1-00134 1 129036
exempt FR941206-1-00134 1 129068
persons FR941206-1-00134 1 129069
prohibitions FR941206-1-00134 1 129072
where FR941206-1-00134 1 129073
petitioners FR941206-1-00134 4 129074 129840 129933 130089
injury FR941206-1-00134 1 129089
they FR941206-1-00134 1 129097
large FR941206-1-00134 1 129112
businesses FR941206-1-00134 4 129113 129172 129183 129210
meet FR941206-1-00134 1 129115
statutory FR941206-1-00134 1 129118
thus FR941206-1-00134 1 129121
even FR941206-1-00134 1 129123
believed FR941206-1-00134 1 129126
desirable FR941206-1-00134 1 129132
do FR941206-1-00134 1 129146
so FR941206-1-00134 1 129147
burden FR941206-1-00134 2 129168 129378
placed FR941206-1-00134 2 129169 129180
prohibition FR941206-1-00134 1 129179
through FR941206-1-00134 5 129184 129507 129939 129962 130044
essence FR941206-1-00134 1 129190
denying FR941206-1-00134 1 129197
owners FR941206-1-00134 1 129206
individual FR941206-1-00134 1 129208
who FR941206-1-00134 1 129211
elect FR941206-1-00134 1 129212
administrator FR941206-1-00134 3 129216 129613 129836
engage FR941206-1-00134 1 129218
banned FR941206-1-00134 1 129222
statute FR941206-1-00134 1 129225
already FR941206-1-00134 1 129227
considered FR941206-1-00134 1 129228
conducting FR941206-1-00134 1 129233
nonetheless FR941206-1-00134 1 129238
opted FR941206-1-00134 1 129240
pursue FR941206-1-00134 1 129242
authorization FR941206-1-00134 1 129244
finally FR941206-1-00134 1 129249
basically FR941206-1-00134 1 129254
imposing FR941206-1-00134 1 129262
direct FR941206-1-00134 1 129263
costs FR941206-1-00134 1 129265
others FR941206-1-00134 1 129267
certify FR941206-1-00134 1 129276
c. FR941206-1-00134 1 129295
paperwork FR941206-1-00134 2 129296 129300
1980 FR941206-1-00134 1 129304
44 FR941206-1-00134 1 129306
3501 FR941206-1-00134 1 129308
et FR941206-1-00134 1 129309
seq. FR941206-1-00134 1 129310
authorizes FR941206-1-00134 1 129312
director FR941206-1-00134 1 129314
certain FR941206-1-00134 1 129324
information FR941206-1-00134 8 129325 129343 129353 129383 129418 129428 129477 129503
collection FR941206-1-00134 4 129326 129344 129381 129416
20700021 FR941206-1-00134 1 129336
general FR941206-1-00134 2 129342 129811
collecting FR941206-1-00134 1 129352
rulemakings FR941206-1-00134 1 129355
recordkeeping FR941206-1-00134 2 129364 129600
estimated FR941206-1-00134 1 129385
average FR941206-1-00134 1 129387
five FR941206-1-00134 1 129388
response FR941206-1-00134 1 129391
time FR941206-1-00134 1 129394
reviewing FR941206-1-00134 2 129396 129414
instructions FR941206-1-00134 1 129397
searching FR941206-1-00134 1 129399
existing FR941206-1-00134 3 129400 130057 130078
data FR941206-1-00134 2 129401 129408
gathering FR941206-1-00134 1 129404
maintaining FR941206-1-00134 1 129406
completing FR941206-1-00134 1 129412
vi FR941206-1-00134 1 129420
official FR941206-1-00134 1 129422
record FR941206-1-00134 3 129424 129488 129547
filed FR941206-1-00134 2 129432 130164
docket FR941206-1-00134 5 129434 129456 129465 129480 129563
opts66001 FR941206-1-00134 1 129436
66002 FR941206-1-00134 1 129438
6600866008k FR941206-1-00134 1 129440
consolidated FR941206-1-00134 2 129454 129464
opts66011 FR941206-1-00134 1 129458
convenience FR941206-1-00134 1 129468
but FR941206-1-00134 2 129472 130070
did FR941206-1-00134 1 129473
rely FR941206-1-00134 1 129475
upon FR941206-1-00134 1 129476
proposing FR941206-1-00134 1 129482
along FR941206-1-00134 1 129490
complete FR941206-1-00134 1 129493
index FR941206-1-00134 2 129494 129543
inspection FR941206-1-00134 1 129499
nonconfidential FR941206-1-00134 1 129502
center FR941206-1-00134 1 129504
monday FR941206-1-00134 1 129506
friday FR941206-1-00134 1 129508
excluding FR941206-1-00134 1 129510
holidays FR941206-1-00134 1 129511
12 FR941206-1-00134 1 129514
noon FR941206-1-00134 1 129515
4:00 FR941206-1-00134 1 129516
pm FR941206-1-00134 1 129517
room FR941206-1-00134 1 129519
g102 FR941206-1-00134 1 129520
northeast FR941206-1-00134 1 129522
mall FR941206-1-00134 1 129523
401 FR941206-1-00134 1 129525
st. FR941206-1-00134 3 129527 129757 129894
sw. FR941206-1-00134 1 129529
washington FR941206-1-00134 1 129531
dc FR941206-1-00134 1 129533
material FR941206-1-00134 1 129538
cited FR941206-1-00134 1 129540
polychlorinated FR941206-1-00134 2 129549 129595
biphenyls FR941206-1-00134 2 129550 129596
opts FR941206-1-00134 1 129565
66011 FR941206-1-00134 1 129566
a2file FR941206-1-00134 1 129568
insert FR941206-1-00134 1 129570
date FR941206-1-00134 1 129572
list FR941206-1-00134 1 129579
subjects FR941206-1-00134 1 129581
protection FR941206-1-00134 1 129588
substances FR941206-1-00134 2 129591 129620
labeling FR941206-1-00134 1 129593
dated FR941206-1-00134 1 129603
: FR941206-1-00134 6 129604 129638 129656 129658 129733 129885
susan FR941206-1-00134 1 129607
h. FR941206-1-00134 1 129608
wayland FR941206-1-00134 1 129609
acting FR941206-1-00134 1 129611
assistant FR941206-1-00134 1 129612
prevention FR941206-1-00134 1 129615
pesticides FR941206-1-00134 1 129617
chapter FR941206-1-00134 1 129626
i FR941206-1-00134 1 129627
subchapter FR941206-1-00134 1 129629
follows FR941206-1-00134 3 129637 129655 129732
761_ FR941206-1-00134 1 129640
1. FR941206-1-00134 1 129644
authority FR941206-1-00134 2 129646 129657
citation FR941206-1-00134 1 129647
continues FR941206-1-00134 1 129651
read FR941206-1-00134 2 129653 129730
15 FR941206-1-00134 1 129659
2605 FR941206-1-00134 1 129661
2607 FR941206-1-00134 1 129663
2611 FR941206-1-00134 1 129665
2614 FR941206-1-00134 1 129667
2616 FR941206-1-00134 1 129669
2. FR941206-1-00134 1 129671
adding FR941206-1-00134 1 129675
paragraphs FR941206-1-00134 4 129676 129721 129935 130091
9 FR941206-1-00134 3 129702 129809 130115
8 FR941206-1-00134 3 129716 129913 130134
revising FR941206-1-00134 1 129720
h FR941206-1-00134 3 129723 129833 130123
n FR941206-1-00134 2 129727 129926
***** FR941206-1-00134 4 129744 129801 129831 129905
* FR941206-1-00134 14 129748 129749 129750 129805 129806 129807 129909 129910 129911 130154 130155 130156 130157 130158
sigmaaldrich FR941206-1-00134 1 129754
corporation FR941206-1-00134 2 129755 129768
louis FR941206-1-00134 2 129758 129895
mo FR941206-1-00134 1 129760
63103 FR941206-1-00134 1 129762
millipore FR941206-1-00134 1 129767
immunosystems FR941206-1-00134 1 129770
bedford FR941206-1-00134 1 129773
ma FR941206-1-00134 1 129775
01730 FR941206-1-00134 1 129777
scarborough FR941206-1-00134 1 129779
me FR941206-1-00134 1 129781
04074 FR941206-1-00134 1 129783
national FR941206-1-00134 1 129788
technology FR941206-1-00134 1 129793
gaithersburg FR941206-1-00134 1 129795
md FR941206-1-00134 1 129797
20899 FR941206-1-00134 1 129799
schenectady FR941206-1-00134 1 129815
ny12301 FR941206-1-00134 1 129817
168230048 FR941206-1-00134 1 129829
buy FR941206-1-00134 1 129866
sell FR941206-1-00134 1 129868
mo63123 FR941206-1-00134 1 129897
reserved FR941206-1-00134 1 129903
ks FR941206-1-00134 1 129921
66215 FR941206-1-00134 1 129923
d FR941206-1-00134 1 129948
renewed FR941206-1-00134 1 129974
automatically FR941206-1-00134 1 129975
long FR941206-1-00134 1 129977
processed FR941206-1-00134 1 129990
manufactured FR941206-1-00134 1 129996
exported FR941206-1-00134 1 130000
nor FR941206-1-00134 1 130002
distributing FR941206-1-00134 1 130011
importing FR941206-1-00134 1 130013
addressed FR941206-1-00134 2 130043 130066
case FR941206-1-00134 1 130050
until FR941206-1-00134 1 130061
conform FR941206-1-00134 1 130072
7 FR941206-1-00134 1 130130
extended FR941206-1-00134 1 130141
750.11 FR941206-1-00134 1 130144
750.31 FR941206-1-00134 1 130149
doc FR941206-1-00134 1 130161
9429569 FR941206-1-00134 1 130163
113094 FR941206-1-00134 1 130165
8:45 FR941206-1-00134 1 130167
am FR941206-1-00134 1 130168
billing FR941206-1-00134 1 130170
code FR941206-1-00134 1 130171
656050f FR941206-1-00134 1 130172
tuesday FR941206-1-00135 1 0
, FR941206-1-00135 2 1 14
part FR941206-1-00135 2 2 12
v FR941206-1-00135 1 3
department FR941206-1-00135 1 4
of FR941206-1-00135 1 5
transportation FR941206-1-00135 1 6
federal FR941206-1-00135 1 7
aviation FR941206-1-00135 1 8
administration FR941206-1-00135 1 9
14 FR941206-1-00135 1 10
cfr FR941206-1-00135 1 11
107 FR941206-1-00135 1 13
et FR941206-1-00135 1 15
al FR941206-1-00135 1 16
. FR941206-1-00135 1 17
sensitive FR941206-1-00135 1 18
security FR941206-1-00135 1 19
information FR941206-1-00135 1 20
; FR941206-1-00135 1 21
proposed FR941206-1-00135 1 22
