pressure FR941206-1-00134 1 86716
, FR941206-1-00134 291 86717 86736 86741 86866 86892 86899 86916 86921 86931 86941 86948 86955 86959 86974 86990 86994 87012 87036 87048 87076 87095 87111 87115 87124 87127 87130 87141 87144 87147 87151 87153 87156 87162 87188 87205 87207 87212 87218 87221 87229 87232 87239 87279 87281 87311 87336 87346 87403 87416 87424 87435 87447 87493 87497 87499 87502 87505 87507 87556 87587 87669 87682 87736 87741 87743 87745 87747 87753 87771 87774 87778 87783 87785 87787 87790 87794 87803 87804 87833 87942 87956 87975 87981 87993 87995 87998 88001 88004 88011 88018 88061 88069 88100 88103 88110 88169 88172 88206 88220 88262 88294 88308 88310 88329 88385 88426 88428 88447 88482 88484 88537 88547 88561 88578 88588 88683 88713 88725 88730 88733 88735 88740 88752 88754 88787 88801 88831 88850 88857 88878 88883 88886 88889 88984 89051 89063 89138 89148 89167 89169 89179 89188 89243 89244 89304 89305 89318 89325 89332 89389 89392 89414 89417 89483 89506 89509 89514 89518 89520 89529 89635 89678 89879 89922 90339 90356 90368 90378 90392 90440 90463 90584 90591 90593 90602 90603 90623 90625 90645 90719 90738 90766 90799 90801 90946 90994 91016 91047 91085 91138 91140 91172 91185 91190 91199 91206 91213 91257 91261 91265 91269 91273 91277 91341 91397 91404 91411 91417 91422 91432 91440 91453 91482 91484 91501 91503 91602 91607 91628 91643 91713 91715 91804 91810 91821 91823 91849 91854 91872 91881 91922 91992 91995 92051 92062 92073 92093 92097 92102 92117 92232 92266 92303 92321 92360 92405 92407 92416 92539 92562 92564 92597 92610 92613 92616 92618 92641 92645 92648 92652 92689 92691 92735 92741 92796 92820 92825 92965 93113 93133 93168 93175 93179 93215 93217 93236 93261 93284 93290 93295 93300 93316 93321 93330 93350 93371 93385 93391 93497 93520 93558
each FR941206-1-00134 14 86718 87391 87656 87966 89245 89283 89286 90876 91060 92347 92418 92456 92577 92716
part FR941206-1-00134 14 86719 88881 90724 90944 90992 91083 91131 91369 91880 92125 92852 93145 93269 93379
of FR941206-1-00134 227 86720 86771 86775 86785 86790 86817 86827 86871 86894 86913 86981 87005 87033 87058 87062 87074 87080 87087 87092 87100 87118 87135 87181 87235 87306 87315 87380 87419 87427 87442 87451 87454 87467 87519 87567 87575 87585 87599 87678 87686 87723 87767 87829 87846 87860 87880 87888 87909 87931 87940 87972 87978 87984 87987 88008 88013 88043 88081 88086 88115 88154 88183 88197 88221 88227 88284 88315 88349 88370 88433 88467 88480 88502 88519 88558 88566 88608 88644 88708 88757 88793 88800 88814 88822 88847 88903 88939 88950 88968 88980 89035 89069 89098 89102 89104 89115 89221 89232 89242 89263 89267 89303 89340 89347 89385 89427 89437 89476 89564 90282 90583 90610 90620 90649 90662 90690 90695 90701 90707 90742 90772 90778 90785 90822 90850 90931 90964 90979 91028 91116 91124 91129 91152 91169 91181 91224 91282 91331 91412 91463 91474 91565 91574 91580 91585 91625 91678 91736 91758 91770 91781 91799 91814 91861 91869 91888 91897 91903 91908 91960 91969 91977 91999 92013 92021 92042 92066 92109 92142 92173 92191 92259 92287 92388 92391 92403 92432 92468 92511 92517 92520 92548 92560 92588 92674 92677 92749 92752 92769 92779 92791 92833 92841 92911 92914 92938 92995 93023 93030 93049 93056 93064 93075 93086 93110 93116 93143 93161 93181 93201 93206 93250 93258 93325 93360 93368 93398 93445 93461 93494 93531 93540 93572 93584 93592 93619 93628
the FR941206-1-00134 259 86721 86734 86739 86749 86768 86791 86801 86823 86828 86868 86872 86876 86911 86982 87055 87071 87085 87088 87097 87116 87121 87132 87179 87233 87263 87353 87357 87361 87378 87395 87398 87404 87407 87417 87425 87436 87443 87452 87455 87516 87541 87562 87573 87610 87617 87638 87642 87646 87663 87674 87684 87687 87699 87703 87711 87827 87836 87857 87886 87892 87905 87932 87944 87948 87952 87970 87973 87979 87985 88009 88014 88032 88040 88051 88058 88075 88082 88113 88116 88128 88255 88267 88305 88312 88316 88326 88330 88344 88350 88378 88387 88391 88423 88430 88434 88444 88448 88462 88468 88506 88523 88562 88567 88590 88594 88598 88604 88609 88612 88622 88635 88640 88676 88679 88761 88768 88791 88812 88870 88900 88978 88987 89066 89073 89086 89105 89219 89383 89386 89398 89410 89434 89438 89442 89516 89536 89543 89548 89593 89600 89684 89744 89824 89928 89982 90042 90096 90179 90242 90332 90489 90496 90569 90598 90654 90660 90685 90776 90831 90837 90847 90851 90863 90906 90926 90929 90967 90971 90974 90977 91002 91017 91020 91029 91032 91035 91052 91058 91078 91153 91177 91186 91192 91195 91215 91229 91238 91305 91399 91444 91458 91505 91559 91563 91586 91647 91668 91697 91700 91747 91756 91768 91859 91884 91893 91901 91913 91924 91964 92007 92022 92046 92107 92206 92251 92288 92326 92336 92350 92389 92392 92439 92478 92502 92521 92525 92536 92541 92624 92629 92657 92667 92675 92678 92753 92776 92831 92862 92915 92921 92978 93019 93073 93078 93131 93177 93182 93207 93248 93358 93505 93509 93518 93528 93556 93607 93612 93633 93637
surface FR941206-1-00134 5 86722 86826 88208 92233 92504
area FR941206-1-00134 1 86723
for FR941206-1-00134 62 86724 86782 86875 86908 86975 86991 87026 87031 87060 87178 87203 87214 87252 87292 87356 87472 87531 87583 87620 87641 87653 87662 87807 87826 87947 88020 88146 88165 88202 88254 88290 88341 88377 88459 88490 88499 88593 88804 88836 88892 88912 88966 88977 89602 90665 90790 91054 91107 91191 91405 91426 92010 92189 92527 93084 93123 93169 93508 93524 93538 93563 93590
1 FR941206-1-00134 30 86725 86809 87351 87597 87844 87872 87897 88198 88532 88542 88553 88820 88909 88918 88931 88992 89078 89316 89461 89763 90115 90348 90534 91372 91472 91952 92342 92490 92855 92943
hour FR941206-1-00134 2 86726 86810
. FR941206-1-00134 153 86727 86830 86847 86884 87020 87030 87160 87185 87248 87262 87287 87390 87458 87484 87509 87524 87554 87577 87613 87655 87689 87702 87716 87725 87849 87895 87901 87965 88035 88053 88088 88124 88148 88243 88273 88319 88346 88357 88397 88437 88464 88475 88512 88627 88698 88775 88825 88942 88952 89002 89024 89040 89082 89109 89128 89203 89236 89261 89298 89365 89421 89551 89580 89605 89621 89680 89740 89820 89865 89924 89978 90038 90092 90175 90238 90286 90297 90308 90319 90477 90504 90512 90525 90549 90560 90568 90580 90653 90698 90705 90730 90781 90807 90827 90872 90895 90914 90950 90998 91022 91064 91109 91146 91304 91314 91344 91350 91370 91437 91477 91495 91526 91639 91670 91734 91784 91791 91911 91980 91987 92045 92126 92176 92185 92205 92223 92239 92269 92274 92424 92461 92498 92573 92582 92721 92729 92872 92896 92952 92980 92998 93011 93025 93037 93080 93146 93270 93380 93417 93536 93588 93611 93635
this FR941206-1-00134 63 86728 86851 87034 87170 87195 87270 87388 87478 87600 87630 87768 87847 87881 88559 88823 88848 88940 88970 89233 89341 89374 89477 89565 90283 90696 90779 91130 91170 91283 91302 91351 91368 91475 91626 91782 91870 91879 91909 91961 91978 92043 92060 92124 92174 92186 92770 92842 92851 92939 92996 93065 93111 93144 93202 93259 93268 93369 93378 93435 93454 93495 93534 93585
may FR941206-1-00134 27 86729 86839 86900 87289 87883 88028 88957 88963 89007 89045 90657 90819 90901 91200 91327 91479 91676 91811 92280 92322 92435 92474 92653 92788 92908 93322 93498
be FR941206-1-00134 82 86730 86778 86841 86902 87290 87414 87422 87433 87604 87633 87651 87693 88029 88048 88239 88251 88353 88374 88471 88488 88616 88750 88958 88964 89008 89046 89089 89280 89353 89377 89401 89447 89480 89524 89540 90605 90608 90678 90748 90770 90820 90854 90883 90903 90920 90956 91045 91094 91329 91461 91499 91569 91630 91650 91812 91928 91967 91997 92064 92140 92212 92237 92246 92281 92323 92436 92475 92654 92706 92743 92789 92909 93054 93121 93159 93309 93323 93409 93545 93553 93597 93604
accomplished FR941206-1-00134 1 86731
by FR941206-1-00134 69 86732 87698 87891 87922 88176 88212 88492 88580 88642 88869 89139 89171 89373 89404 89542 89587 89591 89615 89623 89682 89742 89822 89867 89926 89980 90040 90094 90177 90240 90288 90299 90310 90326 90341 90379 90393 90410 90443 90465 90487 90506 90514 90527 90551 90562 90938 90986 91176 91301 91521 91542 91718 91826 91843 92000 92077 92162 92195 92214 92248 92800 92984 93032 93126 93135 93162 93220 93311 93334
filling FR941206-1-00134 1 86733
tank FR941206-1-00134 5 86735 86740 86750 86802 86829
totally FR941206-1-00134 3 86737 87015 87343
closing FR941206-1-00134 1 86738
and FR941206-1-00134 126 86742 86773 86780 86807 86815 86859 87013 87028 87039 87077 87096 87103 87131 87157 87240 87282 87285 87439 87448 87683 87696 87780 87795 87809 87817 87824 88023 88084 88118 88134 88186 88258 88263 88332 88355 88381 88386 88450 88473 88485 88606 88611 88624 88673 88695 88741 88746 88755 88767 88807 88895 88926 88948 88962 89060 89154 89163 89170 89184 89189 89285 89333 89530 89647 89668 89780 89803 89891 89912 90135 90158 90340 90402 90419 90433 90453 90464 90494 90516 90539 90571 90622 90792 90841 91049 91088 91127 91144 91240 91278 91433 91447 91486 91516 91557 91578 91608 91683 91892 91963 92019 92133 92241 92250 92309 92349 92375 92417 92455 92529 92604 92715 92747 92826 92884 93021 93100 93204 93297 93304 93431 93437 93448 93452 93484 93565
either FR941206-1-00134 9 86743 88301 88419 88579 88647 91071 91584 92339 93504
: FR941206-1-00134 22 86744 87054 87070 87107 87349 87914 88571 88990 89076 89199 89459 89613 90576 90843 91588 92196 92291 92340 92488 92772 92853 92941
( FR941206-1-00134 482 86745 86763 86797 86831 86848 86885 86936 86962 86987 86998 87021 87041 87082 87259 87350 87459 87485 87491 87521 87525 87578 87593 87596 87718 87734 87756 87764 87840 87843 87868 87871 87874 87877 87896 87902 87915 87991 88016 88054 88066 88089 88125 88149 88188 88232 88244 88286 88358 88364 88409 88476 88513 88528 88531 88534 88538 88541 88544 88549 88552 88555 88572 88628 88646 88681 88699 88776 88816 88819 88826 88841 88844 88875 88905 88908 88914 88917 88920 88923 88927 88930 88933 88936 88943 88973 88991 88997 89003 89010 89025 89031 89077 89083 89110 89129 89142 89145 89151 89155 89160 89164 89176 89181 89185 89192 89204 89210 89225 89229 89238 89258 89295 89299 89312 89315 89319 89322 89326 89329 89334 89337 89362 89367 89423 89456 89460 89473 89552 89561 89626 89629 89632 89638 89641 89644 89648 89651 89654 89659 89662 89665 89669 89672 89675 89690 89693 89696 89699 89705 89708 89711 89714 89717 89724 89727 89730 89733 89736 89750 89753 89756 89759 89762 89768 89771 89774 89777 89781 89788 89791 89794 89797 89800 89804 89807 89810 89813 89816 89830 89833 89836 89842 89845 89848 89855 89858 89861 89870 89873 89876 89882 89885 89888 89892 89895 89898 89903 89906 89909 89913 89916 89919 89934 89937 89940 89943 89949 89952 89955 89958 89965 89968 89971 89974 89988 89991 89994 89997 90003 90006 90009 90012 90015 90022 90025 90028 90031 90034 90048 90051 90054 90057 90063 90066 90069 90072 90079 90082 90085 90088 90102 90105 90108 90111 90114 90120 90123 90126 90129 90132 90136 90143 90146 90149 90152 90155 90159 90162 90165 90168 90171 90185 90188 90191 90194 90197 90203 90206 90209 90212 90215 90222 90225 90228 90231 90234 90248 90251 90254 90260 90263 90266 90273 90276 90279 90291 90294 90302 90305 90313 90316 90323 90344 90347 90350 90353 90357 90360 90363 90369 90372 90375 90383 90386 90389 90396 90399 90403 90406 90413 90416 90420 90423 90427 90430 90434 90437 90447 90450 90454 90457 90460 90468 90471 90474 90481 90484 90509 90519 90522 90530 90533 90536 90540 90543 90546 90554 90557 90565 90692 90712 90716 90808 90814 90828 90844 90859 90873 90896 90915 90935 90951 90983 90999 91023 91065 91080 91110 91147 91157 91160 91163 91166 91245 91248 91251 91254 91258 91262 91266 91270 91274 91279 91315 91345 91371 91377 91383 91468 91471 91528 91534 91590 91616 91619 91622 91656 91671 91728 91772 91775 91778 91785 91836 91863 91866 91905 91948 91951 91954 91957 91974 91981 92029 92032 92036 92039 92087 92111 92114 92170 92177 92270 92292 92341 92372 92376 92381 92396 92425 92462 92489 92499 92553 92574 92583 92682 92700 92722 92760 92763 92766 92773 92810 92835 92838 92854 92873 92897 92926 92929 92932 92935 92942 92953 92981 92992 92999 93012 93026 93038 93061 93081 93091 93094 93097 93101 93104 93107 93147 93153 93188 93191 93195 93198 93230 93252 93255 93271 93344 93362 93365 93419 93475 93478 93481 93485 93488 93491 93575 93578 93581
i FR941206-1-00134 21 86746 87875 87903 88921 88934 89004 89084 90351 90555 90829 91111 91164 91252 91378 91955 92271 92767 92933 93098 93142 93579
) FR941206-1-00134 482 86747 86794 86799 86833 86850 86887 86947 86969 86989 87004 87023 87045 87094 87261 87352 87461 87487 87510 87523 87527 87580 87595 87598 87720 87766 87770 87798 87842 87845 87870 87873 87876 87879 87898 87904 87917 88000 88022 88056 88068 88091 88127 88151 88190 88237 88246 88289 88360 88369 88414 88478 88515 88530 88533 88536 88540 88543 88546 88551 88554 88557 88574 88630 88657 88687 88701 88778 88818 88821 88828 88843 88846 88877 88907 88910 88916 88919 88922 88925 88929 88932 88935 88938 88945 88976 88993 88999 89005 89013 89027 89033 89079 89085 89112 89131 89144 89147 89153 89157 89162 89166 89178 89183 89187 89194 89206 89212 89231 89235 89240 89262 89297 89301 89314 89317 89321 89324 89328 89331 89336 89339 89364 89369 89425 89458 89462 89475 89554 89563 89628 89631 89634 89640 89643 89646 89650 89653 89656 89661 89664 89667 89671 89674 89677 89692 89695 89698 89701 89707 89710 89713 89716 89719 89726 89729 89732 89735 89738 89752 89755 89758 89761 89764 89770 89773 89776 89779 89783 89790 89793 89796 89799 89802 89806 89809 89812 89815 89818 89832 89835 89838 89844 89847 89850 89857 89860 89863 89872 89875 89878 89884 89887 89890 89894 89897 89900 89905 89908 89911 89915 89918 89921 89936 89939 89942 89945 89951 89954 89957 89960 89967 89970 89973 89976 89990 89993 89996 89999 90005 90008 90011 90014 90017 90024 90027 90030 90033 90036 90050 90053 90056 90059 90065 90068 90071 90074 90081 90084 90087 90090 90104 90107 90110 90113 90116 90122 90125 90128 90131 90134 90138 90145 90148 90151 90154 90157 90161 90164 90167 90170 90173 90187 90190 90193 90196 90199 90205 90208 90211 90214 90217 90224 90227 90230 90233 90236 90250 90253 90256 90262 90265 90268 90275 90278 90281 90293 90296 90304 90307 90315 90318 90325 90346 90349 90352 90355 90359 90362 90365 90371 90374 90377 90385 90388 90391 90398 90401 90405 90408 90415 90418 90422 90425 90429 90432 90436 90439 90449 90452 90456 90459 90462 90470 90473 90476 90483 90486 90511 90521 90524 90532 90535 90538 90542 90545 90548 90556 90559 90567 90694 90714 90718 90810 90816 90830 90846 90861 90875 90898 90917 90949 90953 90997 91001 91025 91067 91092 91112 91149 91159 91162 91165 91168 91247 91250 91253 91256 91260 91264 91268 91272 91276 91281 91317 91347 91373 91379 91385 91470 91473 91530 91536 91592 91618 91621 91624 91660 91673 91733 91774 91777 91780 91787 91841 91865 91868 91907 91950 91953 91956 91959 91976 91983 92031 92034 92038 92041 92092 92113 92116 92172 92179 92272 92294 92343 92374 92378 92383 92410 92427 92464 92491 92501 92567 92576 92585 92694 92714 92724 92762 92765 92768 92775 92815 92837 92840 92856 92875 92899 92928 92931 92934 92937 92944 92955 92983 92994 93001 93014 93028 93040 93063 93083 93093 93096 93099 93103 93106 93109 93149 93155 93190 93193 93197 93200 93235 93254 93257 93273 93349 93364 93367 93421 93477 93480 93483 93487 93490 93493 93580 93583 93587
rotating FR941206-1-00134 1 86748
continuously FR941206-1-00134 1 86751
such FR941206-1-00134 19 86752 86937 87137 87245 87861 87889 87910 88044 88155 89500 90640 91566 91657 91805 92361 92397 92554 92683 93285
that FR941206-1-00134 36 86753 87326 87348 87728 87855 87957 88027 88038 88614 88715 88781 88788 88851 89252 89397 90614 90639 91214 91287 91358 91398 91454 91504 91883 92128 92147 92157 92702 92948 92961 92967 93441 93453 93543 93595 93616
all FR941206-1-00134 22 86754 86895 87275 87488 87532 87707 88702 89370 89463 89555 90795 91121 91413 91603 91609 91641 91889 91988 92002 92968 93041 93164
interior FR941206-1-00134 3 86755 86825 92503
surfaces FR941206-1-00134 5 86756 88372 93288 93392 93416
are FR941206-1-00134 20 86757 87050 87255 87272 87511 87529 87559 87570 87588 87805 88691 88802 88808 88890 88896 89494 91455 91492 91886 93277
contacted FR941206-1-00134 1 86758
in FR941206-1-00134 164 86759 86803 86843 86879 86906 86910 86967 86970 87010 87014 87186 87194 87257 87296 87302 87318 87337 87359 87370 87513 87623 87629 87635 87644 87694 87762 87799 87811 87818 87820 87838 87866 87885 87950 87989 88050 88064 88070 88135 88137 88218 88225 88304 88367 88422 88495 88526 88596 88662 88669 88678 88717 88758 88947 88960 89037 89048 89090 89092 89120 89136 89293 89310 89345 89360 89379 89454 89496 89686 89746 89826 89930 89984 90044 90098 90181 90244 90321 90479 90501 90586 90611 90750 90760 90764 90773 90823 90908 90941 90989 91019 91031 91150 91155 91204 91235 91243 91332 91363 91367 91386 91464 91489 91511 91562 91571 91581 91596 91614 91632 91640 91646 91667 91707 91815 91845 91852 91856 91898 91970 92025 92057 92067 92100 92104 92143 92152 92198 92209 92283 92325 92354 92422 92438 92477 92535 92633 92656 92739 92792 92823 92828 92918 92924 92945 92956 93007 93016 93035 93057 93130 93184 93211 93242 93245 93279 93319 93326 93355 93387 93473 93511 93547 93599
a FR941206-1-00134 193 86760 86783 86804 86812 87338 87342 87481 87547 87551 87660 87878 87916 87919 87958 87976 88067 88071 88079 88166 88195 88213 88291 88302 88420 88496 88500 88520 88573 88655 88664 88670 88706 89093 89113 89121 89143 89205 89296 89313 89320 89327 89335 89363 89380 89457 89474 89497 89503 89512 89531 89562 89568 89572 89627 89639 89649 89660 89670 89691 89706 89725 89751 89769 89775 89789 89798 89805 89814 89831 89843 89856 89871 89883 89893 89904 89914 89935 89950 89966 89989 90004 90023 90049 90064 90080 90103 90121 90130 90144 90153 90160 90169 90186 90204 90223 90249 90261 90274 90292 90303 90314 90587 90612 90618 90633 90637 90641 90647 90666 90693 90713 90751 90809 90845 90879 90888 90932 90948 90980 90996 91026 91041 91074 91097 91105 91158 91202 91209 91246 91255 91293 91310 91387 91420 91451 91469 91572 91597 91633 91691 91708 91719 91816 91827 91864 91874 91906 91934 91975 92011 92030 92037 92068 92078 92112 92119 92153 92293 92355 92363 92373 92399 92508 92515 92556 92586 92685 92774 92793 92801 92836 92846 92936 92957 93003 93039 93047 93062 93114 93189 93196 93212 93221 93253 93263 93312 93327 93335 93363 93459 93476 93486 93500
single FR941206-1-00134 2 86761 92509
rotation FR941206-1-00134 2 86762 86772
calculations FR941206-1-00134 1 86764
used FR941206-1-00134 18 86765 86903 87291 87434 87471 87530 87622 88743 88959 88965 89047 89119 91449 92330 92443 92482 92661 92707
to FR941206-1-00134 103 86766 86821 86856 86924 87053 87105 87169 87211 87225 87274 87331 87377 87421 87432 87546 87572 87615 87637 87710 87740 87802 87835 87851 87943 88031 88094 88104 88343 88461 88589 88603 88618 88633 88638 88688 88811 88899 88986 89056 89064 89072 89195 89349 89619 89702 89721 89765 89785 89839 89852 89946 89962 90000 90019 90060 90076 90117 90140 90200 90219 90257 90270 90601 90607 90644 90683 90736 91226 91324 91424 91594 91661 91721 91746 91767 91829 91931 92080 92318 92331 92385 92444 92483 92545 92662 92671 92803 92868 92893 92920 93140 93223 93294 93337 93384 93400 93414 93427 93464 93503 93555 93606 93630
determine FR941206-1-00134 2 86767 87106
total FR941206-1-00134 1 86769
time FR941206-1-00134 8 86770 89127 89220 90864 91036 91550 91693 93074
number FR941206-1-00134 3 86774 86814 87994
rotations FR941206-1-00134 1 86776
shall FR941206-1-00134 43 86777 86853 87393 87602 87913 87968 88046 88131 88238 88250 88297 88336 88352 88373 88415 88454 88470 88487 88570 88749 89279 89352 89446 89479 89523 89539 90676 90747 90919 90955 91308 91460 91568 91629 91649 91996 92063 92139 92211 92236 92245 92705 92742
recorded FR941206-1-00134 4 86779 88265 88389 91048
retained FR941206-1-00134 2 86781 91050
period FR941206-1-00134 4 86784 88501 91694 92012
3 FR941206-1-00134 42 86786 87486 88164 88288 88503 88827 89718 89737 89874 89886 89896 89907 89917 89938 89953 89969 89992 90007 90016 90026 90035 90052 90067 90083 90106 90124 90147 90163 90189 90198 90207 90226 90252 90400 90485 91055 91786 92040 92575 92982 93199 93489
years FR941206-1-00134 3 86787 88504 91056
after FR941206-1-00134 6 86788 88505 89433 89599 90331 92055
completion FR941206-1-00134 1 86789
decontamination FR941206-1-00134 2 86792 88745
process FR941206-1-00134 1 86793
; FR941206-1-00134 10 86795 87066 87102 90409 90442 91395 92379 92626 92816 92844
or FR941206-1-00134 120 86796 86904 86918 86944 87090 87176 87309 87312 87564 87666 87676 87907 87936 88099 88173 88207 88241 88311 88429 88548 88564 88583 88620 88637 88651 88654 88658 88711 88722 88736 88773 89270 89272 89275 89393 89408 89418 89484 89487 89507 89510 89521 89533 89545 89571 89576 90594 90672 90715 90720 90745 90762 90802 90805 90887 90891 90962 90970 91014 91093 91141 91179 91228 91295 91322 91338 91365 91523 91547 91554 91716 91724 91740 91802 91824 91832 91842 91873 91920 92035 92075 92083 92118 92151 92161 92200 92227 92267 92316 92380 92408 92411 92540 92565 92568 92608 92627 92632 92649 92692 92695 92712 92798 92806 92845 92869 92891 93134 93194 93218 93226 93262 93332 93340 93372 93386 93467 93517 93533 93632
ii FR941206-1-00134 32 86798 88126 88885 89026 89111 89633 89666 89697 89731 89757 89795 89811 89862 89877 89910 89941 89972 89995 90029 90055 90086 90109 90150 90166 90192 90229 90280 90475 91148 92723 93108 93154
placing FR941206-1-00134 1 86800
stationary FR941206-1-00134 1 86805
position FR941206-1-00134 2 86806 89381
waiting FR941206-1-00134 1 86808
at FR941206-1-00134 40 86811 86952 87372 87480 87591 87731 88194 88765 88771 88784 88796 88854 88862 88954 89042 89124 89218 89265 89547 90740 90855 90862 90890 91034 91051 91406 91427 91548 91752 91797 91946 92218 92300 92346 92594 92881 92905 93072 93170 93396
sufficient FR941206-1-00134 2 86813 91653
configuration FR941206-1-00134 1 86816
positions FR941206-1-00134 1 86818
so FR941206-1-00134 2 86819 89396
as FR941206-1-00134 65 86820 86922 86932 86938 86949 86956 86960 86995 87138 87246 87313 87627 87670 87672 87760 87864 88062 88078 88174 88210 88325 88365 88443 88602 88867 89097 89158 89197 89241 89291 89302 89358 89426 89452 89501 89611 89657 89901 90426 90574 90758 90936 90984 91132 91134 91299 91450 91519 91658 91738 91762 91806 91850 92098 92362 92398 92555 92684 92708 92821 93002 93240 93286 93317 93471
cover FR941206-1-00134 1 86822
entire FR941206-1-00134 1 86824
4 FR941206-1-00134 16 86832 87526 90295 90407 90815 91161 91249 91867 91982 92115 92319 92839 92894 93000 93256 93366
natural FR941206-1-00134 20 86834 86889 92180 92192 92275 92295 92333 92429 92446 92465 92485 92589 92664 92732 92780 92858 92876 92900 93050 93117
gas FR941206-1-00134 20 86835 86890 92181 92193 92276 92296 92334 92430 92447 92466 92486 92590 92665 92733 92781 92859 92877 92901 93051 93118
air FR941206-1-00134 12 86836 86860 87018 88178 88247 88285 88333 88451 88677 91100 91297 93301
compressor FR941206-1-00134 2 86837 86861
systems FR941206-1-00134 7 86838 86862 86930 86997 87019 92644 93303
also FR941206-1-00134 8 86840 86854 86901 88047 88337 88455 89227 90788
decontaminated FR941206-1-00134 2 86842 93015
accordance FR941206-1-00134 13 86844 88759 90774 91465 91512 91582 91899 91971 92026 92058 93017 93058 93185
with FR941206-1-00134 63 86845 86864 86867 86978 87515 88648 88659 88705 88719 88760 89015 89249 89273 89288 89355 89449 89526 90755 90775 90794 90836 90868 91040 91120 91237 91393 91419 91466 91513 91583 91652 91858 91900 91933 91972 92027 92059 92106 92149 92159 92202 92304 92394 92514 92551 92623 92636 92680 92726 92830 92950 92963 93009 93018 93059 93089 93186 93247 93281 93357 93382 93390 93394
761.79 FR941206-1-00134 2 86846 93024
5 FR941206-1-00134 15 86849 87307 87322 87579 89146 89211 90306 90417 90451 92178 92764 92930 93013 93095 93105
authorization FR941206-1-00134 1 86852
apply FR941206-1-00134 1 86855
other FR941206-1-00134 12 86857 87083 87276 87340 88106 88737 88832 90796 91135 91487 93305 93373
pipeline FR941206-1-00134 19 86858 86891 92182 92194 92277 92297 92337 92431 92467 92542 92591 92625 92734 92782 92860 92878 92902 93052 93119
contaminated FR941206-1-00134 3 86863 87503 93393
pcbs FR941206-1-00134 60 86865 87059 87075 87081 87093 87101 87119 87136 87288 87325 87420 87469 87586 87621 87724 87730 88087 88117 88623 88636 88641 88724 88783 88853 88861 88953 89036 89041 89087 89264 89344 90581 90652 90675 90702 90708 90739 90786 90965 91108 91117 91491 91665 91689 91737 91796 92138 92184 92279 92299 92473 92593 92880 92904 92972 93283 93395 93430 93447 93621
written FR941206-1-00134 7 86869 86979 87920 88576 91174 91306 93501
consent FR941206-1-00134 2 86870 86980
regional FR941206-1-00134 14 86873 87354 87611 87639 87700 87893 87945 88033 88591 90634 90655 91188 93506 93609
administrator FR941206-1-00134 14 86874 87355 87612 87640 87701 87894 87946 88034 88592 90635 90656 91189 93507 93610
epa FR941206-1-00134 3 86877 91187 92256
region FR941206-1-00134 9 86878 87358 87643 87949 88595 91193 93510 93551 93602
which FR941206-1-00134 21 86880 87360 87645 87951 88597 88663 88859 90753 91010 91103 91391 91441 91490 91710 91818 92070 92261 92471 93276 93307 93512
it FR941206-1-00134 11 86881 88142 90865 91037 91232 92328 92441 92449 92480 92492 92659
is FR941206-1-00134 41 86882 87368 87470 87954 88143 88269 88393 88600 88667 89118 89609 90703 90726 90733 90787 90866 91038 91062 91197 91233 91360 91401 91509 91711 91744 91765 91819 91895 92071 92230 92262 92338 92352 92420 92458 92505 92543 92579 92669 92718 93425
located FR941206-1-00134 5 86883 87955 88601 91198 92605
6 FR941206-1-00134 14 86886 89323 89778 89801 90133 90156 90216 90235 90317 90424 90431 90458 90472 93148
pcbcontaminated FR941206-1-00134 16 86888 88568 90817 90870 90880 90933 90981 91042 91984 91989 92048 92428 92857 93156 93209 93274
drained FR941206-1-00134 8 86893 91403 91435 91887 92023 92047 92976 93208
free FR941206-1-00134 10 86896 91414 92003 92306 92452 92495 92601 92785 92969 93165
flowing FR941206-1-00134 10 86897 91415 92004 92307 92453 92496 92602 92786 92970 93166
liquids FR941206-1-00134 11 86898 91319 91439 92244 92308 92454 92497 92603 92787 93044 93128
distributed FR941206-1-00134 1 86905
commerce FR941206-1-00134 2 86907 87812
use FR941206-1-00134 20 86909 87584 87800 87808 87859 87899 87961 87980 87990 88042 88806 88838 88894 88901 88946 89034 89080 89091 89224 92740
transport FR941206-1-00134 10 86912 87109 87113 89246 89394 89419 92332 92445 92484 92663
bulk FR941206-1-00134 1 86914
hydrocarbons FR941206-1-00134 1 86915
chemicals FR941206-1-00134 1 86917
petroleum FR941206-1-00134 1 86919
products FR941206-1-00134 2 86920 87159
casing FR941206-1-00134 1 86923
provide FR941206-1-00134 5 86925 87659 87852 87918 88575
secondary FR941206-1-00134 1 86926
containment FR941206-1-00134 5 86927 88299 88327 88417 88445
under FR941206-1-00134 29 86928 87269 87387 87477 88839 89471 89559 90670 90710 90723 91077 91096 91342 91878 92123 92168 92285 92368 92606 92628 92710 92750 92758 92850 92912 92990 93267 93377 93434
transportation FR941206-1-00134 2 86929 91575
industrial FR941206-1-00134 23 86933 90825 90832 90968 91003 91068 91113 91183 91216 91288 91334 91725 91741 91833 91847 92084 92095 92807 92818 93227 93238 93341 93352
structural FR941206-1-00134 1 86934
material FR941206-1-00134 22 86935 87444 87581 87618 87680 87752 87912 87953 87974 87988 88010 88015 88077 88130 88268 88318 88392 88436 88508 88599 91655 93574
fence FR941206-1-00134 3 86939 89513 89522
posts FR941206-1-00134 2 86940 86943
sign FR941206-1-00134 1 86942
bridge FR941206-1-00134 1 86945
supports FR941206-1-00134 1 86946
temporary FR941206-1-00134 1 86950
flume FR941206-1-00134 1 86951
construction FR941206-1-00134 1 86953
sites FR941206-1-00134 1 86954
equipment FR941206-1-00134 11 86957 88972 89039 89050 89556 91556 91764 91986 91991 92009 92050
skids FR941206-1-00134 1 86958
culverts FR941206-1-00134 1 86961
less FR941206-1-00134 16 86963 86999 87006 87310 88863 89019 90909 91679 91937 92015 92134 92314 92530 92889 93401 93568
than FR941206-1-00134 23 86964 87000 87007 87084 87321 87341 87464 88833 88864 89020 89255 90910 91321 91680 91938 92016 92135 92315 92531 92890 93402 93549 93569
80 FR941206-1-00134 1 86965
feet FR941206-1-00134 1 86966
length FR941206-1-00134 2 86968 87011
intermittent FR941206-1-00134 1 86971
flow FR941206-1-00134 2 86972 89058
situations FR941206-1-00134 1 86973
sewage FR941206-1-00134 1 86976
service FR941206-1-00134 7 86977 86993 88272 88396 88587 92357 92746
publicly FR941206-1-00134 1 86983
owned FR941206-1-00134 2 86984 91541
treatment FR941206-1-00134 7 86985 91731 91839 92090 92813 93233 93347
works FR941206-1-00134 1 86986
potw FR941206-1-00134 1 86988
steam FR941206-1-00134 1 86992
irrigation FR941206-1-00134 1 86996
20 FR941206-1-00134 1 87001
inch FR941206-1-00134 1 87002
diameter FR941206-1-00134 5 87003 92313 92434 92470 92888
200 FR941206-1-00134 1 87008
miles FR941206-1-00134 1 87009
enclosed FR941206-1-00134 2 87016 87344
compressed FR941206-1-00134 1 87017
j FR941206-1-00134 5 87022 87260 87594 90566 91126
limited FR941206-1-00134 7 87024 87052 87210 87297 87739 89055 93293
quantities FR941206-1-00134 2 87025 87298
research FR941206-1-00134 5 87027 87038 87175 87241 93564
development FR941206-1-00134 5 87029 87040 87180 87234 93566
purposes FR941206-1-00134 4 87032 87061 88967 93085
section FR941206-1-00134 47 87035 87171 87196 87271 87389 87479 87601 87631 87769 87848 87882 88560 88824 88849 88941 89234 89342 89478 89566 89607 90284 90697 91171 91284 91303 91476 91627 91783 91871 91910 91962 91979 92044 92175 92587 92668 92771 92843 92940 92997 93066 93112 93203 93260 93370 93496 93586
permissible FR941206-1-00134 1 87037
r FR941206-1-00134 19 87042 87163 87189 87200 87249 87264 87293 87362 87382 87399 87409 87428 87473 87533 87542 87624 87647 87712 88944
& FR941206-1-00134 18 87043 87164 87190 87201 87250 87265 87294 87363 87383 87400 87410 87429 87474 87534 87543 87625 87648 87713
d FR941206-1-00134 30 87044 87165 87191 87202 87251 87266 87295 87364 87384 87401 87411 87430 87475 87535 87544 87626 87649 87714 89156 89161 89177 89239 89582 89590 89604 89760 89998 90916 91267 92584
activities FR941206-1-00134 8 87046 87166 87192 87254 87267 87412 87476 88249
include FR941206-1-00134 9 87047 87174 87199 87969 88338 88456 91309 91442 91480
but FR941206-1-00134 7 87049 87208 87737 88858 89053 92598 93291
not FR941206-1-00134 25 87051 87173 87198 87209 87603 87738 88809 88897 89054 89469 89557 90616 90627 90677 90727 90902 91219 91291 91328 91354 92014 92621 93278 93292 93623
chemical FR941206-1-00134 10 87056 87078 87098 87440 91388 91599 92154 92958 93521 93559
analysis FR941206-1-00134 3 87057 87099 87177
determining FR941206-1-00134 2 87063 90791
pcb FR941206-1-00134 63 87064 87183 87215 87227 87408 87456 87489 87536 87568 87679 87862 87960 88002 88156 88276 88317 88400 88435 88507 88703 88762 89023 89213 89250 89277 89307 89387 89412 89444 89464 89489 89537 89569 89573 90336 90767 91318 91348 91438 91538 91552 91555 91560 91605 91611 91763 91788 91792 91914 91919 91941 92207 92534 92730 92863 93004 93033 93042 93070 93124 93432 93449 93573
concentrations FR941206-1-00134 7 87065 89266 89346 90741 91798 92208 92235
scientific FR941206-1-00134 5 87067 89038 89049 89095 89122
experimentation FR941206-1-00134 1 87068
on FR941206-1-00134 9 87069 87120 87242 89282 89382 89502 91208 93068 93636
physical FR941206-1-00134 3 87072 87438 89067
properties FR941206-1-00134 3 87073 87441 89068
reactions FR941206-1-00134 1 87079
evaluation FR941206-1-00134 1 87086
disposal FR941206-1-00134 31 87089 87204 87216 87237 87253 87552 88147 88769 90578 90589 90630 90642 90668 90737 90930 90978 91356 91359 91595 91735 91757 91875 91932 92120 92190 92847 92922 92987 93264 93374 93513
destruction FR941206-1-00134 2 87091 92165
testing FR941206-1-00134 2 87104 87222
environmental FR941206-1-00134 3 87108 87316 88159
processes FR941206-1-00134 3 87110 87114 87244
biochemical FR941206-1-00134 1 87112
effects FR941206-1-00134 2 87117 87134
atmospheric FR941206-1-00134 1 87122
environment FR941206-1-00134 4 87123 90599 91230 93634
aquatic FR941206-1-00134 1 87125
environments FR941206-1-00134 2 87126 87129
terrestrial FR941206-1-00134 1 87128
health FR941206-1-00134 6 87133 88120 88187 91227 91517 93631
general FR941206-1-00134 2 87139 87437
toxicity FR941206-1-00134 6 87140 87143 87146 87150 87155 88871
subchronic FR941206-1-00134 1 87142
chronic FR941206-1-00134 1 87145
specific FR941206-1-00134 2 87148 89094
organ/tissue FR941206-1-00134 1 87149
neurotoxicity FR941206-1-00134 1 87152
genetic FR941206-1-00134 1 87154
metabolic FR941206-1-00134 1 87158
however FR941206-1-00134 3 87161 87555 91502
authorized FR941206-1-00134 9 87167 87193 87386 87806 88803 88835 88891 90759 91576
pursuant FR941206-1-00134 2 87168 87330
do FR941206-1-00134 2 87172 87197
any FR941206-1-00134 31 87182 87381 87690 87732 88024 88095 88105 88119 88347 88465 88785 88855 88955 89043 89125 89405 90782 90869 91537 91543 91549 91663 91674 92301 92433 92469 92595 92882 92906 93422 93429
product FR941206-1-00134 1 87184
addition FR941206-1-00134 2 87187 92919
including FR941206-1-00134 8 87206 87735 88726 88974 89011 89052 92052 93289
demonstrations FR941206-1-00134 1 87213
approvals FR941206-1-00134 1 87217
pren FR941206-1-00134 1 87219
tests FR941206-1-00134 1 87220
major FR941206-1-00134 1 87223
modifications FR941206-1-00134 1 87224
approved FR941206-1-00134 11 87226 90709 91337 91877 92122 92145 92167 92849 92989 93266 93376
technologies FR941206-1-00134 2 87228 87238
treatability FR941206-1-00134 1 87230
studies FR941206-1-00134 1 87231
new FR941206-1-00134 3 87236 90381 90445
transformation FR941206-1-00134 1 87243
biodegradation FR941206-1-00134 1 87247
addressed FR941206-1-00134 1 87256
761.60 FR941206-1-00134 9 87258 88772 89608 89620 90259 90577 90711 91343 92110
conducted FR941206-1-00134 6 87268 87415 87652 88252 88375 91510
subject FR941206-1-00134 8 87273 87834 88810 88898 88985 89071 91745 91766
applicable FR941206-1-00134 8 87277 87332 87709 89306 90797 91122 91136 91514
federal FR941206-1-00134 4 87278 90798 91137 91522
state FR941206-1-00134 13 87280 87706 90800 91099 91139 91296 91524 91720 91828 92079 92802 93222 93336
local FR941206-1-00134 3 87283 90803 91142
laws FR941206-1-00134 3 87284 90804 91143
regulations FR941206-1-00134 4 87286 90806 91145 91525
when FR941206-1-00134 6 87299 88798 90731 91699 92224 92736
originally FR941206-1-00134 1 87300
packaged FR941206-1-00134 2 87301 87329
hermetically FR941206-1-00134 1 87303
sealed FR941206-1-00134 6 87304 92344 92421 92459 92580 92719
containers FR941206-1-00134 3 87305 87319 89251
milliliters FR941206-1-00134 3 87308 87323 89117
samples FR941206-1-00134 5 87314 87496 87501 87566 93138
media FR941206-1-00134 1 87317
larger FR941206-1-00134 1 87320
containing FR941206-1-00134 19 87324 89018 89343 89567 90878 90973 91688 91795 91936 92183 92278 92298 92592 92599 92731 92783 92879 92903 93043
have FR941206-1-00134 5 87327 91006 91072 91292 92973
been FR941206-1-00134 6 87328 87963 88323 88441 88510 92974
dot FR941206-1-00134 2 87333 91636
performance FR941206-1-00134 2 87334 93462
standards FR941206-1-00134 3 87335 91518 93020
manner FR941206-1-00134 3 87339 87345 90613
provided FR941206-1-00134 6 87347 87813 91396 91882 92966 93472
activity FR941206-1-00134 6 87365 87385 87402 87457 87688 87715
will FR941206-1-00134 11 87366 87413 87650 87692 87705 88615 90604 93514 93544 93596 93622
occur FR941206-1-00134 1 87367
notified FR941206-1-00134 1 87369
writing FR941206-1-00134 4 87371 87636 87695 91205
least FR941206-1-00134 5 87373 90856 91407 91428 93171
30 FR941206-1-00134 3 87374 87926 87938
days FR941206-1-00134 4 87375 87927 87939 89432
prior FR941206-1-00134 9 87376 87607 87801 90600 90643 90735 91593 91930 92867
commencement FR941206-1-00134 1 87379
notification FR941206-1-00134 5 87392 87921 87967 88052 92358
identify FR941206-1-00134 1 87394
person FR941206-1-00134 5 87396 90783 91544 91675 93423
conducting FR941206-1-00134 1 87397
location FR941206-1-00134 8 87405 87825 87971 88073 88085 88498 89499 89550
where FR941206-1-00134 3 87406 91194 92861
quantity FR941206-1-00134 4 87418 87665 87675 91750
treated FR941206-1-00134 2 87423 87446
type FR941206-1-00134 1 87426
technology FR941206-1-00134 2 87431 92988
being FR941206-1-00134 3 87445 87538 88144
an FR941206-1-00134 25 87449 87982 88339 88457 88649 90663 90824 91007 91182 91221 91333 91846 92094 92144 92163 92311 92817 92886 92946 92985 93237 93351 93442 93525 93625
estimate FR941206-1-00134 2 87450 87983
duration FR941206-1-00134 2 87453 87685
2 FR941206-1-00134 42 87460 88236 88413 88777 88845 88998 89130 89553 89630 89642 89652 89663 89673 89694 89709 89728 89754 89772 89792 89808 89834 89846 89859 90264 90277 90361 90373 90387 90523 90544 90558 91529 91620 91776 92033 92382 92500 92874 92954 93192 93479 93582
no FR941206-1-00134 11 87462 87557 90921 90957 92225 92305 92451 92494 92600 92737 92784
more FR941206-1-00134 5 87463 89254 89276 89488 93548
100 FR941206-1-00134 4 87465 88406 89116 93403
grams FR941206-1-00134 1 87466
pure FR941206-1-00134 1 87468
facility FR941206-1-00134 18 87482 87545 87553 90492 90590 90752 91053 91709 91817 91876 92069 92121 92794 92848 93213 93265 93328 93375
annually FR941206-1-00134 3 87483 88260 88383
wastes FR941206-1-00134 4 87490 87537 87569 92086
eg FR941206-1-00134 3 87492 87992 88017
spent FR941206-1-00134 1 87494
laboratory FR941206-1-00134 1 87495
residuals FR941206-1-00134 2 87498 87563
unused FR941206-1-00134 2 87500 87565
media/instrumentation FR941206-1-00134 1 87504
clothing FR941206-1-00134 1 87506
etc FR941206-1-00134 1 87508
stored FR941206-1-00134 3 87512 88753 90749
compliance FR941206-1-00134 10 87514 88626 91236 91857 92105 92829 93008 93088 93246 93356
storage FR941206-1-00134 5 87517 88763 89390 89415 90732
requirements FR941206-1-00134 16 87518 87708 88764 88770 88813 88902 89202 90579 90689 91751 91860 92108 92832 93249 93359 93530
761.65 FR941206-1-00134 2 87520 88766
b FR941206-1-00134 45 87522 88055 88629 88924 89152 89165 89715 89734 89959 89975 90013 90032 90213 90232 90324 90345 90354 90358 90370 90384 90397 90404 90414 90421 90428 90435 90448 90455 90469 90874 91259 91346 91384 91617 91773 91949 91958 92377 92426 92761 92898 92927 93082 93092 93102
manifests FR941206-1-00134 2 87528 87558
transported FR941206-1-00134 1 87539
from FR941206-1-00134 22 87540 87609 87928 88271 88395 88693 89223 90651 90925 90966 91057 91457 91696 92006 92264 92745 92977 93046 93077 93176 93411 93527
commercial FR941206-1-00134 1 87548
storer FR941206-1-00134 1 87549
and/or FR941206-1-00134 1 87550
required FR941206-1-00134 6 87560 87865 89372 91300 91520 93426
if FR941206-1-00134 10 87561 88320 88438 89485 91357 91912 92335 92448 92487 92666
returned FR941206-1-00134 1 87571
site FR941206-1-00134 1 87574
generation FR941206-1-00134 1 87576
limitations FR941206-1-00134 1 87582
set FR941206-1-00134 1 87589
out FR941206-1-00134 1 87590
paragraph FR941206-1-00134 64 87592 87763 87839 87867 88815 88840 88904 89141 89175 89191 89228 89472 89560 89625 89689 89703 89749 89829 89840 89869 89933 89947 89987 90001 90047 90061 90101 90184 90201 90247 90290 90301 90312 90322 90467 90480 90508 90518 90553 90564 90691 91156 91352 91467 91615 91771 91862 91904 91947 91973 92028 92061 92169 92187 92759 92834 92925 92991 93060 93187 93251 93361 93535 93577
exceeded FR941206-1-00134 1 87605
without FR941206-1-00134 1 87606
approval FR941206-1-00134 7 87608 87654 87691 87704 90669 93539 93591
requests FR941206-1-00134 3 87614 93537 93589
exceed FR941206-1-00134 1 87616
limitation FR941206-1-00134 1 87619
defined FR941206-1-00134 9 87628 88063 88217 88366 91851 92099 92822 93241 93318
must FR941206-1-00134 21 87632 87658 89088 89376 90769 90834 90853 90882 91005 91044 91070 91118 91927 91966 93053 93120 93158 93408 93552 93603 93614
submitted FR941206-1-00134 3 87634 93554 93605
request FR941206-1-00134 5 87657 88102 91175 91307 93502
justification FR941206-1-00134 1 87661
additional FR941206-1-00134 2 87664 88025
concentration FR941206-1-00134 16 87667 87677 87733 88003 88707 88786 88856 88956 89044 92302 92596 92864 92883 92907 93034 93071
needed FR941206-1-00134 2 87668 87681
well FR941206-1-00134 2 87671 91133
specify FR941206-1-00134 1 87673
signed FR941206-1-00134 1 87697
***** FR941206-1-00134 7 87717 89237 89366 89422 91527 91589 93418
q FR941206-1-00134 11 87719 87841 87869 88529 88539 88550 88817 88842 88906 88915 88928
prea FR941206-1-00134 2 87721 87959
uses FR941206-1-00134 2 87722 88153
nond FR941206-1-00134 4 87726 88779 88829 90681
materials FR941206-1-00134 11 87727 87782 87863 88045 88157 88704 88714 88739 88742 88780 88830
contain FR941206-1-00134 7 87729 88621 88639 88782 88852 89253 92129
gaskets FR941206-1-00134 1 87742
plastics FR941206-1-00134 1 87744
plasticizers FR941206-1-00134 1 87746
fluorescent FR941206-1-00134 4 87748 91685 91702 91759
light FR941206-1-00134 4 87749 91686 91703 91760
ballast FR941206-1-00134 2 87750 91704
potting FR941206-1-00134 1 87751
electrical FR941206-1-00134 6 87754 88971 91985 91990 92008 92049
cable FR941206-1-00134 2 87755 87759
except FR941206-1-00134 6 87757 88911 90757 91993 92701 93562
oilfilled FR941206-1-00134 1 87758
described FR941206-1-00134 6 87761 89292 89309 89359 89453 91613
m FR941206-1-00134 3 87765 88234 88411
dried FR941206-1-00134 1 87772
paints FR941206-1-00134 1 87773
small FR941206-1-00134 3 87775 91539 91610
rubber FR941206-1-00134 1 87776
parts FR941206-1-00134 1 87777
roofing FR941206-1-00134 1 87779
siding FR941206-1-00134 1 87781
insulation FR941206-1-00134 1 87784
caulking FR941206-1-00134 1 87786
waterproofing FR941206-1-00134 1 87788
compounds FR941206-1-00134 1 87789
ceiling FR941206-1-00134 1 87791
tile FR941206-1-00134 1 87792
coatings FR941206-1-00134 1 87793
adhesive FR941206-1-00134 1 87796
tape FR941206-1-00134 1 87797
distribution FR941206-1-00134 1 87810
they FR941206-1-00134 1 87814
remain FR941206-1-00134 2 87815 88132
intact FR941206-1-00134 3 87816 88133 91682
place FR941206-1-00134 11 87819 88136 90502 92199 92284 92327 92423 92440 92479 92658 93516
their FR941206-1-00134 4 87821 87830 88981 93069
existing FR941206-1-00134 4 87822 88139 88152 92219
application FR941206-1-00134 3 87823 88140 90664
remainder FR941206-1-00134 2 87828 88979
useful FR941206-1-00134 4 87831 88006 88030 88982
life FR941206-1-00134 3 87832 88007 88983
conditions FR941206-1-00134 8 87837 87900 88989 89001 89075 89081 90842 91241
failure FR941206-1-00134 1 87850
documentary FR941206-1-00134 2 87853 88036
evidence FR941206-1-00134 2 87854 88037
substantiates FR941206-1-00134 1 87856
historical FR941206-1-00134 2 87858 88041
result FR941206-1-00134 1 87884
rejection FR941206-1-00134 1 87887
claims FR941206-1-00134 1 87890
owner FR941206-1-00134 4 87906 88563 89544 91178
operator FR941206-1-00134 4 87908 88565 89546 91180
pcbcontaining FR941206-1-00134 4 87911 88076 88129 88731
[ FR941206-1-00134 7 87923 88994 89028 89099 89132 89428 89583
insert FR941206-1-00134 3 87924 89100 89429
date FR941206-1-00134 7 87925 87930 89101 89430 89436 91059 91698
effective FR941206-1-00134 2 87929 89435
final FR941206-1-00134 4 87933 89106 89439 91075
rule FR941206-1-00134 3 87934 89107 89440
] FR941206-1-00134 7 87935 88996 89030 89108 89134 89441 89585
within FR941206-1-00134 3 87937 88516 91690
discovery FR941206-1-00134 1 87941
has FR941206-1-00134 4 87962 88322 88440 88509
discovered FR941206-1-00134 1 87964
description FR941206-1-00134 1 87977
amount FR941206-1-00134 1 87986
square FR941206-1-00134 4 87996 88230 88407 93406
footage FR941206-1-00134 1 87997
pounds FR941206-1-00134 2 87999 93571
expected FR941206-1-00134 1 88005
condition FR941206-1-00134 1 88012
potential FR941206-1-00134 1 88019
exposure FR941206-1-00134 4 88021 90621 90650 93413
information FR941206-1-00134 2 88026 88111
establishes FR941206-1-00134 1 88039
included FR941206-1-00134 2 88049 92353
post FR941206-1-00134 1 88057
mark FR941206-1-00134 5 88059 89289 89356 89450 89527
ml FR941206-1-00134 5 88060 89290 89357 89451 89528
761.45 FR941206-1-00134 4 88065 89294 89361 89455
prominent FR941206-1-00134 1 88072
near FR941206-1-00134 1 88074
warning FR941206-1-00134 1 88080
presence FR941206-1-00134 1 88083
c FR941206-1-00134 12 88090 88937 89700 89944 90073 90089 90482 90858 90894 90897 91263 92463
make FR941206-1-00134 2 88092 91201
available FR941206-1-00134 2 88093 92263
potentially FR941206-1-00134 2 88096 88107
exposed FR941206-1-00134 2 88097 88108
employee FR941206-1-00134 1 88098
upon FR941206-1-00134 2 88101 91173
individual FR941206-1-00134 1 88109
concerning FR941206-1-00134 1 88112
identity FR941206-1-00134 1 88114
risk FR941206-1-00134 7 88121 90619 90648 91211 91223 91312 93627
associated FR941206-1-00134 2 88122 92622
therewith FR941206-1-00134 1 88123
its FR941206-1-00134 3 88138 92549 93617
unless FR941206-1-00134 4 88141 90632 91336 92756
removed FR941206-1-00134 9 88145 88240 88270 88394 88511 91456 91706 92744 93045
iii FR941206-1-00134 24 88150 88535 89645 89676 89712 89837 89849 89889 89920 89956 90010 90070 90127 90210 90255 90267 90461 90537 90547 91316 93027 93272 93482 93492
exhibiting FR941206-1-00134 1 88158
releases FR941206-1-00134 2 88160 90963
above FR941206-1-00134 5 88161 88278 88402 88522 90892
0.001 FR941206-1-00134 2 88162 88279
mg/m FR941206-1-00134 2 88163 88287
10hour FR941206-1-00134 2 88167 88292
workday FR941206-1-00134 2 88168 88293
40hour FR941206-1-00134 2 88170 88295
workweek FR941206-1-00134 2 88171 88296
measured FR941206-1-00134 4 88175 88211 88868 92238
workplace FR941206-1-00134 1 88177
monitoring FR941206-1-00134 4 88179 88248 88334 88452
using FR941206-1-00134 4 88180 91942 92255 92507
national FR941206-1-00134 1 88181
institute FR941206-1-00134 1 88182
occupational FR941206-1-00134 1 88184
safety FR941206-1-00134 2 88185 91515
niosh FR941206-1-00134 1 88189
method FR941206-1-00134 9 88191 88887 90939 90987 92166 92257 93444 93456 93618
5503 FR941206-1-00134 1 88192
sampling FR941206-1-00134 4 88193 88331 88363 88449
rate FR941206-1-00134 1 88196
liter FR941206-1-00134 1 88199
per FR941206-1-00134 3 88200 88281 88405
minute FR941206-1-00134 2 88201 90912
480 FR941206-1-00134 1 88203
continuous FR941206-1-00134 4 88204 91409 91430 93173
minutes FR941206-1-00134 1 88205
levels FR941206-1-00134 5 88209 88277 88401 88524 93397
standard FR941206-1-00134 5 88214 88361 91106 93136 93313
wipe FR941206-1-00134 4 88215 88362 93137 93314
test FR941206-1-00134 2 88216 93315
761.123 FR941206-1-00134 3 88219 88368 93320
exterior FR941206-1-00134 3 88222 88371 89384
accessible FR941206-1-00134 1 88223
areas FR941206-1-00134 1 88224
excess FR941206-1-00134 1 88226
10 FR941206-1-00134 5 88228 88233 88403 88410 93399
micrograms/100 FR941206-1-00134 1 88229
centimeters FR941206-1-00134 2 88231 93407
g/100cm FR941206-1-00134 2 88235 88412
contained FR941206-1-00134 1 88242
iv FR941206-1-00134 8 88245 88545 89655 89899 90364 91535 91623 91779
quarterly FR941206-1-00134 2 88253 88376
first FR941206-1-00134 4 88256 88379 91402 91701
year FR941206-1-00134 2 88257 88380
then FR941206-1-00134 6 88259 88382 89515 90658 91434 91923
thereafter FR941206-1-00134 2 88261 88384
results FR941206-1-00134 4 88264 88274 88388 88398
until FR941206-1-00134 2 88266 88390
indicating FR941206-1-00134 2 88275 88399
milligram FR941206-1-00134 1 88280
cubic FR941206-1-00134 1 88282
meter FR941206-1-00134 1 88283
require FR941206-1-00134 4 88298 88416 90628 90659
through FR941206-1-00134 2 88300 88418
modification FR941206-1-00134 2 88303 88421
release FR941206-1-00134 4 88306 88424 88660 88666
controls FR941206-1-00134 3 88307 88425 88661
encapsulation FR941206-1-00134 10 88309 88321 88345 88351 88427 88439 88463 88469 88645 88738
immediate FR941206-1-00134 2 88313 88431
removal FR941206-1-00134 7 88314 88432 89222 92201 92725 92871 93076
chosen FR941206-1-00134 2 88324 88442
option FR941206-1-00134 2 88328 88446
procedures FR941206-1-00134 4 88335 88453 88748 93022
inspection FR941206-1-00134 2 88340 88458
damage FR941206-1-00134 2 88342 88460
deterioration FR941206-1-00134 2 88348 88466
repaired FR941206-1-00134 2 88354 88472
documented FR941206-1-00134 2 88356 88474
v FR941206-1-00134 2 88359 88556
micrograms FR941206-1-00134 2 88404 93404
centimeter FR941206-1-00134 1 88408
vi FR941206-1-00134 3 88477 90376 91591
records FR941206-1-00134 1 88479
measurements FR941206-1-00134 1 88481
inspections FR941206-1-00134 1 88483
maintenance FR941206-1-00134 1 88486
maintained FR941206-1-00134 2 88489 89541
review FR941206-1-00134 1 88491
agency FR941206-1-00134 1 88493
officials FR941206-1-00134 1 88494
central FR941206-1-00134 1 88497
vii FR941206-1-00134 3 88514 90390 91672
24 FR941206-1-00134 1 88517
hours FR941206-1-00134 5 88518 91410 91431 92018 93174
measurement FR941206-1-00134 1 88521
specified FR941206-1-00134 1 88525
paragraphs FR941206-1-00134 21 88527 88913 89150 89159 89180 89311 89637 89658 89766 89881 89902 90118 90343 90382 90395 90412 90446 90529 91244 93090 93474
item FR941206-1-00134 6 88569 90871 90881 90934 90982 91043
notice FR941206-1-00134 1 88577
facsimile FR941206-1-00134 1 88581
machine FR941206-1-00134 2 88582 91926
overnight FR941206-1-00134 1 88584
mail FR941206-1-00134 1 88585
delivery FR941206-1-00134 1 88586
nature FR941206-1-00134 1 88605
extent FR941206-1-00134 1 88607
migration FR941206-1-00134 1 88610
steps FR941206-1-00134 1 88613
taken FR941206-1-00134 3 88617 91046 91500
remove FR941206-1-00134 2 88619 88634
ensure FR941206-1-00134 2 88625 88689
initiate FR941206-1-00134 1 88631
action FR941206-1-00134 4 88632 90631 92204 92728
means FR941206-1-00134 1 88643
epoxybased FR941206-1-00134 1 88650
equivalent FR941206-1-00134 3 88652 92268 93463
paint FR941206-1-00134 2 88653 88732
sealant FR941206-1-00134 2 88656 88734
continual FR941206-1-00134 1 88665
collected FR941206-1-00134 2 88668 92217
closed FR941206-1-00134 5 88671 92345 92460 92581 92720
container FR941206-1-00134 5 88672 88680 91577 91634 91648
displaces FR941206-1-00134 1 88674
only FR941206-1-00134 4 88675 89014 92703 93600
ie FR941206-1-00134 1 88682
leak FR941206-1-00134 2 88684 88727
collection FR941206-1-00134 2 88685 88728
system FR941206-1-00134 3 88686 92367 92526
personnel FR941206-1-00134 1 88690
protected FR941206-1-00134 4 88692 89498 89549 93410
dermal FR941206-1-00134 2 88694 93412
inhalation FR941206-1-00134 1 88696
exposures FR941206-1-00134 1 88697
viii FR941206-1-00134 1 88700
50 FR941206-1-00134 15 88709 88720 88865 89021 89268 89348 90743 91325 91800 91939 92131 92386 92532 92546 92672
ppm FR941206-1-00134 13 88710 88721 89022 89269 89351 90744 91326 91801 91918 91940 92132 92137 92533
greater FR941206-1-00134 7 88712 88723 89271 90746 91320 91803 91921
come FR941206-1-00134 1 88716
contact FR941206-1-00134 3 88718 93280 93389
devices FR941206-1-00134 1 88729
during FR941206-1-00134 4 88744 90928 90976 92870
cleanup FR941206-1-00134 1 88747
handled FR941206-1-00134 1 88751
disposed FR941206-1-00134 21 88756 88799 90582 90609 90771 90821 91330 91462 91579 91813 91896 91968 91998 92065 92141 92748 92790 92910 93055 93160 93324
761.62 FR941206-1-00134 2 88774 93010
would FR941206-1-00134 1 88789
meet FR941206-1-00134 1 88790
definition FR941206-1-00134 1 88792
household FR941206-1-00134 1 88794
waste FR941206-1-00134 13 88795 90768 91389 91600 91727 91743 91835 92155 92809 92959 93006 93229 93343
761.3 FR941206-1-00134 5 88797 91853 92101 92824 93243
continued FR941206-1-00134 3 88805 88837 88893
those FR941206-1-00134 2 88834 93415
leach FR941206-1-00134 1 88860
micrograms/liter FR941206-1-00134 1 88866
characteristic FR941206-1-00134 1 88872
leaching FR941206-1-00134 1 88873
procedure FR941206-1-00134 3 88874 89534 91508
tclp FR941206-1-00134 1 88876
40 FR941206-1-00134 6 88879 90942 90990 91081 91089 91753
cfr FR941206-1-00134 7 88880 90943 90991 91082 91090 91754 92370
261 FR941206-1-00134 1 88882
appendix FR941206-1-00134 4 88884 90947 90995 93141
1311 FR941206-1-00134 1 88888
servicing FR941206-1-00134 4 88949 88969 89000 89409
rectifiers FR941206-1-00134 3 88951 88961 89006
rebuilding FR941206-1-00134 2 88975 89012
following FR941206-1-00134 9 88988 89074 89443 90838 91587 92289 92754 92777 92916
reserved FR941206-1-00134 3 88995 89029 89133
serviced FR941206-1-00134 1 89009
dielectric FR941206-1-00134 2 89016 91445
fluid FR941206-1-00134 2 89017 91446
s FR941206-1-00134 1 89032
oscillatory FR941206-1-00134 1 89057
birefringence FR941206-1-00134 1 89059
viscoelasticity FR941206-1-00134 1 89061
instruments FR941206-1-00134 1 89062
study FR941206-1-00134 1 89065
polymers FR941206-1-00134 1 89070
instrument FR941206-1-00134 2 89096 89123
publication FR941206-1-00134 1 89103
maximum FR941206-1-00134 1 89114
one FR941206-1-00134 8 89126 89274 89486 92286 92751 92913 93550 93601
8. FR941206-1-00134 1 89135
761.40 FR941206-1-00134 2 89137 89200
revising FR941206-1-00134 8 89140 89172 90289 90342 90394 90466 90507 90552
redesignating FR941206-1-00134 4 89149 89636 89880 90411
respectively FR941206-1-00134 4 89168 89679 89923 90441
newly FR941206-1-00134 10 89173 89687 89747 89827 89931 89985 90045 90099 90182 90245
designated FR941206-1-00134 10 89174 89688 89748 89828 89932 89986 90046 90100 90183 90246
e FR941206-1-00134 12 89182 89300 90058 90112 90195 90510 90717 90952 91271 92171 92993 93420
h FR941206-1-00134 5 89186 89368 91066 91087 91167
adding FR941206-1-00134 7 89190 89616 90327 90380 90444 90528 90563
k FR941206-1-00134 4 89193 89230 89424 91128
read FR941206-1-00134 12 89196 89403 89722 89786 89853 89963 90020 90077 90141 90220 90271 90573
follows FR941206-1-00134 3 89198 89612 90575
marking FR941206-1-00134 1 89201
* FR941206-1-00134 18 89207 89208 89209 90811 90812 90813 91374 91375 91376 91380 91381 91382 91531 91532 91533 93150 93151 93152
large FR941206-1-00134 5 89214 89465 89490 89574 91604
low FR941206-1-00134 4 89215 89466 89491 89577
voltage FR941206-1-00134 4 89216 89467 89492 89578
capacitors FR941206-1-00134 10 89217 89468 89493 89538 91553 91606 91612 91669 91994 92127
see FR941206-1-00134 2 89226 93576
vehicle FR941206-1-00134 1 89247
loaded FR941206-1-00134 1 89248
45 FR941206-1-00134 1 89256
kg FR941206-1-00134 1 89257
99.4 FR941206-1-00134 1 89259
lbs FR941206-1-00134 1 89260
transformers FR941206-1-00134 1 89278
marked FR941206-1-00134 8 89281 89354 89411 89448 89470 89481 89525 89558
end FR941206-1-00134 6 89284 92348 92419 92457 92578 92717
side FR941206-1-00134 1 89287
items FR941206-1-00134 6 89308 89388 89413 89445 93433 93450
7 FR941206-1-00134 6 89330 89782 89817 90137 90172 90438
8 FR941206-1-00134 1 89338
500 FR941206-1-00134 3 89350 92136 93570
marks FR941206-1-00134 2 89371 89399
subpart FR941206-1-00134 7 89375 89581 89589 89603 90780 91086 93436
placed FR941206-1-00134 4 89378 90585 91570 91631
units FR941206-1-00134 8 89391 89416 91732 91840 92091 92814 93234 93348
vehicles FR941206-1-00134 2 89395 89420
can FR941206-1-00134 4 89400 93308 93439 93457
easily FR941206-1-00134 1 89402
persons FR941206-1-00134 1 89406
inspecting FR941206-1-00134 1 89407
180 FR941206-1-00134 1 89431
individually FR941206-1-00134 1 89482
installed FR941206-1-00134 1 89495
power FR941206-1-00134 1 89504
pole FR941206-1-00134 2 89505 89517
structure FR941206-1-00134 2 89508 89519
behind FR941206-1-00134 1 89511
record FR941206-1-00134 1 89532
identifying FR941206-1-00134 1 89535
transformer FR941206-1-00134 4 89570 91400 91459 91943
high FR941206-1-00134 6 89575 90686 92412 92569 92696 93468
capacitor FR941206-1-00134 3 89579 91540 91561
amended FR941206-1-00134 2 89584 89610
9. FR941206-1-00134 1 89586
amending FR941206-1-00134 1 89588
removing FR941206-1-00134 7 89592 89624 89868 90300 90311 90488 90515
`` FR941206-1-00134 23 89594 89704 89723 89767 89787 89841 89854 89948 89964 90002 90021 90062 90078 90119 90142 90202 90221 90258 90272 90335 90491 90498 92364
note FR941206-1-00134 1 89595
'' FR941206-1-00134 23 89596 89720 89739 89784 89819 89851 89864 89961 89977 90018 90037 90075 90091 90139 90174 90218 90237 90269 90285 90338 90493 90500 92366
appearing FR941206-1-00134 1 89597
just FR941206-1-00134 2 89598 90330
heading FR941206-1-00134 2 89601 90334
10. FR941206-1-00134 1 89606
a. FR941206-1-00134 1 89614
introductory FR941206-1-00134 3 89617 90328 90366
language FR941206-1-00134 1 89618
b. FR941206-1-00134 1 89622
c. FR941206-1-00134 1 89681
changing FR941206-1-00134 9 89683 89743 89823 89927 89981 90041 90095 90178 90241
reference FR941206-1-00134 9 89685 89745 89825 89929 89983 90043 90097 90180 90243
d. FR941206-1-00134 1 89741
e. FR941206-1-00134 1 89821
f. FR941206-1-00134 1 89866
g. FR941206-1-00134 1 89925
h. FR941206-1-00134 1 89979
i. FR941206-1-00134 1 90039
j. FR941206-1-00134 1 90093
k. FR941206-1-00134 1 90176
l. FR941206-1-00134 1 90239
m. FR941206-1-00134 1 90287
n. FR941206-1-00134 1 90298
o. FR941206-1-00134 1 90309
p. FR941206-1-00134 1 90320
text FR941206-1-00134 2 90329 90367
italics FR941206-1-00134 1 90333
articles FR941206-1-00134 6 90337 91349 93157 93210 93275 93306
q. FR941206-1-00134 1 90478
term FR941206-1-00134 2 90490 90497
substituting FR941206-1-00134 1 90495
unit FR941206-1-00134 1 90499
thereof FR941206-1-00134 1 90503
r. FR941206-1-00134 1 90505
s. FR941206-1-00134 1 90513
reserving FR941206-1-00134 1 90517
f FR941206-1-00134 3 90520 91000 91275
t. FR941206-1-00134 1 90526
g FR941206-1-00134 4 90531 90541 91024 91280
u. FR941206-1-00134 1 90550
v. FR941206-1-00134 1 90561
revisions FR941206-1-00134 1 90570
additions FR941206-1-00134 1 90572
land FR941206-1-00134 1 90588
spilled FR941206-1-00134 1 90592
otherwise FR941206-1-00134 4 90595 90721 91339 91361
released FR941206-1-00134 1 90596
into FR941206-1-00134 5 90597 90680 90884 90905 92524
presumed FR941206-1-00134 1 90606
does FR941206-1-00134 5 90615 90626 91218 91290 91353
present FR941206-1-00134 3 90617 92231 93624
therefore FR941206-1-00134 1 90624
further FR941206-1-00134 1 90629
makes FR941206-1-00134 1 90636
finding FR941206-1-00134 2 90638 91203
presents FR941206-1-00134 1 90646
submission FR941206-1-00134 1 90661
riskbased FR941206-1-00134 1 90667
761.61 FR941206-1-00134 1 90671
761.62. FR941206-1-00134 1 90673
liquid FR941206-1-00134 14 90674 91416 91664 91891 91894 91915 92005 92024 92053 92229 92971 93167 93183 93282
processed FR941206-1-00134 1 90679
forms FR941206-1-00134 1 90682
circumvent FR941206-1-00134 1 90684
temperature FR941206-1-00134 4 90687 90849 91018 91030
incineration FR941206-1-00134 2 90688 93529
open FR941206-1-00134 2 90699 90728
burning FR941206-1-00134 2 90700 90729
prohibited FR941206-1-00134 3 90704 90763 91362
combustion FR941206-1-00134 1 90706
allowed FR941206-1-00134 3 90722 91340 91423
761 FR941206-1-00134 1 90725
desired FR941206-1-00134 1 90734
complies FR941206-1-00134 6 90754 91392 92148 92158 92949 92962
761.65. FR941206-1-00134 1 90756
761.30 FR941206-1-00134 1 90761
761.20 FR941206-1-00134 2 90765 91364
provisions FR941206-1-00134 6 90777 91123 91902 92290 92755 92917
disposing FR941206-1-00134 5 90784 91115 92020 93180 93205
responsible FR941206-1-00134 1 90789
complying FR941206-1-00134 1 90793
nons FR941206-1-00134 2 90818 93287
furnace FR941206-1-00134 15 90826 90833 90969 90975 91004 91184 91196 91217 91289 91335 91848 92096 92819 93239 93353
comply FR941206-1-00134 2 90835 91119
operating FR941206-1-00134 8 90839 90848 91234 91855 92103 92827 93244 93354
parameters FR941206-1-00134 2 90840 91239
hearth FR941206-1-00134 5 90852 90889 90907 91021 91033
1000 FR941206-1-00134 3 90857 90893 91917
centigrade FR941206-1-00134 1 90860
charged FR941206-1-00134 2 90867 91039
charge FR941206-1-00134 2 90877 91061
molten FR941206-1-00134 1 90885
metal FR941206-1-00134 1 90886
successive FR941206-1-00134 1 90899
charges FR941206-1-00134 1 90900
introduced FR941206-1-00134 3 90904 91063 92523
15 FR941206-1-00134 1 90911
intervals FR941206-1-00134 1 90913
there FR941206-1-00134 2 90918 90954
visible FR941206-1-00134 2 90922 90958
particulate FR941206-1-00134 2 90923 90960
emissions FR941206-1-00134 3 90924 90961 91101
stack FR941206-1-00134 1 90927
determined FR941206-1-00134 4 90937 90985 92213 92866
9 FR941206-1-00134 2 90940 90988
60 FR941206-1-00134 2 90945 90993
fugitive FR941206-1-00134 1 90959
building FR941206-1-00134 1 90972
operational FR941206-1-00134 1 91008
device FR941206-1-00134 1 91009
accurately FR941206-1-00134 1 91011
measures FR941206-1-00134 2 91012 91497
directly FR941206-1-00134 1 91013
indirectly FR941206-1-00134 1 91015
reading FR941206-1-00134 1 91027
furnaces FR941206-1-00134 2 91069 91114
received FR941206-1-00134 1 91073
permit FR941206-1-00134 3 91076 91102 91298
rcra FR941206-1-00134 2 91079 91294
266 FR941206-1-00134 1 91084
270.66 FR941206-1-00134 1 91091
operated FR941206-1-00134 3 91095 93546 93598
valid FR941206-1-00134 1 91098
includes FR941206-1-00134 1 91104
subparts FR941206-1-00134 1 91125
lieu FR941206-1-00134 1 91151
requirement FR941206-1-00134 1 91154
based FR941206-1-00134 2 91207 93067
sitespecific FR941206-1-00134 2 91210 91311
assessment FR941206-1-00134 2 91212 91313
pose FR941206-1-00134 1 91220
unreasonable FR941206-1-00134 2 91222 93626
injury FR941206-1-00134 2 91225 93629
because FR941206-1-00134 1 91231
listed FR941206-1-00134 2 91242 91945
even FR941206-1-00134 1 91285
though FR941206-1-00134 1 91286
equal FR941206-1-00134 3 91323 92317 92892
authorize FR941206-1-00134 1 91355
elsewhere FR941206-1-00134 1 91366
landfill FR941206-1-00134 4 91390 91601 92156 92960
761.75 FR941206-1-00134 4 91394 91598 92160 92964
48 FR941206-1-00134 3 91408 92017 93172
filled FR941206-1-00134 5 91418 91651 92384 92544 92670
solvent FR941206-1-00134 4 91421 91506 91935 91965
stand FR941206-1-00134 1 91425
18 FR941206-1-00134 1 91429
thoroughly FR941206-1-00134 2 91436 92975
both FR941206-1-00134 1 91443
solvents FR941206-1-00134 4 91448 91478 91488 91944
flush FR941206-1-00134 1 91452
kerosene FR941206-1-00134 1 91481
xylene FR941206-1-00134 1 91483
toluene FR941206-1-00134 1 91485
readily FR941206-1-00134 1 91493
soluble FR941206-1-00134 1 91494
precautionary FR941206-1-00134 1 91496
should FR941206-1-00134 1 91498
flushing FR941206-1-00134 1 91507
who FR941206-1-00134 3 91545 93424 93438
manufactures FR941206-1-00134 1 91546
manufactured FR941206-1-00134 1 91551
acquired FR941206-1-00134 1 91558
course FR941206-1-00134 1 91564
manufacturing FR941206-1-00134 1 91567
department FR941206-1-00134 1 91573
meeting FR941206-1-00134 1 91635
packaging FR941206-1-00134 1 91637
specifications FR941206-1-00134 1 91638
cases FR941206-1-00134 1 91642
interstitial FR941206-1-00134 1 91644
space FR941206-1-00134 1 91645
absorbent FR941206-1-00134 1 91654
soil FR941206-1-00134 1 91659
absorb FR941206-1-00134 1 91662
remaining FR941206-1-00134 2 91666 92054
dispose FR941206-1-00134 1 91677
25 FR941206-1-00134 1 91681
nong FR941206-1-00134 1 91684
ballasts FR941206-1-00134 2 91687 91761
1year FR941206-1-00134 1 91692
starting FR941206-1-00134 1 91695
was FR941206-1-00134 6 91705 92329 92442 92481 92660 92865
permitted FR941206-1-00134 6 91712 91820 92072 92795 93214 93329
licensed FR941206-1-00134 6 91714 91822 92074 92797 93216 93331
registered FR941206-1-00134 6 91717 91825 92076 92799 93219 93333
manage FR941206-1-00134 6 91722 91830 92081 92804 93224 93338
municipal FR941206-1-00134 9 91723 91739 91831 92082 92637 92642 92805 93225 93339
solid FR941206-1-00134 7 91726 91742 91834 92085 92808 93228 93342
excluding FR941206-1-00134 6 91729 91837 92088 92811 93231 93345
thermal FR941206-1-00134 6 91730 91838 92089 92812 93232 93346
cercla FR941206-1-00134 1 91748
reportable FR941206-1-00134 1 91749
302.6. FR941206-1-00134 1 91755
restrictions FR941206-1-00134 1 91769
hydraulic FR941206-1-00134 3 91789 91793 91925
machines FR941206-1-00134 4 91790 91794 91809 91885
die FR941206-1-00134 1 91807
casting FR941206-1-00134 1 91808
salvage FR941206-1-00134 1 91844
freeflowing FR941206-1-00134 2 91890 92228
contains FR941206-1-00134 4 91916 92450 92472 92493
flushed FR941206-1-00134 1 91929
draining FR941206-1-00134 3 92001 92056 93163
between FR941206-1-00134 1 92130
incinerator FR941206-1-00134 2 92146 92947
761.70 FR941206-1-00134 4 92150 92951 93465 93532
alternate FR941206-1-00134 4 92164 92986 93541 93593
provides FR941206-1-00134 1 92188
abandonment FR941206-1-00134 2 92197 92273
subsequent FR941206-1-00134 2 92203 92727
pipelines FR941206-1-00134 1 92210
measuring FR941206-1-00134 1 92215
condensate FR941206-1-00134 5 92216 92220 92226 92243 93036
collection/removal FR941206-1-00134 1 92221
points FR941206-1-00134 1 92222
level FR941206-1-00134 2 92234 93460
organic FR941206-1-00134 1 92240
aqueous FR941206-1-00134 1 92242
separated FR941206-1-00134 1 92247
decantation FR941206-1-00134 1 92249
components FR941206-1-00134 1 92252
separately FR941206-1-00134 1 92253
analyzed FR941206-1-00134 1 92254
8080 FR941206-1-00134 1 92258
sw846 FR941206-1-00134 1 92260
ntis FR941206-1-00134 1 92265
abandoned FR941206-1-00134 6 92282 92324 92437 92476 92655 92757
having FR941206-1-00134 2 92310 92885
inside FR941206-1-00134 2 92312 92887
inches FR941206-1-00134 2 92320 92895
pipe FR941206-1-00134 6 92351 92393 92679 92979 93031 93079
public FR941206-1-00134 1 92356
program FR941206-1-00134 1 92359
onecall FR941206-1-00134 1 92365
49 FR941206-1-00134 1 92369
192.614 FR941206-1-00134 1 92371
percent FR941206-1-00134 4 92387 92519 92547 92673
volume FR941206-1-00134 4 92390 92522 92550 92676
grout FR941206-1-00134 4 92395 92552 92681 92709
hardening FR941206-1-00134 3 92400 92557 92686
slurry FR941206-1-00134 2 92401 92558
consisting FR941206-1-00134 2 92402 92559
cement FR941206-1-00134 4 92404 92561 92688 92704
bentonite FR941206-1-00134 3 92406 92563 92690
clay FR941206-1-00134 3 92409 92566 92693
density FR941206-1-00134 3 92413 92570 92697
polyurethane FR941206-1-00134 3 92414 92571 92698
foam FR941206-1-00134 3 92415 92572 92699
cleaned FR941206-1-00134 1 92506
wash FR941206-1-00134 2 92510 92538
diesel FR941206-1-00134 1 92512
fuel FR941206-1-00134 1 92513
recovery FR941206-1-00134 1 92516
95 FR941206-1-00134 1 92518
washing FR941206-1-00134 1 92528
recovered FR941206-1-00134 1 92537
rivers FR941206-1-00134 2 92607 92711
streams FR941206-1-00134 2 92609 92713
paved FR941206-1-00134 1 92611
highways FR941206-1-00134 1 92612
parking FR941206-1-00134 1 92614
lots FR941206-1-00134 1 92615
sidewalks FR941206-1-00134 1 92617
permanent FR941206-1-00134 1 92619
buildings FR941206-1-00134 1 92620
adjoining FR941206-1-00134 1 92630
rightsofway FR941206-1-00134 2 92631 92634
shared FR941206-1-00134 1 92635
drinking FR941206-1-00134 1 92638
water FR941206-1-00134 1 92639
mains FR941206-1-00134 1 92640
sewer FR941206-1-00134 1 92643
telephone FR941206-1-00134 1 92646
utilities FR941206-1-00134 2 92647 92651
electric FR941206-1-00134 1 92650
slurrylike FR941206-1-00134 1 92687
longer FR941206-1-00134 1 92738
classifications FR941206-1-00134 1 92778
options FR941206-1-00134 1 92923
nonn FR941206-1-00134 1 93005
characterization FR941206-1-00134 1 93029
segment FR941206-1-00134 3 93048 93115 93132
demonstrating FR941206-1-00134 1 93087
characterized FR941206-1-00134 2 93122 93310
contamination FR941206-1-00134 1 93125
analyzing FR941206-1-00134 1 93127
found FR941206-1-00134 1 93129
according FR941206-1-00134 1 93139
article FR941206-1-00134 1 93178
ship FR941206-1-00134 1 93296
submarine FR941206-1-00134 1 93298
hulls FR941206-1-00134 1 93299
handling FR941206-1-00134 1 93302
anyone FR941206-1-00134 1 93381
access FR941206-1-00134 1 93383
direct FR941206-1-00134 1 93388
pcb/100 FR941206-1-00134 1 93405
incinerate FR941206-1-00134 1 93428
demonstrate FR941206-1-00134 1 93440
alternative FR941206-1-00134 2 93443 93455
destroying FR941206-1-00134 2 93446 93620
exists FR941206-1-00134 1 93451
achieve FR941206-1-00134 1 93458
incinerators FR941206-1-00134 1 93466
efficiency FR941206-1-00134 1 93469
boilers FR941206-1-00134 1 93470
submit FR941206-1-00134 1 93499
take FR941206-1-00134 1 93515
director FR941206-1-00134 2 93519 93557
management FR941206-1-00134 2 93522 93560
division FR941206-1-00134 2 93523 93561
exemption FR941206-1-00134 1 93526
methods FR941206-1-00134 2 93542 93594
involving FR941206-1-00134 1 93567
appropriate FR941206-1-00134 1 93608
applicant FR941206-1-00134 1 93613
show FR941206-1-00134 1 93615
basis FR941206-1-00134 1 93638
