analyzed FR941206-1-00134 3 92254 93843 94006
using FR941206-1-00134 19 92255 92507 93824 93987 94079 94124 95941 96631 97333 97453 98639 98646 98660 99110 99314 100303 100310 100324 100417
epa FR941206-1-00134 25 92256 93778 93871 93891 94103 94275 94292 94309 94359 94773 95222 95503 95953 96066 98422 98438 99705 99765 99873 99953 99962 100004 100038 100070 100269
method FR941206-1-00134 33 92257 93444 93456 93618 93672 93682 93765 93786 93872 93892 93926 95954 96039 96067 96968 97044 97874 97949 98641 98661 99316 99549 99727 99759 99987 100213 100305 100325 100420 100540 100546 100567 100655
8080 FR941206-1-00134 6 92258 93893 95955 96068 98662 100326
of FR941206-1-00134 349 92259 92287 92388 92391 92403 92432 92468 92511 92517 92520 92548 92560 92588 92674 92677 92749 92752 92769 92779 92791 92833 92841 92911 92914 92938 92995 93023 93030 93049 93056 93064 93075 93086 93110 93116 93143 93161 93181 93201 93206 93250 93258 93325 93360 93368 93398 93445 93461 93494 93531 93540 93572 93584 93592 93619 93628 93639 93669 93706 93766 93784 93789 93819 93901 93929 93982 94041 94064 94082 94087 94092 94129 94134 94188 94206 94241 94301 94339 94362 94380 94388 94403 94411 94414 94424 94446 94452 94462 94476 94483 94566 94575 94579 94605 94658 94695 94703 94711 94714 94740 94761 94853 94875 94923 94953 94960 94966 94973 95059 95101 95143 95148 95160 95167 95204 95249 95374 95400 95406 95409 95457 95464 95483 95494 95525 95533 95539 95580 95589 95595 95627 95656 95677 95707 95716 95816 95823 95855 95866 95885 95887 95900 95931 95988 96004 96033 96055 96108 96157 96182 96189 96204 96250 96253 96265 96296 96326 96371 96387 96397 96438 96442 96445 96460 96466 96482 96494 96608 96661 96672 96699 96723 96728 96744 96750 96766 96778 96801 96851 96894 96905 96917 96927 97004 97076 97103 97161 97177 97187 97207 97257 97261 97264 97279 97285 97300 97312 97331 97429 97498 97509 97536 97587 97614 97619 97635 97641 97657 97669 97692 97742 97802 97813 97833 97909 97981 98008 98029 98063 98079 98086 98119 98150 98210 98217 98228 98240 98300 98310 98336 98353 98366 98368 98378 98381 98400 98415 98426 98445 98447 98460 98543 98571 98585 98610 98636 98682 98735 98744 98755 98784 98792 98803 98827 98848 98907 98950 98967 98983 98995 99014 99022 99068 99076 99102 99155 99166 99204 99226 99262 99282 99311 99337 99390 99410 99432 99443 99463 99483 99525 99536 99555 99585 99604 99632 99645 99696 99719 99733 99750 99828 99855 99912 99993 100008 100021 100059 100074 100082 100111 100175 100181 100228 100250 100272 100281 100300 100344 100366 100377 100390 100416 100443 100462 100510 100536 100564 100570 100588 100598 100676 100722 100758 100769 100775 100779 100798 100801 100810 100832 100864 100869 100873 100877 100883 100903 100916 100939 100946 100976 100987 101011 101077 101104 101107 101149 101222 101259 101303
sw846 FR941206-1-00134 8 92260 93902 96979 98644 98664 99319 100308 100328
which FR941206-1-00134 30 92261 92471 93276 93307 93512 93913 93939 94316 94811 94887 95021 95244 95364 95381 95977 96991 97896 98244 98305 98489 98526 98666 98760 98866 99321 99620 100125 100138 100434 100933
is FR941206-1-00134 60 92262 92338 92352 92420 92458 92505 92543 92579 92669 92718 93425 93747 93850 93914 93940 94013 94288 94295 94327 94481 94822 94890 95030 95072 95169 95453 95490 95545 95724 96027 96162 96289 96356 96522 96537 96545 96992 97016 97145 97221 97343 97358 97366 97897 97921 98055 98096 98245 98667 98761 99322 99932 100084 100186 100694 101065 101093 101200 101212 101216
available FR941206-1-00134 9 92263 93645 93915 93941 96993 97898 98668 99323 100330
from FR941206-1-00134 35 92264 92745 92977 93046 93077 93176 93411 93527 93775 93916 93942 94274 94623 94772 95221 95675 96104 96508 96566 96994 97387 97899 98106 98509 98540 98669 98684 99324 99339 99382 100331 100346 100578 101140 101202
ntis FR941206-1-00134 7 92265 93917 96995 97900 98670 99325 100332
, FR941206-1-00134 312 92266 92303 92321 92360 92405 92407 92416 92539 92562 92564 92597 92610 92613 92616 92618 92641 92645 92648 92652 92689 92691 92735 92741 92796 92820 92825 92965 93113 93133 93168 93175 93179 93215 93217 93236 93261 93284 93290 93295 93300 93316 93321 93330 93350 93371 93385 93391 93497 93520 93558 93647 93654 93659 93665 93734 93815 93848 93864 93870 93874 93886 93894 93903 93922 93952 93956 93958 93978 94011 94067 94146 94183 94186 94196 94204 94210 94377 94385 94396 94407 94534 94537 94541 94543 94546 94551 94553 94642 94698 94705 94862 94926 94956 94962 94969 95062 95114 95116 95118 95181 95183 95199 95265 95267 95269 95320 95322 95324 95327 95329 95331 95346 95348 95350 95353 95357 95429 95431 95476 95528 95549 95552 95557 95564 95592 95665 95674 95764 95768 95772 95775 95874 95904 95906 95910 95940 95964 95991 96016 96052 96085 96118 96120 96130 96160 96217 96222 96224 96227 96229 96231 96234 96237 96471 96584 96586 96615 96617 96710 96755 96897 96987 97035 97040 97043 97063 97290 97405 97407 97432 97437 97439 97547 97557 97561 97568 97601 97646 97769 97785 97805 97892 97940 97945 97948 97968 98082 98116 98166 98168 98171 98223 98286 98288 98290 98328 98332 98342 98356 98375 98423 98441 98483 98488 98594 98596 98626 98653 98665 98672 98687 98835 98840 98872 98876 98879 98881 98884 98888 99027 99029 99043 99194 99251 99288 99301 99320 99327 99342 99367 99369 99371 99377 99386 99493 99541 99543 99560 99635 99637 99653 99657 99668 99672 99674 99678 99685 99743 99764 99797 99799 99811 99814 99819 99821 99824 99842 99844 99886 99965 99971 99975 100011 100013 100028 100096 100098 100156 100158 100204 100209 100212 100290 100317 100329 100334 100349 100409 100481 100485 100487 100493 100552 100613 100615 100646 100660 100727 100729 100814 100821 100824 100827 100830 100835 100851 100853 100899 100910 101028 101035 101037 101110 101118 101211 101214 101225 101248 101251 101270 101285 101288
or FR941206-1-00134 171 92267 92316 92380 92408 92411 92540 92565 92568 92608 92627 92632 92649 92692 92695 92712 92798 92806 92845 92869 92891 93134 93194 93218 93226 93262 93332 93340 93372 93386 93467 93517 93533 93632 93651 93662 93675 93693 93710 93732 93769 94127 94236 94245 94448 94549 94637 94650 94831 94834 94927 94932 94937 94970 95063 95068 95105 95140 95270 95287 95292 95471 95477 95536 95569 95783 95836 95956 96069 96191 96359 96385 96475 96572 96575 96618 96621 96676 96705 96759 96878 96922 96944 97014 97051 97099 97148 97175 97194 97212 97293 97393 97440 97443 97513 97542 97591 97595 97650 97786 97850 97919 97956 98004 98027 98058 98088 98092 98220 98268 98271 98339 98345 98384 98393 98472 98495 98532 98550 98767 98823 98870 98916 98940 98952 99030 99038 99049 99083 99195 99278 99290 99293 99448 99500 99507 99542 99561 99600 99638 99724 99745 99853 99880 99889 99896 100014 100099 100102 100159 100167 100421 100458 100488 100491 100502 100514 100527 100547 100568 100575 100600 100656 100730 100738 100742 100857 100875 100943 100985 101053 101215
equivalent FR941206-1-00134 5 92268 93463 93686 96070 98269
. FR941206-1-00134 229 92269 92274 92424 92461 92498 92573 92582 92721 92729 92872 92896 92952 92980 92998 93011 93025 93037 93080 93146 93270 93380 93417 93536 93588 93611 93635 93713 93740 93758 93792 93827 93844 93860 93962 93990 94007 94023 94044 94150 94169 94220 94257 94304 94352 94418 94466 94496 94521 94555 94584 94607 94640 94660 94675 94717 94774 94824 94847 94892 94979 94991 95007 95108 95133 95163 95189 95196 95223 95228 95258 95272 95281 95295 95301 95307 95376 95412 95449 95486 95504 95509 95598 95618 95643 95661 95689 95710 95792 95827 95839 95863 95933 95984 96044 96071 96093 96139 96144 96174 96186 96245 96268 96291 96329 96343 96369 96409 96463 96499 96551 96578 96623 96702 96747 96804 96930 96947 96996 97046 97106 97112 97122 97137 97159 97200 97232 97282 97317 97372 97399 97445 97638 97695 97836 97853 97901 97951 98011 98017 98040 98052 98153 98159 98197 98213 98250 98274 98293 98313 98323 98359 98418 98454 98497 98534 98588 98620 98738 98748 98830 98838 98900 98927 98959 98986 99057 99091 99229 99295 99353 99360 99413 99420 99466 99472 99514 99572 99579 99627 99661 99703 99754 99779 99834 99871 99903 99909 99945 99997 100047 100071 100078 100104 100118 100129 100142 100148 100231 100253 100284 100369 100395 100402 100439 100474 100517 100541 100581 100605 100630 100682 100707 100712 100766 100781 100805 100839 100859 100886 100927 100973 101001 101057 101070 101096 101134 101173 101192 101290
( FR941206-1-00134 524 92270 92292 92341 92372 92376 92381 92396 92425 92462 92489 92499 92553 92574 92583 92682 92700 92722 92760 92763 92766 92773 92810 92835 92838 92854 92873 92897 92926 92929 92932 92935 92942 92953 92981 92992 92999 93012 93026 93038 93061 93081 93091 93094 93097 93101 93104 93107 93147 93153 93188 93191 93195 93198 93230 93252 93255 93271 93344 93362 93365 93419 93475 93478 93481 93485 93488 93491 93575 93578 93581 93794 93800 93806 93950 93963 93969 94032 94035 94038 94046 94052 94061 94071 94090 94132 94152 94161 94254 94258 94283 94305 94419 94467 94497 94522 94528 94568 94608 94661 94676 94718 94727 94730 94733 94737 94752 94755 94758 94913 94917 94920 94929 94933 95008 95049 95053 95056 95065 95069 95153 95157 95190 95224 95240 95251 95259 95273 95282 95296 95302 95308 95315 95340 95377 95391 95394 95397 95413 95420 95436 95450 95487 95505 95510 95582 95599 95619 95631 95701 95704 95711 95735 95793 95840 95895 95897 95918 95934 95946 95985 96046 96113 96140 96147 96150 96154 96168 96171 96175 96211 96314 96317 96320 96323 96330 96336 96391 96410 96429 96448 96485 96500 96503 96552 96579 96598 96601 96605 96624 96639 96642 96645 96648 96651 96654 96658 96684 96687 96690 96693 96696 96714 96731 96769 96786 96789 96792 96795 96798 96805 96814 96817 96820 96823 96826 96829 96833 96836 96839 96842 96845 96848 96863 96866 96869 96872 96875 96879 96882 96885 96888 96891 96919 96924 96931 96934 96970 96997 97032 97047 97061 97084 97087 97090 97093 97096 97100 97107 97123 97130 97181 97201 97233 97248 97267 97303 97318 97321 97373 97400 97419 97422 97426 97446 97461 97464 97467 97470 97473 97476 97480 97483 97486 97489 97492 97495 97521 97524 97527 97530 97533 97572 97575 97578 97581 97584 97605 97622 97660 97677 97680 97683 97686 97689 97696 97705 97708 97711 97714 97717 97720 97724 97727 97730 97733 97736 97739 97754 97757 97760 97763 97766 97770 97773 97776 97779 97782 97787 97790 97793 97796 97799 97823 97826 97830 97837 97840 97876 97902 97937 97952 97966 97989 97992 97995 97998 98001 98005 98012 98041 98070 98073 98076 98141 98144 98147 98154 98178 98181 98184 98188 98191 98194 98207 98267 98314 98360 98397 98455 98498 98535 98557 98576 98579 98582 98589 98614 98617 98621 98638 98651 98698 98701 98704 98707 98710 98713 98717 98720 98723 98726 98729 98732 98739 98764 98771 98798 98800 98820 98824 98831 98858 98971 98974 98977 98980 98987 99004 99058 99092 99118 99121 99124 99127 99130 99133 99137 99140 99143 99146 99149 99152 99176 99179 99182 99185 99188 99191 99208 99211 99214 99217 99220 99223 99272 99275 99279 99296 99313 99354 99395 99398 99401 99404 99407 99414 99429 99445 99453 99460 99467 99473 99487 99490 99494 99497 99501 99504 99509 99515 99538 99557 99573 99597 99601 99642 99728 99769 99780 99802 99835 99904 99923 99946 99988 99998 100018 100048 100056 100113 100119 100130 100143 100149 100201 100232 100278 100285 100302 100315 100360 100363 100370 100396 100403 100455 100459 100559 100582 100606 100631 100683 100760 100763 100860 100887 100920 100924 100928 100958 100961 100964 100967 100970 101002 101041 101058 101071 101097 101127 101131 101135 101144 101160 101163 101167 101170 101174 101193 101272 101275 101279 101282 101291
i FR941206-1-00134 44 92271 92767 92933 93098 93142 93579 94047 94284 94918 95054 95241 95398 95511 96331 96504 96646 96655 96691 96793 96821 96830 96840 96870 96886 96935 97091 97322 97477 97721 97841 97996 98148 98705 98832 98978 99125 99134 99144 99183 99192 99215 99402 100560 100965
) FR941206-1-00134 524 92272 92294 92343 92374 92378 92383 92410 92427 92464 92491 92501 92567 92576 92585 92694 92714 92724 92762 92765 92768 92775 92815 92837 92840 92856 92875 92899 92928 92931 92934 92937 92944 92955 92983 92994 93001 93014 93028 93040 93063 93083 93093 93096 93099 93103 93106 93109 93149 93155 93190 93193 93197 93200 93235 93254 93257 93273 93349 93364 93367 93421 93477 93480 93483 93487 93490 93493 93580 93583 93587 93796 93802 93808 93961 93965 93971 94034 94037 94040 94048 94054 94063 94075 94095 94137 94154 94165 94256 94260 94285 94307 94421 94469 94499 94524 94556 94570 94610 94663 94678 94720 94729 94732 94735 94739 94754 94757 94760 94915 94919 94922 94931 94935 95010 95051 95055 95058 95067 95071 95155 95159 95192 95226 95242 95253 95261 95275 95284 95298 95304 95310 95336 95363 95379 95393 95396 95399 95415 95422 95438 95452 95489 95507 95512 95584 95601 95621 95634 95703 95706 95713 95737 95795 95842 95899 95903 95920 95936 95948 96045 96048 96123 96142 96149 96152 96156 96170 96173 96177 96241 96316 96319 96322 96325 96332 96338 96393 96412 96435 96451 96488 96502 96505 96554 96581 96600 96603 96607 96626 96641 96644 96647 96650 96653 96656 96660 96686 96689 96692 96695 96698 96720 96734 96772 96788 96791 96794 96797 96800 96807 96816 96819 96822 96825 96828 96831 96835 96838 96841 96844 96847 96850 96865 96868 96871 96874 96877 96881 96884 96887 96890 96893 96921 96926 96933 96936 96975 96999 97034 97049 97072 97086 97089 97092 97095 97098 97102 97109 97125 97132 97183 97203 97235 97254 97270 97306 97320 97323 97375 97402 97421 97424 97428 97448 97463 97466 97469 97472 97475 97478 97482 97485 97488 97491 97494 97497 97523 97526 97529 97532 97535 97574 97577 97580 97583 97586 97611 97625 97663 97679 97682 97685 97688 97691 97698 97707 97710 97713 97716 97719 97722 97726 97729 97732 97735 97738 97741 97756 97759 97762 97765 97768 97772 97775 97778 97781 97784 97789 97792 97795 97798 97801 97825 97828 97832 97839 97842 97881 97904 97939 97954 97977 97991 97994 97997 98000 98003 98007 98014 98043 98072 98075 98078 98143 98146 98149 98156 98180 98183 98186 98190 98193 98196 98209 98270 98316 98362 98399 98457 98500 98537 98559 98578 98581 98584 98591 98616 98619 98623 98654 98671 98700 98703 98706 98709 98712 98715 98719 98722 98725 98728 98731 98734 98741 98766 98773 98802 98806 98822 98826 98833 98860 98973 98976 98979 98982 98989 99006 99060 99094 99120 99123 99126 99129 99132 99135 99139 99142 99145 99148 99151 99154 99178 99181 99184 99187 99190 99193 99210 99213 99216 99219 99222 99225 99274 99277 99281 99298 99326 99356 99397 99400 99403 99406 99409 99416 99431 99447 99455 99462 99469 99475 99489 99492 99496 99499 99503 99506 99511 99517 99540 99559 99575 99599 99603 99644 99730 99771 99782 99827 99837 99906 99925 99948 99990 100000 100020 100050 100058 100115 100121 100132 100145 100151 100203 100234 100280 100287 100318 100333 100362 100365 100372 100398 100405 100457 100461 100561 100584 100608 100633 100685 100762 100765 100862 100889 100922 100926 100930 100960 100963 100966 100969 100972 101004 101043 101060 101073 101099 101129 101133 101137 101152 101162 101165 101169 101172 101176 101195 101274 101277 101281 101284 101293
abandonment FR941206-1-00134 1 92273
natural FR941206-1-00134 16 92275 92295 92333 92429 92446 92465 92485 92589 92664 92732 92780 92858 92876 92900 93050 93117
gas FR941206-1-00134 25 92276 92296 92334 92430 92447 92466 92486 92590 92665 92733 92781 92859 92877 92901 93051 93118 93825 93831 93857 93936 93988 93994 94020 95911 95944
pipeline FR941206-1-00134 15 92277 92297 92337 92431 92467 92542 92591 92625 92734 92782 92860 92878 92902 93052 93119
containing FR941206-1-00134 13 92278 92298 92592 92599 92731 92783 92879 92903 93043 94426 98864 100803 101080
pcbs FR941206-1-00134 66 92279 92299 92473 92593 92880 92904 92972 93283 93395 93430 93447 93621 93768 93820 93879 93899 93983 94381 94427 94454 94465 94478 94580 94784 94961 94968 95168 95375 95380 95932 96434 96456 96507 96719 96740 97010 97021 97253 97275 97610 97631 97915 98637 98899 98910 98926 98951 98955 98991 99312 99860 100083 100176 100301 100391 100574 100577 100780 100804 100811 100874 100878 100906 101012 101081 101138
may FR941206-1-00134 52 92280 92322 92435 92474 92653 92788 92908 93322 93498 93658 93722 93835 93998 94267 94599 94896 94941 95032 95208 95652 95843 96274 96489 96773 96941 97307 97328 97664 97847 98468 98551 98599 98752 98788 99019 99073 99107 99706 99766 99874 99977 100030 100521 100556 100647 100662 100719 100842 100893 100979 101016 101180
be FR941206-1-00134 129 92281 92323 92436 92475 92654 92706 92743 92789 92909 93054 93121 93159 93309 93323 93409 93545 93553 93597 93604 93717 93773 93822 93836 93985 93999 94097 94115 94139 94268 94375 94383 94394 94512 94558 94573 94600 94766 94799 94982 95138 95209 95578 95695 95872 95881 95922 96063 96097 96259 96381 96490 96590 96774 96903 96942 96953 97074 97116 97171 97308 97329 97411 97552 97566 97665 97811 97848 97859 97979 98021 98200 98227 98255 98277 98348 98404 98434 98507 98548 98552 98569 98600 98608 98631 98674 98753 98789 98846 98868 98890 98905 98931 98965 98993 99020 99074 99108 99260 99306 99329 99388 99481 99523 99608 99649 99714 99919 99955 100025 100109 100219 100239 100260 100295 100336 100380 100414 100466 100531 100643 100720 100843 100894 100980 101017 101047 101181 101231 101257
abandoned FR941206-1-00134 6 92282 92324 92437 92476 92655 92757
in FR941206-1-00134 181 92283 92325 92354 92422 92438 92477 92535 92633 92656 92739 92792 92823 92828 92918 92924 92945 92956 93007 93016 93035 93057 93130 93184 93211 93242 93245 93279 93319 93326 93355 93387 93473 93511 93547 93599 93660 93689 93719 93755 93812 93932 93975 94030 94229 94252 94315 94329 94484 94560 94590 94725 94750 94785 94795 94801 94810 94911 94945 94950 94983 95020 95144 95151 95211 95246 95263 95389 95531 95550 95615 95672 95699 95744 95813 95851 95972 96164 96260 96312 96352 96376 96458 96492 96591 96596 96682 96742 96776 96784 96812 96861 96911 96978 97118 97156 97166 97277 97310 97412 97417 97519 97570 97633 97667 97675 97703 97752 97884 98023 98030 98045 98061 98091 98101 98104 98127 98139 98176 98214 98357 98485 98523 98572 98643 98663 98680 98956 99023 99077 99116 99240 99318 99335 99526 99589 99595 99610 99616 99619 99651 99755 99942 99956 100026 100122 100133 100152 100177 100225 100241 100247 100266 100307 100327 100342 100433 100447 100453 100468 100542 100644 100678 100704 100723 100743 100749 100753 100812 100996 101021 101049 101082 101116 101125 101146 101184 101233 101240 101260 101268 101300
place FR941206-1-00134 13 92284 92327 92423 92440 92479 92658 93516 96426 96493 96777 97245 97311 97668
under FR941206-1-00134 46 92285 92368 92606 92628 92710 92750 92758 92850 92912 92990 93267 93377 93434 94059 94349 94508 95036 95047 95461 95473 95480 95498 95649 95686 95859 96196 98037 98068 98329 98372 98395 98451 98465 98777 98937 99054 99088 99427 99458 100054 100276 100392 100847 101090 101187 101208
one FR941206-1-00134 11 92286 92751 92913 93550 93601 94518 95147 96102 96384 97174 101086
the FR941206-1-00134 360 92288 92326 92336 92350 92389 92392 92439 92478 92502 92521 92525 92536 92541 92624 92629 92657 92667 92675 92678 92753 92776 92831 92862 92915 92921 92978 93019 93073 93078 93131 93177 93182 93207 93248 93358 93505 93509 93518 93528 93556 93607 93612 93633 93637 93648 93652 93667 93670 93679 93711 93729 93741 93763 93776 93785 93816 93840 93943 93979 94003 94027 94102 94107 94110 94144 94239 94246 94277 94308 94313 94317 94337 94358 94363 94366 94378 94386 94397 94412 94415 94422 94431 94563 94591 94603 94624 94648 94656 94700 94706 94744 94780 94804 94808 94812 94829 94851 94854 94863 94871 94876 94888 94893 94898 94909 94938 94951 94957 94963 94971 94974 94988 94999 95014 95018 95034 95106 95149 95200 95214 95229 95237 95371 95407 95410 95425 95455 95465 95492 95519 95523 95529 95534 95537 95540 95543 95553 95558 95566 95575 95585 95590 95602 95622 95628 95657 95678 95690 95714 95717 95720 95727 95747 95785 95789 95802 95821 95824 95860 95867 95927 95960 95973 95981 95994 96002 96017 96022 96034 96041 96248 96251 96254 96294 96297 96306 96344 96388 96453 96495 96525 96534 96548 96555 96570 96737 96779 96809 96857 96899 96914 96956 97000 97009 97027 97058 97138 97178 97219 97230 97272 97313 97346 97355 97369 97376 97391 97549 97563 97628 97670 97700 97748 97807 97862 97905 97914 97932 97963 98084 98117 98120 98125 98130 98164 98215 98224 98238 98241 98248 98308 98311 98334 98343 98351 98354 98379 98382 98387 98391 98407 98410 98413 98416 98437 98458 98501 98504 98510 98519 98541 98603 98628 98647 98685 98758 98810 98894 98960 99111 99169 99231 99237 99241 99253 99303 99340 99534 99553 99569 99613 99617 99621 99630 99655 99681 99701 99704 99720 99741 99751 99772 99777 99783 99788 99795 99804 99829 99869 99872 99901 99926 99943 99952 99966 99969 99972 99983 100006 100037 100045 100173 100182 100196 100215 100223 100244 100292 100311 100347 100373 100427 100431 100435 100471 100475 100496 100515 100518 100537 100553 100562 100565 100579 100585 100589 100621 100628 100639 100653 100672 100679 100686 100705 100756 100776 100796 100799 100808 100871 100900 100912 100992 100997 101009 101032 101044 101050 101061 101074 101100 101122 101147 101177 101185 101197 101227 101236 101263 101301
following FR941206-1-00134 12 92289 92754 92777 92916 94278 95215 95238 95861 95868 96389 97179 101033
provisions FR941206-1-00134 8 92290 92755 92917 93727 95232 96595 97416 100376
: FR941206-1-00134 31 92291 92340 92488 92772 92853 92941 94282 95128 95239 95250 95419 95581 95734 96116 96206 96220 96390 96518 96673 97180 97339 97510 98556 98857 99003 99768 99922 100112 100558 100818 101040
a FR941206-1-00134 244 92293 92355 92363 92373 92399 92508 92515 92556 92586 92685 92774 92793 92801 92836 92846 92936 92957 93003 93039 93047 93062 93114 93189 93196 93212 93221 93253 93263 93312 93327 93335 93363 93459 93476 93486 93500 93690 93694 93855 93888 94018 94080 94286 94459 94494 94842 94868 94930 94943 95040 95066 95076 95154 95191 95218 95252 95367 95392 95421 95458 95526 95583 95646 95654 95669 95702 95736 95750 95798 95898 95908 95937 96050 96128 96148 96315 96337 96427 96439 96443 96464 96478 96513 96519 96632 96640 96649 96685 96694 96712 96724 96748 96762 96787 96796 96815 96824 96834 96843 96864 96873 96880 96889 97085 97131 97224 97227 97246 97258 97262 97283 97296 97334 97340 97454 97462 97471 97481 97490 97522 97531 97555 97559 97573 97582 97603 97615 97639 97653 97678 97687 97706 97715 97725 97734 97755 97764 97771 97780 97788 97797 97990 98031 98034 98049 98071 98102 98107 98112 98142 98208 98218 98251 98258 98325 98337 98340 98361 98369 98376 98398 98424 98448 98461 98470 98493 98530 98558 98577 98615 98699 98708 98718 98727 98801 98859 98934 98938 98947 98972 99011 99033 99036 99044 99050 99065 99078 99084 99099 99119 99128 99138 99147 99177 99186 99209 99218 99396 99424 99430 99446 99454 99488 99495 99502 99527 99562 99590 99598 99633 99643 99757 99913 100009 100019 100114 100134 100153 100162 100165 100178 100273 100418 100423 100448 100456 100544 100724 100733 100761 100773 100791 100861 100921 100937 100944 100959 101128 101161 101168 101205 101220 101273 101280
at FR941206-1-00134 47 92300 92346 92594 92881 92905 93072 93170 93396 93881 94331 94493 95011 95442 95513 95788 95806 95907 96005 96049 96086 96100 96124 96127 96403 96419 96477 96530 96761 97077 97190 97295 97351 97652 97982 98093 98257 98676 98757 98768 98946 99331 99900 100338 100422 100717 100790 101084
any FR941206-1-00134 40 92301 92433 92469 92595 92882 92906 93422 93429 93643 93714 93782 94242 94340 95012 95087 95164 95285 95386 95416 95495 95499 96564 97385 98303 98427 98689 99024 99344 99421 99449 99850 99949 99979 100001 100079 100351 100594 100634 100649 101085
concentration FR941206-1-00134 39 92302 92596 92864 92883 92907 93034 93071 94094 94136 94461 94578 94832 94959 95930 96019 96036 96910 97065 97819 97970 98635 98854 98915 98921 98949 99002 99013 99067 99101 99172 99268 99310 99807 100174 100299 100829 100876 100995 101103
with FR941206-1-00134 59 92304 92394 92514 92551 92623 92636 92680 92726 92830 92950 92963 93009 93018 93059 93089 93186 93247 93281 93357 93382 93390 93394 93751 94562 94691 95146 95176 95213 95913 95980 95993 96166 96262 96512 96593 96913 97120 97414 98025 98033 98129 98163 98574 99010 99064 99098 99438 99776 99787 99936 100091 100127 100140 100243 100383 100698 100755 101235 101262
no FR941206-1-00134 19 92305 92451 92494 92600 92737 92784 93851 94014 94470 94515 94643 95830 95969 96028 96542 96961 97363 97867 98512
free FR941206-1-00134 9 92306 92452 92495 92601 92785 92969 93165 96962 97868
flowing FR941206-1-00134 7 92307 92453 92496 92602 92786 92970 93166
liquids FR941206-1-00134 10 92308 92454 92497 92603 92787 93044 93128 93934 96973 97879
and FR941206-1-00134 168 92309 92349 92375 92417 92455 92529 92604 92715 92747 92826 92884 93021 93100 93204 93297 93304 93431 93437 93448 93452 93484 93565 93642 93699 93721 93726 93878 93898 93918 93948 94069 94099 94117 94141 94159 94211 94290 94400 94408 94455 94530 94571 94669 94708 94736 94743 94840 94873 94916 94985 95052 95119 95174 95184 95187 95202 95255 95277 95332 95337 95358 95360 95384 95432 95468 95565 95587 95608 95624 95636 95726 95742 95776 95905 95929 96153 96180 96238 96242 96395 96425 96541 96604 96611 96664 96711 97185 97205 97226 97244 97362 97396 97425 97433 97501 97548 97558 97602 97829 98083 98172 98202 98235 98291 98321 98386 98479 98563 98597 98606 98633 98645 98716 98782 98812 98885 98893 99105 99163 99202 99285 99308 99378 99441 99583 99675 99687 99700 99748 99800 99808 99816 99825 99845 99861 99877 99883 99939 99976 99986 100029 100034 100044 100089 100257 100297 100309 100319 100388 100499 100616 100661 100667 100674 100701 100751 100836 100854 100911 100923 101019 101029 101038 101238 101252 101266 101286 101296
having FR941206-1-00134 4 92310 92885 95312 96009
an FR941206-1-00134 33 92311 92817 92886 92946 92985 93237 93351 93442 93525 93625 93703 94291 94409 94633 94902 94948 95022 95098 95914 95942 97078 97983 98056 98064 98919 99546 99693 99717 100123 100507 100534 100744 101054
inside FR941206-1-00134 2 92312 92887
diameter FR941206-1-00134 4 92313 92434 92470 92888
less FR941206-1-00134 28 92314 92530 92889 93401 93568 94083 96029 96357 96430 96674 96703 96715 97017 97066 97146 97249 97511 97540 97593 97606 97922 97971 99015 99069 99159 99198 99247 100187
than FR941206-1-00134 44 92315 92531 92890 93402 93549 93569 94084 94472 94517 96013 96030 96079 96136 96214 96358 96406 96422 96431 96675 96704 96716 97018 97067 97147 97196 97214 97240 97250 97512 97541 97594 97607 97923 97972 98514 98923 99016 99070 99160 99199 99248 99593 100188 100451
equal FR941206-1-00134 11 92317 92892 96360 96677 96706 97149 97192 97210 97514 97543 97596
to FR941206-1-00134 161 92318 92331 92385 92444 92483 92545 92662 92671 92803 92868 92893 92920 93140 93223 93294 93337 93384 93400 93414 93427 93464 93503 93555 93606 93630 93687 93708 93743 93761 93781 93787 93853 93869 94016 94191 94298 94336 94382 94393 94514 94577 94582 94602 94632 94655 94672 94778 94803 94850 94900 94908 94998 95074 95084 95103 95121 95124 95236 95370 95383 95404 95518 95605 95662 95684 95746 95781 95958 96279 96282 96285 96361 96562 96569 96637 96678 96707 96955 97082 97150 97193 97211 97383 97390 97459 97515 97544 97592 97597 97821 97861 97987 98098 98111 98205 98231 98247 98389 98436 98612 98630 98688 98696 98818 98851 98897 98912 98933 98943 98953 98969 99158 99174 99197 99206 99246 99270 99305 99343 99393 99418 99451 99485 99533 99545 99552 99568 99612 99640 99654 99698 99713 99847 99867 99928 100016 100041 100066 100222 100294 100350 100358 100382 100385 100470 100512 100530 100572 100618 100626 100670 100688 100735 100908 100918 100956 100983 100991 101031 101112 101158
4 FR941206-1-00134 42 92319 92839 92894 93000 93256 93366 96151 96176 96643 96688 96790 96818 96837 96867 96883 96932 97319 97465 97474 97484 97493 97525 97576 97681 97709 97718 97728 97737 97758 97774 97791 98074 98145 98702 98711 98721 99122 99141 100371 100764 101066 101098
inches FR941206-1-00134 10 92320 92895 96450 96487 96733 96771 97269 97305 97624 97662
it FR941206-1-00134 10 92328 92441 92449 92480 92492 92659 96959 97865 99711 99959
was FR941206-1-00134 5 92329 92442 92481 92660 92865
used FR941206-1-00134 25 92330 92443 92482 92661 92707 93837 94000 94395 94613 95604 95780 95882 95923 96491 96523 96546 96775 97309 97344 97367 97666 100261 101007 101218 101299
transport FR941206-1-00134 4 92332 92445 92484 92663
if FR941206-1-00134 15 92335 92448 92487 92666 93673 94276 94647 95864 96132 96808 97218 97699 99230 100172 101196
either FR941206-1-00134 3 92339 93504 98756
1 FR941206-1-00134 49 92342 92490 92855 92943 93801 94036 94259 94473 94731 94756 95225 95395 95935 96362 96392 96407 96432 96461 96602 96679 96697 96717 96745 96876 97182 97251 97423 97534 97608 97767 98182 98192 98261 98618 99005 99276 99408 99474 99491 99770 99924 100120 100150 100364 100404 100971 101042 101164 101276
sealed FR941206-1-00134 5 92344 92421 92459 92580 92719
closed FR941206-1-00134 4 92345 92460 92581 92720
each FR941206-1-00134 16 92347 92418 92456 92577 92716 94353 94500 94825 94845 95616 95676 96105 96125 99439 99662 101105
end FR941206-1-00134 5 92348 92419 92457 92578 92717
pipe FR941206-1-00134 6 92351 92393 92679 92979 93031 93079
included FR941206-1-00134 1 92353
public FR941206-1-00134 2 92356 95288
service FR941206-1-00134 3 92357 92746 101203
notification FR941206-1-00134 5 92358 94287 94355 95508 95659
program FR941206-1-00134 1 92359
such FR941206-1-00134 23 92361 92397 92554 92683 93285 93640 93724 93745 93756 94217 95316 95341 95951 96218 96472 96756 97647 98283 98873 99364 99793 99930 100690
as FR941206-1-00134 60 92362 92398 92555 92684 92708 92821 93002 93240 93286 93317 93471 93728 94218 94793 95126 95317 95342 95697 95808 95810 95849 95952 96219 96308 96365 96473 96681 96757 96783 96965 96976 97024 97518 97569 97648 97674 97871 97882 97929 98284 98554 98774 98809 98855 98874 98908 98996 99035 99365 99512 99794 100036 100164 100193 100270 100715 100747 100772 100904 101204
`` FR941206-1-00134 7 92364 93875 93895 93904 93923 96980 97885
onecall FR941206-1-00134 1 92365
'' FR941206-1-00134 8 92366 93880 93889 93900 93912 93938 96990 97895
system FR941206-1-00134 2 92367 92526
49 FR941206-1-00134 1 92369
cfr FR941206-1-00134 6 92370 93883 95444 97037 97942 100206
192.614 FR941206-1-00134 1 92371
b FR941206-1-00134 42 92377 92426 92761 92898 92927 93082 93092 93102 94569 94934 95070 95260 95448 95451 95600 95794 96324 96599 96920 97094 97108 97420 97824 97999 98013 98179 98189 98456 98590 98821 98981 98988 99273 99405 99468 99539 99602 100144 100361 100460 100888 100968
; FR941206-1-00134 20 92379 92626 92816 92844 93890 94936 95611 95635 96524 96533 96540 97345 97354 97361 97539 97590 98260 99736 99747 99958
2 FR941206-1-00134 35 92382 92500 92874 92954 93192 93479 93582 93964 94053 94921 95009 95057 95506 96047 96318 96411 96799 96892 97097 97202 97585 97783 97827 98002 99059 99189 99221 99498 99516 99781 99947 100131 100233 100632 101059
filled FR941206-1-00134 3 92384 92544 92670
50 FR941206-1-00134 13 92386 92532 92546 92672 97019 97068 97215 97545 97924 97973 99017 99161 100189
percent FR941206-1-00134 6 92387 92519 92547 92673 96032 96054
volume FR941206-1-00134 9 92390 92522 92550 92676 94952 99809 100938 101076 101117
grout FR941206-1-00134 4 92395 92552 92681 92709
hardening FR941206-1-00134 3 92400 92557 92686
slurry FR941206-1-00134 2 92401 92558
consisting FR941206-1-00134 2 92402 92559
cement FR941206-1-00134 4 92404 92561 92688 92704
bentonite FR941206-1-00134 3 92406 92563 92690
clay FR941206-1-00134 3 92409 92566 92693
high FR941206-1-00134 11 92412 92569 92696 93468 93696 96333 96353 96377 98113 98131 99528
density FR941206-1-00134 3 92413 92570 92697
polyurethane FR941206-1-00134 3 92414 92571 92698
foam FR941206-1-00134 3 92415 92572 92699
pcbcontaminated FR941206-1-00134 5 92428 92857 93156 93209 93274
contains FR941206-1-00134 3 92450 92472 92493
c FR941206-1-00134 25 92463 95158 95274 95463 95488 95620 95841 96169 96606 96925 97427 97831 98042 98499 98825 99047 99081 99280 99297 99461 99574 100057 100279 100397 100929
interior FR941206-1-00134 1 92503
surface FR941206-1-00134 5 92504 95254 96576 97397 98243
cleaned FR941206-1-00134 2 92506 98066
single FR941206-1-00134 1 92509
wash FR941206-1-00134 2 92510 92538
diesel FR941206-1-00134 1 92512
fuel FR941206-1-00134 1 92513
recovery FR941206-1-00134 4 92516 95469 96585 97406
95 FR941206-1-00134 1 92518
introduced FR941206-1-00134 1 92523
into FR941206-1-00134 1 92524
for FR941206-1-00134 114 92527 93084 93123 93169 93508 93524 93538 93563 93590 93845 93908 93927 93946 94008 94056 94076 94106 94121 94157 94166 94173 94178 94199 94224 94238 94264 94312 94321 94344 94370 94437 94489 94504 94595 94614 94628 94686 94776 94783 94789 94807 94818 94838 94844 94848 94858 94882 94886 94947 95003 95017 95026 95091 95172 95521 95640 95730 95801 95819 95833 95853 95883 95924 95926 95986 96001 96040 96072 96114 96145 96187 96247 96293 96301 96309 96347 96547 96983 97002 97141 97368 97888 97907 98048 98281 98302 98319 98409 98602 99581 99629 99716 99760 99806 99968 99991 100005 100087 100430 100441 100533 100549 100593 100658 100787 100806 100845 100867 100881 100953 101008 101088 101155 101219
washing FR941206-1-00134 1 92528
ppm FR941206-1-00134 31 92533 94464 96015 96363 96408 96424 96433 96462 96680 96709 96718 96746 97152 97198 97216 97242 97252 97281 97517 97546 97599 97609 97637 98262 98925 99018 99072 99104 99162 99201 99250
pcb FR941206-1-00134 149 92534 92730 92863 93004 93033 93042 93070 93124 93432 93449 93573 93684 93770 93790 94077 94088 94093 94122 94130 94135 94167 94174 94180 94193 94201 94225 94243 94265 94322 94345 94371 94416 94438 94490 94505 94526 94532 94586 94596 94619 94629 94635 94665 94687 94790 94819 94859 94883 94954 95004 95027 95044 95081 95092 95130 95134 95205 95612 95721 95786 95845 95856 95875 95888 95961 95974 95995 96010 96018 96023 96035 96057 96073 96081 96109 96183 96193 96208 96255 96276 96298 96340 96349 96373 96400 96416 96509 96627 96938 96949 97005 97053 97071 97134 97163 97199 97217 97243 97325 97449 97600 97844 97855 97910 97926 97958 97976 98134 98263 98544 98692 98745 98749 98785 98842 98861 98962 99007 99012 99061 99066 99095 99100 99171 99238 99243 99256 99350 99477 99519 99586 99622 99761 99893 99897 99994 100075 100105 100183 100235 100354 100410 100444 100602 100664 100833 100884 100994 101102
recovered FR941206-1-00134 1 92537
its FR941206-1-00134 8 92549 93617 96908 97817 98233 98852 99000 99266
3 FR941206-1-00134 26 92575 92982 93199 93489 95705 96141 96501 96652 96827 96846 97101 97234 97690 97800 98006 99093 99131 99150 99505 99836 99999 100286 100684 101072 101171 101283
d FR941206-1-00134 36 92584 94074 94113 94120 94164 94172 94223 94249 94263 94320 94343 94369 94391 94436 94488 94503 94594 94618 94627 94685 94713 94788 94817 94857 94881 94905 94977 95002 95025 95043 95080 95090 95123 95283 99905 101003
section FR941206-1-00134 83 92587 92668 92771 92843 92940 92997 93066 93112 93203 93260 93370 93496 93586 94043 94066 94231 94351 94510 94742 94763 94797 94925 95038 95061 95162 95402 95651 95688 95709 95902 95990 96159 96198 96328 96610 96663 96701 96803 96853 96896 96929 97105 97431 97500 97538 97589 97694 97744 97804 97835 98010 98081 98152 98331 98374 98402 98453 98467 98487 98525 98587 98737 98805 98829 98985 99157 99228 99284 99412 99434 99465 99606 99647 100023 100061 100283 100368 100394 100464 100783 101092 101189 101210
but FR941206-1-00134 3 92598 93291 93865
located FR941206-1-00134 5 92605 94823 95546 95725 99626
rivers FR941206-1-00134 3 92607 92711 95268
streams FR941206-1-00134 3 92609 92713 95271
paved FR941206-1-00134 1 92611
highways FR941206-1-00134 1 92612
parking FR941206-1-00134 1 92614
lots FR941206-1-00134 1 92615
sidewalks FR941206-1-00134 1 92617
permanent FR941206-1-00134 1 92619
buildings FR941206-1-00134 1 92620
not FR941206-1-00134 32 92621 93278 93292 93623 93701 93867 94233 94442 94457 94588 94765 95096 95234 95871 95880 96538 96855 97056 97359 97746 97961 98254 98491 98528 99235 99691 100063 100505 100935 101111 101120 101217
associated FR941206-1-00134 3 92622 99775 99786
adjoining FR941206-1-00134 1 92630
rightsofway FR941206-1-00134 2 92631 92634
shared FR941206-1-00134 1 92635
municipal FR941206-1-00134 10 92637 92642 92805 93225 93339 96232 98882 99037 100166 100737
drinking FR941206-1-00134 2 92638 95289
water FR941206-1-00134 9 92639 95290 97398 98865 98895 98929 98945 98958 100914
mains FR941206-1-00134 1 92640
sewer FR941206-1-00134 1 92643
systems FR941206-1-00134 4 92644 93303 95280 95294
telephone FR941206-1-00134 1 92646
utilities FR941206-1-00134 2 92647 92651
electric FR941206-1-00134 1 92650
slurrylike FR941206-1-00134 1 92687
except FR941206-1-00134 4 92701 93562 94055 96364
that FR941206-1-00134 36 92702 92948 92961 92967 93441 93453 93543 93595 93616 93678 93834 93846 93997 94009 94681 95039 95086 95418 95753 95811 95966 96000 96287 96958 97864 98094 99667 99680 99710 99849 99858 99917 100480 100495 100525 100620
only FR941206-1-00134 4 92703 93600 94585 100262
shall FR941206-1-00134 73 92705 92742 93821 93984 94356 94511 94557 94572 94764 94827 94865 94981 95137 95547 95694 95740 95796 95879 95921 96062 96096 96258 96380 96558 96589 96668 96902 97073 97115 97170 97379 97410 97505 97551 97565 97810 97978 98020 98122 98161 98199 98226 98253 98276 98295 98403 98433 98506 98547 98568 98607 98845 98889 98930 98964 98992 99259 99387 99480 99522 99954 99960 100024 100062 100108 100218 100238 100259 100413 100642 101046 101230 101256
ii FR941206-1-00134 34 92723 93108 93154 94306 95378 95712 95815 96264 96321 96553 96998 97042 97124 97374 97468 97487 97528 97579 97684 97712 97731 97761 97777 97794 97903 97947 98077 98185 98583 98724 99224 99355 100211 100583
removal FR941206-1-00134 3 92725 92871 93076
subsequent FR941206-1-00134 1 92727
action FR941206-1-00134 4 92728 95460 95497 99426
when FR941206-1-00134 4 92736 96281 98324 99892
longer FR941206-1-00134 1 92738
use FR941206-1-00134 15 92740 93668 93762 93783 93854 94017 95797 95844 96275 96295 98047 98062 98239 98335 99881
removed FR941206-1-00134 7 92744 93045 95139 98508 98871 98928 101201
disposed FR941206-1-00134 38 92748 92790 92910 93055 93160 93324 94482 94574 95142 96904 97075 97330 97812 97980 98028 98549 98570 98609 98754 98847 98906 98966 98994 99021 99075 99165 99203 99261 99389 99482 99524 100110 100415 100721 100902 100915 100986 101258
unless FR941206-1-00134 4 92756 93809 93972 97153
paragraph FR941206-1-00134 54 92759 92834 92925 92991 93060 93187 93251 93361 93535 93577 94031 94060 94751 95390 95700 95896 96683 96785 96813 96862 96918 96923 97083 97158 97460 97520 97571 97676 97704 97988 98069 98140 98396 98432 98575 98799 98819 98970 99117 99175 99207 99271 99394 99428 99444 99452 99459 99596 99641 100017 100055 100277 100359 100454
5 FR941206-1-00134 19 92764 92930 93013 93095 93105 96155 96172 97088 97838 97993 98580 98730 98740 98975 99180 99212 99399 100962 101136
this FR941206-1-00134 107 92770 92842 92851 92939 92996 93065 93111 93144 93202 93259 93268 93369 93378 93435 93454 93495 93534 93585 94042 94065 94230 94302 94350 94509 94696 94715 94741 94762 94796 94924 95037 95060 95161 95401 95474 95484 95650 95687 95708 95817 95901 95989 96133 96158 96197 96266 96302 96327 96609 96662 96700 96802 96852 96895 96928 97104 97157 97430 97499 97537 97588 97693 97743 97803 97834 98009 98038 98080 98151 98211 98330 98373 98401 98431 98452 98466 98486 98524 98586 98736 98793 98804 98828 98984 99055 99089 99156 99227 99283 99411 99433 99464 99605 99646 100022 100060 100229 100251 100282 100367 100393 100463 100782 100977 101091 101188 101209
classifications FR941206-1-00134 1 92778
facility FR941206-1-00134 24 92794 92848 93213 93265 93328 93375 94432 94495 94631 94639 94813 96129 97080 97985 98032 98690 98935 99025 99052 99086 99346 100154 100352 100725
permitted FR941206-1-00134 6 92795 93214 93329 99026 100155 100726
licensed FR941206-1-00134 6 92797 93216 93331 99028 100157 100728
registered FR941206-1-00134 6 92799 93219 93333 99031 100160 100731
by FR941206-1-00134 43 92800 92984 93032 93126 93135 93162 93220 93311 93334 93935 94101 94143 94430 94987 95111 95502 96021 96065 96383 96967 97026 97173 97223 97554 97873 97931 98350 98412 98421 98430 98657 99032 99740 99951 100003 100069 100161 100195 100268 100321 100426 100638 100732
state FR941206-1-00134 15 92802 93222 93336 94994 95182 95560 96616 97438 98941 99034 99289 100097 100163 100734 100852
manage FR941206-1-00134 4 92804 93224 93338 100736
industrial FR941206-1-00134 12 92807 92818 93227 93238 93341 93352 96235 98886 99039 100168 100739 100745
solid FR941206-1-00134 10 92808 93228 93342 93910 96985 97890 99040 100169 100740 101254
waste FR941206-1-00134 70 92809 92959 93006 93229 93343 93791 93911 95132 95136 95207 95858 95976 96059 96083 96111 96185 96195 96205 96210 96342 96351 96375 96629 96940 96951 97055 97136 97165 97327 97451 97846 97857 97960 98136 98546 98567 98694 98747 98751 98787 98844 99041 99245 99258 99352 99479 99521 99564 99588 99725 99778 99790 99812 99831 99996 100077 100107 100136 100170 100185 100237 100356 100412 100446 100680 100710 100714 100741 100978 101142
excluding FR941206-1-00134 3 92811 93231 93345
thermal FR941206-1-00134 3 92812 93232 93346
treatment FR941206-1-00134 11 92813 93233 93347 94583 95279 96810 97003 97701 97908 99232 99851
units FR941206-1-00134 3 92814 93234 93348
furnace FR941206-1-00134 4 92819 93239 93353 100746
defined FR941206-1-00134 7 92822 93241 93318 94794 95850 100716 100748
761.3 FR941206-1-00134 5 92824 93243 95852 100718 100750
operating FR941206-1-00134 4 92827 93244 93354 98936
compliance FR941206-1-00134 7 92829 93008 93088 93246 93356 94561 100754
requirements FR941206-1-00134 28 92832 93249 93359 93530 94156 94565 94674 94694 94702 94710 94910 94996 95216 95832 95869 96292 96916 98138 98158 99535 99554 99570 99891 99908 99911 100669 100757 100786
disposal FR941206-1-00134 79 92847 92922 92987 93264 93374 93513 93681 93688 94078 94123 94168 94175 94181 94194 94202 94208 94226 94266 94323 94346 94372 94439 94491 94506 94597 94630 94638 94688 94709 94791 94820 94839 94860 94884 95005 95028 95045 95082 95093 95203 96181 96583 96915 97404 98035 98743 99051 99085 99471 99577 99584 99688 99758 99915 99992 100073 100117 100147 100274 100400 100419 100436 100442 100500 100539 100545 100571 100591 100597 100636 100659 100692 100711 100768 100785 100846 100885 100954 101156
approved FR941206-1-00134 20 92849 92989 93266 93376 94100 94142 94192 94200 94634 98816 99053 99087 99457 99531 99550 99566 99984 100265 100425 100654
part FR941206-1-00134 22 92852 93145 93269 93379 93884 94303 94697 94716 95445 95475 95485 95818 96267 97038 97943 98039 99056 99090 100207 100230 100252 100271
where FR941206-1-00134 16 92861 94109 94365 95197 95542 95574 95719 96455 96517 96739 97008 97274 97338 97630 97913 98053
determined FR941206-1-00134 1 92866
prior FR941206-1-00134 10 92867 93780 94271 94335 94581 94769 95403 95517 100065 101026
during FR941206-1-00134 6 92870 94433 96271 98237 100795 101013
addition FR941206-1-00134 5 92919 99450 99631 100007 100831
options FR941206-1-00134 4 92923 95150 95639 99833
incinerator FR941206-1-00134 4 92947 93692 99530 100124
complies FR941206-1-00134 4 92949 92962 100126 100139
761.70 FR941206-1-00134 8 92951 93465 93532 93691 94928 95064 99537 100128
chemical FR941206-1-00134 19 92958 93521 93559 93655 93735 93817 93980 94147 94401 98658 99563 99658 100135 100322 100777 100792 100815 101014 101022
landfill FR941206-1-00134 7 92960 99042 99048 99082 99565 100137 100171
761.75 FR941206-1-00134 4 92964 98177 99571 100141
provided FR941206-1-00134 5 92966 93472 98675 99330 100337
all FR941206-1-00134 25 92968 93041 93164 93752 94485 94525 94615 94664 94679 94692 94995 95177 95761 96056 96398 96414 97188 97208 97237 99937 100092 100386 100699 101078 101242
liquid FR941206-1-00134 9 92971 93167 93183 93282 94447 96963 97869 98169 99476
have FR941206-1-00134 9 92973 95366 95755 96559 96669 97011 97380 97506 97916
been FR941206-1-00134 4 92974 97012 97917 98815
thoroughly FR941206-1-00134 1 92975
drained FR941206-1-00134 2 92976 93208
alternate FR941206-1-00134 9 92986 93541 93593 93671 93680 93764 99547 100254 100538
technology FR941206-1-00134 5 92988 94392 99639 99746 100015
e FR941206-1-00134 9 92993 93420 94914 95050 95297 99510 99558 100049 101292
nonn FR941206-1-00134 11 93005 98693 99351 100076 100106 100184 100236 100411 100445 100550 100603
761.62 FR941206-1-00134 5 93010 95115 100072 100909 101287
decontaminated FR941206-1-00134 5 93015 97117 98022 100981 101232
accordance FR941206-1-00134 17 93017 93058 93185 95145 95212 96165 96261 96592 96912 97119 97413 98024 98128 98573 100242 101234 101261
standards FR941206-1-00134 4 93020 100834 101237 101267
procedures FR941206-1-00134 15 93022 93862 94025 94028 95603 95767 95771 95774 95779 100224 100245 100258 101034 101239 101265
761.79 FR941206-1-00134 8 93024 97121 98026 98613 100919 100984 101126 101269
iii FR941206-1-00134 25 93027 93272 93482 93492 93807 93970 94039 94420 94734 95414 96580 96659 96849 97048 97401 97496 97740 97953 98155 98714 98733 99153 100227 100249 100607
characterization FR941206-1-00134 6 93029 95805 95838 95854 95886 96311
condensate FR941206-1-00134 1 93036
segment FR941206-1-00134 3 93048 93115 93132
must FR941206-1-00134 30 93053 93120 93158 93408 93552 93603 93614 93716 93749 93772 94689 94798 95667 96952 97858 98347 98673 98904 99328 99435 99607 99648 99664 99918 99934 100335 100379 100465 100477 100696
based FR941206-1-00134 9 93067 96906 97815 98917 98998 99167 99264 99669 100482
on FR941206-1-00134 23 93068 93636 93839 94002 94213 94870 95424 95756 96099 96666 96907 97503 97816 98406 98503 98918 98999 99168 99265 99670 99982 100483 100652
their FR941206-1-00134 2 93069 98913
time FR941206-1-00134 5 93074 94745 94836 95013 101087
purposes FR941206-1-00134 6 93085 95884 95987 96188 100868 100882
demonstrating FR941206-1-00134 1 93087
paragraphs FR941206-1-00134 14 93090 93474 94726 94912 95048 95152 96146 96313 96597 96638 97418 97753 97822 98697
characterized FR941206-1-00134 2 93122 93310
contamination FR941206-1-00134 5 93125 95248 95591 95787 100677
analyzing FR941206-1-00134 3 93127 95925 96077
found FR941206-1-00134 1 93129
standard FR941206-1-00134 6 93136 93313 93920 93924 97001 97906
wipe FR941206-1-00134 2 93137 93314
samples FR941206-1-00134 12 93138 94536 94540 94545 94652 96008 96060 96084 96284 100802 100813 100865
according FR941206-1-00134 30 93139 94576 94907 96636 97081 97458 97820 97986 98204 98611 98817 98850 98911 98968 99173 99205 99269 99392 99484 99532 99544 99551 99567 100221 100907 100917 100955 100982 100990 101157
appendix FR941206-1-00134 10 93141 93887 95447 95814 96263 97041 97946 100210 100226 100248
6 FR941206-1-00134 7 93148 96486 96770 97304 97661 99415 101175
* FR941206-1-00134 15 93150 93151 93152 93797 93798 93799 93803 93804 93805 93966 93967 93968 94049 94050 94051
articles FR941206-1-00134 4 93157 93210 93275 93306
draining FR941206-1-00134 1 93163
least FR941206-1-00134 10 93171 94332 95514 95807 96006 96087 96101 98677 99332 100339
48 FR941206-1-00134 2 93172 98298
continuous FR941206-1-00134 1 93173
hours FR941206-1-00134 2 93174 98299
article FR941206-1-00134 1 93178
disposing FR941206-1-00134 4 93180 93205 95166 100081
are FR941206-1-00134 22 93277 93829 93866 93992 94280 94612 94645 94653 94667 95682 95829 95968 96091 96200 96305 99625 99864 99921 100623 100879 100951 101153
contact FR941206-1-00134 2 93280 93389
nons FR941206-1-00134 8 93287 96215 96243 96469 97110 97113 98015 98018
surfaces FR941206-1-00134 10 93288 93392 93416 96216 96240 96244 97111 97114 98016 98019
including FR941206-1-00134 14 93289 94699 95593 95632 95760 97229 97291 97562 98627 99302 99731 99803 100291 101245
limited FR941206-1-00134 3 93293 93868 94513
ship FR941206-1-00134 1 93296
submarine FR941206-1-00134 1 93298
hulls FR941206-1-00134 1 93299
air FR941206-1-00134 1 93301
handling FR941206-1-00134 1 93302
other FR941206-1-00134 30 93305 93373 93644 95178 95831 96213 96467 96612 96751 97286 97434 97642 99286 99357 99361 99372 99592 99676 99708 99838 99862 99884 99907 99910 100093 100450 100523 100609 100668 100848
can FR941206-1-00134 5 93308 93439 93457 95870 98867
test FR941206-1-00134 10 93315 93906 93925 95983 95998 96026 96974 96981 97880 97886
761.123 FR941206-1-00134 1 93320
anyone FR941206-1-00134 2 93381 95644
access FR941206-1-00134 2 93383 99879
direct FR941206-1-00134 2 93388 95247
contaminated FR941206-1-00134 9 93393 94547 95385 95597 95607 95629 95641 98256 101246
levels FR941206-1-00134 8 93397 96011 96671 97508 98482 98521 99239 99684
10 FR941206-1-00134 11 93399 96014 96088 96137 96423 96449 96708 96732 97268 97623 101114
100 FR941206-1-00134 4 93403 97241 97598 101094
micrograms FR941206-1-00134 4 93404 97020 97925 100190
pcb/100 FR941206-1-00134 1 93405
square FR941206-1-00134 1 93406
centimeters FR941206-1-00134 9 93407 96447 96484 96730 96768 97266 97302 97621 97659
protected FR941206-1-00134 1 93410
dermal FR941206-1-00134 1 93412
exposure FR941206-1-00134 11 93413 96334 96354 96378 97127 97143 97168 98085 98109 98114 98132
those FR941206-1-00134 1 93415
***** FR941206-1-00134 5 93418 93793 94045 94151 95109
person FR941206-1-00134 8 93423 93742 95165 95530 99422 99927 100080 100687
who FR941206-1-00134 2 93424 93438
required FR941206-1-00134 11 93426 94646 95073 95683 95698 95812 96092 96163 96860 97751 98429
incinerate FR941206-1-00134 1 93428
items FR941206-1-00134 4 93433 93450 93771 99898
subpart FR941206-1-00134 5 93436 94299 94712 95122 95481
demonstrate FR941206-1-00134 1 93440
alternative FR941206-1-00134 3 93443 93455 99753
destroying FR941206-1-00134 3 93446 93620 93767
exists FR941206-1-00134 1 93451
achieve FR941206-1-00134 1 93458
level FR941206-1-00134 6 93460 96346 97140 98259 100673 101123
performance FR941206-1-00134 1 93462
incinerators FR941206-1-00134 1 93466
efficiency FR941206-1-00134 2 93469 93697
boilers FR941206-1-00134 1 93470
submit FR941206-1-00134 2 93499 95743
written FR941206-1-00134 12 93501 93759 94272 94354 94770 95219 95692 98624 99299 100067 100288 100407
request FR941206-1-00134 6 93502 94826 94864 98420 99707 100522
regional FR941206-1-00134 20 93506 93609 93649 93730 94104 94310 94805 94894 94939 94989 95015 95555 95748 98439 99614 100428 100472 100519 100554 100640
administrator FR941206-1-00134 20 93507 93610 93650 93731 94105 94311 94806 94895 94940 94990 95016 95556 95749 98440 99615 100429 100473 100520 100555 100641
region FR941206-1-00134 9 93510 93551 93602 94108 94314 94809 95019 99618 100432
will FR941206-1-00134 15 93514 93544 93596 93622 93700 94096 94114 94138 94325 94374 94993 95577 99690 100437 100504
take FR941206-1-00134 2 93515 96283
director FR941206-1-00134 6 93519 93557 93653 93733 94145 99656
management FR941206-1-00134 9 93522 93560 93656 93736 94148 99659 99726 99791 99832
division FR941206-1-00134 6 93523 93561 93657 93737 94149 99660
exemption FR941206-1-00134 1 93526
incineration FR941206-1-00134 1 93529
requests FR941206-1-00134 3 93537 93589 94775
approval FR941206-1-00134 26 93539 93591 93715 93760 94273 94771 94777 94906 95046 95220 95472 98036 99578 99916 99931 99944 99950 99970 99973 100002 100068 100401 100637 100693 100706 101027
methods FR941206-1-00134 11 93542 93594 93833 93907 93996 96982 96989 97887 97894 99689 100501
operated FR941206-1-00134 3 93546 93598 100752
more FR941206-1-00134 7 93548 94128 94471 94516 96135 96386 97176
submitted FR941206-1-00134 3 93554 93605 94800
research FR941206-1-00134 5 93564 94068 94158 94212 94235
development FR941206-1-00134 5 93566 94070 94160 94205 94240
involving FR941206-1-00134 1 93567
500 FR941206-1-00134 9 93570 94085 94125 94444 98924 99071 99103 99200 99249
pounds FR941206-1-00134 3 93571 94086 94126
material FR941206-1-00134 18 93574 93841 94004 94089 94131 94404 94425 94721 94781 94955 96112 96470 96754 96901 97289 97645 97809 98837
see FR941206-1-00134 1 93576
appropriate FR941206-1-00134 10 93608 93739 93777 95554 95559 95567 95943 99980 100040 100650
applicant FR941206-1-00134 1 93613
show FR941206-1-00134 1 93615
present FR941206-1-00134 4 93624 93702 95097 95971
unreasonable FR941206-1-00134 5 93626 93704 95099 99694 100508
risk FR941206-1-00134 8 93627 93705 95100 99695 99738 99773 99784 100509
injury FR941206-1-00134 5 93629 93707 95102 99697 100511
health FR941206-1-00134 6 93631 93709 95104 99699 100043 100513
environment FR941206-1-00134 10 93634 93712 95107 98249 99702 99870 100046 100516 100580 100629
basis FR941206-1-00134 1 93638
information FR941206-1-00134 6 93641 93646 99666 99709 100479 100524
his FR941206-1-00134 1 93661
her FR941206-1-00134 1 93663
discretion FR941206-1-00134 1 93664
approve FR941206-1-00134 2 93666 99878
he FR941206-1-00134 2 93674 100526
she FR941206-1-00134 2 93676 100528
finds FR941206-1-00134 1 93677
provides FR941206-1-00134 2 93683 100784
destruction FR941206-1-00134 4 93685 98781 98811 99548
761.60 FR941206-1-00134 8 93695 98778 99486 99508 99556 100759 101159 101271
boiler FR941206-1-00134 1 93698
stated FR941206-1-00134 1 93718
writing FR941206-1-00134 15 93720 94330 94802 94946 94984 95551 95673 95745 99611 99652 99957 100027 100267 100469 100645
contain FR941206-1-00134 8 93723 99665 99859 99961 99978 100031 100478 100648
conditions FR941206-1-00134 9 93725 94279 95862 99735 99938 99974 100033 100700 101036
deems FR941206-1-00134 2 93738 100039
whom FR941206-1-00134 3 93744 99929 100689
waiver FR941206-1-00134 5 93746 94944 95655 95671 95693
issued FR941206-1-00134 3 93748 99933 100695
comply FR941206-1-00134 7 93750 94690 98162 99419 99437 99935 100697
limitations FR941206-1-00134 9 93753 94722 94782 99940 99981 100035 100651 100702 101039
contained FR941206-1-00134 3 93754 99941 100703
determination FR941206-1-00134 2 93757 95035
obtained FR941206-1-00134 2 93774 94296
official FR941206-1-00134 1 93779
dispose FR941206-1-00134 4 93788 96396 97186 97206
g FR941206-1-00134 4 93795 94033 95309 95482
otherwise FR941206-1-00134 6 93810 93973 95141 96366 97154 98775
specified FR941206-1-00134 7 93811 93974 97155 98484 98522 98948 100246
these FR941206-1-00134 4 93813 93976 100840 101141
rules FR941206-1-00134 2 93814 93977
analysis FR941206-1-00134 17 93818 93928 93981 94237 95778 96003 98659 99749 100323 100389 100778 100793 100800 100816 100838 101015 101023
conducted FR941206-1-00134 12 93823 93986 94116 94269 94348 94376 95031 95210 95479 95579 100053 101048
chromatography FR941206-1-00134 7 93826 93858 93937 93989 94021 95912 95945
there FR941206-1-00134 8 93828 93849 93991 94012 95828 95967 96199 98054
several FR941206-1-00134 2 93830 93993
chromatographic FR941206-1-00134 2 93832 93995
depending FR941206-1-00134 2 93838 94001
being FR941206-1-00134 9 93842 94005 94405 94621 96567 97388 98463 98762 100264
reason FR941206-1-00134 3 93847 94010 99967
requirement FR941206-1-00134 5 93852 94015 95660 98388 99440
specific FR941206-1-00134 4 93856 94019 95077 100032
procedure FR941206-1-00134 9 93859 94022 95950 97031 97936 99636 99744 100012 100200
applicable FR941206-1-00134 15 93861 94024 94693 94997 95179 95198 96613 97435 99513 99839 100094 100374 100610 100849 101264
include FR941206-1-00134 6 93863 94026 94234 94357 94841 94867
608 FR941206-1-00134 1 93873
organochlorine FR941206-1-00134 2 93876 93896
pesticides FR941206-1-00134 2 93877 93897
40 FR941206-1-00134 6 93882 95443 96080 97036 97941 100205
136 FR941206-1-00134 1 93885
osw FR941206-1-00134 1 93905
evaluating FR941206-1-00134 3 93909 96984 97889
astm FR941206-1-00134 2 93919 93951
d4059 FR941206-1-00134 1 93921
polychlorinated FR941206-1-00134 1 93930
biphenyls FR941206-1-00134 1 93931
insulating FR941206-1-00134 1 93933
american FR941206-1-00134 1 93944
society FR941206-1-00134 1 93945
testing FR941206-1-00134 2 93947 94535
materials FR941206-1-00134 18 93949 94533 94587 95596 95642 95970 96226 97189 97209 97238 98562 98878 98903 98963 99359 99363 99380 101000
1916 FR941206-1-00134 1 93953
race FR941206-1-00134 1 93954
street FR941206-1-00134 1 93955
philadelphia FR941206-1-00134 1 93957
pa FR941206-1-00134 1 93959
19103 FR941206-1-00134 1 93960
indicated FR941206-1-00134 1 94029
activity FR941206-1-00134 17 94057 94324 94347 94417 94507 94598 94861 94885 94978 95006 95029 95083 95094 95648 98327 98371 98450
authorized FR941206-1-00134 4 94058 94228 94251 94878
j FR941206-1-00134 5 94062 94153 94255 94728 94753
r FR941206-1-00134 30 94072 94111 94118 94162 94170 94221 94247 94261 94318 94341 94367 94389 94434 94486 94501 94592 94616 94625 94683 94786 94815 94855 94879 94903 94975 95000 95023 95041 95078 95088
& FR941206-1-00134 30 94073 94112 94119 94163 94171 94222 94248 94262 94319 94342 94368 94390 94435 94487 94502 94593 94617 94626 94684 94787 94816 94856 94880 94904 94976 95001 95024 95042 95079 95089
total FR941206-1-00134 3 94081 94475 94964
regardless FR941206-1-00134 2 94091 94133
reviewed FR941206-1-00134 2 94098 94140
selfimplementing FR941206-1-00134 5 94155 95193 95230 95892 98794
includes FR941206-1-00134 3 94176 98333 100817
demonstrations FR941206-1-00134 1 94177
commercial FR941206-1-00134 2 94179 95359
approvals FR941206-1-00134 3 94182 94980 94992
pren FR941206-1-00134 1 94184
tests FR941206-1-00134 7 94185 94187 95848 95878 96076 96278 96300
major FR941206-1-00134 1 94189
modifications FR941206-1-00134 1 94190
technologies FR941206-1-00134 3 94195 94203 94209
treatability FR941206-1-00134 1 94197
studies FR941206-1-00134 1 94198
new FR941206-1-00134 1 94207
environmental FR941206-1-00134 7 94214 95427 95561 95571 99673 100486 100586
transformation FR941206-1-00134 1 94215
processes FR941206-1-00134 1 94216
biodegradation FR941206-1-00134 1 94219
activities FR941206-1-00134 11 94227 94250 94373 94440 94492 94792 94821 95733 98478 99385 100052
do FR941206-1-00134 6 94232 95233 95663 98490 98527 100934
product FR941206-1-00134 1 94244
761.30 FR941206-1-00134 1 94253
without FR941206-1-00134 6 94270 94768 95217 100988 101025 101190
met FR941206-1-00134 2 94281 95873
filed FR941206-1-00134 1 94289
identification FR941206-1-00134 3 94293 94360 100666
number FR941206-1-00134 2 94294 94361
pursuant FR941206-1-00134 4 94297 94671 98695 100357
k FR941206-1-00134 1 94300
occur FR941206-1-00134 2 94326 100438
notified FR941206-1-00134 1 94328
30 FR941206-1-00134 4 94333 95515 98364 98515
days FR941206-1-00134 9 94334 95516 98365 98444 98516 98679 99334 100341 101224
commencement FR941206-1-00134 1 94338
site FR941206-1-00134 35 94364 94604 94657 95194 95387 95411 95417 95527 95723 95791 95804 95825 95834 95837 95893 96126 96310 96454 96667 96738 97273 97504 97629 98051 98355 98417 98462 98759 98770 98795 99383 99722 99734 99902 100592
quantity FR941206-1-00134 5 94379 94830 98629 99304 100293
treated FR941206-1-00134 15 94384 94406 94428 94529 94589 94651 96630 96900 97452 97808 98957 99109 99196 99254 100599
type FR941206-1-00134 2 94387 96107
general FR941206-1-00134 3 94398 96202 99737
physical FR941206-1-00134 1 94399
properties FR941206-1-00134 1 94402
estimate FR941206-1-00134 1 94410
duration FR941206-1-00134 4 94413 94746 94852 94972
amount FR941206-1-00134 2 94423 94965
annually FR941206-1-00134 1 94429
does FR941206-1-00134 7 94441 94456 95095 96854 97745 99234 101119
exceed FR941206-1-00134 6 94443 94458 94779 100936 101113 101121
gallons FR941206-1-00134 1 94445
70 FR941206-1-00134 1 94449
cubic FR941206-1-00134 2 94450 100941
feet FR941206-1-00134 2 94451 100942
nond FR941206-1-00134 15 94453 96520 97341 98560 98836 98841 98901 98909 98990 99349 99358 99362 99518 100905 100931
maximum FR941206-1-00134 4 94460 94958 101062 101075
10000 FR941206-1-00134 1 94463
iv FR941206-1-00134 5 94468 94738 96625 97447 98315
kilogram FR941206-1-00134 1 94474
pure FR941206-1-00134 2 94477 94967
per FR941206-1-00134 8 94479 97022 97927 98264 98272 100191 100949 101068
year FR941206-1-00134 3 94480 94520 100950
v FR941206-1-00134 6 94498 94759 96806 97697 98195 98536
calendar FR941206-1-00134 1 94519
vi FR941206-1-00134 2 94523 98622
wastes FR941206-1-00134 31 94527 94620 94666 95890 95963 96257 96402 96418 96511 96986 97007 97891 97912 98538 98863 99009 99063 99097 99624 99763 99857 99895 100551 100604 100622 100770 100788 100841 100932 101244 101255
untreated FR941206-1-00134 3 94531 94544 100601
spent FR941206-1-00134 1 94538
laboratory FR941206-1-00134 4 94539 100794 101052 101186
residuals FR941206-1-00134 2 94542 94649
media FR941206-1-00134 1 94548
instrumentation FR941206-1-00134 1 94550
clothing FR941206-1-00134 1 94552
etc FR941206-1-00134 1 94554
stored FR941206-1-00134 1 94559
storage FR941206-1-00134 6 94564 94636 94707 99686 100498 101083
761.65 FR941206-1-00134 1 94567
returned FR941206-1-00134 2 94601 94654
generation FR941206-1-00134 2 94606 94659
vii FR941206-1-00134 1 94609
manifests FR941206-1-00134 2 94611 94644
transported FR941206-1-00134 1 94622
however FR941206-1-00134 1 94641
viii FR941206-1-00134 1 94662
packaged FR941206-1-00134 1 94668
shipped FR941206-1-00134 4 94670 98632 99307 100296
dot FR941206-1-00134 1 94673
ix FR941206-1-00134 1 94677
facilities FR941206-1-00134 1 94680
conduct FR941206-1-00134 2 94682 95075
recordkeeping FR941206-1-00134 4 94701 96143 96161 100375
761.180 FR941206-1-00134 2 94704 100378
x FR941206-1-00134 1 94719
set FR941206-1-00134 3 94723 94748 101124
out FR941206-1-00134 2 94724 94749
limitation FR941206-1-00134 2 94747 99442
exceeded FR941206-1-00134 1 94767
conducting FR941206-1-00134 4 94814 95645 98475 99423
specify FR941206-1-00134 2 94828 99876
requested FR941206-1-00134 1 94833
additional FR941206-1-00134 3 94835 98476 100974
needed FR941206-1-00134 1 94837
justification FR941206-1-00134 1 94843
increase FR941206-1-00134 3 94846 94949 98099
extensions FR941206-1-00134 1 94849
also FR941206-1-00134 4 94866 95170 99875 100085
report FR941206-1-00134 1 94869
accomplishments FR941206-1-00134 1 94872
progress FR941206-1-00134 1 94874
previously FR941206-1-00134 1 94877
extension FR941206-1-00134 1 94889
sought FR941206-1-00134 1 94891
require FR941206-1-00134 3 94897 98492 98529
requestor FR941206-1-00134 1 94899
obtain FR941206-1-00134 2 94901 95653
grant FR941206-1-00134 1 94942
signed FR941206-1-00134 1 94986
make FR941206-1-00134 1 95033
ensure FR941206-1-00134 3 95085 99848 100619
11. FR941206-1-00134 1 95110
adding FR941206-1-00134 1 95112
761.61 FR941206-1-00134 3 95113 95129 100957
761.63 FR941206-1-00134 2 95117 100708
761.64 FR941206-1-00134 2 95120 100767
read FR941206-1-00134 1 95125
follows FR941206-1-00134 4 95127 98555 98856 98997
remediation FR941206-1-00134 74 95131 95135 95195 95206 95231 95408 95524 95535 95576 95638 95647 95722 95732 95790 95803 95826 95857 95889 95894 95962 95975 96058 96082 96110 96184 96194 96209 96256 96341 96350 96374 96401 96417 96510 96628 96939 96950 97006 97054 97135 97164 97326 97450 97845 97856 97911 97959 98050 98135 98370 98477 98545 98746 98750 98786 98796 98843 98862 99008 99062 99096 99244 99257 99384 99478 99520 99587 99623 99723 99762 99856 99894 99995 100051
through FR941206-1-00134 13 95156 95891 96657 96832 97479 97723 98187 98779 99136 100896 101130 101166 101278
responsible FR941206-1-00134 3 95171 95729 100086
determining FR941206-1-00134 4 95173 100088 100807 100870
complying FR941206-1-00134 2 95175 100090
federal FR941206-1-00134 7 95180 96614 97436 98939 99287 100095 100850
local FR941206-1-00134 7 95185 95570 96619 97441 99291 100100 100855
laws FR941206-1-00134 6 95186 96620 97442 99292 100101 100856
regulations FR941206-1-00134 8 95188 96622 97444 99294 99846 100103 100617 100858
cleanup FR941206-1-00134 19 95201 95478 96179 96252 96273 96288 96345 96370 97139 97160 98137 98481 98520 98542 99582 99683 99985 100826 101302
applicability FR941206-1-00134 1 95227
apply FR941206-1-00134 1 95235
spills FR941206-1-00134 1 95243
result FR941206-1-00134 2 95245 100774
ground FR941206-1-00134 1 95256
waters FR941206-1-00134 2 95257 96577
sediments FR941206-1-00134 3 95262 96223 98875
lakes FR941206-1-00134 1 95264
ponds FR941206-1-00134 1 95266
sewers FR941206-1-00134 1 95276
sewage FR941206-1-00134 1 95278
private FR941206-1-00134 1 95286
sources FR941206-1-00134 1 95291
distribution FR941206-1-00134 1 95293
grazing FR941206-1-00134 1 95299
lands FR941206-1-00134 1 95300
f FR941206-1-00134 1 95303
vegetable FR941206-1-00134 1 95305
gardens FR941206-1-00134 1 95306
areas FR941206-1-00134 7 95311 95610 96355 96379 97128 97144 97169
human FR941206-1-00134 1 95313
populations FR941206-1-00134 2 95314 95339
residential FR941206-1-00134 1 95318
dwellings FR941206-1-00134 1 95319
hospitals FR941206-1-00134 1 95321
schools FR941206-1-00134 1 95323
nursing FR941206-1-00134 1 95325
homes FR941206-1-00134 1 95326
playgrounds FR941206-1-00134 1 95328
parks FR941206-1-00134 2 95330 95352
day FR941206-1-00134 1 95333
care FR941206-1-00134 1 95334
centers FR941206-1-00134 1 95335
animal FR941206-1-00134 2 95338 98089
endangered FR941206-1-00134 1 95343
species FR941206-1-00134 1 95344
habitats FR941206-1-00134 1 95345
estuaries FR941206-1-00134 1 95347
wetlands FR941206-1-00134 1 95349
national FR941206-1-00134 3 95351 95354 95439
wildlife FR941206-1-00134 1 95355
refuges FR941206-1-00134 1 95356
sport FR941206-1-00134 1 95361
fisheries FR941206-1-00134 1 95362
might FR941206-1-00134 1 95365
higher FR941206-1-00134 1 95368
sensitivity FR941206-1-00134 2 95369 100587
toxic FR941206-1-00134 1 95372
effects FR941206-1-00134 1 95373
migrated FR941206-1-00134 1 95382
described FR941206-1-00134 4 95388 96977 97883 99115
completion FR941206-1-00134 3 95405 98367 98446
appears FR941206-1-00134 1 95423
comprehensive FR941206-1-00134 2 95426 95809
response FR941206-1-00134 1 95428
compensation FR941206-1-00134 1 95430
liability FR941206-1-00134 1 95433
act FR941206-1-00134 2 95434 95470
's FR941206-1-00134 2 95435 99963
superfund FR941206-1-00134 1 95437
priorities FR941206-1-00134 1 95440
list FR941206-1-00134 1 95441
300 FR941206-1-00134 1 95446
currently FR941206-1-00134 2 95454 95491
subject FR941206-1-00134 3 95456 95493 101030
permitting FR941206-1-00134 1 95459
subtitle FR941206-1-00134 3 95462 99046 99080
resource FR941206-1-00134 1 95466
conservation FR941206-1-00134 1 95467
enforcement FR941206-1-00134 1 95496
statute FR941206-1-00134 1 95500
administered FR941206-1-00134 1 95501
date FR941206-1-00134 1 95520
beginning FR941206-1-00134 1 95522
charge FR941206-1-00134 1 95532
owner FR941206-1-00134 6 95538 95715 98118 98352 98414 98459
property FR941206-1-00134 3 95541 95718 98411
spill FR941206-1-00134 1 95544
notify FR941206-1-00134 2 95548 95685
protection FR941206-1-00134 2 95562 95572
agency FR941206-1-00134 4 95563 95573 99840 100611
county FR941206-1-00134 1 95568
nature FR941206-1-00134 1 95586
extent FR941206-1-00134 2 95588 95626
kinds FR941206-1-00134 1 95594
sample FR941206-1-00134 12 95606 95617 95765 95769 96043 96103 100180 100217 100819 100822 100999 101304
adjacent FR941206-1-00134 2 95609 101055
concentrations FR941206-1-00134 4 95613 96404 96420 97191
measured FR941206-1-00134 6 95614 96966 97025 97872 97930 100194
location FR941206-1-00134 6 95623 100424 100503 100548 100569 100657
supposed FR941206-1-00134 1 95625
area FR941206-1-00134 10 95630 97220 97550 98065 98095 98110 98115 98121 98126 98133
maps FR941206-1-00134 1 95633
proposed FR941206-1-00134 11 95637 98059 99682 99721 99752 99789 99830 100497 100566 100590 100595
30day FR941206-1-00134 1 95658
so FR941206-1-00134 2 95664 98807
they FR941206-1-00134 3 95666 95681 95754
receive FR941206-1-00134 1 95668
separate FR941206-1-00134 1 95670
three FR941206-1-00134 2 95679 96007
agencies FR941206-1-00134 1 95680
original FR941206-1-00134 2 95691 100998
retained FR941206-1-00134 1 95696
party FR941206-1-00134 1 95728
field FR941206-1-00134 6 95731 95846 95876 95996 96024 96074
both FR941206-1-00134 2 95738 95865
parties FR941206-1-00134 1 95739
sign FR941206-1-00134 3 95741 97228 97560
certificate FR941206-1-00134 1 95751
stating FR941206-1-00134 1 95752
file FR941206-1-00134 1 95757
certain FR941206-1-00134 1 95758
documents FR941206-1-00134 1 95759
sampling FR941206-1-00134 7 95762 95799 96246 96270 96304 100255 100387
plans FR941206-1-00134 2 95763 100256
collection FR941206-1-00134 1 95766
preparation FR941206-1-00134 2 95770 100820
extraction FR941206-1-00134 21 95773 96515 96527 96535 96549 96556 96634 97336 97348 97356 97370 97377 97456 98640 98648 99113 99315 100304 100312 100823 101010
instrumental/chemical FR941206-1-00134 1 95777
assess FR941206-1-00134 1 95782
characterize FR941206-1-00134 1 95784
frequency FR941206-1-00134 1 95800
verifying FR941206-1-00134 1 95820
completeness FR941206-1-00134 1 95822
assessment FR941206-1-00134 2 95835 99732
screening FR941206-1-00134 8 95847 95877 95982 95997 96025 96075 96277 96299
minimum FR941206-1-00134 10 95909 96051 96444 96479 96725 96763 97263 97297 97616 97654
electron FR941206-1-00134 1 95915
capture FR941206-1-00134 1 95916
detector FR941206-1-00134 1 95917
gc/ec FR941206-1-00134 1 95919
presence FR941206-1-00134 3 95928 100809 100872
comparison FR941206-1-00134 1 95938
study FR941206-1-00134 1 95939
gc FR941206-1-00134 2 95947 96038
analytical FR941206-1-00134 2 95949 101051
8280 FR941206-1-00134 1 95957
analyze FR941206-1-00134 1 95959
shows FR941206-1-00134 1 95965
would FR941206-1-00134 2 95978 98306
interfere FR941206-1-00134 1 95979
interfering FR941206-1-00134 1 95992
means FR941206-1-00134 2 95999 96134
greater FR941206-1-00134 8 96012 96405 96421 97195 97213 97239 98922 99106
reported FR941206-1-00134 2 96020 96037
75 FR941206-1-00134 1 96031
same FR941206-1-00134 3 96042 96307 98604
25 FR941206-1-00134 10 96053 96446 96729 97151 97197 97265 97280 97516 97620 97636
taken FR941206-1-00134 1 96061
confirmed FR941206-1-00134 1 96064
fewer FR941206-1-00134 1 96078
confirmation FR941206-1-00134 2 96089 96094
analyses FR941206-1-00134 3 96090 96095 96138
performed FR941206-1-00134 1 96098
different FR941206-1-00134 1 96106
example FR941206-1-00134 1 96115
soil FR941206-1-00134 10 96117 96221 96436 96497 96721 96781 97255 97315 97612 97672
sludge FR941206-1-00134 3 96119 96233 96236
and/or FR941206-1-00134 3 96121 96587 97408
sediment FR941206-1-00134 1 96122
even FR941206-1-00134 1 96131
761.125 FR941206-1-00134 1 96167
onsite FR941206-1-00134 6 96178 96946 97332 97852 98765 98892
cleaning FR941206-1-00134 3 96190 98561 98592
decontaminating FR941206-1-00134 1 96192
two FR941206-1-00134 1 96201
categories FR941206-1-00134 1 96203
bulk FR941206-1-00134 16 96207 96339 96348 96372 96399 96415 96937 97133 97162 97324 97843 98834 98839 99242 99255 99348
everything FR941206-1-00134 1 96212
dredged FR941206-1-00134 2 96225 98877
debris FR941206-1-00134 1 96228
muds FR941206-1-00134 2 96230 98880
porous FR941206-1-00134 1 96239
verification FR941206-1-00134 1 96249
interim FR941206-1-00134 2 96269 96303
ongoing FR941206-1-00134 1 96272
determine FR941206-1-00134 1 96280
verify FR941206-1-00134 1 96286
complete FR941206-1-00134 1 96290
areas_ FR941206-1-00134 1 96335
noted FR941206-1-00134 1 96367
below FR941206-1-00134 1 96368
accomplished FR941206-1-00134 3 96382 97172 98790
remove FR941206-1-00134 7 96394 96413 97184 97204 97236 98469 98898
clean FR941206-1-00134 13 96428 96468 96496 96713 96752 96780 97247 97287 97314 97604 97643 97671 98123
cover FR941206-1-00134 8 96437 96498 96722 96782 97256 97316 97613 97673
uniform FR941206-1-00134 8 96440 96480 96726 96764 97259 97298 97617 97655
thickness FR941206-1-00134 8 96441 96481 96727 96765 97260 97299 97618 97656
over FR941206-1-00134 4 96452 96736 97271 97627
remain FR941206-1-00134 5 96457 96741 97276 97632 99899
excess FR941206-1-00134 4 96459 96743 97278 97634
cap FR941206-1-00134 17 96465 96749 97284 97640 98157 98222 98225 98242 98252 98312 98341 98346 98385 98394 98473 98494 98533
concrete FR941206-1-00134 5 96474 96758 97292 97649 98219
asphalt FR941206-1-00134 5 96476 96760 97294 97651 98221
15 FR941206-1-00134 7 96483 96767 97301 97658 98678 99333 100340
extract FR941206-1-00134 3 96506 100825 100828
solvent FR941206-1-00134 14 96514 96521 96526 96565 96582 97335 97342 97347 97386 97403 98649 99112 100313 101109
process FR941206-1-00134 20 96516 96528 96536 96550 96557 96635 96811 97337 97349 97357 97371 97378 97457 97702 99114 99233 99634 99742 100010 100797
occurs FR941206-1-00134 2 96529 97350
ambient FR941206-1-00134 2 96531 97352
temperature FR941206-1-00134 3 96532 97353 99529
exothermic FR941206-1-00134 2 96539 97360
external FR941206-1-00134 2 96543 97364
heat FR941206-1-00134 2 96544 97365
secondary FR941206-1-00134 2 96560 97381
containment FR941206-1-00134 4 96561 97382 98783 98813
prevent FR941206-1-00134 2 96563 97384
released FR941206-1-00134 2 96568 97389
underlying FR941206-1-00134 2 96571 97392
surrounding FR941206-1-00134 2 96573 97394
soils FR941206-1-00134 2 96574 97395
reuse FR941206-1-00134 2 96588 97409
relevant FR941206-1-00134 2 96594 97415
nonl FR941206-1-00134 2 96633 97455
left FR941206-1-00134 2 96665 97502
residual FR941206-1-00134 2 96670 97507
placed FR941206-1-00134 3 96735 97626 98405
impervious FR941206-1-00134 3 96753 97288 97644
meet FR941206-1-00134 2 96856 97747
measurementbased FR941206-1-00134 2 96858 97749
objectives FR941206-1-00134 2 96859 97750
then FR941206-1-00134 6 96898 97806 98655 99164 99252 101226
existing FR941206-1-00134 6 96909 97818 98853 98914 99001 99267
microencapsulated FR941206-1-00134 8 96943 96948 97013 97050 97849 97854 97918 97955
vitrified FR941206-1-00134 6 96945 97015 97052 97851 97920 97957
homogenous FR941206-1-00134 2 96954 97860
point FR941206-1-00134 2 96957 97863
has FR941206-1-00134 3 96960 97866 98814
component FR941206-1-00134 2 96964 97870
9095 FR941206-1-00134 2 96969 97875
paint FR941206-1-00134 2 96971 97877
filter FR941206-1-00134 3 96972 97878 98902
physical/chemical FR941206-1-00134 2 96988 97893
liter FR941206-1-00134 3 97023 97928 100192
toxicity FR941206-1-00134 5 97028 97059 97933 97964 100197
characteristic FR941206-1-00134 5 97029 97060 97934 97965 100198
leaching FR941206-1-00134 3 97030 97935 100199
tclp FR941206-1-00134 5 97033 97064 97938 97969 100202
261 FR941206-1-00134 3 97039 97944 100208
1311 FR941206-1-00134 2 97045 97950
exhibiting FR941206-1-00134 2 97057 97962
ie FR941206-1-00134 2 97062 97967
m FR941206-1-00134 2 97069 97974
g/l FR941206-1-00134 2 97070 97975
offsite FR941206-1-00134 9 97079 97814 97984 98742 98772 98849 99263 99345 99391
low FR941206-1-00134 4 97126 97142 97167 98108
_ FR941206-1-00134 1 97129
secured FR941206-1-00134 2 97222 97553
fence FR941206-1-00134 9 97225 97556 98338 98344 98383 98392 98471 98496 98531
ml FR941206-1-00134 2 97231 97564
posted FR941206-1-00134 1 97567
change FR941206-1-00134 3 98044 98060 98103
land FR941206-1-00134 2 98046 100596
actual FR941206-1-00134 1 98057
up FR941206-1-00134 2 98067 98124
people FR941206-1-00134 1 98087
life FR941206-1-00134 1 98090
expected FR941206-1-00134 1 98097
resulting FR941206-1-00134 2 98100 99381
status FR941206-1-00134 1 98105
caps FR941206-1-00134 4 98160 98198 98275 98320
permeability FR941206-1-00134 1 98165
sieve FR941206-1-00134 1 98167
limit FR941206-1-00134 1 98170
plasticity FR941206-1-00134 1 98173
index FR941206-1-00134 1 98174
parameters FR941206-1-00134 1 98175
designed FR941206-1-00134 1 98201
constructed FR941206-1-00134 1 98203
264.310 FR941206-1-00134 1 98206
chapter FR941206-1-00134 1 98212
case FR941206-1-00134 1 98216
sufficient FR941206-1-00134 1 98229
strength FR941206-1-00134 1 98230
maintain FR941206-1-00134 2 98232 98390
effectiveness FR941206-1-00134 3 98234 99801 99818
integrity FR941206-1-00134 2 98236 98309
exposed FR941206-1-00134 1 98246
aroclor FR941206-1-00134 1 98265
 FR941206-1-00134 1 98266
congener FR941206-1-00134 1 98273
visually FR941206-1-00134 1 98278
inspected FR941206-1-00134 1 98279
monthly FR941206-1-00134 1 98280
breaches FR941206-1-00134 2 98282 98304
leaks FR941206-1-00134 1 98285
cracks FR941206-1-00134 1 98287
breaks FR941206-1-00134 1 98289
faults FR941206-1-00134 1 98292
repairs FR941206-1-00134 1 98294
begin FR941206-1-00134 1 98296
within FR941206-1-00134 3 98297 98363 98442
discovery FR941206-1-00134 1 98301
impair FR941206-1-00134 1 98307
deed FR941206-1-00134 4 98317 98408 98505 98511
restrictions FR941206-1-00134 2 98318 99882
fences FR941206-1-00134 1 98322
remedial FR941206-1-00134 3 98326 98449 99425
maintained FR941206-1-00134 1 98349
perpetuity FR941206-1-00134 1 98358
notice FR941206-1-00134 7 98377 98428 98502 98625 99300 99890 100289
existence FR941206-1-00134 1 98380
upon FR941206-1-00134 2 98419 100406
copy FR941206-1-00134 1 98425
sent FR941206-1-00134 1 98435
60 FR941206-1-00134 1 98443
remediated FR941206-1-00134 2 98464 98763
after FR941206-1-00134 3 98474 98517 100263
achieving FR941206-1-00134 2 98480 98518
earlier FR941206-1-00134 1 98513
generated FR941206-1-00134 3 98539 100771 100789
reused FR941206-1-00134 4 98553 98601 101020 101182
personal FR941206-1-00134 2 98564 99374
protective FR941206-1-00134 2 98565 99375
equipment FR941206-1-00134 3 98566 98598 99376
solvents FR941206-1-00134 6 98593 100892 101006 101079 101143 101247
abrasives FR941206-1-00134 1 98595
purpose FR941206-1-00134 1 98605
highest FR941206-1-00134 4 98634 99309 100298 100993
3540 FR941206-1-00134 3 98642 99317 100306
toluene/methanol FR941206-1-00134 2 98650 100314
option FR941206-1-00134 3 98652 99792 100316
followed FR941206-1-00134 3 98656 99920 100320
advance FR941206-1-00134 3 98681 99336 100343
shipment FR941206-1-00134 3 98683 99338 100345
generator FR941206-1-00134 3 98686 99341 100348
receiving FR941206-1-00134 3 98691 99347 100353
another FR941206-1-00134 1 98769
allowed FR941206-1-00134 1 98776
761.62. FR941206-1-00134 1 98780
outside FR941206-1-00134 1 98791
provision FR941206-1-00134 1 98797
long FR941206-1-00134 1 98808
separated FR941206-1-00134 2 98869 101139
sludges FR941206-1-00134 2 98883 98887
dewatered FR941206-1-00134 2 98891 98961
filtered FR941206-1-00134 3 98896 100895 100913
assumed FR941206-1-00134 1 98920
discharged FR941206-1-00134 1 98932
permit FR941206-1-00134 1 98942
accept FR941206-1-00134 1 98944
discharge FR941206-1-00134 1 98954
rcra FR941206-1-00134 2 99045 99079
postt FR941206-1-00134 1 99170
reduce FR941206-1-00134 1 99236
rags FR941206-1-00134 1 99366
gloves FR941206-1-00134 1 99368
booties FR941206-1-00134 1 99370
disposable FR941206-1-00134 1 99373
similar FR941206-1-00134 1 99379
duty FR941206-1-00134 1 99417
fully FR941206-1-00134 1 99436
subsequently FR941206-1-00134 1 99456
performancebased FR941206-1-00134 2 99470 100116
riskbased FR941206-1-00134 5 99576 99914 100399 100635 100691
applications FR941206-1-00134 3 99580 99628 100440
manner FR941206-1-00134 2 99591 100449
prescribed FR941206-1-00134 2 99594 100452
made FR941206-1-00134 3 99609 99650 100467
application FR941206-1-00134 4 99663 100275 100408 100476
technical FR941206-1-00134 3 99671 99822 100484
considerations FR941206-1-00134 2 99677 100492
indicates FR941206-1-00134 2 99679 100494
pose FR941206-1-00134 2 99692 100506
believes FR941206-1-00134 2 99712 100529
necessary FR941206-1-00134 2 99715 100532
evaluation FR941206-1-00134 2 99718 100535
s FR941206-1-00134 2 99729 99989
posed FR941206-1-00134 1 99739
approving FR941206-1-00134 2 99756 100543
consider FR941206-1-00134 2 99767 100557
factors FR941206-1-00134 2 99774 99785
safety FR941206-1-00134 1 99796
reliability FR941206-1-00134 1 99798
potential FR941206-1-00134 1 99805
reduction FR941206-1-00134 1 99810
minimization FR941206-1-00134 1 99813
long- FR941206-1-00134 1 99815
shortterm FR941206-1-00134 1 99817
permanence FR941206-1-00134 1 99820
feasibility FR941206-1-00134 1 99823
availability FR941206-1-00134 1 99826
guidelines FR941206-1-00134 2 99841 100612
criteria FR941206-1-00134 2 99843 100614
residues FR941206-1-00134 1 99852
discharges FR941206-1-00134 1 99854
contaminants FR941206-1-00134 1 99863
adequately FR941206-1-00134 2 99865 100624
controlled FR941206-1-00134 2 99866 100625
protect FR941206-1-00134 3 99868 100042 100627
monitoring FR941206-1-00134 1 99885
institutional FR941206-1-00134 1 99887
controls FR941206-1-00134 1 99888
findings FR941206-1-00134 1 99964
commence FR941206-1-00134 1 100064
leachabilitybased FR941206-1-00134 1 100146
representative FR941206-1-00134 2 100179 100216
1311. FR941206-1-00134 1 100214
collected FR941206-1-00134 1 100220
sampled FR941206-1-00134 1 100240
nonremediation FR941206-1-00134 1 100355
adhered FR941206-1-00134 1 100381
regard FR941206-1-00134 1 100384
wastespecific FR941206-1-00134 1 100489
characteristics FR941206-1-00134 1 100490
ability FR941206-1-00134 1 100563
destroy FR941206-1-00134 1 100573
isolate FR941206-1-00134 1 100576
impose FR941206-1-00134 1 100663
source FR941206-1-00134 1 100665
control FR941206-1-00134 1 100671
variability FR941206-1-00134 1 100675
stream FR941206-1-00134 1 100681
household FR941206-1-00134 2 100709 100713
instrumental FR941206-1-00134 1 100837
regulated FR941206-1-00134 3 100844 100952 101154
portions FR941206-1-00134 1 100863
extracted FR941206-1-00134 1 100866
unregulated FR941206-1-00134 1 100880
aqueous FR941206-1-00134 1 100890
rinse FR941206-1-00134 1 100891
charcoal FR941206-1-00134 1 100897
filters FR941206-1-00134 2 100898 100901
h FR941206-1-00134 2 100925 101132
54 FR941206-1-00134 1 100940
weight FR941206-1-00134 1 100945
1000 FR941206-1-00134 1 100947
kg FR941206-1-00134 1 100948
quantities FR941206-1-00134 1 100975
decontamination FR941206-1-00134 4 100989 101191 101243 101253
organic FR941206-1-00134 1 101005
distilled FR941206-1-00134 2 101018 101108
laboratories FR941206-1-00134 1 101024
distillation FR941206-1-00134 7 101045 101063 101089 101178 101198 101206 101228
room FR941206-1-00134 1 101056
rate FR941206-1-00134 1 101064
liters FR941206-1-00134 3 101067 101095 101115
hour FR941206-1-00134 1 101069
final FR941206-1-00134 1 101101
batch FR941206-1-00134 1 101106
usually FR941206-1-00134 1 101145
form FR941206-1-00134 1 101148
still FR941206-1-00134 2 101150 101249
bottoms FR941206-1-00134 2 101151 101250
apparatus FR941206-1-00134 2 101179 101207
indefinitely FR941206-1-00134 1 101183
7 FR941206-1-00134 1 101194
unit FR941206-1-00134 2 101199 101229
dismantled FR941206-1-00134 1 101213
period FR941206-1-00134 1 101221
90 FR941206-1-00134 1 101223
761.79. FR941206-1-00134 1 101241
respectively FR941206-1-00134 1 101289
sulfuric FR941206-1-00134 1 101294
acid FR941206-1-00134 1 101295
elemental FR941206-1-00134 1 101297
mercury FR941206-1-00134 1 101298
extracts FR941206-1-00134 1 101305
