how FR941206-1-00134 3 60376 63322 65556
much FR941206-1-00134 1 60377
suspended FR941206-1-00134 1 60378
material FR941206-1-00134 3 60379 63394 63403
may FR941206-1-00134 6 60380 60757 62504 63479 65291 65339
be FR941206-1-00134 64 60381 60388 60415 60418 60442 60445 60463 60516 60530 60632 60657 60775 60824 60978 61001 61008 61011 61021 61024 61162 61165 61264 61267 61326 61329 61441 61458 61485 61506 61648 61678 61684 61859 61879 62097 62121 62230 62276 62368 62418 62695 62740 62835 62942 62992 63004 63123 63214 63281 63596 63619 63661 63700 63706 63822 63932 63990 64020 64161 64187 64229 64262 65340 65382
present FR941206-1-00134 2 60382 60573
in FR941206-1-00134 88 60383 60399 60490 60551 60574 60585 60615 60628 60639 60665 60709 60777 60783 60827 60841 60909 60919 60927 60940 61039 61332 61513 61523 61686 61723 61768 61806 61837 61881 62099 62109 62313 62370 62538 62608 62647 62650 62804 62828 62876 62887 62969 62994 63006 63021 63061 63128 63159 63180 63186 63233 63268 63283 63353 63360 63364 63395 63461 63494 63533 63550 63721 63732 63743 63757 63830 63924 63998 64009 64172 64215 64224 64296 64326 64520 64583 64631 64704 64763 64878 65021 65037 65059 65196 65238 65456 65512 65525
the FR941206-1-00134 217 60384 60394 60412 60434 60476 60480 60539 60542 60545 60548 60569 60578 60582 60600 60616 60622 60625 60629 60635 60640 60643 60701 60744 60768 60778 60788 60807 60829 60887 60905 60910 60922 60950 60970 60975 60989 60997 61037 61040 61064 61071 61074 61083 61096 61105 61114 61124 61135 61140 61179 61184 61191 61202 61206 61234 61245 61292 61295 61307 61341 61353 61374 61407 61427 61493 61552 61557 61650 61687 61698 61776 61788 61882 61918 61952 61962 61976 61985 62004 62032 62039 62062 62136 62178 62210 62214 62284 62288 62331 62341 62344 62371 62411 62423 62439 62460 62463 62522 62547 62555 62565 62568 62636 62664 62699 62716 62719 62805 62823 62865 62871 62882 62893 62911 62950 63010 63056 63077 63104 63138 63183 63190 63218 63230 63250 63256 63292 63311 63338 63376 63379 63405 63416 63428 63441 63451 63463 63471 63528 63544 63574 63577 63581 63623 63626 63689 63709 63719 63736 63749 63826 63831 63915 63936 63955 63958 63961 63980 63994 64017 64056 64071 64089 64147 64241 64252 64281 64290 64303 64321 64929 64945 64951 64954 64984 65001 65006 65038 65047 65062 65075 65082 65108 65120 65132 65140 65151 65183 65202 65210 65224 65234 65239 65305 65315 65352 65365 65373 65399 65436 65459 65485 65502 65526 65530 65544 65573 65577 65600 65607 65614 65627 65640 65645 65652 65656 65665
water FR941206-1-00134 10 60385 60400 60543 60572 60648 60697 60741 60765 60772 60810
to FR941206-1-00134 140 60386 60417 60444 60462 60515 60580 60767 60823 60912 60921 60929 60977 60984 61000 61010 61023 61052 61058 61063 61089 61164 61232 61242 61247 61266 61302 61328 61340 61378 61381 61391 61399 61440 61450 61460 61475 61487 61508 61521 61527 61617 61630 61647 61666 61677 61704 61712 61735 61795 61801 61818 61823 61861 61873 61894 61905 61922 61943 61974 61978 62055 62088 62142 62166 62173 62229 62244 62259 62275 62354 62451 62544 62625 62643 62742 62752 62756 62770 62789 62814 62834 62848 62851 62991 63003 63027 63085 63090 63101 63125 63137 63168 63204 63227 63235 63238 63276 63326 63397 63400 63414 63430 63440 63469 63511 63579 63770 63824 63837 63866 63884 63934 63992 64022 64068 64163 64186 64189 64231 64287 64484 64747 64809 64847 64903 64944 65057 65061 65081 65107 65118 65139 65185 65350 65364 65372 65410 65484 65529 65559
still FR941206-1-00134 3 60387 60699 63592
considered FR941206-1-00134 4 60389 60416 60443 62927
a FR941206-1-00134 73 60390 60519 60588 60619 60660 60759 60802 60851 60931 60941 61014 61027 61108 61359 61419 61524 61532 61827 61844 61855 61969 62018 62100 62125 62154 62158 62272 62349 62355 62404 62468 62595 62657 62670 62680 62696 62775 62829 62903 62971 63042 63081 63302 63355 63398 63433 63517 63603 63612 63631 63668 63677 63733 64029 64177 64191 64919 64972 65105 65189 65197 65344 65369 65385 65394 65468 65541 65560 65566 65582 65620 65631 65669
homogenous FR941206-1-00134 1 60391
liquid FR941206-1-00134 13 60392 60661 60864 60935 62312 64373 64424 64831 65135 65158 65179 65249 65320
for FR941206-1-00134 68 60393 60437 60494 60512 60554 60568 60706 60749 60787 60826 60901 60992 61172 61181 61430 61700 61783 61790 61902 61934 61958 62024 62420 62483 62509 62594 62631 62652 62701 62704 62762 62802 62842 62855 62935 62974 63009 63044 63156 63263 63358 63443 63456 63476 63543 63554 63730 63739 63960 63983 64002 64122 64144 64150 64708 64715 65003 65035 65093 65199 65314 65317 65327 65342 65348 65358 65472 65509
purpose FR941206-1-00134 2 60395 61084
of FR941206-1-00134 203 60396 60541 60547 60556 60571 60599 60618 60624 60637 60642 60687 60696 60716 60740 60763 60770 60790 60794 60809 60836 60898 60934 60954 60996 61043 61066 61076 61085 61142 61174 61205 61225 61236 61297 61309 61343 61369 61410 61496 61535 61551 61563 61580 61589 61607 61750 61756 61778 61926 61949 61954 61965 61987 62007 62022 62117 62170 62185 62213 62302 62310 62330 62343 62385 62399 62403 62414 62459 62494 62515 62535 62554 62567 62571 62598 62698 62721 62778 62826 62873 62884 62895 62924 62952 62977 63012 63019 63034 63055 63059 63063 63067 63093 63106 63112 63114 63189 63192 63194 63221 63260 63294 63313 63321 63337 63373 63378 63407 63432 63445 63530 63547 63576 63584 63625 63628 63691 63724 63735 63751 63828 63834 63927 63957 63965 64032 64058 64062 64180 64194 64249 64276 64329 64378 64383 64395 64399 64403 64436 64441 64450 64454 64458 64499 64518 64524 64539 64543 64581 64587 64602 64629 64635 64650 64680 64724 64760 64769 64796 64807 64811 64870 64882 64931 64953 64974 64992 65005 65046 65065 65122 65126 65146 65160 65178 65192 65201 65212 65216 65241 65248 65254 65269 65296 65332 65390 65412 65425 65431 65440 65474 65481 65487 65491 65504 65532 65546 65550 65552 65569 65613 65623 65633
determining FR941206-1-00134 2 60397 60791
pcbs FR941206-1-00134 63 60398 60454 60458 60468 60514 60638 60756 61077 61129 61170 61188 61200 61220 61298 61305 61320 61384 61397 61477 61612 61633 61718 61804 61941 62089 62388 62794 62987 62997 63020 63040 63060 63078 63127 63145 63151 63184 63222 63265 63314 63327 63359 63374 63380 63446 63475 63756 63829 63969 64003 64027 64059 64185 64199 64223 64267 64374 64832 64844 64922 65147 65161 65483
. FR941206-1-00134 128 60401 60422 60449 60452 60455 60502 60523 60550 60592 60621 60647 60678 60708 60753 60786 60832 60834 60840 60883 60904 60939 61004 61031 61082 61171 61221 61269 61331 61348 61433 61512 61529 61555 61599 61634 61697 61758 61805 61888 61930 62010 62104 62149 62217 62243 62283 62347 62378 62389 62462 62499 62513 62551 62607 62633 62675 62708 62723 62764 62795 62847 62979 63016 63047 63073 63076 63096 63119 63149 63198 63232 63363 63390 63460 63498 63513 63559 63598 63688 63708 63746 63764 63812 63860 63881 63914 63979 64016 64037 64070 64092 64119 64146 64200 64254 64273 64300 64332 64413 64468 64498 64534 64597 64621 64645 64766 64898 64927 64939 64941 64990 65014 65044 65088 65162 65195 65261 65303 65335 65360 65417 65443 65462 65523 65572 65580 65639 65672
if FR941206-1-00134 13 60402 60424 61889 62348 62438 62656 62724 64367 64569 64819 64837 65398 65581
wastewater FR941206-1-00134 4 60403 60413 60425 60675
contains FR941206-1-00134 6 60404 61186 61259 63541 64685 64820
greater FR941206-1-00134 15 60405 61166 61396 61456 61479 61613 61626 61682 61696 61717 61797 61869 63752 64004 64066
than FR941206-1-00134 28 60406 60862 60945 61167 61480 61582 61614 61622 61627 61798 61870 62038 62206 62236 62921 63000 63753 64005 64034 64182 64196 64220 64237 64270 65175 65256 65427 65477
0.5 FR941206-1-00134 1 60407
percent FR941206-1-00134 3 60408 61610 61624
nond FR941206-1-00134 9 60409 60453 60457 60513 60630 60755 60815 60937 65482
nons FR941206-1-00134 12 60410 60575 60586 60646 60651 60707 60750 60839 60854 60871 60914 61006
, FR941206-1-00134 205 60411 60433 60553 60559 60604 60606 60668 60680 60682 60711 60724 60729 60796 60798 60806 60844 60847 60866 60948 60969 60987 61048 61081 61098 61117 61122 61130 61138 61151 61178 61209 61211 61228 61271 61277 61334 61385 61398 61435 61438 61443 61516 61572 61574 61577 61639 61657 61672 61725 61730 61737 61744 61770 61808 61901 61904 61908 61910 61913 61951 61980 61984 61992 62077 62079 62095 62112 62127 62131 62183 62193 62197 62199 62201 62250 62274 62305 62317 62323 62325 62333 62335 62362 62395 62407 62437 62447 62532 62582 62588 62610 62622 62635 62654 62691 62736 62808 62822 62857 62878 62889 62915 62917 62946 62958 63049 63131 63162 63176 63242 63332 63334 63375 63410 63459 63466 63481 63483 63500 63525 63539 63540 63558 63566 63572 63589 63600 63621 63658 63686 63716 63727 63748 63763 63766 63842 63862 64015 64069 64084 64094 64112 64175 64317 64362 64381 64387 64392 64397 64401 64410 64439 64447 64452 64456 64465 64480 64488 64491 64501 64505 64512 64516 64522 64531 64541 64574 64579 64585 64594 64624 64633 64642 64652 64722 64773 64794 64798 64805 64859 64880 64885 64888 64910 64913 64926 64966 65096 65102 65207 65221 65223 65273 65308 65322 65324 65377 65435 65514 65537 65593 65606 65642 65647 65654
would FR941206-1-00134 42 60414 60441 60508 60529 60631 60656 60821 60973 61007 61020 61278 61457 61483 61504 61683 62016 62120 62134 62227 62256 62286 62367 62417 62449 62641 62694 62739 62941 62985 63595 63618 63660 63698 63705 63821 63931 63988 64019 64160 65259 65381 65466
`` FR941206-1-00134 19 60419 60446 60456 60491 60524 60669 61143 61237 61248 63692 63809 63878 63922 64920 65123 65134 65142 65155 65488
multiphasic FR941206-1-00134 3 60420 60447 60842
liquid/nond FR941206-1-00134 1 60421
'' FR941206-1-00134 19 60423 60450 60459 60498 60528 60676 61147 61241 61250 63695 63813 63882 63930 64923 65129 65136 65148 65163 65494
contained FR941206-1-00134 4 60426 60776 61611 61625
other FR941206-1-00134 15 60427 60439 60717 60731 60879 60959 60982 61982 62081 62337 63120 65010 65015 65115 65450
immiscible FR941206-1-00134 2 60428 60875
liquids FR941206-1-00134 17 60429 60440 60472 60483 60670 60673 60704 60747 60780 60837 60856 60873 60876 60916 60925 61019 65359
separable FR941206-1-00134 1 60430
by FR941206-1-00134 20 60431 60537 60613 60817 60961 61101 61104 61113 62035 62124 62525 62564 63506 63779 63848 64997 65009 65301 65636 65651
decantation FR941206-1-00134 5 60432 60605 60655 60820 60965
pcb FR941206-1-00134 77 60435 60510 60583 60626 60688 60718 60784 60792 60830 60899 60990 61157 61350 61454 61653 61671 61876 61886 61927 61935 61988 62001 62036 62171 62218 62303 62311 62315 62350 62405 62426 62454 62486 62536 62600 62645 62659 62706 62806 62885 63448 63531 63587 63737 64233 64242 64357 64427 64475 64548 64604 64655 64665 64682 64750 64821 64848 64857 64933 64955 65039 65083 65127 65180 65250 65276 65284 65298 65333 65391 65414 65432 65460 65492 65553 65570 65624
concentrations FR941206-1-00134 5 60436 60511 60793 60900 64061
those FR941206-1-00134 6 60438 61401 61592 61673 62584 62599
liquid/liquid FR941206-1-00134 1 60448
2 FR941206-1-00134 16 60451 61623 61972 62066 62307 62880 63272 63643 63653 63873 63891 63905 64660 64733 64899 65419
are FR941206-1-00134 31 60460 60685 60713 60952 61189 61387 61445 61519 61710 61719 61728 61732 61739 61747 61753 61891 62798 62926 63152 63207 63266 63328 63563 63975 64109 64140 64896 64901 65018 65050 65054
proposed FR941206-1-00134 26 60461 60503 60971 61176 61272 61766 61839 62434 62639 62677 62731 62817 62853 62980 63171 63240 64143 64205 64298 64322 64942 65020 65077 65464 65527 65578
defined FR941206-1-00134 2 60464 60517
at FR941206-1-00134 39 60465 60609 61046 61148 61222 61306 61356 61416 61478 61692 61997 62059 62382 62465 62517 62667 62816 62938 62988 62998 63170 63418 63435 63486 63711 63801 63917 63939 64028 64060 64176 64235 64268 65130 65170 65252 65422 65495 65535
761.3 FR941206-1-00134 4 60466 61150 63697 65536
as FR941206-1-00134 35 60467 60532 60659 60663 60722 60751 60964 61658 61690 61759 61761 61786 61841 61885 62072 62623 62832 62909 63041 63080 63146 63188 63203 63275 63484 63665 63844 63900 64308 64318 64320 64786 65188 65329 65453
which FR941206-1-00134 15 60469 60473 60564 61469 61608 62602 62939 63264 63507 63526 63590 63659 63717 64012 65017
contain FR941206-1-00134 16 60470 60693 60737 60758 61128 61303 61379 61392 61451 61476 61585 61667 61713 61796 62793 63728
no FR941206-1-00134 22 60471 61187 61199 61304 62204 62234 63224 63976 64391 64412 64467 64497 64533 64564 64596 64620 64644 64921 64936 65378 65423 65475
pass FR941206-1-00134 3 60474 60700 60743
through FR941206-1-00134 11 60475 60652 62397 63614 63791 63896 63910 63947 64046 64102 64133
filter FR941206-1-00134 5 60477 60482 60703 60746 60924
when FR941206-1-00134 7 60478 61751 62090 64615 64698 64983 65231
using FR941206-1-00134 2 60479 63144
paint FR941206-1-00134 4 60481 60702 60745 60923
test FR941206-1-00134 6 60484 60492 60705 60748 60926 61120
method FR941206-1-00134 2 60485 60488
( FR941206-1-00134 166 60486 60499 60505 60850 60858 60960 61055 61208 61274 61282 61358 61361 61364 61418 61421 61424 61501 61826 61829 61832 61835 61843 61846 61849 61946 61968 61971 61990 62046 62065 62157 62160 62163 62190 62271 62292 62297 62306 62319 62379 62467 62470 62473 62477 62669 62672 62679 62682 62685 62688 62749 62783 62819 62868 62879 62890 62908 62947 62960 62982 63071 63173 63253 63271 63289 63308 63317 63343 63420 63423 63488 63491 63516 63519 63522 63602 63605 63608 63611 63615 63630 63633 63636 63639 63642 63645 63649 63652 63655 63667 63670 63673 63676 63680 63683 63713 63773 63776 63782 63785 63788 63792 63795 63798 63803 63806 63815 63818 63843 63850 63853 63856 63869 63872 63875 63887 63890 63893 63897 63901 63904 63907 63911 63919 63941 63944 63948 63951 63985 64040 64043 64047 64050 64076 64079 64085 64096 64099 64103 64106 64127 64130 64134 64137 64152 64157 64217 64486 64552 64565 64608 64659 64675 64689 64731 64823 64959 64967 65097 65271 65405 65418 65444 65591 65598 65610
epa FR941206-1-00134 48 60487 61049 61229 61413 61640 61771 61809 61914 61957 62106 62113 62133 62233 62251 62431 62572 62574 62709 62725 62771 62811 62838 62858 62900 62968 63028 63050 63165 63243 63299 63352 63411 63431 63467 63567 63767 63863 64114 64547 65070 65103 65228 65262 65336 65361 65411 65497 65538
9095 FR941206-1-00134 1 60489
methods FR941206-1-00134 1 60493
evaluating FR941206-1-00134 1 60495
solid FR941206-1-00134 5 60496 62955 64843 65297 65433
waste FR941206-1-00134 19 60497 64751 65011 65128 65181 65194 65277 65299 65334 65415 65434 65493 65554 65571 65590 65625 65634 65641 65662
sw846 FR941206-1-00134 1 60500
) FR941206-1-00134 165 60501 60507 60852 60860 60968 61057 61210 61276 61286 61360 61363 61366 61420 61423 61426 61503 61828 61831 61834 61845 61848 61851 61852 61948 61970 61973 62002 62048 62067 62159 62162 62165 62192 62273 62294 62299 62308 62321 62390 62469 62472 62475 62479 62671 62674 62681 62684 62687 62690 62751 62792 62821 62870 62881 62892 62937 62949 62962 62984 63075 63175 63255 63273 63291 63310 63319 63345 63422 63425 63490 63493 63518 63521 63524 63604 63607 63610 63613 63617 63632 63635 63638 63641 63644 63647 63651 63654 63657 63669 63672 63675 63678 63682 63685 63715 63775 63778 63784 63787 63790 63794 63797 63800 63805 63808 63817 63820 63852 63855 63858 63859 63871 63874 63877 63889 63892 63895 63899 63903 63906 63909 63913 63921 63943 63946 63950 63953 63987 64042 64045 64049 64052 64078 64081 64091 64098 64101 64105 64108 64129 64132 64136 64139 64154 64159 64227 64490 64554 64571 64610 64661 64678 64691 64735 64825 64963 64971 65101 65287 65407 65420 65446 65595 65605 65616
761.1 FR941206-1-00134 3 60504 61047 61273
b FR941206-1-00134 15 60506 60859 61947 62750 63684 63714 63774 63783 63793 63804 63816 63851 63870 63888 63902
require FR941206-1-00134 5 60509 60974 61979 62167 63427
on FR941206-1-00134 46 60518 60587 60634 60801 61013 61026 61073 61080 61119 61294 61546 61636 61764 61775 61813 61917 62278 62712 62864 63249 64014 64055 64083 64360 64364 64431 64478 64482 64493 64557 64560 64613 64696 64737 64753 64781 64792 64817 64865 64965 65074 65095 65218 65289 65501 65543
dry FR941206-1-00134 5 60520 60525 60589 60803 61015
weight FR941206-1-00134 21 60521 60526 60540 60546 60590 60636 60641 60804 61016 61029 64377 64394 64416 64435 64449 64471 64504 64537 64600 64648 64776
basis FR941206-1-00134 6 60522 60527 60591 60805 61017 61030
determined FR941206-1-00134 2 60531 61002
reporting FR941206-1-00134 2 60533 60828
chemical FR941206-1-00134 5 60534 60561 60867 60881 60985
analysis FR941206-1-00134 4 60535 60562 60882 60986
results FR941206-1-00134 2 60536 63135
excluding FR941206-1-00134 1 60538
from FR941206-1-00134 18 60544 60650 60813 60872 60877 60915 60957 60980 61961 62031 62224 62718 63404 64251 64355 64617 64700 65182
sample FR941206-1-00134 4 60549 60662 60942 60999
addition FR941206-1-00134 4 60552 60710 61807 62609
purposes FR941206-1-00134 4 60555 60789 60903 61173
this FR941206-1-00134 26 60557 60884 61086 61175 61226 61335 61510 61637 61701 61765 61838 61863 62014 62415 62433 62692 62713 62852 62975 63239 64201 64297 64330 65164 65463 65505
proposal FR941206-1-00134 4 60558 61702 62714 63197
any FR941206-1-00134 10 60560 60714 61219 62495 62754 62963 62989 63346 63382 65171
process FR941206-1-00134 1 60563
removes FR941206-1-00134 1 60565
and/or FR941206-1-00134 2 60566 60838
accounts FR941206-1-00134 1 60567
amount FR941206-1-00134 7 60570 60762 60769 60808 61534 62907 63306
complies FR941206-1-00134 1 60576
with FR941206-1-00134 34 60577 61061 61198 61218 61317 61405 61464 61491 61542 61604 61659 61741 61994 62003 62177 62232 62430 62488 62527 62546 62560 62837 62913 62919 63573 63622 64026 64264 64546 64918 65209 65283 65448 65644
requirement FR941206-1-00134 6 60579 62130 62524 62693 63465 64073
determine FR941206-1-00134 1 60581
concentration FR941206-1-00134 10 60584 60627 60831 60991 61158 62990 63738 64030 64178 64192
these FR941206-1-00134 15 60593 60754 60814 61896 61924 62110 62561 63097 63129 63561 63758 63973 64932 64993 65309
processes FR941206-1-00134 1 60594
include FR941206-1-00134 3 60595 62287 62481
some FR941206-1-00134 3 60596 64991 65045
or FR941206-1-00134 58 60597 60654 60819 60857 61107 61110 61284 61395 61455 61472 61615 61628 61681 61695 61716 61799 61853 61871 61911 62080 62092 62222 62241 62336 62401 62436 62539 62649 63210 63371 63447 63534 63553 64065 64167 64371 64389 64425 64444 64514 64559 64576 64626 64693 64702 64711 64718 64764 64826 64829 64841 64851 65008 65458 65548 65563 65599 65611
all FR941206-1-00134 13 60598 61153 61256 61406 61492 62168 62485 62644 63088 63365 64379 64437 65449
following FR941206-1-00134 8 60601 62289 62866 63251 64282 65076 65400 65574
: FR941206-1-00134 6 60602 61190 62291 62867 63252 65404
filtration FR941206-1-00134 4 60603 60653 60818 60967
and FR941206-1-00134 100 60607 60674 60683 60698 60730 60742 60799 60855 60874 60890 60893 60936 60966 60988 61018 61212 61253 61311 61323 61389 61448 61537 61548 61560 61575 61591 61620 61664 61745 62027 62057 62064 62138 62144 62187 62248 62300 62318 62328 62476 62492 62501 62573 62715 62780 62862 62898 62929 62959 62996 63065 63108 63216 63229 63247 63258 63297 63324 63335 63342 63367 63381 63594 63648 63663 63679 63703 63722 63883 63925 63963 63972 63996 64113 64155 64210 64257 64278 64292 64305 64336 64349 64408 64463 64529 64592 64640 64861 64914 64947 64957 65032 65053 65079 65280 65321 65511 65555 65586 65655
heating FR941206-1-00134 1 60608
low FR941206-1-00134 3 60610 64606 64907
temperatures FR941206-1-00134 1 60611
followed FR941206-1-00134 1 60612
cooling FR941206-1-00134 1 60614
presence FR941206-1-00134 1 60617
desiccant FR941206-1-00134 1 60620
determination FR941206-1-00134 1 60623
based FR941206-1-00134 4 60633 61118 61545 61635
resulting FR941206-1-00134 2 60644 64354
dried FR941206-1-00134 1 60645
separated FR941206-1-00134 5 60649 60812 60956 60979 61005
treated FR941206-1-00134 3 60658 61685 61880
described FR941206-1-00134 1 60664
unit FR941206-1-00134 7 60666 61223 62383 62628 64327 64485 64558
iiim1. FR941206-1-00134 1 60667
including FR941206-1-00134 2 60671 62583
organic FR941206-1-00134 2 60672 60779
above FR941206-1-00134 5 60677 61649 61668 64245 64325
soils FR941206-1-00134 2 60679 60795
sediments FR941206-1-00134 2 60681 60797
sludges FR941206-1-00134 2 60684 60800
examples FR941206-1-00134 1 60686
containing FR941206-1-00134 10 60689 60719 60849 60943 61319 61868 61937 63968 64218 64266
media FR941206-1-00134 3 60690 60720 63121
that FR941206-1-00134 53 60691 60734 60773 60845 61091 61123 61152 61183 61244 61254 61258 61280 61288 61299 61373 61386 61444 61674 61706 61709 62013 62083 62115 62253 62265 62365 62422 62445 62453 62578 62616 62774 62785 62965 63031 63349 63426 64170 64207 64213 64684 64979 65113 65150 65167 65193 65227 65245 65264 65288 65367 65557 65584
can FR941206-1-00134 5 60692 60735 60774 61263 63279
varying FR941206-1-00134 2 60694 60738
amounts FR941206-1-00134 3 60695 60739 65253
there FR941206-1-00134 4 60712 61890 65265 65338
number FR941206-1-00134 8 60715 62301 62327 62777 62872 62951 63259 64973
such FR941206-1-00134 6 60721 60963 62071 62896 63295 63548
paper FR941206-1-00134 1 60723
wet FR941206-1-00134 2 60725 61028
automobile FR941206-1-00134 1 60726
shredder FR941206-1-00134 1 60727
fluff FR941206-1-00134 1 60728
fiber FR941206-1-00134 1 60732
products FR941206-1-00134 1 60733
also FR941206-1-00134 13 60736 60894 61484 61505 62505 63704 63989 64141 64767 64801 64835 65362 65524
well FR941206-1-00134 4 60752 61760 63102 64319
relatively FR941206-1-00134 2 60760 65293
large FR941206-1-00134 8 60761 62586 62596 63139 64549 64605 64686 64906
none FR941206-1-00134 3 60764 60771 63133
compared FR941206-1-00134 1 60766
normally FR941206-1-00134 1 60781
encountered FR941206-1-00134 1 60782
samples FR941206-1-00134 4 60785 60816 60843 60848
not FR941206-1-00134 27 60811 61127 61132 61214 61255 61313 61322 61325 61338 61642 61878 62443 62590 62614 62727 62799 62931 63153 63208 63213 63280 64981 65055 65312 65564 65618 65668
have FR941206-1-00134 12 60822 61194 61215 62228 62258 62450 62506 62604 63037 63109 64976 65025
accounted FR941206-1-00134 1 60825
3 FR941206-1-00134 9 60833 62320 62891 62922 63290 63424 63492 64928 65445
mixtures FR941206-1-00134 1 60835
is FR941206-1-00134 40 60846 61050 61088 61159 61230 61337 61414 61703 61772 61787 61810 61816 62266 62352 62360 62810 62859 62910 63164 63201 63244 63385 63412 63568 63591 63768 63845 63864 64115 64203 64935 65071 65498 65519 65539 65596 65629 65648 65658 65667
both FR941206-1-00134 1 60853
more FR941206-1-00134 8 60861 60944 62101 64372 64830 64842 65426 65476
one FR941206-1-00134 3 60863 60946 65172
phase FR941206-1-00134 3 60865 60947 60995
analysts FR941206-1-00134 1 60868
usually FR941206-1-00134 1 60869
separate FR941206-1-00134 4 60870 60913 60994 61856
each FR941206-1-00134 15 60878 60958 60981 60993 62314 62627 62705 63284 64396 64451 64521 64584 64632 64761 64770
before FR941206-1-00134 2 60880 63103
separation FR941206-1-00134 3 60885 60906 60933
eliminates FR941206-1-00134 1 60886
potential FR941206-1-00134 1 60888
consistency FR941206-1-00134 1 60889
reproducability FR941206-1-00134 1 60891
problems FR941206-1-00134 1 60892
provides FR941206-1-00134 1 60895
meaningful FR941206-1-00134 1 60896
comparisons FR941206-1-00134 2 60897 63092
regulatory FR941206-1-00134 1 60902
techniques FR941206-1-00134 1 60907
employed FR941206-1-00134 1 60908
laboratory FR941206-1-00134 1 60911
must FR941206-1-00134 6 60917 61161 61193 61213 64800 65325
result FR941206-1-00134 2 60918 65058
equivalency FR941206-1-00134 1 60920
order FR941206-1-00134 2 60928 63234
assume FR941206-1-00134 1 60930
complete FR941206-1-00134 1 60932
materials FR941206-1-00134 1 60938
where FR941206-1-00134 4 60949 61156 62132 63182
phases FR941206-1-00134 2 60951 60976
capable FR941206-1-00134 1 60953
being FR941206-1-00134 5 60955 64142 64204 64988 65019
procedures FR941206-1-00134 2 60962 63729
rule FR941206-1-00134 19 60972 61840 62152 62216 62416 64299 64356 64949 64964 64986 65007 65043 65087 65112 65206 65307 65353 65374 65465
prior FR941206-1-00134 3 60983 63439 64067
mixture FR941206-1-00134 1 60998
individually FR941206-1-00134 1 61003
required FR941206-1-00134 15 61009 61022 61459 61486 62268 62624 63847 64670 64672 64674 64707 64714 64787 64836 64902
analyzed FR941206-1-00134 2 61012 61025
n. FR941206-1-00134 1 61032
oilfilled FR941206-1-00134 8 61033 61067 61092 61154 61249 61281 62779 62953
equipment FR941206-1-00134 25 61034 61068 61093 61125 61146 61155 61192 61240 61257 61287 61336 61929 62846 62978 63023 63036 63161 63340 63362 63384 63929 63967 64011 64668 64683
manufactured FR941206-1-00134 6 61035 61069 61094 61197 61290 61603
after FR941206-1-00134 15 61036 61070 61095 61201 61291 62209 62239 62358 62410 63478 63538 63762 63841 64088 64174
ban FR941206-1-00134 5 61038 61072 61097 61207 61293
applicability FR941206-1-00134 1 61041
section FR941206-1-00134 6 61042 61499 61944 61966 62747 63514
part FR941206-1-00134 8 61044 61346 61411 61465 61497 62697 64315 65068
761 FR941206-1-00134 3 61045 61347 64316
proposing FR941206-1-00134 8 61051 61231 61415 63413 63569 63769 63865 64116
add FR941206-1-00134 5 61053 61820 62849 63236 65467
paragraph FR941206-1-00134 5 61054 63772 63814 63982 64075
g FR941206-1-00134 2 61056 61275
provide FR941206-1-00134 2 61059 62017
clarification FR941206-1-00134 3 61060 61087 65579
regard FR941206-1-00134 1 61062
classification FR941206-1-00134 1 61065
manufacture FR941206-1-00134 3 61075 61296 61310
took FR941206-1-00134 2 61078 62393
effect FR941206-1-00134 1 61079
recognize FR941206-1-00134 1 61090
accompanied FR941206-1-00134 1 61099
either FR941206-1-00134 2 61100 62396
documentation FR941206-1-00134 1 61102
provided FR941206-1-00134 1 61103
manufacturer FR941206-1-00134 3 61106 61115 61576
label FR941206-1-00134 2 61109 64924
mark FR941206-1-00134 3 61111 64853 64904
affixed FR941206-1-00134 1 61112
certifying FR941206-1-00134 2 61116 62340
data FR941206-1-00134 8 61121 61638 62137 62246 62863 63117 63142 63248
does FR941206-1-00134 5 61126 61131 61641 62726 65617
fall FR941206-1-00134 1 61133
into FR941206-1-00134 4 61134 61403 61462 61489
assumption FR941206-1-00134 1 61136
category FR941206-1-00134 1 61137
under FR941206-1-00134 17 61139 62043 62269 62432 62663 62676 62746 62933 62944 63388 63696 64074 64125 64312 64788 65029 65304
definition FR941206-1-00134 8 61141 61235 63690 64748 65121 65240 65486 65531
pcbcontaminated FR941206-1-00134 5 61144 61238 61268 61330 61442
electrical FR941206-1-00134 6 61145 61239 61781 61928 62845 64667
current FR941206-1-00134 10 61149 61354 61536 61549 62040 62523 62665 62788 62791 65306
unknown FR941206-1-00134 1 61160
assumed FR941206-1-00134 5 61163 61265 61327 61377 61439
50 FR941206-1-00134 13 61168 61380 61618 63001 64006 64035 64063 64183 64197 64221 64238 64246 64271
ppm FR941206-1-00134 29 61169 61383 61394 61453 61482 61619 61632 61652 61670 61680 61694 61715 61803 61875 61940 62000 63002 63755 63840 64007 64036 64064 64184 64198 64222 64239 64247 64272 64734
rulemaking FR941206-1-00134 1 61177
criteria FR941206-1-00134 1 61180
demonstrating FR941206-1-00134 2 61182 62421
transformer FR941206-1-00134 11 61185 62254 62295 62316 62351 62406 62427 62455 62660 62707 64822
been FR941206-1-00134 8 61195 61216 61314 62605 63052 64285 64977 65026
originally FR941206-1-00134 1 61196
effective FR941206-1-00134 3 61203 62211 62412
date FR941206-1-00134 5 61204 62212 62413 63099 63191
serviced FR941206-1-00134 5 61217 61316 64188 64230 64263
iiic FR941206-1-00134 1 61224
preamble FR941206-1-00134 2 61227 64331
amend FR941206-1-00134 2 61233 63771
indicate FR941206-1-00134 1 61243
reference FR941206-1-00134 4 61246 63116 63141 63147
means FR941206-1-00134 1 61251
mineraloil FR941206-1-00134 4 61252 61605 61660 61791
an FR941206-1-00134 4 61260 61959 62744 65520
oily FR941206-1-00134 1 61261
substance FR941206-1-00134 1 61262
similarly FR941206-1-00134 1 61270
clarify FR941206-1-00134 3 61279 64289 65119
mineral FR941206-1-00134 3 61283 61370 63585
otherwise FR941206-1-00134 4 61285 61473 63211 65602
was FR941206-1-00134 8 61289 61300 62428 62661 63760 64987 65137 65375
certified FR941206-1-00134 1 61301
time FR941206-1-00134 3 61308 65173 65424
has FR941206-1-00134 6 61312 62768 63025 63051 63970 64284
subsequently FR941206-1-00134 2 61315 62220
fluids FR941206-1-00134 5 61318 63741 63833 64226 64265
should FR941206-1-00134 7 61321 61858 61877 62603 62901 63300 64240
will FR941206-1-00134 3 61324 62966 63350
fact FR941206-1-00134 1 61333
subject FR941206-1-00134 1 61339
provisions FR941206-1-00134 11 61342 61409 61964 63417 63542 63562 63710 63916 64121 64294 64307
40 FR941206-1-00134 3 61344 64313 65066
cfr FR941206-1-00134 3 61345 64314 65067
o. FR941206-1-00134 1 61349
voltage FR941206-1-00134 21 61351 61431 61436 61467 61517 61541 61547 61564 61570 61578 61600 61645 61707 61784 61821 61866 61897 64551 64607 64688 64908
regulators FR941206-1-00134 14 61352 61432 61437 61468 61518 61565 61579 61601 61646 61708 61785 61822 61867 61898
regulation FR941206-1-00134 1 61355
761.30 FR941206-1-00134 27 61357 61417 61500 61825 61842 62156 62466 62668 62678 62818 62981 63172 63515 63601 63629 63666 63712 63802 63849 63868 63886 63918 63984 64039 64126 64151 64156
1 FR941206-1-00134 29 61362 61422 61830 61847 62047 62161 62293 62471 62673 62683 62869 63254 63480 63520 63606 63634 63671 63777 63786 63796 63807 63819 63854 63945 64044 64100 64131 64892 65406
xv FR941206-1-00134 2 61365 61833
requires FR941206-1-00134 1 61367
owners FR941206-1-00134 7 61368 62169 62255 62493 62514 62534 62612
oil FR941206-1-00134 2 61371 63586
transformers FR941206-1-00134 36 61372 61528 61661 61691 61792 61887 61936 61989 61993 62037 62172 62176 62219 62264 62304 62487 62516 62537 62601 62621 62646 62763 62833 63532 63549 63588 63726 63745 63759 63836 64476 64694 64712 64719 64849 65594
owner FR941206-1-00134 6 61375 62332 62373 62441 65609 65628
had FR941206-1-00134 5 61376 62543 62589 62618 63453
499 FR941206-1-00134 1 61382
tested FR941206-1-00134 3 61388 61447 61663
found FR941206-1-00134 7 61390 61449 61665 61676 61711 61794 62577
500 FR941206-1-00134 18 61393 61452 61481 61631 61651 61669 61679 61693 61714 61802 61874 61939 61999 65144 65157 65176 65257 65441
bring FR941206-1-00134 1 61400
units FR941206-1-00134 4 61402 62897 63296 64500
compliance FR941206-1-00134 7 61404 61463 61490 62188 62559 64216 65447
applicable FR941206-1-00134 4 61408 61494 64570 65451
761. FR941206-1-00134 4 61412 61466 61498 65069
xvi FR941206-1-00134 2 61425 61850
same FR941206-1-00134 3 61428 61688 61883
requirements FR941206-1-00134 18 61429 61495 61562 61933 62482 62508 62563 62638 62666 62735 62761 63627 64280 64338 64343 64895 65401 65452
accordingly FR941206-1-00134 1 61434
later FR941206-1-00134 5 61446 61662 61793 62205 62235
come FR941206-1-00134 4 61461 61488 62769 63026
were FR941206-1-00134 12 61470 61602 61675 63185 63510 64171 64214 64980 64995 65168 65266 65402
marked FR941206-1-00134 3 61471 61721 61729
known FR941206-1-00134 1 61474
h FR941206-1-00134 1 61502
revised FR941206-1-00134 3 61507 63933 64021
reflect FR941206-1-00134 1 61509
change FR941206-1-00134 3 61511 61767 65545
many FR941206-1-00134 4 61514 61644 62579 62611
respects FR941206-1-00134 1 61515
designed FR941206-1-00134 1 61520
function FR941206-1-00134 1 61522
manner FR941206-1-00134 5 61525 61689 61884 62103 62831
similar FR941206-1-00134 3 61526 62830 64120
they FR941206-1-00134 6 61530 61738 61746 61752 62617 64309
consume FR941206-1-00134 1 61531
small FR941206-1-00134 13 61533 62928 64656 64911 65090 65235 65294 65318 65345 65355 65388 65469 65506
adjust FR941206-1-00134 1 61538
their FR941206-1-00134 13 61539 61726 61906 62175 62263 62279 62528 62620 63013 63177 63570 64117 64225
output FR941206-1-00134 1 61540
precise FR941206-1-00134 2 61543 61569
limits FR941206-1-00134 1 61544
needs FR941206-1-00134 1 61550
power FR941206-1-00134 1 61553
system FR941206-1-00134 1 61554
though FR941206-1-00134 1 61556
actual FR941206-1-00134 1 61558
size FR941206-1-00134 4 61559 61907 62894 63293
fluid FR941206-1-00134 8 61561 61590 61606 61996 62925 64519 64582 64630
vary FR941206-1-00134 1 61566
depending FR941206-1-00134 1 61567
upon FR941206-1-00134 1 61568
rating FR941206-1-00134 1 61571
age FR941206-1-00134 1 61573
less FR941206-1-00134 12 61581 61621 62920 62999 64033 64181 64195 64219 64236 64269 65174 65255
100 FR941206-1-00134 2 61583 61594
kva FR941206-1-00134 2 61584 61595
approximately FR941206-1-00134 2 61586 61596
30 FR941206-1-00134 4 61587 62237 62457 63437
gallons FR941206-1-00134 7 61588 61598 65145 65159 65177 65258 65442
over FR941206-1-00134 2 61593 64421
200 FR941206-1-00134 1 61597
14 FR941206-1-00134 1 61609
equal FR941206-1-00134 4 61616 61629 61800 61872
expect FR941206-1-00134 1 61643
level FR941206-1-00134 4 61654 64031 64179 64193
; FR941206-1-00134 21 61655 61938 61998 63270 63288 63307 63316 63341 63450 64405 64407 64460 64462 64526 64528 64589 64591 64637 64639 64732 65663
however FR941206-1-00134 1 61656
impetus FR941206-1-00134 1 61699
ensure FR941206-1-00134 1 61705
properly FR941206-1-00134 2 61720 61748
while FR941206-1-00134 5 61722 62105 62533 62796 63150
service FR941206-1-00134 2 61724 61757
locations FR941206-1-00134 1 61727
records FR941206-1-00134 7 61731 64509 64568 64785 64795 64806 64881
kept FR941206-1-00134 1 61733
pursuant FR941206-1-00134 2 61734 61942
761.180 FR941206-1-00134 3 61736 62270 64789
registered FR941206-1-00134 7 61740 62231 62361 62429 62606 62619 62662
fire FR941206-1-00134 5 61742 62489 62530 62549 62580
departments FR941206-1-00134 2 61743 62581
disposed FR941206-1-00134 1 61749
taken FR941206-1-00134 2 61754 65383
out FR941206-1-00134 3 61755 64765 64772
soliciting FR941206-1-00134 7 61762 61773 61811 62860 63245 65072 65499
comments FR941206-1-00134 8 61763 61774 61812 62711 62861 63246 65073 65500
general FR941206-1-00134 2 61769 62570
appropriateness FR941206-1-00134 2 61777 65503
requiring FR941206-1-00134 1 61779
enhanced FR941206-1-00134 1 61780
protection FR941206-1-00134 4 61782 62009 62023 62181
case FR941206-1-00134 2 61789 62912
whether FR941206-1-00134 5 61814 61854 62899 63298 65515
it FR941206-1-00134 10 61815 62140 62359 62738 62767 62809 63024 63163 64301 65232
sufficient FR941206-1-00134 1 61817
simply FR941206-1-00134 2 61819 65051
existing FR941206-1-00134 1 61824
renumbered FR941206-1-00134 1 61836
subparagraph FR941206-1-00134 1 61857
added FR941206-1-00134 3 61860 64746 65138
address FR941206-1-00134 3 61862 62298 62324
issue FR941206-1-00134 1 61864
because FR941206-1-00134 4 61865 62045 64248 65626
compelling FR941206-1-00134 1 61892
reasons FR941206-1-00134 2 61893 65341
treat FR941206-1-00134 1 61895
differently FR941206-1-00134 1 61899
due FR941206-1-00134 1 61900
example FR941206-1-00134 2 61903 65575
location FR941206-1-00134 7 61909 62226 62296 62357 62400 64562 64567
use FR941206-1-00134 27 61912 62632 62648 62703 62803 62825 62840 62877 62972 63018 63058 63179 63187 63220 63269 63356 63502 63720 63750 63810 63827 63923 63962 64057 64701 64884 64930
welcomes FR941206-1-00134 1 61915
suggestions FR941206-1-00134 1 61916
most FR941206-1-00134 1 61919
appropriate FR941206-1-00134 3 61920 65034 65521
way FR941206-1-00134 1 61921
regulate FR941206-1-00134 1 61923
pieces FR941206-1-00134 1 61925
p. FR941206-1-00134 1 61931
registration FR941206-1-00134 10 61932 61986 62129 62285 62562 62592 62637 62734 62760 64545
18 FR941206-1-00134 3 61945 61967 62748
tsca FR941206-1-00134 7 61950 62044 62934 62945 63107 63389 65457
state FR941206-1-00134 12 61953 61977 62025 62049 62063 62068 62119 62145 62500 62720 62755 62956
connecticut FR941206-1-00134 4 61955 62005 62011 62722
petitioned FR941206-1-00134 2 61956 65000
exemption FR941206-1-00134 9 61960 62745 65092 65237 65316 65347 65357 65471 65508
preemption FR941206-1-00134 1 61963
allow FR941206-1-00134 5 61975 62753 63580 64023 64164
among FR941206-1-00134 2 61981 65114
things FR941206-1-00134 2 61983 65116
ie FR941206-1-00134 2 61991 62916
dielectric FR941206-1-00134 3 61995 63740 63832
department FR941206-1-00134 2 62006 62550
environmental FR941206-1-00134 2 62008 62180
argued FR941206-1-00134 1 62012
notification FR941206-1-00134 6 62015 62507 63464 64946 64956 65409
significantly FR941206-1-00134 1 62019
higher FR941206-1-00134 1 62020
degree FR941206-1-00134 1 62021
residents FR941206-1-00134 2 62026 62116
emergency FR941206-1-00134 6 62028 62050 62146 62510 63551 63693
response FR941206-1-00134 6 62029 62051 62147 62490 62511 63396
personnel FR941206-1-00134 6 62030 62052 62148 62491 62512 62576
risks FR941206-1-00134 1 62033
posed FR941206-1-00134 1 62034
federal FR941206-1-00134 3 62041 62143 63408
rules FR941206-1-00134 2 62042 65461
often FR941206-1-00134 1 62053
respond FR941206-1-00134 1 62054
fires FR941206-1-00134 2 62056 62091
spills FR941206-1-00134 2 62058 62093
sites FR941206-1-00134 2 62060 62519
throughout FR941206-1-00134 1 62061
administrative FR941206-1-00134 1 62069
actions FR941206-1-00134 1 62070
issuing FR941206-1-00134 1 62073
warnings FR941206-1-00134 1 62074
regarding FR941206-1-00134 1 62075
fishing FR941206-1-00134 1 62076
swimming FR941206-1-00134 1 62078
activities FR941206-1-00134 3 62082 63509 65416
could FR941206-1-00134 9 62084 62096 62442 62520 62613 63122 63212 64228 64260
increase FR941206-1-00134 1 62085
human FR941206-1-00134 1 62086
exposure FR941206-1-00134 1 62087
occur FR941206-1-00134 1 62094
made FR941206-1-00134 2 62098 63053
timely FR941206-1-00134 2 62102 65408
sees FR941206-1-00134 1 62107
merit FR941206-1-00134 1 62108
arguments FR941206-1-00134 1 62111
believes FR941206-1-00134 1 62114
every FR941206-1-00134 1 62118
better FR941206-1-00134 1 62122
protected FR941206-1-00134 2 62123 64561
uniform FR941206-1-00134 2 62126 62732
nationwide FR941206-1-00134 1 62128
receive FR941206-1-00134 1 62135
make FR941206-1-00134 2 62139 62444
available FR941206-1-00134 2 62141 63209
today FR941206-1-00134 6 62150 62640 62729 63195 63495 65022
's FR941206-1-00134 14 62151 62374 62558 62629 62730 62772 62812 62839 63029 63166 63196 63496 65023 65354
proposes FR941206-1-00134 3 62153 62252 63468
new FR941206-1-00134 3 62155 62440 65608
vii FR941206-1-00134 5 62164 62478 62686 63799 63898
register FR941206-1-00134 3 62174 62452 62545
us FR941206-1-00134 1 62179
agency FR941206-1-00134 2 62182 65002
office FR941206-1-00134 2 62184 62566
enforcement FR941206-1-00134 2 62186 65379
assistance FR941206-1-00134 1 62189
2245 FR941206-1-00134 1 62191
401 FR941206-1-00134 1 62194
m FR941206-1-00134 6 62195 64962 65042 65086 65111 65205
st. FR941206-1-00134 1 62196
sw. FR941206-1-00134 1 62198
washington FR941206-1-00134 1 62200
dc FR941206-1-00134 2 62202 62790
20460 FR941206-1-00134 1 62203
90 FR941206-1-00134 2 62207 62408
days FR941206-1-00134 5 62208 62238 62409 62458 63438
final FR941206-1-00134 2 62215 64985
identified FR941206-1-00134 2 62221 63285
received FR941206-1-00134 2 62223 62591
another FR941206-1-00134 1 62225
identification FR941206-1-00134 1 62240
receipt FR941206-1-00134 1 62242
minimize FR941206-1-00134 1 62245
gathering FR941206-1-00134 1 62247
processing FR941206-1-00134 2 62249 63995
only FR941206-1-00134 4 62257 64025 64261 65246
report FR941206-1-00134 1 62260
information FR941206-1-00134 8 62261 62290 62345 62363 62593 62964 63200 63348
about FR941206-1-00134 1 62262
currently FR941206-1-00134 5 62267 62480 62875 63267 63846
included FR941206-1-00134 2 62277 63110
annual FR941206-1-00134 4 62280 62375 64803 64893
document FR941206-1-00134 2 62281 62376
logs FR941206-1-00134 1 62282
kilograms FR941206-1-00134 1 62309
name FR941206-1-00134 1 62322
telephone FR941206-1-00134 1 62326
signature FR941206-1-00134 1 62329
operator FR941206-1-00134 1 62334
authorized FR941206-1-00134 6 62338 62801 63155 63366 63454 64938
representative FR941206-1-00134 1 62339
accuracy FR941206-1-00134 1 62342
submitted FR941206-1-00134 1 62346
transferred FR941206-1-00134 1 62353
different FR941206-1-00134 1 62356
concerning FR941206-1-00134 1 62364
transfer FR941206-1-00134 6 62366 62398 62461 64166 64209 64256
recorded FR941206-1-00134 1 62369
former FR941206-1-00134 1 62372
log FR941206-1-00134 1 62377
see FR941206-1-00134 1 62380
discussion FR941206-1-00134 1 62381
iiie_transfer FR941206-1-00134 1 62384
totally FR941206-1-00134 1 62386
enclosed FR941206-1-00134 2 62387 62844
anyone FR941206-1-00134 1 62391
who FR941206-1-00134 2 62392 64999
possession FR941206-1-00134 1 62394
sale FR941206-1-00134 7 62402 64540 64603 64651 64681 64725 64871
responsible FR941206-1-00134 1 62419
newly FR941206-1-00134 1 62424
acquired FR941206-1-00134 1 62425
provision FR941206-1-00134 2 62435 63578
demonstration FR941206-1-00134 1 62446
he FR941206-1-00134 1 62448
within FR941206-1-00134 2 62456 64812
regulations FR941206-1-00134 5 62464 62807 63409 63452 65031
vi FR941206-1-00134 3 62474 63857 63912
registering FR941206-1-00134 2 62484 62526
nearby FR941206-1-00134 1 62496
commercial FR941206-1-00134 13 62497 62541 63536 65124 65190 65242 65330 65395 65489 65533 65567 65621 65670
buildings FR941206-1-00134 3 62498 62542 63537
local FR941206-1-00134 2 62502 62548
authorities FR941206-1-00134 1 62503
industrial FR941206-1-00134 1 62518
fulfill FR941206-1-00134 1 62521
onsite FR941206-1-00134 1 62529
brigade FR941206-1-00134 1 62531
near FR941206-1-00134 2 62540 63535
subsequent FR941206-1-00134 1 62552
review FR941206-1-00134 3 62553 65004 65200
regulated FR941206-1-00134 4 62556 62932 62943 63387
community FR941206-1-00134 1 62557
inspector FR941206-1-00134 1 62569
regional FR941206-1-00134 1 62575
serving FR941206-1-00134 1 62585
cities FR941206-1-00134 1 62587
percentage FR941206-1-00134 1 62597
demonstrate FR941206-1-00134 1 62615
continue FR941206-1-00134 1 62626
authorization FR941206-1-00134 9 62630 62700 62854 62973 63241 63357 63959 64001 64018
therefore FR941206-1-00134 7 62634 63599 63699 63765 64093 65323 65664
extend FR941206-1-00134 1 62642
storage FR941206-1-00134 5 62651 64778 65396 65421 65473
reuse FR941206-1-00134 1 62653
even FR941206-1-00134 1 62655
specific FR941206-1-00134 1 62658
c FR941206-1-00134 9 62689 63421 63489 63640 63650 63920 63942 63949 63986
continued FR941206-1-00134 5 62702 62824 63178 63219 63545
solicits FR941206-1-00134 1 62710
petition FR941206-1-00134 2 62717 65198
promulgate FR941206-1-00134 2 62728 62743
national FR941206-1-00134 1 62733
then FR941206-1-00134 1 62737
inclined FR941206-1-00134 1 62741
implement FR941206-1-00134 1 62757
its FR941206-1-00134 4 62758 65413 65588 65660
own FR941206-1-00134 3 62759 65589 65661
q. FR941206-1-00134 1 62765
rectifiers FR941206-1-00134 11 62766 62782 62797 62827 62856 62874 62888 62940 62957 62995 63008
attention FR941206-1-00134 2 62773 63030
certain FR941206-1-00134 4 62776 63032 63508 65267
solidstate FR941206-1-00134 1 62781
devices FR941206-1-00134 1 62784
convert FR941206-1-00134 1 62786
ac FR941206-1-00134 1 62787
specifically FR941206-1-00134 3 62800 63048 63154
intent FR941206-1-00134 2 62813 63167
authorize FR941206-1-00134 4 62815 62986 63169 63718
r FR941206-1-00134 2 62820 62983
consistent FR941206-1-00134 1 62836
authorizations FR941206-1-00134 2 62841 63503
nony FR941206-1-00134 1 62843
specificity FR941206-1-00134 2 62850 63237
extent FR941206-1-00134 1 62883
contamination FR941206-1-00134 1 62886
adopt FR941206-1-00134 2 62902 63301
de FR941206-1-00134 2 62904 63303
minimis FR941206-1-00134 2 62905 63304
volume FR941206-1-00134 5 62906 63305 65236 65470 65507
capacitors FR941206-1-00134 10 62914 62918 64555 64611 64657 64692 64710 64717 64909 64912
pounds FR941206-1-00134 1 62923
generally FR941206-1-00134 1 62930
disposal FR941206-1-00134 11 62936 63377 63444 63457 63477 64348 64409 64464 64530 64593 64641
4 FR941206-1-00134 2 62948 63309
vs. FR941206-1-00134 1 62954
5 FR941206-1-00134 8 62961 63318 63952 64051 64080 64086 64107 64138
assist FR941206-1-00134 2 62967 63351
supporting FR941206-1-00134 2 62970 63354
type FR941206-1-00134 1 62976
used FR941206-1-00134 9 62993 63005 63039 63124 63215 63282 63315 63742 64008
servicing FR941206-1-00134 7 63007 63723 63879 63926 63964 64000 64024
remainder FR941206-1-00134 1 63011
useful FR941206-1-00134 1 63014
life FR941206-1-00134 1 63015
r. FR941206-1-00134 1 63017
scientific FR941206-1-00134 7 63022 63035 63160 63261 63286 63361 63369
types FR941206-1-00134 3 63033 63257 63312
historically FR941206-1-00134 1 63038
medium FR941206-1-00134 2 63043 63084
comparative FR941206-1-00134 1 63045
measurements FR941206-1-00134 1 63046
aware FR941206-1-00134 1 63054
historic FR941206-1-00134 1 63057
studies FR941206-1-00134 3 63062 63098 65279
birefringence FR941206-1-00134 1 63064
viscoelasticity FR941206-1-00134 1 63066
long FR941206-1-00134 1 63068
chain FR941206-1-00134 1 63069
polymers FR941206-1-00134 2 63070 63095
ref FR941206-1-00134 1 63072
58 FR941206-1-00134 1 63074
serve FR941206-1-00134 1 63079
high FR941206-1-00134 3 63082 64550 64687
viscosity FR941206-1-00134 1 63083
uniformly FR941206-1-00134 1 63086
reduce FR941206-1-00134 1 63087
movement FR941206-1-00134 1 63089
facilitate FR941206-1-00134 1 63091
longchain FR941206-1-00134 1 63094
back FR941206-1-00134 1 63100
enactment FR941206-1-00134 1 63105
hundreds FR941206-1-00134 1 63111
thousands FR941206-1-00134 1 63113
comparable FR941206-1-00134 2 63115 63136
runs FR941206-1-00134 1 63118
replace FR941206-1-00134 1 63126
instruments FR941206-1-00134 1 63130
but FR941206-1-00134 1 63132
yield FR941206-1-00134 1 63134
historical FR941206-1-00134 2 63140 64883
set FR941206-1-00134 3 63143 64053 65454
standards FR941206-1-00134 1 63148
specialized FR941206-1-00134 1 63157
uses FR941206-1-00134 3 63158 63370 64873
s FR941206-1-00134 2 63174 64824
situations FR941206-1-00134 2 63181 63552
publication FR941206-1-00134 1 63193
additional FR941206-1-00134 2 63199 63347
requested FR941206-1-00134 1 63202
why FR941206-1-00134 3 63205 63217 63277
substitutes FR941206-1-00134 2 63206 63278
presents FR941206-1-00134 1 63223
unreasonable FR941206-1-00134 1 63225
risk FR941206-1-00134 1 63226
health FR941206-1-00134 1 63228
environment FR941206-1-00134 1 63231
applications FR941206-1-00134 2 63262 63372
explanations FR941206-1-00134 1 63274
application FR941206-1-00134 1 63287
descriptions FR941206-1-00134 1 63320
releases FR941206-1-00134 1 63323
exposures FR941206-1-00134 1 63325
minimized FR941206-1-00134 1 63329
during FR941206-1-00134 1 63330
preparation FR941206-1-00134 1 63331
operation FR941206-1-00134 2 63333 64173
disassembly FR941206-1-00134 1 63336
testing FR941206-1-00134 1 63339
6 FR941206-1-00134 1 63344
unauthorized FR941206-1-00134 1 63368
contaminated FR941206-1-00134 2 63383 64666
fully FR941206-1-00134 1 63386
s. FR941206-1-00134 1 63391
remove FR941206-1-00134 3 63392 63401 63415
outdated FR941206-1-00134 2 63393 63402
request FR941206-1-00134 1 63399
code FR941206-1-00134 1 63406
761.20 FR941206-1-00134 2 63419 63487
submission FR941206-1-00134 1 63429
notice FR941206-1-00134 3 63434 63497 65024
least FR941206-1-00134 1 63436
export FR941206-1-00134 2 63442 63455
items FR941206-1-00134 4 63449 64340 64934 65016
until FR941206-1-00134 4 63458 63557 64925 65368
deleting FR941206-1-00134 2 63462 63780
retain FR941206-1-00134 1 63470
prohibition FR941206-1-00134 1 63472
against FR941206-1-00134 2 63473 65384
exporting FR941206-1-00134 1 63474
1980 FR941206-1-00134 1 63482
reflected FR941206-1-00134 1 63485
likewise FR941206-1-00134 1 63499
several FR941206-1-00134 1 63501
specified FR941206-1-00134 1 63504
deadlines FR941206-1-00134 1 63505
cease FR941206-1-00134 1 63512
iii FR941206-1-00134 8 63523 63609 63637 63656 63674 63681 63894 64328
prohibits FR941206-1-00134 1 63527
installation FR941206-1-00134 3 63529 63546 63583
reclassification FR941206-1-00134 1 63555
up FR941206-1-00134 1 63556
since FR941206-1-00134 3 63560 63954 64950
now FR941206-1-00134 5 63564 64311 65153 65630 65649
obsolete FR941206-1-00134 2 63565 64111
removal FR941206-1-00134 7 63571 64145 64404 64459 64525 64588 64636
exception FR941206-1-00134 2 63575 63624
indefinite FR941206-1-00134 1 63582
valid FR941206-1-00134 1 63593
retained FR941206-1-00134 2 63597 63662
d FR941206-1-00134 7 63616 64041 64048 64077 64097 64104 64153
deleted FR941206-1-00134 2 63620 63707
ii FR941206-1-00134 3 63646 63876 63908
redesignated FR941206-1-00134 1 63664
respectively FR941206-1-00134 1 63687
situation FR941206-1-00134 1 63694
rendered FR941206-1-00134 1 63701
unnecessary FR941206-1-00134 1 63702
railroad FR941206-1-00134 3 63725 63744 63835
phasing FR941206-1-00134 1 63731
reduction FR941206-1-00134 1 63734
essentially FR941206-1-00134 1 63747
1000 FR941206-1-00134 2 63754 63839
prohibited FR941206-1-00134 1 63761
paragraphs FR941206-1-00134 4 63781 63940 64095 64149
i FR941206-1-00134 1 63789
restrictions FR941206-1-00134 2 63811 63880
amended FR941206-1-00134 3 63823 63991 64162
restrict FR941206-1-00134 1 63825
< FR941206-1-00134 1 63838
further FR941206-1-00134 1 63861
delete FR941206-1-00134 3 63867 63935 63993
redesignate FR941206-1-00134 1 63885
mining FR941206-1-00134 3 63928 63966 64010
conditions FR941206-1-00134 3 63937 63974 64054
listed FR941206-1-00134 1 63938
timeframe FR941206-1-00134 1 63956
lapsed FR941206-1-00134 1 63971
longer FR941206-1-00134 2 63977 64937
relevant FR941206-1-00134 1 63978
introductory FR941206-1-00134 2 63981 64148
distribution FR941206-1-00134 1 63997
commerce FR941206-1-00134 2 63999 64705
expired FR941206-1-00134 2 64013 64082
sections FR941206-1-00134 2 64038 65064
recordkeeping FR941206-1-00134 6 64072 64279 64293 64306 64337 64894
years FR941206-1-00134 1 64087
deadline FR941206-1-00134 1 64090
effectively FR941206-1-00134 1 64110
deletion FR941206-1-00134 1 64118
hydraulic FR941206-1-00134 5 64123 64168 64211 64258 64860
systems FR941206-1-00134 6 64124 64169 64212 64253 64259 64745
e FR941206-1-00134 3 64128 64135 64158
heat FR941206-1-00134 3 64165 64208 64255
maintain FR941206-1-00134 2 64190 64232
action FR941206-1-00134 2 64202 65380
so FR941206-1-00134 3 64206 65149 65244
levels FR941206-1-00134 2 64234 64243
rise FR941206-1-00134 1 64244
leaching FR941206-1-00134 1 64250
t. FR941206-1-00134 1 64274
chart FR941206-1-00134 2 64275 64283
marking FR941206-1-00134 7 64277 64291 64304 64335 64342 64654 64721
prepared FR941206-1-00134 1 64286
help FR941206-1-00134 1 64288
discussed FR941206-1-00134 2 64295 64324
summarizes FR941206-1-00134 1 64302
exist FR941206-1-00134 1 64310
changes FR941206-1-00134 4 64323 64353 65060 65603
table FR941206-1-00134 1 64333
1._pcb FR941206-1-00134 1 64334
1regulated FR941206-1-00134 1 64339
1existing FR941206-1-00134 3 64341 64344 64347
ine FR941206-1-00134 3 64345 64544 64653
records1 FR941206-1-00134 1 64346
storagefordisposal FR941206-1-00134 1 64350
records1 FR941206-1-00134 1 64351
1proposed FR941206-1-00134 1 64352
containers FR941206-1-00134 4 64358 64380 64429 64438
lml FR941206-1-00134 13 64359 64430 64477 64556 64612 64695 64736 64752 64780 64816 64850 64864 64877
item FR941206-1-00134 7 64361 64432 64479 64614 64697 64738 64866
ml FR941206-1-00134 3 64363 64481 64492
transport FR941206-1-00134 9 64365 64406 64418 64461 64494 64527 64590 64638 64814
vehicle FR941206-1-00134 4 64366 64419 64495 64818
carrying FR941206-1-00134 3 64368 64420 64838
45 FR941206-1-00134 4 64369 64422 64827 64839
kg FR941206-1-00134 17 64370 64376 64393 64415 64423 64434 64448 64470 64503 64517 64536 64580 64599 64647 64775 64828 64840
ltotal FR941206-1-00134 5 64375 64433 64496 64563 64619
description FR941206-1-00134 4 64382 64398 64440 64453
contents FR941206-1-00134 4 64384 64400 64442 64455
ldate FR941206-1-00134 5 64385 64472 64510 64572 64622
container FR941206-1-00134 3 64386 64474 64754
serial FR941206-1-00134 4 64388 64513 64575 64625
id FR941206-1-00134 4 64390 64445 64577 64627
dates FR941206-1-00134 6 64402 64457 64523 64586 64634 64759
total FR941206-1-00134 7 64411 64466 64502 64532 64595 64643 64774
& FR941206-1-00134 15 64414 64469 64507 64535 64598 64646 64729 64742 64758 64889 64961 65041 65085 65110 65204
lmark FR941206-1-00134 1 64417
solids FR941206-1-00134 5 64426 65094 65349 65392 65510
article FR941206-1-00134 5 64428 64473 64511 64573 64623
lserial FR941206-1-00134 1 64443
no. FR941206-1-00134 2 64446 64578
access FR941206-1-00134 2 64483 64846
doors FR941206-1-00134 1 64487
etc FR941206-1-00134 1 64489
inspection FR941206-1-00134 1 64506
maintenance FR941206-1-00134 1 64508
idno FR941206-1-00134 1 64515
lrecord FR941206-1-00134 5 64538 64601 64649 64679 64869
record FR941206-1-00134 2 64542 64723
lhv FR941206-1-00134 4 64553 64690 64709 64716
-protected FR941206-1-00134 1 64566
llv FR941206-1-00134 1 64609
removed FR941206-1-00134 2 64616 64699
use.2 FR941206-1-00134 1 64618
nokg FR941206-1-00134 1 64628
l FR941206-1-00134 19 64658 64662 64663 64664 64739 64740 64755 64777 64783 64833 64845 64854 64855 64856 64867 64868 64874 64875 64876
lnot FR941206-1-00134 3 64669 64671 64673
once FR941206-1-00134 1 64676
drained FR941206-1-00134 1 64677
distributed FR941206-1-00134 1 64703
lrecords FR941206-1-00134 2 64706 64713
linservice FR941206-1-00134 1 64720
natural FR941206-1-00134 1 64726
gas FR941206-1-00134 1 64727
pipelines FR941206-1-00134 1 64728
compressors FR941206-1-00134 1 64730
lappurtenances FR941206-1-00134 1 64741
air FR941206-1-00134 2 64743 64886
compressor FR941206-1-00134 1 64744
bulk FR941206-1-00134 1 64749
lkg FR941206-1-00134 1 64756
weight/quantity FR941206-1-00134 1 64757
batch FR941206-1-00134 2 64762 64771
disposition FR941206-1-00134 1 64768
areas FR941206-1-00134 1 64779
area FR941206-1-00134 1 64782
lannual FR941206-1-00134 1 64784
lmaintain FR941206-1-00134 1 64790
inventory FR941206-1-00134 1 64791
site FR941206-1-00134 1 64793
inspections FR941206-1-00134 1 64797
generators FR941206-1-00134 1 64799
file FR941206-1-00134 1 64802
reports FR941206-1-00134 1 64804
attempts FR941206-1-00134 1 64808
dispose FR941206-1-00134 1 64810
1year FR941206-1-00134 1 64813
vehicles FR941206-1-00134 1 64815
lmarking FR941206-1-00134 1 64834
approved FR941206-1-00134 1 64852
motors FR941206-1-00134 1 64858
heattransfer FR941206-1-00134 1 64862
systems3 FR941206-1-00134 1 64863
prea FR941206-1-00134 1 64872
facility FR941206-1-00134 4 64879 65386 65583 65646
monitoring FR941206-1-00134 1 64887
wipe FR941206-1-00134 1 64890
sampling FR941206-1-00134 1 64891
bolded FR941206-1-00134 1 64897
manufacturers FR941206-1-00134 1 64900
nonb FR941206-1-00134 1 64905
fluorescent FR941206-1-00134 1 64915
light FR941206-1-00134 1 64916
ballasts FR941206-1-00134 1 64917
iv FR941206-1-00134 1 64940
amendments FR941206-1-00134 2 64943 65078
manifesting FR941206-1-00134 2 64948 64958
promulgation FR941206-1-00134 1 64952
n FR941206-1-00134 5 64960 65040 65084 65109 65203
54 FR941206-1-00134 1 64968
fr FR941206-1-00134 2 64969 65099
52716 FR941206-1-00134 1 64970
issues FR941206-1-00134 3 64975 64994 65048
raised FR941206-1-00134 2 64978 64996
contemplated FR941206-1-00134 1 64982
drafted FR941206-1-00134 1 64989
litigants FR941206-1-00134 1 64998
handling FR941206-1-00134 2 65012 65285
associations FR941206-1-00134 1 65013
previously FR941206-1-00134 1 65027
promulgated FR941206-1-00134 2 65028 65376
rcra FR941206-1-00134 1 65030
seem FR941206-1-00134 1 65033
inclusion FR941206-1-00134 1 65036
below FR941206-1-00134 1 65049
clarifications FR941206-1-00134 2 65052 65080
intended FR941206-1-00134 1 65056
codified FR941206-1-00134 1 65063
a. FR941206-1-00134 1 65089
quantity FR941206-1-00134 4 65091 65319 65346 65356
55 FR941206-1-00134 1 65098
26204 FR941206-1-00134 1 65100
issued FR941206-1-00134 1 65104
correction FR941206-1-00134 1 65106
sought FR941206-1-00134 1 65117
storer FR941206-1-00134 9 65125 65191 65243 65490 65534 65568 65622 65632 65671
761.3. FR941206-1-00134 2 65131 65496
word FR941206-1-00134 1 65133
phrase FR941206-1-00134 2 65141 65152
exceeds FR941206-1-00134 2 65143 65156
reads FR941206-1-00134 1 65154
excluded FR941206-1-00134 1 65165
facilities FR941206-1-00134 1 65166
storing FR941206-1-00134 3 65169 65387 65659
need FR941206-1-00134 1 65184
seek FR941206-1-00134 1 65186
approval FR941206-1-00134 3 65187 65328 65397
filed FR941206-1-00134 1 65208
district FR941206-1-00134 1 65211
columbia FR941206-1-00134 1 65213
circuit FR941206-1-00134 1 65214
court FR941206-1-00134 1 65215
appeals FR941206-1-00134 1 65217
september FR941206-1-00134 1 65219
25 FR941206-1-00134 1 65220
1990 FR941206-1-00134 1 65222
petitioner FR941206-1-00134 2 65225 65366
claimed FR941206-1-00134 1 65226
acted FR941206-1-00134 1 65229
arbitrarily FR941206-1-00134 1 65230
narrowed FR941206-1-00134 1 65233
storers FR941206-1-00134 2 65247 65331
wastes FR941206-1-00134 1 65251
qualify FR941206-1-00134 2 65260 65313
agreed FR941206-1-00134 2 65263 65337
classes FR941206-1-00134 1 65268
businesses FR941206-1-00134 1 65270
eg FR941206-1-00134 2 65272 65592
companies FR941206-1-00134 3 65274 65286 65310
performing FR941206-1-00134 1 65275
treatability FR941206-1-00134 1 65278
laboratories FR941206-1-00134 1 65281
affiliated FR941206-1-00134 1 65282
occasion FR941206-1-00134 1 65290
possess FR941206-1-00134 1 65292
quantities FR941206-1-00134 2 65295 65389
generated FR941206-1-00134 2 65300 65635
others FR941206-1-00134 1 65302
do FR941206-1-00134 1 65311
apply FR941206-1-00134 1 65326
establishing FR941206-1-00134 1 65343
complement FR941206-1-00134 1 65351
indicated FR941206-1-00134 1 65363
formal FR941206-1-00134 1 65370
amendment FR941206-1-00134 2 65371 65528
without FR941206-1-00134 1 65393
met FR941206-1-00134 1 65403
70 FR941206-1-00134 3 65428 65478 65516
cubic FR941206-1-00134 3 65429 65479 65517
feet FR941206-1-00134 3 65430 65480 65518
approximate FR941206-1-00134 1 65437
volumetric FR941206-1-00134 1 65438
equivalent FR941206-1-00134 1 65439
forth FR941206-1-00134 1 65455
particular FR941206-1-00134 1 65513
cutoff FR941206-1-00134 1 65522
clarifying FR941206-1-00134 1 65540
point FR941206-1-00134 1 65542
ownership FR941206-1-00134 2 65547 65604
release FR941206-1-00134 1 65549
title FR941206-1-00134 3 65551 65601 65615
relates FR941206-1-00134 1 65558
person FR941206-1-00134 1 65561
becoming FR941206-1-00134 2 65562 65565
illustrates FR941206-1-00134 1 65576
generates FR941206-1-00134 1 65585
stores FR941206-1-00134 1 65587
sold FR941206-1-00134 1 65597
holder FR941206-1-00134 1 65612
become FR941206-1-00134 1 65619
someone FR941206-1-00134 1 65637
else FR941206-1-00134 1 65638
along FR941206-1-00134 1 65643
owned FR941206-1-00134 1 65650
purchaser FR941206-1-00134 3 65653 65657 65666
b. FR941206-1-00134 1 65673
