clarification FR941206-1-00134 4 65674 68433 69555 69614
of FR941206-1-00134 190 65675 65735 65781 65791 65810 65817 65822 65833 65861 65871 65889 65892 65921 65927 65945 65956 65965 66041 66044 66055 66065 66068 66079 66097 66107 66112 66134 66169 66213 66261 66273 66278 66382 66544 66583 66605 66614 66688 66718 66721 66856 66903 66926 66934 66955 66970 66982 66996 67009 67023 67060 67077 67098 67115 67137 67157 67231 67276 67278 67308 67310 67413 67463 67465 67467 67478 67509 67527 67530 67592 67658 67661 67681 67707 67716 67725 67738 67751 67800 67812 67824 67870 67882 67925 67948 67964 67980 67991 68002 68004 68021 68047 68076 68084 68115 68125 68143 68241 68325 68328 68331 68340 68344 68372 68374 68389 68434 68455 68472 68485 68519 68560 68608 68642 68648 68657 68705 68707 68739 68746 68773 68799 68836 68888 68929 68961 69003 69131 69149 69260 69275 69310 69376 69443 69446 69469 69472 69493 69508 69525 69547 69556 69599 69615 69623 69665 69691 69694 69703 69735 69787 69793 69814 69834 69837 69845 69856 69879 69890 69927 69994 70008 70024 70124 70163 70232 70236 70243 70275 70297 70316 70325 70361 70400 70428 70436 70466 70475 70484 70491 70499 70531 70560 70576 71022 71044 71053 71055 71213 71221
exception FR941206-1-00134 8 65676 65713 65731 65805 65867 65988 66027 66147
reporting FR941206-1-00134 1 65677
epa FR941206-1-00134 51 65678 65717 65995 66049 66179 66368 66414 66640 66705 66755 66829 66833 66871 66893 67022 67046 67061 67064 67084 67102 67147 67222 67232 67252 67261 67282 67345 67586 67760 67803 67829 67864 67896 67913 67943 67985 68156 68191 68255 68381 68474 68675 68729 68759 69515 69688 69712 70074 70308 70414 70478
is FR941206-1-00134 65 65679 65725 65746 65800 65996 66153 66157 66271 66375 66480 66493 66526 66558 66569 66702 66731 66756 66787 66807 66977 67201 67223 67237 67253 67283 67426 67448 67959 68062 68207 68235 68256 68323 68382 68480 68676 68700 68760 68978 69107 69123 69163 69209 69263 69277 69423 69484 69500 69516 69544 69570 69590 69708 69979 69987 70066 70075 70322 70351 70379 70479 70534 70557 70566 70587
proposing FR941206-1-00134 12 65680 65997 67224 67254 67284 68208 68257 68677 68761 69424 69517 70076
to FR941206-1-00134 157 65681 65715 65727 65802 65858 65883 65984 65990 65998 66013 66029 66086 66100 66149 66181 66210 66217 66229 66318 66358 66370 66378 66396 66416 66445 66482 66579 66601 66628 66657 66661 66723 66763 66768 66773 66781 66800 66815 66838 66896 66967 66978 67051 67066 67110 67132 67150 67173 67217 67225 67245 67260 67285 67296 67322 67339 67344 67350 67422 67459 67517 67617 67638 67653 67670 67727 67763 67792 67808 67842 67902 67921 67939 67974 68033 68043 68090 68100 68169 68190 68195 68199 68223 68245 68249 68258 68267 68273 68337 68362 68377 68393 68429 68468 68499 68580 68623 68645 68664 68670 68679 68695 68762 68790 68812 68849 68956 68991 68999 69087 69091 69094 69137 69154 69174 69186 69189 69202 69253 69266 69279 69285 69304 69372 69389 69403 69454 69460 69518 69521 69576 69661 69687 69710 69719 69731 69760 69803 69990 69997 70020 70058 70077 70117 70137 70239 70301 70307 70328 70354 70376 70418 70446 70452 70549 70730 71181
amend FR941206-1-00134 6 65682 65999 66417 67286 68200 69519
761.215 FR941206-1-00134 3 65683 66000 66124
( FR941206-1-00134 125 65684 65688 65693 65740 65773 65876 65904 65929 66001 66005 66010 66072 66081 66125 66128 66175 66259 66347 66419 66519 66543 66560 66588 66742 66747 66750 66765 66832 67091 67248 67293 67363 67366 67424 67438 67441 67496 67519 67551 67567 67573 67627 67630 67690 67694 67697 68093 68174 68177 68261 68264 68317 68354 68399 68402 68411 68423 68426 68443 68446 68506 68509 68513 68516 68525 68528 68532 68535 68592 68595 68598 68610 68613 68681 68684 68767 68770 68778 68824 68851 68859 68862 68869 68872 68877 68880 68904 68906 68915 68917 68920 68964 68966 68969 69055 69069 69160 69220 69227 69433 69457 69633 69909 69912 70095 70214 70265 70268 70364 70469 70472 70604 70633 70665 70714 70758 70801 70864 70905 70931 70958 71079 71118 71165 71260
b FR941206-1-00134 14 65685 66002 66073 67691 68444 68507 68514 68526 68533 68593 68611 68682 68918 69910
) FR941206-1-00134 125 65686 65690 65695 65742 65775 65878 65906 65931 66003 66007 66012 66074 66083 66127 66130 66177 66285 66357 66421 66521 66547 66562 66590 66749 66752 66754 66767 66836 67141 67250 67295 67365 67368 67440 67443 67444 67498 67521 67553 67569 67584 67629 67632 67692 67696 67699 68103 68176 68179 68263 68266 68322 68359 68401 68404 68416 68425 68428 68445 68448 68508 68511 68515 68518 68527 68530 68534 68537 68594 68597 68600 68612 68615 68683 68686 68769 68772 68789 68830 68853 68861 68864 68871 68874 68879 68882 68908 68909 68919 68922 68923 68968 68971 68972 69057 69071 69169 69230 69234 69435 69459 69637 69911 69914 70106 70216 70267 70270 70372 70471 70474 70606 70635 70667 70716 70760 70803 70866 70907 70933 70960 71081 71120 71167 71262
, FR941206-1-00134 271 65687 65691 65696 65704 65707 65722 65846 65970 65972 65977 65980 66004 66008 66018 66021 66246 66263 66330 66354 66393 66395 66409 66428 66442 66464 66477 66540 66541 66550 66586 66608 66621 66649 66683 66861 66865 66874 66939 67093 67118 67142 67168 67174 67337 67338 67379 67385 67389 67403 67405 67505 67511 67575 67578 67581 67595 67633 67639 67664 67679 67700 67705 67712 67732 67759 67773 67776 67802 67828 67859 67954 67969 68012 68049 68067 68070 68080 68111 68120 68228 68231 68293 68320 68334 68350 68357 68488 68566 68568 68575 68603 68674 68742 68783 68785 68948 68952 69021 69061 69078 69082 69103 69120 69162 69181 69225 69231 69232 69237 69242 69297 69316 69332 69334 69336 69367 69420 69448 69452 69514 69567 69645 69648 69681 69689 69724 69765 69767 69769 69772 69778 69795 69816 69822 69832 69847 69860 69864 69869 69885 69887 69937 69939 69959 70015 70041 70043 70097 70101 70103 70128 70149 70247 70279 70349 70355 70381 70386 70391 70477 70486 70553 70579 70586 70612 70618 70622 70623 70638 70640 70644 70649 70654 70655 70670 70672 70676 70685 70691 70695 70698 70719 70721 70737 70743 70747 70748 70763 70765 70769 70775 70780 70786 70790 70791 70804 70806 70808 70814 70820 70824 70825 70843 70849 70853 70854 70869 70876 70882 70886 70887 70899 70900 70901 70911 70925 70926 70927 70952 70953 70954 70964 70968 70983 70986 70987 70988 70995 71036 71037 71038 71046 71058 71073 71074 71075 71084 71086 71090 71112 71113 71114 71123 71125 71129 71135 71137 71154 71155 71156 71170 71172 71201 71202 71203 71232 71233 71234 71254 71255 71256 71265 71285 71286 71287 71303 71304 71305 71330 71331 71332
c FR941206-1-00134 5 65689 66006 66748 67695 68829
and FR941206-1-00134 102 65692 65937 66009 66225 66433 66485 66587 66684 66868 66887 66891 67015 67039 67049 67087 67107 67124 67210 67302 67318 67346 67390 67408 67559 67645 67648 67733 67741 67744 67768 67844 67852 68117 68121 68154 68158 68160 68237 68301 68494 68502 68512 68531 68565 68711 68865 68886 68910 68913 69005 69199 69249 69337 69353 69356 69402 69406 69409 69414 69438 69453 69467 69478 69496 69583 69630 69725 69747 69773 69873 69929 69940 69963 70082 70173 70217 70440 70538 70609 70645 70677 70725 70732 70770 70777 70809 70837 70871 70936 70969 71019 71048 71062 71091 71130 71138 71176 71183 71211 71219 71267 71311
d FR941206-1-00134 8 65694 66011 66126 66585 66610 67364 67628 69056
which FR941206-1-00134 11 65697 66976 67970 68129 68435 68477 68987 69817 70408 70487 70581
discuss FR941206-1-00134 3 65698 67041 67406
the FR941206-1-00134 362 65699 65716 65736 65743 65756 65758 65770 65776 65782 65789 65804 65811 65814 65818 65823 65834 65836 65841 65866 65872 65879 65884 65890 65901 65907 65919 65935 65941 65954 65966 65975 65986 65991 66016 66025 66030 66039 66042 66045 66053 66056 66066 66087 66091 66095 66101 66108 66113 66118 66135 66150 66155 66161 66167 66206 66219 66230 66243 66264 66269 66275 66279 66282 66287 66308 66311 66320 66335 66343 66349 66360 66364 66380 66383 66386 66389 66398 66446 66450 66456 66478 66483 66504 66514 66563 66571 66580 66591 66602 66612 66615 66622 66658 66716 66729 66736 66760 66801 66811 66828 66854 66901 66904 66917 66920 66930 66968 66971 66988 67007 67058 67075 67094 67099 67113 67135 67143 67165 67176 67184 67196 67219 67256 67269 67300 67306 67316 67353 67370 67377 67396 67427 67430 67446 67452 67461 67472 67476 67490 67499 67507 67528 67547 67554 67590 67593 67599 67604 67608 67611 67620 67643 67656 67665 67668 67672 67677 67684 67717 67730 67734 67739 67749 67765 67778 67784 67787 67806 67810 67813 67825 67832 67853 67863 67868 67883 67891 67900 67923 67933 67946 67989 68005 68022 68036 68045 68050 68071 68074 68077 68081 68085 68106 68122 68136 68152 68155 68163 68205 68214 68224 68233 68238 68250 68274 68288 68294 68303 68314 68326 68329 68332 68338 68341 68345 68351 68375 68378 68387 68394 68469 68473 68478 68492 68552 68588 68604 68640 68643 68662 68703 68723 68774 68809 68832 68837 68894 68933 68941 68945 68974 69000 69009 69022 69035 69044 69083 69099 69104 69121 69129 69135 69138 69156 69172 69175 69191 69203 69207 69239 69258 69273 69281 69288 69298 69308 69311 69341 69344 69374 69394 69421 69494 69497 69523 69534 69550 69557 69568 69574 69578 69588 69596 69604 69607 69616 69627 69640 69649 69653 69663 69672 69677 69732 69736 69741 69757 69775 69799 69811 69830 69835 69843 69865 69877 69891 69895 69917 69925 69972 69985 70005 70016 70021 70027 70049 70053 70059 70071 70079 70091 70108 70113 70129 70142 70150 70164 70167 70174 70201 70205 70218 70230 70237 70241 70257 70276 70310 70314 70317 70323 70326 70359 70362 70398 70406 70410 70416 70421 70426 70429 70447 70453 70464 70481 70489 70496 70509 70521 70541 70561 70577
times FR941206-1-00134 1 65700
when FR941206-1-00134 16 65701 65807 65869 65974 66137 66154 66503 66774 67069 67158 67175 67235 68181 68219 68270 68944
a FR941206-1-00134 100 65702 65723 65729 65749 65798 65808 65847 65859 65925 65947 66077 66138 66145 66315 66338 66468 66662 66690 66719 66817 66820 66846 66875 66882 66889 66940 66945 66980 66993 67070 67104 67122 67125 67159 67191 67202 67212 67238 67241 67290 67311 67341 67382 67414 67439 67457 67523 67557 67640 67701 67860 67909 67917 67927 67977 68057 68112 68182 68188 68193 68209 68271 68281 68420 68456 68556 68573 68625 68691 68815 68818 68907 68924 68957 69092 69187 69425 69462 69545 69613 69621 69698 69715 69762 69791 69921 69946 69969 69991 70084 70159 70185 70273 70294 70394 70434 70470 70528 70558 70573
generator FR941206-1-00134 11 65703 65799 65848 65908 65982 66023 66088 66139 66288 66336 66350
commercial FR941206-1-00134 23 65705 65850 65910 65978 66019 66141 67105 67126 67279 67312 67332 67468 67485 67659 67892 67929 67978 68023 68183 68225 68460 68801 68838
storer FR941206-1-00134 9 65706 65851 65911 65979 66020 66142 67106 67127 67979
or FR941206-1-00134 66 65708 65820 65849 65855 65909 65932 65981 66022 66140 66301 66313 66392 66437 66548 66598 66693 66777 66819 66881 66959 67096 67119 67182 67194 67327 67358 67419 67481 67606 67729 67754 67817 67837 67840 67873 68286 68296 68318 68355 68453 68459 68549 68571 68633 68715 68720 68834 69211 69770 69784 69840 69902 69956 70001 70029 70032 70045 70062 70104 70161 70180 70382 70393 70403 70431 71015
disposer FR941206-1-00134 9 65709 65724 65777 65860 65885 65976 66017 66162 68692
must FR941206-1-00134 13 65710 65864 66860 66884 67043 67145 67163 67373 68186 68437 69318 70250 70304
submit FR941206-1-00134 15 65711 65728 65803 65865 65985 66024 66144 66291 67340 68187 68438 68464 68665 68696 69697
oneyear FR941206-1-00134 5 65712 65730 65987 66026 66146
reports FR941206-1-00134 3 65714 68440 68735
regional FR941206-1-00134 8 65718 65992 66031 66151 67865 68315 68352 68470
administrator FR941206-1-00134 8 65719 65993 66032 66152 67866 68316 68353 68471
. FR941206-1-00134 181 65720 65772 65797 65844 65903 65962 65994 66048 66060 66122 66178 66198 66227 66286 66323 66367 66404 66422 66449 66488 66513 66556 66618 66645 66699 66741 66753 66792 66848 66900 66919 66937 66961 66987 67029 67154 67188 67221 67251 67273 67315 67330 67360 67395 67445 67471 67533 67550 67566 67610 67747 67786 67799 67856 67895 67932 67951 67983 68042 68065 68140 68166 68204 68254 68347 68380 68431 68522 68554 68601 68636 68669 68725 68750 68804 68841 68883 68891 68893 68932 68973 69007 69042 69076 69097 69118 69134 69170 69219 69233 69257 69272 69294 69339 69382 69384 69386 69480 69492 69511 69553 69587 69638 69671 69738 69789 69829 69858 69882 69915 69961 69977 70003 70038 70064 70107 70121 70146 70192 70234 70271 70320 70346 70413 70455 70457 70495 70513 70527 70572 70591 70616 70624 70656 70689 70700 70741 70749 70784 70792 70818 70826 70847 70855 70880 70888 70895 70914 70918 70921 70941 70945 70948 70975 70979 71028 71032 71065 71069 71102 71105 71108 71144 71147 71150 71191 71194 71197 71224 71228 71244 71247 71250 71275 71278 71281 71295 71299 71320 71323 71326
currently FR941206-1-00134 2 65721 66532
required FR941206-1-00134 4 65726 65801 67779 68498
report FR941206-1-00134 10 65732 65806 65868 65989 66028 66148 68467 68606 68668 68699
whenever FR941206-1-00134 1 65733
both FR941206-1-00134 3 65734 65870 68151
following FR941206-1-00134 5 65737 65873 67453 67491 70482
occur FR941206-1-00134 4 65738 65874 67758 67877
: FR941206-1-00134 22 65739 65875 67495 68755 70680 70773 70938 70972 70993 71025 71042 71051 71094 71099 71133 71141 71188 71216 71241 71272 71292 71317
1 FR941206-1-00134 10 65741 65786 65877 65951 66561 67497 68510 68529 68890 69913
pcb FR941206-1-00134 55 65744 65759 65783 65856 65862 66098 66114 66345 66431 66494 66783 66858 66898 66905 66935 66984 66997 67011 67025 67079 67116 67139 67160 67180 67662 67673 67854 67981 68457 68649 68708 68740 68800 68895 68930 68993 69024 69088 69192 69255 69282 69329 69418 69428 69441 69551 69628 69667 69880 69892 69930 70050 70501 70840 71314
waste FR941206-1-00134 45 65745 65760 65784 65837 65863 65880 65942 66099 66115 66366 66457 66479 66784 66859 66899 66936 66985 66998 67012 67026 67080 67117 67140 67161 67181 67663 67674 67982 68242 68564 68650 68660 68709 68741 68749 68931 69330 69419 69668 69881 70841 70997 71206 71215 71315
received FR941206-1-00134 7 65747 65829 65914 66159 68550 68570 68719
on FR941206-1-00134 38 65748 65769 65900 65946 66052 66090 66117 66194 66205 66242 66268 66299 66363 66385 66401 66430 66759 67195 67205 67299 67451 68055 68386 68702 68732 69238 69573 69642 69652 69781 69810 69842 70035 70112 70358 70368 70397 70425
date FR941206-1-00134 13 65750 65757 65790 65835 65891 65920 65948 65955 66109 66168 67508 67529 68914
more FR941206-1-00134 3 65751 65949 66292
than FR941206-1-00134 17 65752 65950 66035 66215 66293 66460 66473 66500 66510 66553 66676 66789 67264 68310 68369 68418 69269
9 FR941206-1-00134 4 65753 65887 68265 68427
months FR941206-1-00134 4 65754 65888 65917 66165
from FR941206-1-00134 32 65755 65763 65788 65793 65894 65918 65958 66038 66160 66166 66171 66467 66538 66631 68007 68544 68661 68736 68940 69034 69307 69323 70546 70580 70600 70629 70661 70705 70754 70797 70831 70860
was FR941206-1-00134 15 65761 65838 65881 65943 66120 66595 66928 67271 67355 67834 67838 67919 68638 69797 70189
removed FR941206-1-00134 1 65762
service FR941206-1-00134 5 65764 65794 65895 65959 66172
for FR941206-1-00134 68 65765 65795 65896 65923 65960 66063 66173 66190 66223 66239 66307 66408 66530 66680 66867 66944 67032 67229 67393 67410 67484 67514 67546 67562 67710 67952 68068 68109 68192 68212 68217 68229 68797 68808 68926 68959 69012 69038 69115 69128 69147 69197 69396 69417 69436 69440 69465 69476 69606 69612 69655 69701 69806 69826 69852 69876 69924 70122 70181 70309 70536 70563 70569 70589 70735 70839 71186 71313
disposal FR941206-1-00134 38 65766 65796 65897 65924 65928 65961 66069 66080 66102 66111 66174 66226 66237 66257 66361 66381 66486 66581 66603 66681 66697 68458 68557 68994 69204 69247 69289 69338 69354 69413 69429 69442 69482 69548 70033 70608 70935 71049
as FR941206-1-00134 34 65767 65898 66490 66566 66671 66715 66772 66814 66845 67000 67103 67121 67381 67425 67456 67526 67976 68586 68620 68651 68825 68857 68875 69171 69790 70223 70227 70259 70282 70340 70365 70367 70433 70505
indicated FR941206-1-00134 3 65768 65899 66089
manifest FR941206-1-00134 17 65771 65812 65902 66092 66119 66197 66207 66245 66270 66295 66387 66407 66528 66623 66782 68574 68925
2 FR941206-1-00134 13 65774 65905 66129 66589 67552 68517 68536 68596 68921 68970 69383 69647 70334
could FR941206-1-00134 6 65778 66685 66942 66950 67757 67876
not FR941206-1-00134 42 65779 65827 65913 65969 66158 66302 66376 66438 66599 66626 66668 66779 66916 67171 67211 67402 67636 67720 67835 67879 67987 68029 68617 68621 68631 68639 68712 68716 68997 69030 69064 69108 69124 69200 69250 69278 69798 69965 69988 70190 70352 70567
dispose FR941206-1-00134 2 65780 68656
within FR941206-1-00134 6 65785 65830 65886 65915 66104 66163
year FR941206-1-00134 3 65787 65952 68487
removal FR941206-1-00134 5 65792 65893 65922 65957 66170
copy FR941206-1-00134 1 65809
with FR941206-1-00134 22 65813 66254 66281 66388 66639 66704 66735 67305 67324 67416 67683 67850 68128 68817 68831 69359 69393 69657 69945 70289 70330 70463
handwritten FR941206-1-00134 1 65815
signature FR941206-1-00134 1 65816
owner FR941206-1-00134 5 65819 67095 68295 68452 68833
operator FR941206-1-00134 7 65821 66824 66879 67097 68297 68454 68835
designated FR941206-1-00134 1 65824
facility FR941206-1-00134 43 65825 66103 67035 67071 67100 67185 67208 67242 67314 67415 67549 67666 67686 67718 67911 68006 68185 68227 68234 68276 68333 68346 68379 68462 68479 68553 68558 68626 68724 68840 69560 69581 69723 69737 69750 69831 69867 69897 69922 70018 70055 70081 70169
has FR941206-1-00134 13 65826 65912 65983 66440 66654 66712 66798 66843 67072 67971 69217 70156 70583
been FR941206-1-00134 6 65828 66635 66655 66713 68133 70584
45 FR941206-1-00134 2 65831 70980
days FR941206-1-00134 6 65832 66037 66106 67267 68312 68371
accepted FR941206-1-00134 2 65839 68073
by FR941206-1-00134 16 65840 66694 66795 66953 67288 67506 67602 67607 67676 67862 68482 68551 68854 70253 70313 70520
original FR941206-1-00134 3 65842 66592 66616
transporter FR941206-1-00134 4 65843 66847 66995 67123
also FR941206-1-00134 10 65845 66249 67615 67790 67898 68052 68383 68408 68813 69364
who FR941206-1-00134 4 65852 66927 67042 68655
manifests FR941206-1-00134 4 65853 68545 68635 68717
pcbs FR941206-1-00134 26 65854 66463 66476 66652 66679 66722 68982 69347 69366 69447 69475 69928 70605 70634 70666 70715 70759 70802 70865 70906 70932 70959 71080 71119 71166 71261
items FR941206-1-00134 7 65857 66193 66203 66241 66309 66346 69931
transferred FR941206-1-00134 2 65882 67548
13 FR941206-1-00134 2 65916 66164
certificate FR941206-1-00134 3 65926 66067 66078
cd FR941206-1-00134 6 65930 65936 66082 66156 66340 66399
they FR941206-1-00134 5 65933 68629 69368 70209 70506
receive FR941206-1-00134 5 65934 66869 66888 67347 68632
it FR941206-1-00134 21 65938 66374 66577 66673 66770 66797 67502 67770 68027 68038 68576 68637 68856 69062 69164 69301 69796 69978 70065 70155 70321
indicates FR941206-1-00134 2 65939 66131
that FR941206-1-00134 66 65940 66015 66076 66093 66110 66132 66183 66201 66232 66334 66341 66373 66402 66454 66470 66524 66536 66574 66633 66653 66708 66711 66786 66805 66842 66949 67018 67068 67199 67255 67372 67537 67585 67642 67714 67831 67867 67886 67915 68087 68097 68269 68278 68450 68489 68520 68546 68687 68690 68901 68979 69145 69183 69303 69530 69707 69827 69853 69920 69984 70036 70182 70208 70336 70373 70556
disposed FR941206-1-00134 5 65944 66212 66272 66687 68559
after FR941206-1-00134 4 65953 67268 68313 69619
these FR941206-1-00134 3 65963 70067 70532
sections FR941206-1-00134 5 65964 67037 68523 69889 70162
regulation FR941206-1-00134 4 65967 67431 69918 70072
do FR941206-1-00134 2 65968 68630
however FR941206-1-00134 6 65971 67404 68602 69886 70042 70552
indicate FR941206-1-00134 3 65973 68268 70138
require FR941206-1-00134 2 66014 69804
no FR941206-1-00134 17 66033 66406 66527 66924 67129 67262 67541 68308 68367 69953 70615 70688 70740 70783 70817 70846 70879
later FR941206-1-00134 4 66034 67263 68309 68368
30 FR941206-1-00134 3 66036 66105 68311
discovery FR941206-1-00134 1 66040
passage FR941206-1-00134 1 66043
regulatory FR941206-1-00134 5 66046 66572 69391 69597 70144
deadlines FR941206-1-00134 1 66047
solicits FR941206-1-00134 3 66050 68053 70110
comments FR941206-1-00134 13 66051 66758 67450 68054 68385 69572 70111 70153 70196 70219 70255 70280 70299
appropriateness FR941206-1-00134 2 66054 68388
proposed FR941206-1-00134 11 66057 66515 66761 67454 67935 69565 70126 70143 70493 70912 71273
30day FR941206-1-00134 1 66058
period FR941206-1-00134 2 66059 70319
c. FR941206-1-00134 1 66061
timing FR941206-1-00134 3 66062 67303 67317
submission FR941206-1-00134 4 66064 67214 68142 70233
section FR941206-1-00134 13 66070 66123 66424 66451 67361 68172 68407 68441 68521 69622 70160 70467 71012
761.218 FR941206-1-00134 1 66071
requires FR941206-1-00134 4 66075 67017 68449 68900
be FR941206-1-00134 40 66084 66186 66211 66235 66250 66326 66669 66686 66724 66911 66951 66964 67258 67374 67540 67880 67888 67940 68018 68091 68101 68105 68363 68500 68618 68814 68847 69267 69305 69319 69370 69966 70135 70171 70198 70251 70285 70305 70343 70377
sent FR941206-1-00134 4 66085 68990 69090 69185
accompanied FR941206-1-00134 2 66094 70252
shipment FR941206-1-00134 5 66096 66266 66297 66312 68928
identified FR941206-1-00134 3 66116 67588 67798
completed FR941206-1-00134 2 66121 67342
one FR941206-1-00134 4 66133 66294 66775 70188
occasions FR941206-1-00134 1 66136
should FR941206-1-00134 4 66143 68616 68727 70170
dorfsfd FR941206-1-00134 4 66176 66188 66284 66391
wishes FR941206-1-00134 3 66180 67065 67131
clarify FR941206-1-00134 4 66182 67067 68728 69577
there FR941206-1-00134 11 66184 66233 66247 66303 66525 66806 67236 67538 68220 69883 70039
may FR941206-1-00134 6 66185 66234 66289 66325 68017 70342
different FR941206-1-00134 9 66187 66191 66236 66240 66251 66256 66305 66321 69593
dates FR941206-1-00134 3 66189 66238 66258
individual FR941206-1-00134 9 66192 69823 69900 69999 70030 70060 70099 70731 71182
any FR941206-1-00134 14 66195 66545 66850 67003 67570 67794 67904 68095 68126 69324 70244 70369 70437 70554
given FR941206-1-00134 1 66196
this FR941206-1-00134 33 66199 66324 66423 66557 66700 66914 66962 67200 67227 67534 68141 68406 68413 68672 68726 68805 68842 69080 69481 69509 69610 69692 69726 69862 69982 70119 70125 70139 70347 70492 70514 70525 70564
means FR941206-1-00134 4 66200 69152 69868 69898
some FR941206-1-00134 2 66202 66808
listed FR941206-1-00134 3 66204 66267 67622
will FR941206-1-00134 12 66208 66248 66332 67215 69696 69713 69729 70088 70134 70197 70284 70441
need FR941206-1-00134 5 66209 69575 69611 69848 70238
earlier FR941206-1-00134 1 66214
others FR941206-1-00134 1 66216
meet FR941206-1-00134 1 66218
1year FR941206-1-00134 2 66220 66276
time FR941206-1-00134 7 66221 66327 66613 68037 68157 69081 70231
limit FR941206-1-00134 1 66222
storage FR941206-1-00134 32 66224 67280 67313 67333 67469 67486 67564 67660 67685 67893 67930 68024 68170 68184 68197 68226 68275 68461 68802 68839 69333 69659 69705 69722 69744 69749 69808 69838 69878 69926 70031 71047
due FR941206-1-00134 1 66228
fact FR941206-1-00134 1 66231
same FR941206-1-00134 1 66244
cds FR941206-1-00134 1 66252
associated FR941206-1-00134 3 66253 67304 70370
those FR941206-1-00134 6 66255 67088 67152 68130 68391 68744
unless FR941206-1-00134 2 66260 70204
course FR941206-1-00134 2 66262 67801
entire FR941206-1-00134 1 66265
before FR941206-1-00134 4 66274 67748 67942 67994
anniversary FR941206-1-00134 1 66277
item FR941206-1-00134 3 66280 66384 66403
earliest FR941206-1-00134 1 66283
either FR941206-1-00134 4 66290 66596 67325 67603
per FR941206-1-00134 2 66296 68587
based FR941206-1-00134 5 66298 66400 66429 67204 68701
whether FR941206-1-00134 6 66300 66436 66816 68056 68714 69287
are FR941206-1-00134 19 66304 66443 67170 68221 68538 68547 68947 68988 68996 69184 69194 69243 69348 69357 69752 69884 70040 70220 70503
dorfsfds FR941206-1-00134 2 66306 66322
in FR941206-1-00134 83 66310 66435 66619 66637 66646 66689 66726 66733 66810 66853 67006 67034 67112 67134 67190 67207 67240 67376 67543 67589 67598 67623 67655 67783 67848 67857 67961 68019 68135 68348 68365 68412 68476 68826 69213 69244 69295 69351 69380 69387 69486 69489 69502 69505 69512 69562 69592 69626 69639 69676 69683 69756 69774 69820 69861 69981 70004 70010 70048 70070 70141 70147 70200 70261 70287 70405 70461 70508 70523 70540 70642 70674 70682 70723 70767 70811 70873 70966 71088 71096 71127 71174 71269
attach FR941206-1-00134 1 66314
continuation FR941206-1-00134 1 66316
sheet FR941206-1-00134 1 66317
reflect FR941206-1-00134 2 66319 67151
consuming FR941206-1-00134 1 66328
initially FR941206-1-00134 1 66329
but FR941206-1-00134 9 66331 66465 67128 67169 67635 68335 69284 69996 70350
ensure FR941206-1-00134 1 66333
receives FR941206-1-00134 1 66337
proper FR941206-1-00134 1 66339
identifies FR941206-1-00134 1 66342
specific FR941206-1-00134 1 66344
noting FR941206-1-00134 1 66348
's FR941206-1-00134 13 66351 66641 66706 66803 67186 67243 68693 68730 68976 69158 69564 69801 70093
identifying FR941206-1-00134 1 66352
number FR941206-1-00134 11 66353 66831 66835 66873 66895 66948 67048 67056 69718 69728 69836
if FR941206-1-00134 12 66355 66455 66672 66728 66913 67488 67820 67912 67984 68066 68555 70154
assigned FR941206-1-00134 1 66356
close FR941206-1-00134 2 66359 70315
loop FR941206-1-00134 1 66362
generated FR941206-1-00134 4 66365 68548 68572 68721
wants FR941206-1-00134 2 66369 67109
make FR941206-1-00134 4 66371 66576 66769 70442
clear FR941206-1-00134 4 66372 66771 69302 69980
appropriate FR941206-1-00134 3 66377 70115 70191
base FR941206-1-00134 1 66379
latest FR941206-1-00134 1 66390
correspondingly FR941206-1-00134 1 66394
send FR941206-1-00134 1 66397
d. FR941206-1-00134 1 66405
< FR941206-1-00134 1 66410
50 FR941206-1-00134 12 66411 66461 66474 66501 66511 66534 66665 66677 66790 68985 69166 69270
ppm FR941206-1-00134 13 66412 66462 66475 66502 66512 66535 66555 66666 66678 66791 68986 69167 69271
spills FR941206-1-00134 4 66413 66542 66551 66632
proposes FR941206-1-00134 1 66415
761.207 FR941206-1-00134 5 66418 66518 66764 68905 69004
j FR941206-1-00134 5 66420 66520 66766 67294 69434
describes FR941206-1-00134 2 66425 67369
what FR941206-1-00134 1 66426
wastes FR941206-1-00134 2 66427 69014
concentration FR941206-1-00134 8 66432 66546 69096 69159 69193 69256 69259 69283
factoring FR941206-1-00134 1 66434
dilution FR941206-1-00134 1 66439
occurred FR941206-1-00134 1 66441
subject FR941206-1-00134 8 66444 66481 66578 66600 68998 69201 69709 70300
manifesting FR941206-1-00134 9 66447 66484 68887 68942 69001 69036 69631 70838 71312
requirements FR941206-1-00134 17 66448 66487 66582 66604 67934 68392 68540 68589 68607 68943 69002 69010 69037 69102 69205 69309 70465
now FR941206-1-00134 2 66452 67108
states FR941206-1-00134 3 66453 69180 69919
contains FR941206-1-00134 2 66458 70409
less FR941206-1-00134 4 66459 66499 66552 66788
comes FR941206-1-00134 1 66466
source FR941206-1-00134 1 66469
contained FR941206-1-00134 2 66471 66674
greater FR941206-1-00134 6 66472 66509 66675 69268 69487 69503
cited FR941206-1-00134 1 66489
an FR941206-1-00134 20 66491 66839 66870 67045 67054 67722 68144 68247 68465 68582 68666 68697 68792 69032 69109 69214 69899 69934 69998 70098
example FR941206-1-00134 4 66492 67953 68069 68230
spill FR941206-1-00134 7 66495 66505 66617 66642 66720 66738 71238
cleanup FR941206-1-00134 4 66496 66643 66739 71239
material FR941206-1-00134 11 66497 66507 66531 66564 66594 66629 66650 66710 66730 66785 68710
containing FR941206-1-00134 7 66498 66508 66651 68981 69346 69474 70224
involved FR941206-1-00134 1 66506
amendment FR941206-1-00134 2 66516 66762
at FR941206-1-00134 19 66517 66611 66990 67434 67688 68035 68397 68590 68653 68722 68983 69017 69079 69431 69539 69907 69968 70229 70984
would FR941206-1-00134 30 66522 66575 66667 66910 66922 66963 67320 67474 67535 67539 67614 67719 67761 67789 67804 67878 67887 67897 67937 67944 68088 68104 68149 68360 68577 68688 68846 69369 69531 69818
specify FR941206-1-00134 1 66523
requirement FR941206-1-00134 7 66529 66624 67228 67924 68211 68663 69654
below FR941206-1-00134 5 66533 66570 66597 66664 69971
derives FR941206-1-00134 1 66537
pre- FR941206-1-00134 2 66539 66549
500 FR941206-1-00134 1 66554
because FR941206-1-00134 4 66559 68026 68628 70235
`` FR941206-1-00134 55 66565 66821 66876 66994 67001 67771 67956 67966 67996 68009 68014 68058 68145 68819 68936 68953 69111 69127 69146 69320 69377 69526 69559 69580 69584 69682 69743 69748 70131 70176 70384 70388 70601 70630 70650 70662 70706 70755 70798 70832 70861 70902 70928 70955 70989 71039 71076 71115 71157 71204 71235 71257 71288 71306 71333
found FR941206-1-00134 1 66567
'' FR941206-1-00134 52 66568 66825 66880 66999 67014 67774 67958 67968 67998 68011 68016 68060 68147 68823 68939 68963 69114 69133 69151 69322 69379 69529 69561 69582 69586 69739 69746 69751 70133 70178 70387 70392 70613 70686 70738 70781 70815 70844 70877 70915 70942 70976 71029 71066 71103 71145 71192 71225 71245 71276 71296 71321
threshold FR941206-1-00134 1 66573
subpart FR941206-1-00134 2 66584 66609
spilled FR941206-1-00134 1 66593
part FR941206-1-00134 7 66606 69602 70013 70274 70292 70333 70559
761 FR941206-1-00134 2 66607 70014
addition FR941206-1-00134 6 66620 67858 68349 69296 69513 70148
does FR941206-1-00134 4 66625 66776 66778 67986
apply FR941206-1-00134 4 66627 66866 66943 67321
derived FR941206-1-00134 1 66630
have FR941206-1-00134 15 66634 66780 66923 66979 67616 67762 67791 67938 68030 68089 68098 68299 68361 68579 69933
decontaminated FR941206-1-00134 3 66636 66656 66732
accordance FR941206-1-00134 4 66638 66734 70288 70462
policies FR941206-1-00134 2 66644 66740
other FR941206-1-00134 7 66647 66695 67155 68950 69240 69362 69888
words FR941206-1-00134 1 66648
policy FR941206-1-00134 4 66659 68977 71063 71240
standards FR941206-1-00134 2 66660 67687
level FR941206-1-00134 1 66663
treated FR941206-1-00134 2 66670 70286
purposes FR941206-1-00134 5 66682 68960 69130 69148 70123
municipal FR941206-1-00134 1 66691
landfill FR941206-1-00134 1 66692
nonb FR941206-1-00134 1 66696
methods FR941206-1-00134 2 66698 68995
position FR941206-1-00134 1 66701
consistent FR941206-1-00134 1 66703
regulations FR941206-1-00134 8 66707 66989 68025 68775 69893 70051 70165 70992
permit FR941206-1-00134 2 66709 70991
contaminated FR941206-1-00134 1 66714
result FR941206-1-00134 2 66717 69819
distributed FR941206-1-00134 1 66725
commerce FR941206-1-00134 12 66727 70643 70675 70724 70768 70812 70874 70967 71089 71128 71175 71270
applicable FR941206-1-00134 1 66737
see FR941206-1-00134 2 66743 69221
40 FR941206-1-00134 13 66744 67435 67624 68764 69018 69052 69066 69540 69600 70011 70262 70290 70331
cfr FR941206-1-00134 13 66745 67436 67625 68765 69019 69053 69067 69541 69601 70012 70263 70291 70332
761.20 FR941206-1-00134 1 66746
5 FR941206-1-00134 3 66751 67265 68138
soliciting FR941206-1-00134 4 66757 67449 68384 69571
e. FR941206-1-00134 1 66793
notification FR941206-1-00134 8 66794 68885 69629 69699 69805 70836 71043 71310
transporters FR941206-1-00134 3 66796 67020 68911
come FR941206-1-00134 1 66799
agency FR941206-1-00134 20 66802 66921 67076 67166 67447 67473 68051 68206 68644 68975 69422 69569 69608 69664 69800 69986 70092 70109 70151 70522
attention FR941206-1-00134 1 66804
confusion FR941206-1-00134 1 66809
regulated FR941206-1-00134 3 66812 66857 67010
community FR941206-1-00134 1 66813
subcontractor FR941206-1-00134 2 66818 66883
permanently FR941206-1-00134 3 66822 66877 66956
leased FR941206-1-00134 3 66823 66878 66957
can FR941206-1-00134 1 66826
use FR941206-1-00134 17 66827 67059 68339 69198 69212 70646 70678 70681 70726 70771 70778 70970 71092 71095 71131 71139 71177
identification FR941206-1-00134 5 66830 69717 69727 69824 71210
id FR941206-1-00134 6 66834 66872 66894 66947 67047 67055
issued FR941206-1-00134 1 66837
unrelated FR941206-1-00134 1 66840
company FR941206-1-00134 9 66841 66941 67177 67955 67965 67995 68008 68013 69325
notified FR941206-1-00134 6 66844 67074 67101 67120 68324 68364
since FR941206-1-00134 2 66849 68405
person FR941206-1-00134 2 66851 67004
engaged FR941206-1-00134 3 66852 67005 69350
transportation FR941206-1-00134 2 66855 67008
under FR941206-1-00134 9 66862 67429 68504 69015 69098 69291 69400 69537 69549
current FR941206-1-00134 1 66863
761.205 FR941206-1-00134 4 66864 67016 67040 67247
notify FR941206-1-00134 4 66885 67021 69662 69850
separately FR941206-1-00134 1 66886
separate FR941206-1-00134 1 66890
distinct FR941206-1-00134 1 66892
transport FR941206-1-00134 3 66897 66933 67114
intent FR941206-1-00134 6 66902 66969 68641 68731 69802 70094
n FR941206-1-00134 9 66906 66972 67397 68896 69025 69045 69139 69176 69312
& FR941206-1-00134 9 66907 66973 67398 68897 69026 69046 69140 69177 69313
m FR941206-1-00134 9 66908 66974 67399 68898 69027 69047 69141 69178 69314
rule FR941206-1-00134 28 66909 66975 67400 68780 68899 68934 69028 69048 69142 69179 69315 69566 69632 70127 70611 70648 70913 70940 70974 71027 71101 71143 71190 71218 71243 71274 71294 71319
subverted FR941206-1-00134 1 66912
were FR941206-1-00134 6 66915 67493 67596 67651 67781 68718
case FR941206-1-00134 5 66918 67428 68414 69216 69759
record FR941206-1-00134 19 66925 66981 69794 70203 70278 70312 70460 70490 70515 70562 70578 70599 70628 70660 70704 70753 70796 70830 70859
doing FR941206-1-00134 1 66929
actual FR941206-1-00134 1 66931
physical FR941206-1-00134 2 66932 69733
theoretically FR941206-1-00134 1 66938
master FR941206-1-00134 1 66946
used FR941206-1-00134 6 66952 69591 69753 69875 69923 70136
hundreds FR941206-1-00134 1 66954
operators FR941206-1-00134 1 66958
subcontractors FR941206-1-00134 1 66960
clearly FR941206-1-00134 4 66965 70221 70356 70419
contrary FR941206-1-00134 1 66966
each FR941206-1-00134 9 66983 68451 68486 68927 69702 69720 69807 70248 70401
handler FR941206-1-00134 2 66986 67162
761.3 FR941206-1-00134 4 66991 68654 69381 69520
define FR941206-1-00134 1 66992
... FR941206-1-00134 2 67002 67013
all FR941206-1-00134 10 67019 67489 67619 67777 68737 69779 69870 70195 70298 70337
their FR941206-1-00134 6 67024 68658 68747 69666 69685 69704
handling FR941206-1-00134 5 67027 67081 67179 69331 69669
activities FR941206-1-00134 9 67028 67082 67089 69327 69355 69363 69670 70842 71316
f. FR941206-1-00134 1 67030
renotification FR941206-1-00134 1 67031
changes FR941206-1-00134 4 67033 67153 67183 67206
operations FR941206-1-00134 4 67036 67209 67577 67847
761.202 FR941206-1-00134 1 67038
obtain FR941206-1-00134 2 67044 67052
how FR941206-1-00134 1 67050
such FR941206-1-00134 6 67053 67380 67916 68624 70438 70443
through FR941206-1-00134 1 67057
form FR941206-1-00134 8 67062 67085 67148 67197 67233 69546 69700 71056
771053. FR941206-1-00134 1 67063
previously FR941206-1-00134 2 67073 67797
its FR941206-1-00134 7 67078 67646 67742 67846 68196 68201 68562
using FR941206-1-00134 2 67083 67522
771053 FR941206-1-00134 2 67086 67234
change FR941206-1-00134 5 67090 67239 67270 70140 70186
eg FR941206-1-00134 3 67092 67574 69161
engage FR941206-1-00134 3 67111 67133 67654
longer FR941206-1-00134 1 67130
activity FR941206-1-00134 1 67136
transporting FR941206-1-00134 1 67138
notifier FR941206-1-00134 1 67144
resubmit FR941206-1-00134 1 67146
77103 FR941206-1-00134 1 67149
examples FR941206-1-00134 1 67156
renotify FR941206-1-00134 1 67164
include FR941206-1-00134 4 67167 67297 67618 69031
limited FR941206-1-00134 5 67172 67637 69444 69470 70353
stops FR941206-1-00134 1 67178
location FR941206-1-00134 2 67187 69734
indication FR941206-1-00134 1 67189
cover FR941206-1-00134 1 67192
letter FR941206-1-00134 1 67193
itself FR941206-1-00134 1 67198
resubmission FR941206-1-00134 3 67203 67230 67257
new FR941206-1-00134 14 67213 67246 67291 67558 67600 67612 67766 67826 68059 68113 68282 68304 68421 69426
help FR941206-1-00134 2 67216 69404
facilitate FR941206-1-00134 4 67218 68044 68162 69407
process FR941206-1-00134 3 67220 68165 70671
add FR941206-1-00134 5 67226 68259 68791 69455 69522
status FR941206-1-00134 12 67244 67349 67418 67480 67753 67816 67872 67950 67973 67993 68032 70424
f FR941206-1-00134 3 67249 68400 68768
submitted FR941206-1-00134 3 67259 67556 70306
work FR941206-1-00134 1 67266
made FR941206-1-00134 3 67272 67889 70184
g. FR941206-1-00134 1 67274
transfer FR941206-1-00134 14 67275 67307 67464 67477 67510 67750 67811 67869 67906 67918 67947 67990 68046 68164
ownership FR941206-1-00134 7 67277 67309 67412 67466 67963 68003 68048
facilities FR941206-1-00134 10 67281 67323 67334 67470 67487 68171 68803 69585 69660 71050
761.65 FR941206-1-00134 12 67287 67362 67518 67626 67689 68173 68260 68398 68430 68850 68965 69908
adding FR941206-1-00134 4 67289 68390 68419 68855
paragraph FR941206-1-00134 6 67292 68422 68858 68868 68876 69679
language FR941206-1-00134 3 67298 68396 69625
procedures FR941206-1-00134 3 67301 67319 67407
interim FR941206-1-00134 13 67326 67348 67417 67479 67752 67814 67822 67871 67949 67972 67992 68031 71059
final FR941206-1-00134 22 67328 67420 67482 67531 67563 67755 67818 67874 67884 67928 68779 69023 70939 70973 71026 71100 71142 71189 71217 71242 71293 71318
approval FR941206-1-00134 13 67329 67421 67483 67532 67565 67756 67815 67819 67875 67931 68198 69430 69483
existing FR941206-1-00134 6 67331 68289 68395 68867 69100 69535
had FR941206-1-00134 5 67335 67503 67587 67667 68132
until FR941206-1-00134 3 67336 67352 69206
application FR941206-1-00134 16 67343 67354 67378 67561 67591 67601 67613 67767 67785 67788 67827 67894 68061 68079 68086 68148
operate FR941206-1-00134 4 67351 67423 67975 68034
formally FR941206-1-00134 1 67356
approved FR941206-1-00134 1 67357
denied FR941206-1-00134 1 67359
3 FR941206-1-00134 8 67367 67568 67631 68403 68447 68614 68685 70473
information FR941206-1-00134 8 67371 68542 70213 70225 70374 70444 70518 70544
included FR941206-1-00134 3 67375 67782 70380
closure FR941206-1-00134 12 67383 67386 67394 67515 67579 67703 67711 68110 68202 68218 68415 68798
plan FR941206-1-00134 3 67384 67704 68203
cost FR941206-1-00134 2 67387 67582
estimate FR941206-1-00134 1 67388
financial FR941206-1-00134 13 67391 67512 67544 67708 68107 68215 68251 68283 68290 68305 68752 68794 68844
assurance FR941206-1-00134 11 67392 67513 67545 68108 68216 68252 68284 68291 68306 68753 68795
did FR941206-1-00134 4 67401 68028 69029 69063
criteria FR941206-1-00134 1 67409
transferring FR941206-1-00134 1 67411
implementing FR941206-1-00134 2 67432 68776
rcra FR941206-1-00134 7 67433 68777 68827 69016 69401 69538 70994
270.72 FR941206-1-00134 1 67437
4 FR941206-1-00134 4 67442 68178 70269 70550
procedure FR941206-1-00134 1 67455
way FR941206-1-00134 1 67458
address FR941206-1-00134 1 67460
issue FR941206-1-00134 2 67462 69714
recognize FR941206-1-00134 3 67475 67945 67988
conditions FR941206-1-00134 1 67492
met FR941206-1-00134 2 67494 67941
transferee FR941206-1-00134 6 67500 67555 67609 67833 68072 68153
demonstrated FR941206-1-00134 1 67501
established FR941206-1-00134 2 67504 68300
pursuant FR941206-1-00134 1 67516
g FR941206-1-00134 7 67520 68262 68424 68852 68860 68870 68878
mechanism FR941206-1-00134 9 67524 68253 68285 68292 68307 68754 68796 68806 68845
effective FR941206-1-00134 1 67525
assure FR941206-1-00134 1 67536
lapse FR941206-1-00134 1 67542
complete FR941206-1-00134 3 67560 67772 69210
significant FR941206-1-00134 3 67571 67795 71023
deficiencies FR941206-1-00134 3 67572 67796 68096
technical FR941206-1-00134 1 67576
plans FR941206-1-00134 1 67580
estimates FR941206-1-00134 1 67583
transferor FR941206-1-00134 2 67594 67605
resolved FR941206-1-00134 1 67597
elements FR941206-1-00134 2 67621 67780
including FR941206-1-00134 5 67634 68541 68743 69449 70026
demonstration FR941206-1-00134 3 67641 67706 67713
applicant FR941206-1-00134 3 67644 67678 67740
principal FR941206-1-00134 1 67647
key FR941206-1-00134 3 67649 67745 68118
employees FR941206-1-00134 3 67650 67746 68119
qualified FR941206-1-00134 2 67652 67836
business FR941206-1-00134 4 67657 68127 68821 70212
capacity FR941206-1-00134 1 67669
handle FR941206-1-00134 1 67671
estimated FR941206-1-00134 1 67675
certification FR941206-1-00134 1 67680
compliance FR941206-1-00134 4 67682 67736 67849 68123
and/or FR941206-1-00134 1 67693
7 FR941206-1-00134 4 67698 68370 68863 68873
written FR941206-1-00134 1 67702
responsibility FR941206-1-00134 2 67709 70324
operation FR941206-1-00134 1 67715
present FR941206-1-00134 1 67721
unreasonable FR941206-1-00134 1 67723
risk FR941206-1-00134 1 67724
injury FR941206-1-00134 1 67726
health FR941206-1-00134 1 67728
environment FR941206-1-00134 1 67731
environmental FR941206-1-00134 1 67735
history FR941206-1-00134 2 67737 68124
principals FR941206-1-00134 1 67743
review FR941206-1-00134 5 67764 67823 69292 70242 70571
deem FR941206-1-00134 1 67769
ie FR941206-1-00134 2 67775 70096
correct FR941206-1-00134 1 67793
reserve FR941206-1-00134 2 67805 67899
right FR941206-1-00134 2 67807 67901
deny FR941206-1-00134 2 67809 67903
upon FR941206-1-00134 1 67821
determined FR941206-1-00134 1 67830
unable FR941206-1-00134 2 67839 69371
unwilling FR941206-1-00134 1 67841
achieve FR941206-1-00134 1 67843
maintain FR941206-1-00134 1 67845
tsca FR941206-1-00134 6 67851 69101 70389 70476 70510 70542
rules FR941206-1-00134 2 67855 69552
determination FR941206-1-00134 1 67861
determinative FR941206-1-00134 1 67881
decision FR941206-1-00134 1 67885
regarding FR941206-1-00134 3 67890 69058 69072
subsequent FR941206-1-00134 1 67905
request FR941206-1-00134 2 67907 68189
respecting FR941206-1-00134 1 67908
particular FR941206-1-00134 2 67910 69763
believed FR941206-1-00134 1 67914
undertaken FR941206-1-00134 1 67920
avoid FR941206-1-00134 1 67922
seeking FR941206-1-00134 1 67926
above FR941206-1-00134 1 67936
x FR941206-1-00134 3 67957 67997 68015
interested FR941206-1-00134 1 67960
acquiring FR941206-1-00134 1 67962
y FR941206-1-00134 2 67967 68010
takes FR941206-1-00134 1 67999
legal FR941206-1-00134 2 68000 68040
title FR941206-1-00134 2 68001 68041
violation FR941206-1-00134 1 68020
took FR941206-1-00134 1 68039
entirely FR941206-1-00134 1 68063
necessary FR941206-1-00134 1 68064
contents FR941206-1-00134 1 68075
old FR941206-1-00134 1 68078
only FR941206-1-00134 5 68082 68561 69086 69849 70057
parts FR941206-1-00134 1 68083
amended FR941206-1-00134 2 68092 68146
excluding FR941206-1-00134 1 68094
yet FR941206-1-00134 1 68099
corrected FR941206-1-00134 1 68102
list FR941206-1-00134 3 68114 70483 70530
principles FR941206-1-00134 1 68116
individuals FR941206-1-00134 1 68131
affiliated FR941206-1-00134 2 68134 69358
preceding FR941206-1-00134 1 68137
years FR941206-1-00134 1 68139
save FR941206-1-00134 1 68150
money FR941206-1-00134 1 68159
ultimately FR941206-1-00134 1 68161
h. FR941206-1-00134 1 68167
modifications FR941206-1-00134 3 68168 68222 68410
e FR941206-1-00134 3 68175 69070 70266
discusses FR941206-1-00134 1 68180
modification FR941206-1-00134 4 68194 68272 68330 68376
similar FR941206-1-00134 2 68210 70395
revising FR941206-1-00134 1 68213
where FR941206-1-00134 7 68232 69340 69894 70052 70073 70166 70187
enlarged FR941206-1-00134 1 68236
maximum FR941206-1-00134 1 68239
inventory FR941206-1-00134 1 68240
increases FR941206-1-00134 1 68243
sufficiently FR941206-1-00134 1 68244
warrant FR941206-1-00134 1 68246
increase FR941206-1-00134 1 68248
occurs FR941206-1-00134 1 68277
warrants FR941206-1-00134 1 68279
establishing FR941206-1-00134 1 68280
amending FR941206-1-00134 1 68287
shall FR941206-1-00134 4 68298 68463 69932 69964
activated FR941206-1-00134 1 68302
director FR941206-1-00134 2 68319 68356
cmd FR941206-1-00134 2 68321 68358
completion FR941206-1-00134 2 68327 68373
prior FR941206-1-00134 1 68336
modified FR941206-1-00134 1 68342
portion FR941206-1-00134 1 68343
writing FR941206-1-00134 1 68366
addresses FR941206-1-00134 1 68409
rather FR941206-1-00134 1 68417
i. FR941206-1-00134 1 68432
disposers FR941206-1-00134 3 68436 68647 68738
annual FR941206-1-00134 8 68439 68466 68495 68583 68605 68667 68698 68734
761.180 FR941206-1-00134 5 68442 68524 68591 68609 68680
region FR941206-1-00134 1 68475
located FR941206-1-00134 2 68481 69967
july FR941206-1-00134 1 68483
15 FR941206-1-00134 1 68484
briefly FR941206-1-00134 1 68490
summarizes FR941206-1-00134 1 68491
records FR941206-1-00134 3 68493 70498 70595
document FR941206-1-00134 3 68496 68584 70402
log FR941206-1-00134 2 68497 68585
maintained FR941206-1-00134 1 68501
prepared FR941206-1-00134 1 68503
paragraphs FR941206-1-00134 1 68505
recordkeeping FR941206-1-00134 1 68539
obtained FR941206-1-00134 1 68543
own FR941206-1-00134 3 68563 68659 68748
therefore FR941206-1-00134 2 68567 69859
never FR941206-1-00134 1 68569
still FR941206-1-00134 1 68578
prepare FR941206-1-00134 2 68581 68903
iii FR941206-1-00134 1 68599
misinterpreted FR941206-1-00134 1 68619
applying FR941206-1-00134 1 68622
simply FR941206-1-00134 1 68627
generate FR941206-1-00134 1 68634
exclude FR941206-1-00134 1 68646
defined FR941206-1-00134 1 68652
remedy FR941206-1-00134 1 68671
discrepancy FR941206-1-00134 1 68673
amendments FR941206-1-00134 1 68678
state FR941206-1-00134 1 68689
obligation FR941206-1-00134 1 68694
act FR941206-1-00134 3 68704 70710 71161
disposing FR941206-1-00134 2 68706 68745
necessarily FR941206-1-00134 1 68713
receiving FR941206-1-00134 2 68733 69343
j. FR941206-1-00134 1 68751
nont FR941206-1-00134 1 68756
corporate FR941206-1-00134 2 68757 68810
guarantee FR941206-1-00134 1 68758
reference FR941206-1-00134 1 68763
264.143 FR941206-1-00134 1 68766
10 FR941206-1-00134 3 68771 70044 70068
september FR941206-1-00134 1 68781
16 FR941206-1-00134 1 68782
1992 FR941206-1-00134 1 68784
57 FR941206-1-00134 1 68786
fr FR941206-1-00134 25 68787 69223 69635 70620 70652 70693 70745 70788 70822 70851 70884 70897 70923 70950 70981 71034 71071 71110 71152 71199 71230 71252 71283 71301 71328
42832 FR941206-1-00134 1 68788
additional FR941206-1-00134 2 68793 68843
allows FR941206-1-00134 1 68807
guarantor FR941206-1-00134 1 68811
firm FR941206-1-00134 1 68816
substantial FR941206-1-00134 1 68820
relationship FR941206-1-00134 1 68822
subtitle FR941206-1-00134 1 68828
added FR941206-1-00134 1 68848
redesignating FR941206-1-00134 1 68866
8 FR941206-1-00134 1 68881
k. FR941206-1-00134 1 68884
samples FR941206-1-00134 9 68889 68938 68946 69041 69060 69075 69089 69182 69399
general FR941206-1-00134 1 68892
generators FR941206-1-00134 2 68902 69656
sign FR941206-1-00134 1 68912
761.208 FR941206-1-00134 2 68916 69006
exempts FR941206-1-00134 1 68935
laboratory FR941206-1-00134 7 68937 68958 69059 69093 69112 69188 69378
among FR941206-1-00134 1 68949
things FR941206-1-00134 1 68951
being FR941206-1-00134 3 68954 68989 69125
transported FR941206-1-00134 2 68955 69126
testing FR941206-1-00134 4 68962 69132 69150 69276
i FR941206-1-00134 2 68967 69458
media FR941206-1-00134 4 68980 69262 69345 69473
> FR941206-1-00134 1 68984
validate FR941206-1-00134 1 68992
unlike FR941206-1-00134 1 69008
promulgated FR941206-1-00134 1 69011
hazardous FR941206-1-00134 5 69013 70996 71040 71205 71214
261.4 FR941206-1-00134 3 69020 69054 69068
exemption FR941206-1-00134 5 69033 69084 69395 69464 69499
treatability FR941206-1-00134 8 69039 69073 69105 69235 69261 69397 69450 69527
study FR941206-1-00134 4 69040 69074 69398 69528
while FR941206-1-00134 2 69043 70272
adopted FR941206-1-00134 1 69049
almost FR941206-1-00134 1 69050
verbatim FR941206-1-00134 1 69051
incorporate FR941206-1-00134 1 69065
accordingly FR941206-1-00134 1 69077
applies FR941206-1-00134 1 69085
determine FR941206-1-00134 6 69095 69155 69190 69254 69280 69286
medium FR941206-1-00134 2 69106 69122
exempt FR941206-1-00134 2 69110 69306
sample FR941206-1-00134 2 69113 69157
two FR941206-1-00134 2 69116 69674
reasons FR941206-1-00134 1 69117
first FR941206-1-00134 3 69119 69673 69758
preamble FR941206-1-00134 7 69136 69173 69299 69495 69510 69624 69641
strongly FR941206-1-00134 1 69143
suggests FR941206-1-00134 1 69144
analysis FR941206-1-00134 2 69153 69208
; FR941206-1-00134 29 69165 69755 69904 69942 69952 69962 70607 70636 70668 70711 70717 70728 70761 70835 70867 70934 70961 70998 71003 71010 71018 71082 71121 71162 71168 71179 71209 71263 71309
? FR941206-1-00134 1 69168
implicitly FR941206-1-00134 1 69195
authorized FR941206-1-00134 1 69196
enforcement FR941206-1-00134 1 69215
ended FR941206-1-00134 1 69218
54 FR941206-1-00134 5 69222 69634 70850 71282 71300
52716 FR941206-1-00134 2 69224 69636
52719 FR941206-1-00134 1 69226
unit FR941206-1-00134 11 69228 69490 69506 69771 69809 69901 70002 70061 70100 70132 70177
iiid FR941206-1-00134 1 69229
studies FR941206-1-00134 2 69236 69451
hand FR941206-1-00134 1 69241
essence FR941206-1-00134 1 69245
smallscale FR941206-1-00134 1 69246
experiments FR941206-1-00134 1 69248
efforts FR941206-1-00134 1 69251
solely FR941206-1-00134 1 69252
already FR941206-1-00134 1 69264
known FR941206-1-00134 1 69265
purpose FR941206-1-00134 1 69274
method FR941206-1-00134 1 69290
works FR941206-1-00134 1 69293
makes FR941206-1-00134 1 69300
laboratories FR941206-1-00134 1 69317
independent FR941206-1-00134 1 69321
whose FR941206-1-00134 3 69326 69361 70086
involve FR941206-1-00134 2 69328 69365
treatment FR941206-1-00134 5 69335 69352 69415 69543 71045
entities FR941206-1-00134 1 69342
themselves FR941206-1-00134 1 69349
companies FR941206-1-00134 1 69360
satisfy FR941206-1-00134 1 69373
definition FR941206-1-00134 4 69375 69524 69536 70087
definitions FR941206-1-00134 1 69385
order FR941206-1-00134 1 69388
promote FR941206-1-00134 2 69390 69405
uniformity FR941206-1-00134 1 69392
research FR941206-1-00134 3 69408 69437 69477
development FR941206-1-00134 3 69410 69439 69479
into FR941206-1-00134 1 69411
alternate FR941206-1-00134 1 69412
technologies FR941206-1-00134 1 69416
selfimplementing FR941206-1-00134 1 69427
761.60 FR941206-1-00134 1 69432
quantities FR941206-1-00134 2 69445 69471
761.80 FR941206-1-00134 1 69456
create FR941206-1-00134 1 69461
class FR941206-1-00134 5 69463 69498 69693 70733 71184
processors FR941206-1-00134 1 69466
distributors FR941206-1-00134 1 69468
explained FR941206-1-00134 2 69485 69501
detail FR941206-1-00134 2 69488 69504
iid3.j FR941206-1-00134 1 69491
iiij FR941206-1-00134 1 69507
essentially FR941206-1-00134 1 69532
mirror FR941206-1-00134 1 69533
260.10. FR941206-1-00134 1 69542
l. FR941206-1-00134 1 69554
term FR941206-1-00134 13 69558 69589 69617 69866 69896 70017 70054 70080 70085 70116 70130 70168 70175
today FR941206-1-00134 1 69563
terms FR941206-1-00134 2 69579 69742
contexts FR941206-1-00134 1 69594
throughout FR941206-1-00134 1 69595
text FR941206-1-00134 2 69598 70145
761. FR941206-1-00134 1 69603
impetus FR941206-1-00134 1 69605
raising FR941206-1-00134 1 69609
arose FR941206-1-00134 1 69618
reviewing FR941206-1-00134 1 69620
page FR941206-1-00134 1 69643
52722 FR941206-1-00134 1 69644
column FR941206-1-00134 1 69646
discussion FR941206-1-00134 1 69650
focusses FR941206-1-00134 1 69651
onsite FR941206-1-00134 1 69658
sentences FR941206-1-00134 1 69675
last FR941206-1-00134 1 69678
read FR941206-1-00134 1 69680
submitting FR941206-1-00134 1 69684
notifications FR941206-1-00134 1 69686
members FR941206-1-00134 1 69690
generator/storer FR941206-1-00134 1 69695
areas FR941206-1-00134 2 69706 69839
761.65. FR941206-1-00134 1 69711
unique FR941206-1-00134 1 69716
notifying FR941206-1-00134 1 69721
correspond FR941206-1-00134 1 69730
here FR941206-1-00134 2 69740 69916
area FR941206-1-00134 1 69745
interchangeably FR941206-1-00134 1 69754
mean FR941206-1-00134 1 69761
building FR941206-1-00134 2 69764 70105
structure FR941206-1-00134 5 69766 69903 70000 70063 70102
cell FR941206-1-00134 1 69768
second FR941206-1-00134 1 69776
instance FR941206-1-00134 3 69777 69863 69983
structures FR941206-1-00134 3 69780 69874 70028
contiguous FR941206-1-00134 6 69782 69812 69854 69871 69992 70022
land FR941206-1-00134 2 69783 69872
specified FR941206-1-00134 1 69785
piece FR941206-1-00134 6 69786 69813 69844 69855 69993 70023
property FR941206-1-00134 8 69788 69815 69828 69846 69857 69995 70025 70037
matter FR941206-1-00134 2 69792 70183
multiple FR941206-1-00134 1 69821
numbers FR941206-1-00134 1 69825
regardless FR941206-1-00134 1 69833
units FR941206-1-00134 2 69841 70034
once FR941206-1-00134 1 69851
most FR941206-1-00134 2 69905 70114
notably FR941206-1-00134 1 69906
adequate FR941206-1-00134 1 69935
roof FR941206-1-00134 1 69936
walls FR941206-1-00134 1 69938
floor FR941206-1-00134 2 69941 69954
continuous FR941206-1-00134 1 69943
curbing FR941206-1-00134 1 69944
minimum FR941206-1-00134 1 69947
6 FR941206-1-00134 1 69948
inch FR941206-1-00134 1 69949
high FR941206-1-00134 1 69950
curb FR941206-1-00134 1 69951
drains FR941206-1-00134 1 69955
expansions FR941206-1-00134 1 69957
joints FR941206-1-00134 1 69958
etc FR941206-1-00134 1 69960
site FR941206-1-00134 1 69970
100year FR941206-1-00134 1 69973
flood FR941206-1-00134 1 69974
water FR941206-1-00134 1 69975
elevation FR941206-1-00134 1 69976
referring FR941206-1-00134 1 69989
vast FR941206-1-00134 1 70006
majority FR941206-1-00134 1 70007
cases FR941206-1-00134 1 70009
refers FR941206-1-00134 2 70019 70056
so FR941206-1-00134 2 70046 70335
citations FR941206-1-00134 1 70047
places FR941206-1-00134 1 70069
delete FR941206-1-00134 1 70078
insert FR941206-1-00134 1 70083
best FR941206-1-00134 1 70089
represent FR941206-1-00134 1 70090
convey FR941206-1-00134 1 70118
meaning FR941206-1-00134 1 70120
welcomes FR941206-1-00134 1 70152
inadvertently FR941206-1-00134 1 70157
omitted FR941206-1-00134 1 70158
deleted FR941206-1-00134 1 70172
inserted FR941206-1-00134 1 70179
v. FR941206-1-00134 1 70193
confidentiality FR941206-1-00134 1 70194
placed FR941206-1-00134 1 70199
public FR941206-1-00134 7 70202 70277 70311 70448 70511 70570 70574
commenter FR941206-1-00134 2 70206 70327
claims FR941206-1-00134 3 70207 70246 70303
contain FR941206-1-00134 1 70210
confidential FR941206-1-00134 4 70211 70341 70385 70423
cbi FR941206-1-00134 10 70215 70228 70245 70283 70302 70378 70390 70412 70555 70582
labeled FR941206-1-00134 1 70222
claimed FR941206-1-00134 6 70226 70281 70339 70375 70411 70422
expedite FR941206-1-00134 1 70240
claim FR941206-1-00134 3 70249 70258 70439
detailed FR941206-1-00134 1 70254
substantiating FR941206-1-00134 1 70256
described FR941206-1-00134 1 70260
2.204 FR941206-1-00134 1 70264
2. FR941206-1-00134 3 70293 70625 70919
sanitized FR941206-1-00134 1 70295
version FR941206-1-00134 2 70296 70575
comment FR941206-1-00134 4 70318 70363 70407 70430
comply FR941206-1-00134 1 70329
materials FR941206-1-00134 2 70338 70533
properly FR941206-1-00134 1 70344
protected FR941206-1-00134 1 70345
includes FR941206-1-00134 2 70348 70516
indicating FR941206-1-00134 1 70357
face FR941206-1-00134 3 70360 70399 70427
well FR941206-1-00134 1 70366
correspondence FR941206-1-00134 1 70371
marking FR941206-1-00134 3 70383 70610 70937
designation FR941206-1-00134 1 70396
attachment FR941206-1-00134 2 70404 70432
considers FR941206-1-00134 1 70415
failure FR941206-1-00134 1 70417
identify FR941206-1-00134 1 70420
waiver FR941206-1-00134 1 70435
available FR941206-1-00134 4 70445 70535 70568 70588
without FR941206-1-00134 1 70449
further FR941206-1-00134 1 70450
notice FR941206-1-00134 3 70451 71052 71061
commentor FR941206-1-00134 1 70454
vi FR941206-1-00134 1 70456
official FR941206-1-00134 10 70458 70497 70597 70626 70658 70702 70751 70794 70828 70857
rulemaking FR941206-1-00134 13 70459 70494 70565 70594 70598 70627 70659 70703 70752 70795 70829 70858 71222
19 FR941206-1-00134 1 70468
issuing FR941206-1-00134 1 70480
documents FR941206-1-00134 1 70485
constitutes FR941206-1-00134 1 70488
previous FR941206-1-00134 2 70500 70593
rulemakings FR941206-1-00134 1 70502
incorporated FR941206-1-00134 1 70504
exist FR941206-1-00134 1 70507
docket FR941206-1-00134 8 70512 70614 70687 70739 70782 70816 70845 70878
basic FR941206-1-00134 1 70517
considered FR941206-1-00134 1 70519
developing FR941206-1-00134 1 70524
proposal FR941206-1-00134 1 70526
full FR941206-1-00134 1 70529
inspection FR941206-1-00134 2 70537 70590
copying FR941206-1-00134 1 70539
nonconfidential FR941206-1-00134 1 70543
center FR941206-1-00134 1 70545
12 FR941206-1-00134 1 70547
noon FR941206-1-00134 1 70548
pm FR941206-1-00134 1 70551
excluded FR941206-1-00134 1 70585
a. FR941206-1-00134 1 70592
1. FR941206-1-00134 2 70596 70893
polychlorinated FR941206-1-00134 17 70602 70631 70663 70712 70756 70799 70833 70862 70903 70929 70956 71077 71116 71163 71236 71258 71307
biphenyls FR941206-1-00134 17 70603 70632 70664 70713 70757 70800 70834 70863 70904 70930 70957 71078 71117 71164 71237 71259 71308
opts68005 FR941206-1-00134 1 70617
43 FR941206-1-00134 2 70619 70922
7150 FR941206-1-00134 2 70621 70924
manufacturing FR941206-1-00134 11 70637 70669 70718 70762 70805 70868 70962 71083 71122 71169 71264
processing FR941206-1-00134 10 70639 70720 70764 70807 70870 70963 71085 71124 71171 71266
distribution FR941206-1-00134 11 70641 70673 70722 70766 70810 70872 70965 71087 71126 71173 71268
prohibitions FR941206-1-00134 8 70647 70679 70727 70772 70971 71093 71132 71178
44 FR941206-1-00134 2 70651 70949
31514 FR941206-1-00134 2 70653 70951
3. FR941206-1-00134 2 70657 70946
electrical FR941206-1-00134 2 70683 71097
equipment FR941206-1-00134 2 70684 71098
opts62015 FR941206-1-00134 1 70690
47 FR941206-1-00134 2 70692 71070
37342 FR941206-1-00134 2 70694 71072
august FR941206-1-00134 1 70696
25 FR941206-1-00134 1 70697
1982 FR941206-1-00134 1 70699
4. FR941206-1-00134 2 70701 70977
toxic FR941206-1-00134 3 70707 70908 71158
substances FR941206-1-00134 4 70708 70909 71041 71159
control FR941206-1-00134 4 70709 70910 71002 71160
response FR941206-1-00134 2 70729 71180
petitions FR941206-1-00134 2 70734 71185
exemptions FR941206-1-00134 7 70736 70776 70813 70875 71136 71187 71271
opts66008a FR941206-1-00134 2 70742 71193
49 FR941206-1-00134 5 70744 70787 71109 71151 71198
28154 FR941206-1-00134 2 70746 71153
5. FR941206-1-00134 2 70750 71030
exclusions FR941206-1-00134 2 70774 71134
authorizations FR941206-1-00134 2 70779 71140
opts62032a FR941206-1-00134 1 70785
28172 FR941206-1-00134 2 70789 71111
6. FR941206-1-00134 2 70793 71067
opts66008f FR941206-1-00134 2 70819 71277
53 FR941206-1-00134 2 70821 71251
32326 FR941206-1-00134 2 70823 71253
7. FR941206-1-00134 2 70827 71106
opts62059b FR941206-1-00134 1 70848
52176 FR941206-1-00134 2 70852 71302
8. FR941206-1-00134 2 70856 71148
opts66008g FR941206-1-00134 1 70881
55 FR941206-1-00134 2 70883 71327
21023 FR941206-1-00134 1 70885
b. FR941206-1-00134 1 70889
federal FR941206-1-00134 1 70890
register FR941206-1-00134 1 70891
notices FR941206-1-00134 1 70892
usepa FR941206-1-00134 14 70894 70920 70947 70978 71031 71068 71107 71149 71196 71227 71249 71280 71298 71325
42 FR941206-1-00134 1 70896
26564 FR941206-1-00134 1 70898
ots FR941206-1-00134 2 70916 70943
68005 FR941206-1-00134 2 70917 70944
33290 FR941206-1-00134 1 70982
33325 FR941206-1-00134 1 70985
consolidated FR941206-1-00134 1 70990
sdwa FR941206-1-00134 1 70999
underground FR941206-1-00134 1 71000
injection FR941206-1-00134 1 71001
cwa FR941206-1-00134 2 71004 71011
national FR941206-1-00134 2 71005 71334
pollutant FR941206-1-00134 1 71006
discharge FR941206-1-00134 1 71007
elimination FR941206-1-00134 1 71008
system FR941206-1-00134 2 71009 71208
404 FR941206-1-00134 1 71013
dredge FR941206-1-00134 1 71014
fill FR941206-1-00134 1 71016
programs FR941206-1-00134 1 71017
caa FR941206-1-00134 1 71020
prevention FR941206-1-00134 1 71021
deterioration FR941206-1-00134 1 71024
46 FR941206-1-00134 1 71033
22144 FR941206-1-00134 1 71035
availability FR941206-1-00134 1 71054
89001 FR941206-1-00134 1 71057
interpretative FR941206-1-00134 1 71060
statement FR941206-1-00134 1 71064
opts62115 FR941206-1-00134 1 71104
opts62032 FR941206-1-00134 1 71146
9. FR941206-1-00134 1 71195
44978 FR941206-1-00134 1 71200
management FR941206-1-00134 1 71207
listing FR941206-1-00134 1 71212
denial FR941206-1-00134 1 71220
petition FR941206-1-00134 1 71223
10. FR941206-1-00134 1 71226
52 FR941206-1-00134 1 71229
10688 FR941206-1-00134 1 71231
opts62051 FR941206-1-00134 1 71246
11. FR941206-1-00134 1 71248
12. FR941206-1-00134 1 71279
22524 FR941206-1-00134 1 71284
reportable FR941206-1-00134 1 71289
quantity FR941206-1-00134 1 71290
adjustment_radionuclides FR941206-1-00134 1 71291
13. FR941206-1-00134 1 71297
opts62059 FR941206-1-00134 1 71322
14. FR941206-1-00134 1 71324
8666 FR941206-1-00134 1 71329
oil FR941206-1-00134 1 71335
