in FR941206-1-00134 99 110014 110077 110113 110264 110369 110383 110443 110483 110508 110516 110527 110610 110613 110624 110642 110705 110737 110763 110817 110821 110857 110888 110924 110941 110990 111029 111044 111127 111185 111245 111262 111695 111766 111798 111923 111938 111976 112266 112292 112370 112442 112470 112509 112605 112666 112845 112859 112981 112989 113088 113146 113173 113213 113216 113379 113391 113414 113417 113440 113460 113498 113535 113664 113761 113801 113935 113955 113996 114043 114116 114379 114428 114471 114556 114575 114754 114797 114875 114978 115005 115013 115055 115070 115110 115155 115238 115247 115288 115302 115449 115554 115592 115663 115671 115719 115858 115932 115947 115956
place FR941206-1-00134 6 110015 110818 110858 111791 114627 114979
or FR941206-1-00134 79 110016 110032 110041 110181 110193 110207 110225 110231 110255 110277 110334 110355 110364 110426 110456 110468 110514 110525 110553 110581 110640 110669 111091 111641 111762 111775 111900 111926 111941 111949 112175 112196 112595 112620 112939 113010 113254 113423 113469 113473 113501 113519 113568 113614 113619 113677 113688 113710 113731 113741 113753 113787 113803 113812 113862 113905 113938 113958 114049 114103 114107 114205 114215 114228 114255 114280 114697 114757 114831 114838 114870 114878 114898 115019 115030 115496 115638 115748 115781
disposed FR941206-1-00134 1 110017
of FR941206-1-00134 264 110018 110043 110066 110176 110188 110198 110205 110212 110221 110249 110252 110271 110274 110292 110309 110312 110315 110322 110331 110352 110361 110372 110386 110423 110458 110510 110536 110572 110579 110586 110593 110665 110676 110686 110695 110712 110722 110732 110742 110753 110770 110780 110787 110803 110812 110843 110851 110871 110878 110926 110930 110936 110956 110959 110992 110995 111024 111040 111071 111139 111141 111147 111156 111162 111169 111183 111276 111309 111312 111331 111337 111345 111349 111352 111355 111368 111378 111398 111428 111432 111469 111475 111580 111586 111596 111611 111628 111635 111650 111658 111704 111731 111759 111786 111794 111826 111840 111847 111874 111907 111915 111935 111955 111958 111997 112009 112052 112134 112144 112172 112214 112232 112262 112274 112289 112298 112328 112337 112377 112427 112440 112478 112488 112516 112533 112584 112614 112632 112642 112662 112673 112726 112737 112754 112775 112793 112796 112805 112831 112839 112871 112873 112877 112892 112921 112937 112943 112956 112971 112992 112997 113000 113013 113032 113043 113071 113074 113096 113140 113143 113158 113196 113218 113227 113259 113318 113322 113347 113452 113479 113483 113492 113549 113556 113588 113609 113650 113726 113794 113810 113876 113887 113901 113910 113924 113952 113963 114003 114024 114034 114071 114100 114138 114171 114221 114226 114230 114240 114248 114266 114273 114303 114314 114333 114372 114385 114414 114474 114504 114534 114538 114552 114559 114608 114639 114649 114659 114708 114711 114764 114776 114791 114800 114813 114823 114884 114895 114925 114930 114946 114954 114962 114998 115008 115021 115027 115045 115058 115073 115139 115161 115197 115240 115333 115374 115433 115455 115492 115531 115545 115556 115564 115585 115590 115623 115634 115653 115665 115673 115721 115744 115777 115852 115883
offsite FR941206-1-00134 1 110019
according FR941206-1-00134 1 110020
to FR941206-1-00134 102 110021 110037 110098 110245 110403 110490 110530 110558 110814 110839 110854 110860 110917 110920 110983 110986 111179 111194 111283 111289 111306 111328 111599 111617 111667 111691 111708 111756 111860 111869 111877 111961 112177 112211 112353 112624 112703 112865 113028 113047 113128 113207 113265 113313 113363 113386 113400 113488 113507 113636 113722 113773 113966 114060 114090 114096 114113 114127 114159 114218 114235 114243 114300 114318 114358 114396 114440 114454 114486 114501 114519 114530 114542 114570 114583 114611 114667 114694 114720 114767 114816 114850 114892 114907 114972 114976 114985 115024 115181 115199 115253 115258 115309 115326 115475 115494 115636 115746 115765 115779 115848 115904
761.60 FR941206-1-00134 3 110022 110822 111010
( FR941206-1-00134 115 110023 110026 110209 110345 110393 110418 110583 110606 110823 110826 110829 110832 110955 111011 111066 111086 111097 111116 111492 111499 111516 111522 111528 111544 111550 111556 111562 111569 111574 111712 111745 111897 111918 111925 111940 112100 112110 112140 112192 112333 112385 112429 112580 112722 112883 113009 113038 113135 113472 113513 113541 113560 113639 113718 113730 113767 113873 113884 113927 113937 113957 114263 114522 114564 114746 114756 114793 114825 114861 114877 114927 114948 115123 115136 115145 115172 115216 115219 115222 115243 115369 115401 115408 115415 115419 115430 115439 115466 115528 115537 115576 115579 115582 115604 115607 115610 115644 115647 115650 115688 115691 115694 115738 115756 115794 115798 115801 115804 115807 115810 115839 115842 115861 115864 115868
b FR941206-1-00134 7 110024 110824 110833 115223 115611 115695 115805
) FR941206-1-00134 114 110025 110028 110211 110348 110408 110429 110585 110609 110825 110828 110831 110834 110964 111013 111088 111090 111118 111120 111494 111501 111518 111524 111530 111546 111552 111558 111564 111571 111576 111715 111747 111905 111922 111928 111943 112103 112113 112147 112195 112340 112387 112434 112586 112729 112887 113016 113046 113137 113475 113523 113544 113571 113646 113720 113737 113772 113879 113890 113934 113940 113960 114265 114589 114749 114759 114795 114827 114863 114880 114929 114950 115125 115138 115147 115174 115218 115221 115224 115245 115371 115403 115410 115417 115423 115432 115441 115468 115530 115539 115578 115581 115584 115606 115609 115612 115646 115649 115652 115690 115693 115696 115740 115758 115800 115803 115806 115809 115812 115813 115841 115844 115863 115866 115870
5 FR941206-1-00134 8 110027 110827 111151 112007 112011 112555 112566 112593
. FR941206-1-00134 191 110029 110047 110063 110093 110106 110159 110215 110227 110266 110283 110325 110375 110437 110461 110497 110569 110589 110612 110644 110660 110690 110739 110748 110800 110809 110847 110874 110900 110932 110968 110997 111008 111020 111103 111121 111129 111150 111188 111200 111232 111272 111301 111316 111341 111373 111404 111422 111441 111465 111480 111502 111531 111577 111614 111655 111677 111729 111749 111764 111815 111833 111854 111880 111910 111929 111964 111981 111989 112006 112023 112037 112049 112084 112118 112159 112180 112202 112237 112269 112295 112341 112363 112395 112409 112445 112457 112480 112518 112557 112587 112634 112675 112689 112742 112766 112809 112853 112902 112979 113020 113055 113092 113118 113160 113180 113229 113243 113275 113278 113342 113395 113425 113476 113525 113546 113578 113653 113682 113703 113745 113789 113805 113823 113834 113854 113918 113941 113969 113989 114012 114052 114063 114077 114131 114175 114187 114211 114251 114306 114329 114344 114377 114401 114427 114461 114480 114507 114563 114588 114590 114620 114642 114684 114704 114779 114803 114828 114856 114901 114912 114933 114957 114980 115011 115076 115080 115126 115131 115169 115204 115246 115270 115285 115313 115355 115381 115424 115463 115499 115520 115572 115641 115685 115723 115793 115814 115836 115871 115890 115916 115961
1.2 FR941206-1-00134 2 110030 113343
pipe FR941206-1-00134 56 110031 110033 110040 110046 110179 110182 110191 110194 110200 110206 110213 110223 110226 110230 110233 110241 110254 110256 110276 110278 110294 110317 110333 110335 110354 110356 110363 110365 110425 110427 110467 110469 110501 110524 110538 110551 110554 110574 110580 110587 110596 110646 110666 110696 110754 110813 110853 110873 110879 110916 110931 110937 110982 110996 111158 111282
segments FR941206-1-00134 20 110034 110042 110214 110588 110597 110600 110636 110647 110671 110700 110727 110736 110744 110758 110805 110994 111244 114031 114037 114041
always FR941206-1-00134 1 110035
refers FR941206-1-00134 1 110036
natural FR941206-1-00134 3 110038 110044 110260
gas FR941206-1-00134 5 110039 110045 110261 110962 112379
1.3 FR941206-1-00134 1 110048
wipe FR941206-1-00134 15 110049 110068 110073 110081 110091 110110 110118 110406 110594 112030 112678 112696 112739 112790 112833
sampling FR941206-1-00134 38 110050 110111 110119 110238 110485 110595 110811 110901 110922 110988 111305 111327 111703 111723 111734 111796 111803 111813 112051 112060 112162 112222 112297 112618 112912 113065 113100 113149 113231 113247 113280 113799 113846 113994 114006 114445 114469 114586
shall FR941206-1-00134 69 110051 110101 110242 110280 110286 110301 110340 110414 110471 110555 110601 110629 110654 110680 110716 110745 110774 110806 110835 110865 110897 110965 111027 111133 111176 111286 111370 111401 111413 111625 111674 111682 111725 111805 111818 111991 112028 112041 112066 112093 112137 112185 112208 112243 112278 112313 112358 112373 112449 112501 112657 112824 113035 113060 113083 113457 113529 113572 113621 113633 113643 113696 114057 114065 114309 114447 114457 114477 114960
only FR941206-1-00134 9 110052 110472 110492 113101 113172 113236 113685 115422 115898
be FR941206-1-00134 108 110053 110099 110102 110243 110281 110287 110341 110415 110473 110531 110556 110630 110655 110681 110717 110746 110775 110807 110815 110836 110855 110861 110866 110898 110906 110966 110972 111028 111134 111177 111192 111284 111287 111371 111402 111414 111618 111626 111668 111675 111683 111726 111737 111806 111819 111861 111878 111962 111992 112029 112042 112067 112094 112138 112186 112209 112244 112279 112314 112359 112374 112419 112450 112502 112600 112658 112825 112866 113018 113036 113067 113084 113170 113190 113401 113438 113458 113530 113573 113595 113622 113634 113644 113697 113967 114058 114061 114066 114091 114125 114185 114441 114449 114455 114459 114478 114528 114568 114581 114612 114905 114961 115281 115300 115310 115324 115787 115899
done FR941206-1-00134 1 110054
when FR941206-1-00134 13 110055 110229 110258 110662 110692 110750 111326 111881 112346 112690 113427 114294 114672
there FR941206-1-00134 15 110056 110165 110397 110431 110439 110447 110520 111442 111751 111817 112569 112598 113375 113865 114108
are FR941206-1-00134 22 110057 110166 110440 110637 110859 111249 111443 111490 111513 111541 112542 112570 112800 112864 113376 113384 113680 113866 114109 115166 115460 115964
no FR941206-1-00134 16 110058 110433 110449 110522 111102 111753 111820 112043 112074 112095 112105 112252 112571 112627 113214 113377
free FR941206-1-00134 2 110059 110844
flowing FR941206-1-00134 2 110060 110845
liquids FR941206-1-00134 2 110061 110846
present FR941206-1-00134 12 110062 111359 111382 111485 111507 111536 113681 113691 115193 115488 115630 115773
2 FR941206-1-00134 12 110064 111342 111347 112197 112783 112799 112808 112852 113396 115580 115608 115865
definition FR941206-1-00134 1 110065
standard FR941206-1-00134 4 110067 110072 110080 110090
sample FR941206-1-00134 54 110069 110082 110161 110285 110300 110324 110339 110379 110412 110464 110494 110545 110893 110904 111002 111131 111198 111205 111269 111299 111408 111659 111679 111821 112012 112088 112125 112154 112184 112207 112242 112277 112357 112469 112508 112604 112628 112749 112786 112804 112862 112907 112931 112946 113179 113534 113580 113782 113829 113851 113986 114128 114181 114192
2.1 FR941206-1-00134 3 110070 111374 113403
a FR941206-1-00134 139 110071 110079 110177 110189 110199 110203 110222 110232 110275 110353 110390 110479 110537 110573 110577 110617 110663 110693 110740 110751 110801 110928 110947 111213 111235 111361 111366 111393 111396 111429 111436 111452 111456 111462 111621 111686 111770 111779 111848 111945 111983 112129 112152 112189 112212 112247 112250 112257 112282 112324 112355 112378 112574 112609 112760 112764 112890 112924 112944 113003 113007 113077 113094 113130 113136 113147 113152 113193 113203 113297 113303 113316 113319 113335 113340 113345 113353 113411 113418 113421 113433 113441 113461 113490 113499 113536 113576 113605 113723 113739 113742 113748 113768 113808 113819 113826 113849 113857 113869 113881 113911 113943 113984 114025 114044 114097 114149 114160 114165 114198 114209 114224 114330 114334 114337 114355 114360 114380 114383 114408 114412 114483 114532 114547 114695 114701 114712 114721 114782 114833 114916 114936 115050 115307 115583 115597 115651 115767 115875
test FR941206-1-00134 3 110074 110092 111048
is FR941206-1-00134 62 110075 110083 110235 110297 110389 110398 110432 110448 110521 110619 110672 110708 110766 110791 111057 111216 111227 111324 111425 111608 111665 111752 111772 111859 111867 111885 111986 112126 112435 112473 112535 112554 112592 112622 112645 112700 112751 112777 112977 112987 113310 113357 113360 113505 113655 113690 114001 114087 114141 114146 114163 114286 114297 114341 114369 114421 114435 114465 114517 114618 114848 115041
defined FR941206-1-00134 2 110076 111970
761.123. FR941206-1-00134 1 110078
generated FR941206-1-00134 5 110084 113286 113409 113635 114368
for FR941206-1-00134 63 110085 110109 110237 110318 110394 110465 110591 110652 110674 110710 110768 110876 110934 111037 111050 111160 111274 111334 111375 111406 111477 111578 111648 111701 111823 111953 112016 112163 112223 112318 112368 112520 112523 112692 112768 112813 112899 112917 112969 113119 113449 113747 113779 113783 113852 113856 113961 113987 114008 114176 115225 115356 115516 115668 115678 115705 115789 115822 115830 115881 115901 115925 115939
chemical FR941206-1-00134 8 110086 110999 111005 111017 112366 112560 112590 115768
analysis FR941206-1-00134 12 110087 110487 111000 111006 111018 111039 112487 112561 112591 112641 113853 113988
using FR941206-1-00134 8 110088 110503 112188 113192 113250 113818 113942 115061
the FR941206-1-00134 412 110089 110094 110114 110127 110139 110174 110186 110219 110240 110247 110250 110253 110259 110268 110272 110284 110290 110293 110299 110310 110313 110316 110319 110323 110329 110332 110338 110350 110359 110362 110378 110405 110411 110421 110424 110444 110463 110484 110504 110517 110528 110550 110599 110614 110627 110650 110723 110781 110796 110841 110895 110902 110915 110921 110953 110957 110960 110981 110987 111025 111038 111061 111092 111124 111137 111153 111166 111181 111203 111246 111255 111263 111266 111280 111291 111295 111322 111332 111350 111384 111410 111449 111466 111481 111487 111503 111509 111532 111538 111581 111592 111633 111653 111671 111692 111696 111719 111732 111740 111757 111767 111783 111792 111799 111810 111836 111841 111844 111856 111870 111875 111890 111895 111908 111913 111956 111968 111972 111977 111995 111998 112033 112090 112115 112156 112218 112260 112263 112267 112272 112275 112285 112290 112293 112360 112424 112430 112438 112443 112446 112452 112459 112464 112471 112475 112483 112486 112489 112492 112510 112513 112531 112548 112559 112581 112589 112606 112612 112630 112637 112640 112643 112648 112663 112667 112670 112708 112716 112731 112738 112752 112755 112772 112785 112811 112832 112836 112842 112846 112856 112869 112918 112935 112940 112948 112954 112959 112982 112998 113014 113023 113026 113030 113033 113050 113063 113072 113081 113097 113102 113141 113155 113161 113165 113174 113186 113210 113219 113224 113238 113251 113260 113380 113388 113398 113557 113589 113599 113648 113666 113700 113716 113759 113762 113775 113792 113795 113816 113831 113837 113844 113894 113902 113922 113976 113981 113992 113997 114004 114020 114035 114039 114053 114069 114075 114085 114094 114117 114121 114129 114136 114139 114169 114172 114191 114219 114222 114238 114241 114244 114249 114257 114260 114267 114271 114274 114284 114295 114301 114304 114307 114312 114315 114323 114326 114347 114366 114370 114389 114398 114403 114419 114429 114432 114438 114452 114463 114468 114491 114499 114502 114505 114511 114515 114535 114539 114550 114553 114557 114560 114572 114576 114585 114594 114600 114605 114609 114615 114624 114628 114632 114636 114640 114647 114650 114653 114657 114660 114664 114673 114677 114682 114692 114709 114716 114727 114735 114743 114747 114752 114761 114765 114768 114771 114774 114777 114788 114807 114811 114814 114817 114820 114843 114846 114852 114859 114872 114882 114885 114888 114893 114896 114922 114941 114943 114952 114955 114958 114966 114974 114987 114993 115002 115014 115017 115022 115025 115028 115031 115038 115043 115046 115062 115140 115149 115159 115164 115186 115202 115228 115231 115268 115434 115443 115453 115458 115481 115497 115543 115550 115562 115588 115615 115621 115639 115656 115669 115703 115709 115712 115724 115733 115749 115782 115815 115850 115856 115879 115912 115936 115940 115952
minimum FR941206-1-00134 10 110095 110802 111343 111367 111397 111430 111467 111593 111793 111957
surface FR941206-1-00134 16 110096 110392 110436 110451 111148 111634 111996 112039 112219 112711 112733 113777 113817 114076 114883 114953
area FR941206-1-00134 12 110097 110305 111842 111876 111892 111978 112712 112734 112795 112844 113175 114119
sampled FR941206-1-00134 22 110100 110282 110532 110656 110747 110799 110808 110862 110967 111149 111157 111175 111211 111619 111879 112031 112316 112919 113402 114442 114456 114613
100 FR941206-1-00134 10 110103 110886 110939 111144 112046 112806 112850 112895 113511 113521
square FR941206-1-00134 5 110104 111145 111222 112047 112896
centimeters FR941206-1-00134 22 110105 110344 111223 111924 111939 112048 112099 112109 112216 113733 113804 113813 113936 113956 114105 114279 114755 114792 114824 114876 114926 114947
2.2 FR941206-1-00134 3 110107 111405 113426
guidance FR941206-1-00134 3 110108 111015 114007
appears FR941206-1-00134 3 110112 111471 114723
document FR941206-1-00134 4 110115 111697 114584 115420
entitled FR941206-1-00134 1 110116
`` FR941206-1-00134 12 110117 111047 111698 112453 112493 112549 112649 112717 113057 113270 114005 114909
and FR941206-1-00134 95 110120 110196 110478 110486 110533 110725 110729 110784 110913 110946 110979 111004 111022 111034 111319 111387 111418 111461 111496 111526 111572 111584 111631 111644 111829 111838 111920 112018 112073 112104 112148 112256 112281 112310 112538 112544 112616 112619 112784 112884 112888 112967 113069 113099 113138 113295 113331 113481 113485 113583 113627 113880 113899 113932 113979 114022 114055 114233 114339 114364 114451 114545 114579 114602 114626 114662 114670 114715 114787 114921 114991 115037 115108 115158 115201 115236 115257 115322 115336 115377 115452 115507 115512 115552 115561 115661 115717 115755 115784 115820 115825 115867 115930 115945 115951
double FR941206-1-00134 1 110121
wash/rinse FR941206-1-00134 1 110122
cleanup FR941206-1-00134 15 110123 110133 111023 111035 111333 111583 111601 111710 112002 112976 112986 113034 113116 113211 113765
as FR941206-1-00134 27 110124 110367 110402 110489 111195 111259 111294 111606 111843 112305 112317 112390 112423 112715 113086 113339 113374 113907 114208 114350 114493 114730 114865 114908 114971 115053 115068
recommended FR941206-1-00134 1 110125
by FR941206-1-00134 21 110126 110453 110908 110974 111743 111971 112246 112375 112437 113164 113287 114424 114437 114690 115066 115267 115283 115290 115618 115727 115908
environmental FR941206-1-00134 4 110128 115120 115366 115384
protection FR941206-1-00134 4 110129 110146 115121 115385
agency FR941206-1-00134 5 110130 110147 115118 115122 115386
pcb FR941206-1-00134 53 110131 111041 111125 111257 111270 111313 111338 111356 111362 111379 111411 111437 111482 111504 111533 111588 111642 111705 112020 112054 112165 112225 112320 112399 112411 112425 112476 112514 112525 112582 112671 112756 112773 112837 112857 112880 112932 112941 113113 113156 113225 113349 113365 113389 113406 113429 113446 113494 113550 113601 113763 114153 115478
spill FR941206-1-00134 3 110132 111706 113764
policy FR941206-1-00134 1 110134
, FR941206-1-00134 242 110135 110144 110148 110152 110154 110156 110183 110195 110239 110295 110298 110396 110409 110462 110498 110513 110515 110548 110598 110626 110661 110678 110691 110714 110749 110772 110819 110848 110863 110875 110890 110933 110943 111046 111054 111068 111073 111078 111080 111083 111100 111106 111108 111110 111113 111207 111241 111365 111395 111409 111416 111446 111455 111460 111495 111519 111525 111547 111553 111559 111565 111591 111670 111713 111716 111801 111889 112063 112119 112132 112160 112181 112203 112220 112238 112270 112307 112309 112312 112336 112348 112497 112519 112522 112529 112546 112568 112653 112698 112770 112822 112916 112927 112952 112968 112974 112995 113025 113121 113182 113185 113200 113206 113282 113308 113315 113327 113330 113420 113443 113454 113463 113465 113468 113503 113564 113567 113616 113673 113692 113714 113757 113790 113835 113875 113886 113892 113896 113898 113919 113929 113931 113947 113970 113990 114016 114032 114106 114120 114147 114179 114196 114200 114202 114204 114212 114252 114292 114353 114378 114388 114443 114467 114481 114496 114508 114591 114598 114621 114643 114685 114705 114733 114741 114750 114780 114799 114804 114809 114819 114829 114836 114868 114914 114934 114981 115007 115012 115048 115057 115072 115105 115107 115151 115153 115157 115178 115180 115233 115235 115284 115293 115295 115304 115321 115331 115338 115340 115341 115344 115348 115350 115352 115363 115365 115372 115379 115383 115387 115391 115393 115395 115398 115405 115412 115445 115447 115451 115472 115474 115509 115515 115533 115540 115548 115549 115559 115560 115567 115568 115601 115658 115660 115684 115714 115716 115754 115895 115927 115929 115942 115944
'' FR941206-1-00134 12 110136 111055 111711 112458 112498 112553 112654 112721 113059 113272 114013 114913
available FR941206-1-00134 2 110137 111058
from FR941206-1-00134 57 110138 110202 110420 110576 110649 110795 110952 111059 111172 111208 111212 111234 111739 111944 112069 112114 112403 112415 112485 112639 112680 112683 112694 112707 112735 112745 112788 112910 113202 113262 113334 113352 113368 113410 113432 113575 113591 113604 113640 113647 113699 113707 113815 113843 114081 114237 114311 114374 114411 114549 114760 114810 114881 114951 114965 115227 115708
tsca FR941206-1-00134 10 110140 111741 115146 115213 115327 115440 115500 115532 115586 115654
assistance FR941206-1-00134 2 110141 115367
information FR941206-1-00134 5 110142 111064 115329 115358 115426
service FR941206-1-00134 3 110143 110265 111065
enviromental FR941206-1-00134 1 110145
401 FR941206-1-00134 3 110149 115345 115388
m FR941206-1-00134 5 110150 112780 112820 115346 115389
st. FR941206-1-00134 3 110151 111105 115390
sw. FR941206-1-00134 2 110153 115392
washington FR941206-1-00134 5 110155 111109 115303 115351 115394
dc FR941206-1-00134 5 110157 111111 115305 115353 115396
20460 FR941206-1-00134 3 110158 115354 115397
3 FR941206-1-00134 25 110160 110703 110761 111493 111500 111517 111523 111529 111545 111551 111557 111563 111570 111575 111610 111615 111623 113477 114045 114047 115220 115648 115692 115802 115869
site FR941206-1-00134 27 110162 110168 110380 110413 111364 111386 111391 111479 111605 111622 111771 111800 111828 112926 112960 113005 113015 113079 113098 113131 113162 113188 113273 113581 114095 114182 114193
selection FR941206-1-00134 9 110163 110169 110197 110506 110571 113582 113587 113660 114194
3.1 FR941206-1-00134 2 110164 113487
three FR941206-1-00134 12 110167 110441 111399 111444 111795 111959 112789 113908 113912 113953 114029 114180
parameters FR941206-1-00134 1 110170
: FR941206-1-00134 23 110171 111085 111115 111164 111278 111451 113756 113891 114352 114495 114732 114867 115119 115128 115133 115272 115315 115360 115400 115407 115414 115427 115737
position FR941206-1-00134 4 110172 110184 110217 110327
around FR941206-1-00134 6 110173 110218 112089 114322 114604 114646
circumference FR941206-1-00134 2 110175 110220
selected FR941206-1-00134 15 110178 110190 110382 111807 111973 112034 113832 113978 114186 114561 114678 114821 114944 115004 115039
segment FR941206-1-00134 28 110180 110192 110201 110224 110234 110257 110279 110336 110357 110366 110428 110470 110502 110552 110575 110618 110628 110688 110783 110789 110797 110929 111174 111187 111210 111226 111238 111264
along FR941206-1-00134 3 110185 110328 114742
length FR941206-1-00134 25 110187 110204 110321 110330 110578 110611 110625 110643 110664 110694 110707 110752 110765 110889 110942 111837 111914 111919 113895 113923 113928 114021 114036 114054 114232
population FR941206-1-00134 9 110208 110529 110582 111215 113301 113346 113399 113491 113649
group FR941206-1-00134 2 110210 110584
3.2 FR941206-1-00134 3 110216 110371 113547
3.2.1 FR941206-1-00134 1 110228
accessed FR941206-1-00134 1 110236
marked FR941206-1-00134 1 110244
identify FR941206-1-00134 1 110246
location FR941206-1-00134 11 110248 110381 110923 110989 111440 111450 111999 113416 113977 114409 114587
bottom FR941206-1-00134 13 110251 110273 110291 110314 110360 114302 114503 114637 114762 114812 114894 115026 115044
pipeline FR941206-1-00134 2 110262 110526
was FR941206-1-00134 6 110263 110495 111260 112849 113105 115034
3.2.2 FR941206-1-00134 1 110267
inside FR941206-1-00134 2 110269 110349
center FR941206-1-00134 8 110270 114070 114170 114262 114272 114551 114658 115330
centered FR941206-1-00134 2 110288 114167
on FR941206-1-00134 24 110289 110306 111016 111136 111420 111632 111685 111809 111902 111994 112868 112889 112906 114074 114093 114289 114490 114681 114995 115115 115276 115306 115711 115958
that FR941206-1-00134 41 110296 110446 110466 110519 110616 110633 110790 111186 111225 111718 111769 111778 111864 111967 112466 112504 112626 112660 112827 112984 113062 113123 113177 113209 113369 113392 113657 114135 114145 114418 114431 114514 115016 115189 115484 115502 115614 115675 115698 115736 115877
encompass FR941206-1-00134 1 110302
an FR941206-1-00134 22 110303 110891 111196 111426 111932 112794 113268 113624 113949 114706 115194 115296 115489 115518 115631 115706 115730 115741 115774 115823 115828 115905
equal FR941206-1-00134 3 110304 112176 114030
both FR941206-1-00134 6 110307 110534 110849 110944 111170 111903
sides FR941206-1-00134 1 110308
middle FR941206-1-00134 1 110311
entire FR941206-1-00134 5 110320 111281 111604 111891 113187
3.3 FR941206-1-00134 1 110326
3.3.1 FR941206-1-00134 3 110337 110385 110455
taken FR941206-1-00134 19 110342 110474 110496 110682 110718 110776 110867 110899 110907 111372 111403 111963 111993 112127 112210 112245 113145 113698 113968
15 FR941206-1-00134 3 110343 115534 115795
6 FR941206-1-00134 15 110346 112143 112342 115135 115171 115215 115429 115465 115527 115575 115603 115643 115687 115838 115860
inches FR941206-1-00134 15 110347 111927 111942 112102 112112 113802 113811 113939 113959 114758 114794 114826 114879 114928 114949
end FR941206-1-00134 10 110351 110422 110477 110659 110685 110721 110731 110779 110786 110870
at FR941206-1-00134 46 110358 110475 110542 110657 110683 110719 110777 110868 110894 111254 111360 111383 111388 111435 111448 111486 111508 111537 111602 111620 112032 112058 112070 112128 112505 112601 112828 112923 112958 113002 113006 113040 113076 113080 113267 113797 113830 113975 114068 114276 114407 114523 114635 114887 115001 115966
determined FR941206-1-00134 2 110368 115065
procedure FR941206-1-00134 21 110370 110384 110454 110507 111609 111673 112142 112335 112724 113027 113232 113248 113661 113874 113885 113995 114018 114123 114133 114446 114472
this FR941206-1-00134 42 110373 110387 110459 110511 111189 111424 111603 111612 111824 111882 111887 112145 112338 112727 112743 112814 112911 112993 113044 113056 113230 113246 113658 113877 113888 114017 114132 114444 114475 114488 114524 114565 114687 114801 114902 114999 115009 115059 115074 115205 115248 115277
appendix FR941206-1-00134 19 110374 110388 110460 110512 111302 111613 112146 112339 112728 112994 113045 113276 113878 113889 114476 114802 115010 115060 115075
3.3.2 FR941206-1-00134 2 110376 110457
if FR941206-1-00134 21 110377 111202 112120 112482 112530 112558 112588 112636 112771 112810 112915 113598 113675 113684 113712 114084 115185 115286 115480 115625 115732
porous FR941206-1-00134 6 110391 110435 110540 112299 112302 112885
example FR941206-1-00134 5 110395 111427 112521 112769 113120
significant FR941206-1-00134 1 110399
corrosion FR941206-1-00134 1 110400
so FR941206-1-00134 8 110401 110632 111863 112421 112713 113372 114513 114970
shred FR941206-1-00134 1 110404
material FR941206-1-00134 5 110407 112268 114439 114453 114464
then FR941206-1-00134 13 110410 110549 111224 111802 112499 112539 112547 112597 112655 112953 113628 113824 114458
moved FR941206-1-00134 1 110416
inward FR941206-1-00134 1 110417
away FR941206-1-00134 1 110419
until FR941206-1-00134 4 110430 114283 114614 114845
such FR941206-1-00134 6 110434 112304 112389 113338 115626 115790
3.3.3 FR941206-1-00134 1 110438
options FR941206-1-00134 2 110442 113868
event FR941206-1-00134 7 110445 110518 110615 111768 112983 114430 115015
nons FR941206-1-00134 4 110450 112026 112681 112900
accessible FR941206-1-00134 1 110452
one FR941206-1-00134 27 110476 110493 111693 111787 112072 112123 112178 112235 112331 112406 112416 112468 112507 112603 112686 112803 112830 113139 113178 113415 113450 113533 113539 113542 113612 113686 114281
written FR941206-1-00134 2 110480 115273
notation FR941206-1-00134 1 110481
documented FR941206-1-00134 1 110482
records FR941206-1-00134 1 110488
why FR941206-1-00134 1 110491
select FR941206-1-00134 11 110499 111931 113637 113774 113807 113948 114346 114726 114781 114858 114915
another FR941206-1-00134 1 110500
random FR941206-1-00134 14 110505 111812 111946 111950 113124 113630 113659 113820 113870 113944 114356 114783 114917 115051
3.4.2 FR941206-1-00134 2 110509 110645
other FR941206-1-00134 4 110523 113256 115595 115680
ends FR941206-1-00134 3 110535 110850 110945
have FR941206-1-00134 5 110539 111290 113052 114393 115762
surfaces FR941206-1-00134 7 110541 112017 112027 112300 112303 112886 112901
all FR941206-1-00134 18 110543 110634 110852 110910 111130 111242 111636 112133 112349 112365 112861 112996 113070 113405 113428 113444 113651 113693
possible FR941206-1-00134 3 110544 113656 113713
collection FR941206-1-00134 6 110546 111660 111680 112008 112013 113585
sites FR941206-1-00134 4 110547 111447 111707 111832
assumed FR941206-1-00134 5 110557 111666 112503 112659 112826
contain FR941206-1-00134 1 110559
greater FR941206-1-00134 7 110560 111217 112233 112576 112596 112817 115893
than FR941206-1-00134 30 110561 110565 110621 110702 110760 110885 111218 112045 112076 112097 112107 112122 112174 112234 112254 112330 112405 112565 112577 112647 112685 112763 112818 113516 113554 113611 113671 115596 115681 115833
50 FR941206-1-00134 10 110562 110881 110950 112536 112578 113562 113565 113827 113839 115888
but FR941206-1-00134 3 110563 110883 113309
less FR941206-1-00134 10 110564 110641 110701 110884 112173 112253 112329 112564 112646 113515
500 FR941206-1-00134 1 110566
ppm FR941206-1-00134 7 110567 112537 112556 112567 112579 112594 115889
pcbs FR941206-1-00134 25 110568 111142 111231 111253 111640 112369 112874 112893 113215 115162 115165 115244 115456 115459 115546 115557 115565 115591 115624 115666 115674 115722 115853 115884 115891
3.4 FR941206-1-00134 1 110570
3.4.1 FR941206-1-00134 1 110590
purposes FR941206-1-00134 10 110592 110675 110711 110769 111161 111275 111579 111649 112970 115679
not FR941206-1-00134 18 110602 111790 111987 112701 112962 113108 113234 113311 113361 113437 114422 114448 115192 115487 115629 115752 115772 115831
exceed FR941206-1-00134 1 110603
12.1 FR941206-1-00134 3 110604 110622 110638
meters FR941206-1-00134 3 110605 110623 110639
40 FR941206-1-00134 2 110607 115967
feet FR941206-1-00134 1 110608
longer FR941206-1-00134 1 110620
cut FR941206-1-00134 1 110631
resulting FR941206-1-00134 3 110635 112447 112909
removed FR941206-1-00134 7 110648 110673 110689 110709 110728 110767 111647
ground FR941206-1-00134 3 110651 114899 115032
disposal FR941206-1-00134 15 110653 110677 110713 110771 111163 111311 111336 111463 111539 111585 111651 112973 115851 115882 115902
each FR941206-1-00134 35 110658 110684 110687 110720 110730 110778 110785 110788 110869 110872 111173 111353 111376 111389 111407 111473 111478 111916 111954 112059 112081 112086 112183 112205 112240 112792 113617 113780 113784 113798 113925 113962 113973 114072 114177
having FR941206-1-00134 11 110667 110697 110755 111265 112168 112228 112249 112323 112573 112608 114148
seven FR941206-1-00134 17 110668 110743 110804 113144 113166 113197 113220 113509 113527 113629 113676 113694 113776 113838 113845 113964 115260
fewer FR941206-1-00134 1 110670
samples FR941206-1-00134 52 110679 110715 110773 110864 110970 111043 111128 111171 111346 111369 111400 111433 111470 111597 111624 111760 111960 111990 112010 112040 112065 112136 112344 112351 112372 112402 112414 112441 112528 112541 112572 112665 112679 112682 112697 112705 112740 112791 112834 112847 112860 113125 113142 113168 113199 113222 113264 113480 113484 113695 113841 114064
multiple FR941206-1-00134 3 110698 110756 111236
contiguous FR941206-1-00134 3 110699 110757 111237
miles FR941206-1-00134 6 110704 110762 110882 110887 110940 110951
total FR941206-1-00134 7 110706 110741 110764 111594 112710 114789 114923
first FR941206-1-00134 8 110724 110782 110838 111896 114348 114688 114736 114744
last FR941206-1-00134 1 110726
five FR941206-1-00134 1 110733
randomly FR941206-1-00134 2 110734 113806
chosen FR941206-1-00134 2 110735 114059
between FR941206-1-00134 5 110738 111721 114362 114785 114919
more FR941206-1-00134 9 110759 112075 112121 112404 112684 113610 113670 113678 115832
onehalf FR941206-1-00134 1 110792
mile FR941206-1-00134 1 110793
distant FR941206-1-00134 2 110794 114410
previously FR941206-1-00134 1 110798
3.4.3 FR941206-1-00134 1 110810
abandoned FR941206-1-00134 3 110816 110856 111285
procedures FR941206-1-00134 8 110820 111007 111019 111036 112014 113760 114470 115953
iii FR941206-1-00134 2 110830 113277
followed FR941206-1-00134 1 110837
assure FR941206-1-00134 1 110840
absence FR941206-1-00134 1 110842
abandonment FR941206-1-00134 3 110877 110935 111277
exceeding FR941206-1-00134 3 110880 110938 112611
additional FR941206-1-00134 1 110892
midpoint FR941206-1-00134 2 110896 110903
may FR941206-1-00134 18 110905 110971 111736 112418 112599 113017 113169 114392 114527 114580 115504 115617 115701 115726 115786 115817 115826 115897
removing FR941206-1-00134 4 110909 110927 110975 110993
covering FR941206-1-00134 2 110911 110977
soil FR941206-1-00134 9 110912 110978 111042 111498 111515 111521 111543 111549 111555
cutting FR941206-1-00134 2 110914 110980
gain FR941206-1-00134 2 110918 110984
access FR941206-1-00134 2 110919 110985
lieu FR941206-1-00134 2 110925 110991
point FR941206-1-00134 17 110948 111969 112036 112062 112083 112092 112117 112131 112158 112408 112688 112930 113800 114166 114525 114769 114855
every FR941206-1-00134 1 110949
downstream FR941206-1-00134 1 110954
direction FR941206-1-00134 5 110958 114406 114489 114558 114680
former FR941206-1-00134 1 110961
flow FR941206-1-00134 1 110963
internal FR941206-1-00134 1 110969
collected FR941206-1-00134 10 110973 111627 112068 112187 113127 113201 113596 113645 113842 114067
any FR941206-1-00134 11 110976 111209 112467 112736 112928 113011 113217 113255 114996 115593 115699
4 FR941206-1-00134 6 110998 111656 111662 112101 113042 113579
4.1 FR941206-1-00134 3 111001 111678 113586
extraction FR941206-1-00134 3 111003 111021 111033
section FR941206-1-00134 13 111009 115134 115170 115214 115428 115464 115526 115574 115602 115642 115686 115837 115859
g FR941206-1-00134 2 111012 112821
provides FR941206-1-00134 4 111014 115501 115613 115697
extract FR941206-1-00134 1 111026
accordance FR941206-1-00134 1 111030
with FR941206-1-00134 18 111031 111230 111252 111782 112381 112802 113110 114038 114152 114325 114336 114593 114652 114663 114718 115855 115885 115892
applicable FR941206-1-00134 1 111032
sw846 FR941206-1-00134 2 111045 112392
methods FR941206-1-00134 1 111049
evaluating FR941206-1-00134 1 111051
solid FR941206-1-00134 1 111052
waste FR941206-1-00134 31 111053 111315 111340 111358 111381 111439 111476 112167 112227 112294 112322 112401 112413 112527 112748 112882 112922 112957 113001 113075 113115 113285 113351 113367 113408 113431 113448 113496 113552 113603 114155
which FR941206-1-00134 12 111056 111638 111645 113104 113240 113383 113592 113641 114000 114162 115770 115785
either FR941206-1-00134 1 111060
national FR941206-1-00134 1 111062
technical FR941206-1-00134 1 111063
ntis FR941206-1-00134 1 111067
us FR941206-1-00134 3 111069 111093 111098
department FR941206-1-00134 1 111070
commerce FR941206-1-00134 11 111072 115111 115156 115239 115450 115555 115664 115672 115720 115933 115948
5285 FR941206-1-00134 1 111074
port FR941206-1-00134 1 111075
royal FR941206-1-00134 1 111076
rd FR941206-1-00134 1 111077
springfield FR941206-1-00134 1 111079
va FR941206-1-00134 1 111081
22161 FR941206-1-00134 1 111082
telephone FR941206-1-00134 3 111084 111114 115399
703 FR941206-1-00134 1 111087
4874650 FR941206-1-00134 1 111089
government FR941206-1-00134 1 111094
printing FR941206-1-00134 1 111095
office FR941206-1-00134 2 111096 115373
gpo FR941206-1-00134 1 111099
710 FR941206-1-00134 1 111101
capitol FR941206-1-00134 1 111104
nw. FR941206-1-00134 1 111107
20401 FR941206-1-00134 1 111112
202 FR941206-1-00134 5 111117 111746 115402 115409 115416
7833238 FR941206-1-00134 1 111119
4.2 FR941206-1-00134 4 111122 111750 113704 114473
reporting FR941206-1-00134 3 111123 112855 115513
concentrations FR941206-1-00134 6 111126 111132 112858 112863 115886 115894
reported FR941206-1-00134 3 111135 112758 112867
basis FR941206-1-00134 3 111138 112870 112898
micrograms FR941206-1-00134 4 111140 111220 112872 112891
per FR941206-1-00134 3 111143 112875 112894
centimeter FR941206-1-00134 7 111146 112179 112191 112198 112236 112332 112897
determining FR941206-1-00134 1 111152
regulatory FR941206-1-00134 2 111154 115918
status FR941206-1-00134 1 111155
5.1 FR941206-1-00134 2 111159 112024
5.1.1 FR941206-1-00134 1 111165
analytical FR941206-1-00134 1 111167
results FR941206-1-00134 4 111168 112562 113261 114042
averaged FR941206-1-00134 4 111178 111197 111204 111268
determine FR941206-1-00134 3 111180 113048 114487
level FR941206-1-00134 11 111182 112433 112456 112462 112496 112552 112652 112720 112951 114900 115033
contamination FR941206-1-00134 1 111184
average FR941206-1-00134 5 111190 111298 112264 112287 113271
will FR941206-1-00134 10 111191 111789 113594 113662 114184 114904 115191 115299 115486 115628
referred FR941206-1-00134 2 111193 114906
result FR941206-1-00134 6 111199 111206 111300 112753 113663 115753
5.1.2 FR941206-1-00134 1 111201
removal FR941206-1-00134 3 111214 111239 111247
10 FR941206-1-00134 4 111219 112098 112779 112819
pcb/100 FR941206-1-00134 1 111221
considered FR941206-1-00134 1 111228
contaminated FR941206-1-00134 2 111229 111251
5.1.3 FR941206-1-00134 1 111233
project FR941206-1-00134 2 111240 111248
unsampled FR941206-1-00134 1 111243
presumed FR941206-1-00134 2 111250 111288
same FR941206-1-00134 6 111256 111292 112361 112709 113667 113701
concentration FR941206-1-00134 27 111258 111271 111293 111412 112426 112477 112484 112515 112532 112575 112583 112610 112613 112631 112638 112672 112765 112774 112838 112908 112933 112936 112942 113153 113157 113226 113274
found FR941206-1-00134 1 111261
highest FR941206-1-00134 2 111267 111296
5.2 FR941206-1-00134 2 111273 112050
5.2.1 FR941206-1-00134 2 111279 112057
measured FR941206-1-00134 3 111297 111415 114796
ii FR941206-1-00134 3 111303 115757 115811
_ FR941206-1-00134 2 111304 113279
verify FR941206-1-00134 7 111307 111329 111600 111709 113029 113129 113208
completion FR941206-1-00134 2 111308 111330
selfimplementing FR941206-1-00134 5 111310 111335 111582 112972 113112
remediation FR941206-1-00134 25 111314 111339 111357 111363 111380 111385 111438 111483 111505 111534 111589 111654 111664 112021 112055 112166 112226 112321 112400 112412 112526 112747 112881 113114 113132
1 FR941206-1-00134 9 111317 111321 111727 112193 113293 113728 114101 115834 115843
application FR941206-1-00134 1 111318
scope FR941206-1-00134 1 111320
following FR941206-1-00134 6 111323 111672 111811 113022 113183 114122
required FR941206-1-00134 6 111325 111761 112978 112988 113087 115937
number FR941206-1-00134 25 111344 111431 111468 111595 111758 111947 111951 112439 113478 113626 113669 113809 113821 113945 114357 114361 114367 114371 114784 114790 114822 114918 114924 114945 115052
regardless FR941206-1-00134 1 111348
amount FR941206-1-00134 2 111351 112757
type FR941206-1-00134 7 111354 111377 111474 112920 112955 112999 113073
separate FR941206-1-00134 1 111390
within FR941206-1-00134 1 111392
facility FR941206-1-00134 3 111394 113008 113082
recorded FR941206-1-00134 1 111417
kept FR941206-1-00134 1 111419
file FR941206-1-00134 1 111421
2.3 FR941206-1-00134 1 111423
calculation FR941206-1-00134 1 111434
distinct FR941206-1-00134 1 111445
loading FR941206-1-00134 2 111453 111488
dock FR941206-1-00134 2 111454 111489
transformer FR941206-1-00134 2 111457 111510
storage FR941206-1-00134 2 111458 111511
lot FR941206-1-00134 3 111459 111512 114384
pit FR941206-1-00134 2 111464 111540
after FR941206-1-00134 5 111472 112001 115547 115558 115566
wastes FR941206-1-00134 6 111484 111506 111535 111590 112022 112056
concrete FR941206-1-00134 2 111491 112311
clay FR941206-1-00134 3 111497 111520 111548
oily FR941206-1-00134 2 111514 111554
gravel FR941206-1-00134 2 111527 111573
sandy FR941206-1-00134 1 111542
industrial FR941206-1-00134 1 111560
sludge FR941206-1-00134 2 111561 111566
aqueous FR941206-1-00134 1 111567
decantate FR941206-1-00134 1 111568
these FR941206-1-00134 6 111587 112135 113111 113526 115183 115477
needed FR941206-1-00134 1 111598
described FR941206-1-00134 2 111607 114015
materials FR941206-1-00134 4 111616 111630 111643 113289
bulk FR941206-1-00134 11 111629 112019 112053 112164 112224 112319 112398 112410 112524 112746 112879
areas FR941206-1-00134 2 111637 113239
contacted FR941206-1-00134 1 111639
were FR941206-1-00134 5 111646 113126 113241 115265 115676
during FR941206-1-00134 1 111652
determination FR941206-1-00134 1 111657
locations FR941206-1-00134 4 111661 111681 112079 113847
once FR941206-1-00134 5 111663 113344 113672 114462 114734
complete FR941206-1-00134 1 111669
used FR941206-1-00134 6 111676 114126 114450 114479 114569 114582
based FR941206-1-00134 4 111684 111808 112905 115910
hexagonal FR941206-1-00134 2 111687 111780
grid FR941206-1-00134 30 111688 111702 111733 111781 111784 111852 111857 111909 112035 112061 112082 112091 112116 112130 112157 112407 112417 112687 112929 113066 113148 113167 113198 113205 113221 113770 113882 113916 113993 114048
system FR941206-1-00134 7 111689 111853 111858 111884 113771 113917 114195
similar FR941206-1-00134 1 111690
employed FR941206-1-00134 1 111694
field FR941206-1-00134 2 111699 113998
manual FR941206-1-00134 4 111700 111735 113766 113999
/586017 FR941206-1-00134 1 111714
except FR941206-1-00134 2 111717 115667
interval FR941206-1-00134 2 111720 111785
adjacent FR941206-1-00134 1 111722
points FR941206-1-00134 3 111724 111797 113778
meter FR941206-1-00134 2 111728 111788
copies FR941206-1-00134 1 111730
obtained FR941206-1-00134 1 111738
hotline FR941206-1-00134 1 111742
calling FR941206-1-00134 1 111744
5541404 FR941206-1-00134 2 111748 115404
upper FR941206-1-00134 2 111754 111898
limit FR941206-1-00134 1 111755
allowed FR941206-1-00134 1 111763
4.3 FR941206-1-00134 2 111765 114078
sufficiently FR941206-1-00134 2 111773 114317
small FR941206-1-00134 2 111774 111827
oddly FR941206-1-00134 2 111776 111830
configured FR941206-1-00134 2 111777 111831
coordinates FR941206-1-00134 5 111804 111937 111974 113954 114183
scheme FR941206-1-00134 2 111814 112913
4.3.1 FR941206-1-00134 2 111816 114188
compositing FR941206-1-00134 8 111822 112343 112347 112397 112621 112677 112695 112750
kind FR941206-1-00134 1 111825
4.3.2 FR941206-1-00134 2 111834 114345
designate FR941206-1-00134 2 111835 113893
width FR941206-1-00134 7 111839 111921 113897 113930 114023 114040 114056
two FR941206-1-00134 5 111845 111936 112255 112280 113867
axes FR941206-1-00134 3 111846 111904 113909
twodimensional FR941206-1-00134 1 111849
cartesian FR941206-1-00134 3 111850 111883 113914
coordinate FR941206-1-00134 18 111851 111985 113871 113915 114349 114562 114574 114617 114679 114689 114729 114737 114745 114854 114864 114890 114968 114989
4.3.3 FR941206-1-00134 2 111855 114725
oriented FR941206-1-00134 3 111862 111886 114541
its FR941206-1-00134 2 111865 114290
origin FR941206-1-00134 1 111866
nearest FR941206-1-00134 1 111868
lower FR941206-1-00134 1 111871
left FR941206-1-00134 2 111872 112000
corner FR941206-1-00134 1 111873
way FR941206-1-00134 1 111888
falls FR941206-1-00134 2 111893 111975
into FR941206-1-00134 10 111894 112151 113532 113738 113848 113983 114028 114259 114842 114940
right FR941206-1-00134 1 111899
positive FR941206-1-00134 1 111901
quadrant FR941206-1-00134 1 111906
4.3.4 FR941206-1-00134 2 111911 114857
measure FR941206-1-00134 5 111912 113791 113921 114751 114869
axis FR941206-1-00134 2 111917 113926
4.3.5 FR941206-1-00134 1 111930
eligible FR941206-1-00134 3 111933 111965 113950
set FR941206-1-00134 5 111934 113195 113951 115505 115818
table FR941206-1-00134 1 111948
generator FR941206-1-00134 3 111952 113822 113946
means FR941206-1-00134 2 111966 112376
cleaned FR941206-1-00134 2 111979 112965
up FR941206-1-00134 5 111980 112966 114157 114190 114806
4.3.6 FR941206-1-00134 1 111982
third FR941206-1-00134 2 111984 114860
necessary FR941206-1-00134 5 111988 112623 112702 113362 113506
has FR941206-1-00134 4 112003 112961 114738 115873
been FR941206-1-00134 5 112004 112963 113053 114739 115763
completed FR941206-1-00134 1 112005
differ FR941206-1-00134 1 112015
flat FR941206-1-00134 1 112025
individual FR941206-1-00134 4 112038 112350 112664 115210
smaller FR941206-1-00134 1 112044
core FR941206-1-00134 11 112064 112087 112124 112161 112200 112206 112221 112241 112248 112276 112315
least FR941206-1-00134 5 112071 112506 112602 112829 114277
four FR941206-1-00134 2 112077 115263
different FR941206-1-00134 1 112078
surrounding FR941206-1-00134 2 112080 113176
5.2.2 FR941206-1-00134 1 112085
closer FR941206-1-00134 1 112096
farther FR941206-1-00134 1 112106
forty FR941206-1-00134 1 112108
16 FR941206-1-00134 1 112111
composited FR941206-1-00134 7 112139 112420 112543 112741 112801 112848 113531
see FR941206-1-00134 3 112141 112334 112723
mixed FR941206-1-00134 1 112149
thoroughly FR941206-1-00134 1 112150
single FR941206-1-00134 10 112153 113298 113304 113336 113354 113412 113434 113606 113850 113985
representing FR941206-1-00134 1 112155
particle FR941206-1-00134 4 112169 112229 112265 112325
size FR941206-1-00134 5 112170 112230 112326 113482 113559
diameter FR941206-1-00134 7 112171 112199 112231 112251 112261 112288 112327
.1 FR941206-1-00134 5 112182 112239 113920 114213 114497
2.5 FR941206-1-00134 2 112190 112215
inch FR941206-1-00134 1 112194
sampler FR941206-1-00134 1 112201
.2 FR941206-1-00134 5 112204 112271 113971 114253 114509
depth FR941206-1-00134 8 112213 112273 113793 113833 113900 113933 115003 115040
below FR941206-1-00134 5 112217 114343 114724 115042 115887
half FR941206-1-00134 3 112258 112283 113555
times FR941206-1-00134 2 112259 112284
estimated FR941206-1-00134 1 112286
particles FR941206-1-00134 1 112291
5.3 FR941206-1-00134 1 112296
5.3.1 FR941206-1-00134 1 112301
asphalt FR941206-1-00134 1 112306
wood FR941206-1-00134 1 112308
6.1 FR941206-1-00134 2 112345 112725
added FR941206-1-00134 1 112352
compose FR941206-1-00134 1 112354
composite FR941206-1-00134 21 112356 112371 112444 112454 112460 112472 112490 112494 112511 112550 112607 112644 112650 112668 112718 112815 112945 112949 113781 113836 113980
weight FR941206-1-00134 3 112362 112761 114703
6.2 FR941206-1-00134 1 112364
analyses FR941206-1-00134 1 112367
chromatography FR941206-1-00134 1 112380
electron FR941206-1-00134 1 112382
capture FR941206-1-00134 1 112383
detector FR941206-1-00134 1 112384
gc/ec FR941206-1-00134 1 112386
method FR941206-1-00134 2 112388 112393
epa FR941206-1-00134 11 112391 115124 115176 115251 115470 115503 115847 115872 115909 115920 115954
8080 FR941206-1-00134 1 112394
6.3 FR941206-1-00134 1 112396
long FR941206-1-00134 3 112422 112714 113373
interest FR941206-1-00134 11 112428 112479 112517 112534 112585 112615 112633 112674 112776 112840 112938
clean/not FR941206-1-00134 1 112431
clean FR941206-1-00134 1 112432
divided FR941206-1-00134 1 112436
quotient FR941206-1-00134 1 112448
called FR941206-1-00134 1 112451
action FR941206-1-00134 8 112455 112461 112495 112551 112651 112719 112950 115127
eliminates FR941206-1-00134 1 112463
possibility FR941206-1-00134 1 112465
above FR941206-1-00134 6 112474 113091 113154 113223 114168 115915
6.3.1 FR941206-1-00134 1 112481
exceeds FR941206-1-00134 6 112491 112512 112629 112669 112934 112947
it FR941206-1-00134 9 112500 112656 112699 112823 113359 113504 113654 114526 114699
ten FR941206-1-00134 1 112540
analyzed FR941206-1-00134 1 112545
indicates FR941206-1-00134 1 112563
further FR941206-1-00134 4 112617 112975 112985 115357
demonstrate FR941206-1-00134 1 112625
6.3.2 FR941206-1-00134 1 112635
none FR941206-1-00134 1 112661
6.4 FR941206-1-00134 1 112676
accounting FR941206-1-00134 1 112691
dilution FR941206-1-00134 1 112693
use FR941206-1-00134 12 112704 113758 113991 114197 114354 114482 115160 115454 115563 115589 115622 115627
wiped FR941206-1-00134 1 112706
assumes FR941206-1-00134 2 112730 114134
smallest FR941206-1-00134 2 112732 112843
difference FR941206-1-00134 1 112744
being FR941206-1-00134 1 112759
rather FR941206-1-00134 1 112762
6.4.1 FR941206-1-00134 1 112767
; FR941206-1-00134 7 112778 114144 115084 115096 115103 115112 115262
g/100 FR941206-1-00134 1 112781
cm FR941206-1-00134 5 112782 112798 112807 112851 113735
gauze FR941206-1-00134 1 112787
200 FR941206-1-00134 1 112797
report FR941206-1-00134 1 112812
showed FR941206-1-00134 1 112816
exceeded FR941206-1-00134 1 112835
because FR941206-1-00134 1 112841
7 FR941206-1-00134 1 112854
gram FR941206-1-00134 3 112876 113828 113840
dry FR941206-1-00134 1 112878
8 FR941206-1-00134 2 112903 112991
decisions FR941206-1-00134 2 112904 115114
8.1 FR941206-1-00134 1 112914
designated FR941206-1-00134 1 112925
successfully FR941206-1-00134 1 112964
8.2 FR941206-1-00134 1 112980
paragraph FR941206-1-00134 7 112990 113041 113089 114798 115006 115056 115071
particular FR941206-1-00134 2 113004 113078
portion FR941206-1-00134 3 113012 113095 113103
recleaned FR941206-1-00134 4 113019 113106 113171 113242
8.3 FR941206-1-00134 1 113021
recleaning FR941206-1-00134 2 113024 113184
completeness FR941206-1-00134 1 113031
reinitiated FR941206-1-00134 1 113037
starting FR941206-1-00134 1 113039
whether FR941206-1-00134 1 113049
requirements FR941206-1-00134 3 113051 113117 115514
met FR941206-1-00134 1 113054
reverification FR941206-1-00134 1 113058
include FR941206-1-00134 1 113061
verification FR941206-1-00134 1 113064
reoriented FR941206-1-00134 2 113068 113204
resampled FR941206-1-00134 2 113085 113191
4.07 FR941206-1-00134 1 113090
cleaning FR941206-1-00134 1 113093
does FR941206-1-00134 4 113107 113233 113245 115771
comply FR941206-1-00134 1 113109
assume FR941206-1-00134 1 113122
under FR941206-1-00134 4 113133 114631 114700 115212
761.61 FR941206-1-00134 1 113134
plot FR941206-1-00134 1 113150
had FR941206-1-00134 1 113151
concern FR941206-1-00134 2 113159 113228
represented FR941206-1-00134 1 113163
however FR941206-1-00134 3 113181 115179 115473
must FR941206-1-00134 2 113189 115280
new FR941206-1-00134 1 113194
resulted FR941206-1-00134 1 113212
allow FR941206-1-00134 5 113235 113249 114319 114973 115182
resampling FR941206-1-00134 1 113237
nor FR941206-1-00134 1 113244
arithmetic FR941206-1-00134 1 113252
mean FR941206-1-00134 1 113253
statistical FR941206-1-00134 1 113257
evaluation FR941206-1-00134 1 113258
several FR941206-1-00134 2 113263 113466
arrive FR941206-1-00134 1 113266
overall FR941206-1-00134 1 113269
nond FR941206-1-00134 2 113281 113493
nonl FR941206-1-00134 1 113283
nonn FR941206-1-00134 10 113284 113350 113366 113407 113430 113447 113495 113551 113602 114154
processing FR941206-1-00134 11 113288 113456 115106 115152 115234 115446 115551 115659 115715 115928 115943
containing FR941206-1-00134 2 113290 114382
recyclable FR941206-1-00134 1 113291
metals FR941206-1-00134 1 113292
defining FR941206-1-00134 1 113294
characterizing FR941206-1-00134 1 113296
feed FR941206-1-00134 6 113299 113305 113355 113370 113381 113393
source FR941206-1-00134 11 113300 113306 113337 113356 113371 113382 113394 113413 113435 113445 113607
1.1 FR941206-1-00134 1 113302
includes FR941206-1-00134 1 113307
limited FR941206-1-00134 1 113312
automobiles FR941206-1-00134 2 113314 113323
mixture FR941206-1-00134 1 113317
fixed FR941206-1-00134 2 113320 114740
ratio FR941206-1-00134 1 113321
plus FR941206-1-00134 1 113324
white FR941206-1-00134 2 113325 113328
goods FR941206-1-00134 2 113326 113329
wire FR941206-1-00134 1 113332
cable FR941206-1-00134 1 113333
ship FR941206-1-00134 1 113341
processed FR941206-1-00134 3 113348 113439 113600
characterized FR941206-1-00134 1 113358
recharacterize FR941206-1-00134 1 113364
changes FR941206-1-00134 1 113378
expected FR941206-1-00134 1 113385
change FR941206-1-00134 1 113387
content FR941206-1-00134 2 113390 115938
accumulate FR941206-1-00134 2 113397 113404
container FR941206-1-00134 9 113419 113464 113615 113620 113689 113755 113788 113864 113906
pile FR941206-1-00134 42 113422 113471 113500 113613 113618 113668 113687 113702 113717 113752 113786 113796 113861 113904 114027 114086 114250 114268 114305 114316 114324 114335 114381 114413 114492 114506 114540 114554 114610 114641 114651 114722 114766 114778 114815 114844 114886 114897 114942 114956 115029 115047
piles FR941206-1-00134 12 113424 113474 113502 113590 113638 113652 113679 113709 114083 114112 114130 114140
can FR941206-1-00134 3 113436 114124 114567
day FR941206-1-00134 2 113442 113451
fulltime FR941206-1-00134 1 113453
fullscale FR941206-1-00134 1 113455
accumulated FR941206-1-00134 2 113459 113497
discrete FR941206-1-00134 1 113462
containers FR941206-1-00134 2 113467 113711
identifiable FR941206-1-00134 1 113470
subs FR941206-1-00134 8 113486 113528 113593 113642 113706 113965 113982 114080
characterize FR941206-1-00134 1 113489
collect FR941206-1-00134 4 113508 113825 113972 114992
approximately FR941206-1-00134 4 113510 113520 113561 113727
milliliter FR941206-1-00134 1 113512
just FR941206-1-00134 1 113514
0.5 FR941206-1-00134 1 113517
cup FR941206-1-00134 2 113518 113570
grams FR941206-1-00134 2 113522 113566
subsamples FR941206-1-00134 1 113524
covered FR941206-1-00134 1 113537
widemouth FR941206-1-00134 1 113538
liter FR941206-1-00134 1 113540
quart FR941206-1-00134 1 113543
jar FR941206-1-00134 1 113545
pieces FR941206-1-00134 1 113548
larger FR941206-1-00134 1 113553
sube FR941206-1-00134 5 113558 113577 113974 114178 114994
milliliters FR941206-1-00134 1 113563
0.25 FR941206-1-00134 1 113569
excluded FR941206-1-00134 1 113574
sube/sample FR941206-1-00134 1 113584
4.1.1 FR941206-1-00134 1 113597
consists FR941206-1-00134 1 113608
assigned FR941206-1-00134 1 113623
integer FR941206-1-00134 2 113625 113631
numbers FR941206-1-00134 1 113632
selecting FR941206-1-00134 1 113665
even FR941206-1-00134 2 113674 114293
4.1.2 FR941206-1-00134 1 113683
collecting FR941206-1-00134 2 113705 114079
flattened FR941206-1-00134 8 113708 113751 113785 113860 113903 114026 114460 114466
spread FR941206-1-00134 3 113715 114092 114114
s FR941206-1-00134 1 113719
out FR941206-1-00134 2 113721 114115
uniform FR941206-1-00134 2 113724 114098
thickness FR941206-1-00134 2 113725 114099
foot FR941206-1-00134 3 113729 114102 114282
30 FR941206-1-00134 3 113732 114104 114278
[ FR941206-1-00134 3 113734 115077 115094
] FR941206-1-00134 3 113736 115087 115098
rectangular FR941206-1-00134 2 113740 113858
circular FR941206-1-00134 4 113743 113749 114150 114173
shape FR941206-1-00134 4 113744 113750 113859 114137
4.2.1 FR941206-1-00134 1 113746
cylindrical FR941206-1-00134 1 113754
triangular/hexagonal FR941206-1-00134 1 113769
down FR941206-1-00134 3 113814 114841 114939
4.2.2 FR941206-1-00134 1 113855
boxshaped FR941206-1-00134 1 113863
option FR941206-1-00134 2 113872 113883
dimensional FR941206-1-00134 1 113913
part FR941206-1-00134 2 114002 115092
scrap FR941206-1-00134 1 114009
metal FR941206-1-00134 4 114010 114387 114391 114415
shredders FR941206-1-00134 1 114011
briefly FR941206-1-00134 1 114014
divides FR941206-1-00134 1 114019
intersection FR941206-1-00134 1 114033
 FR941206-1-00134 1 114046
nine FR941206-1-00134 1 114050
cells FR941206-1-00134 1 114051
perpendicular FR941206-1-00134 1 114062
cell FR941206-1-00134 1 114073
unflattened FR941206-1-00134 1 114082
too FR941206-1-00134 3 114088 114110 115035
large FR941206-1-00134 2 114089 115036
many FR941206-1-00134 1 114111
working FR941206-1-00134 1 114118
roughly FR941206-1-00134 2 114142 114164
conical FR941206-1-00134 1 114143
base FR941206-1-00134 3 114151 114174 114275
stacked FR941206-1-00134 1 114156
uniformly FR941206-1-00134 1 114158
peak FR941206-1-00134 1 114161
setting FR941206-1-00134 1 114189
rod FR941206-1-00134 2 114199 114835
dowel FR941206-1-00134 2 114201 114837
stake FR941206-1-00134 1 114203
broom FR941206-1-00134 2 114206 114839
handle FR941206-1-00134 2 114207 114840
marker FR941206-1-00134 15 114210 114223 114242 114258 114285 114308 114338 114772 114834 114847 114891 114969 114975 114990 115000
nail FR941206-1-00134 1 114214
otherwise FR941206-1-00134 2 114216 115570
fasten FR941206-1-00134 1 114217
top FR941206-1-00134 7 114220 114239 114261 114313 114536 114775 114818
piece FR941206-1-00134 1 114225
string FR941206-1-00134 3 114227 114328 114340
cord FR941206-1-00134 13 114229 114296 114500 114595 114601 114625 114634 114654 114674 114693 114717 114748 114808
sufficient FR941206-1-00134 3 114231 114394 114963
strength FR941206-1-00134 1 114234
reach FR941206-1-00134 1 114236
farthest FR941206-1-00134 1 114245
peripheral FR941206-1-00134 1 114246
edge FR941206-1-00134 4 114247 114607 114638 114763
pound FR941206-1-00134 2 114254 114830
push FR941206-1-00134 2 114256 114832
apex FR941206-1-00134 1 114264
downward FR941206-1-00134 1 114269
toward FR941206-1-00134 1 114270
rigidly FR941206-1-00134 1 114287
standing FR941206-1-00134 1 114288
own FR941206-1-00134 1 114291
pulled FR941206-1-00134 1 114298
tight FR941206-1-00134 1 114299
protrude FR941206-1-00134 1 114310
easy FR941206-1-00134 1 114320
movement FR941206-1-00134 1 114321
tightened FR941206-1-00134 2 114327 114633
side FR941206-1-00134 2 114331 114997
view FR941206-1-00134 2 114332 114537
illustrated FR941206-1-00134 1 114342
follows FR941206-1-00134 5 114351 114494 114731 114866 115955
generate FR941206-1-00134 1 114359
0 FR941206-1-00134 3 114363 114786 114920
360. FR941206-1-00134 1 114365
degrees FR941206-1-00134 1 114373
magnetic FR941206-1-00134 7 114375 114404 114484 114520 114543 114668 114713
north FR941206-1-00134 5 114376 114405 114521 114544 114669
ferrous FR941206-1-00134 2 114386 114390
magnetism FR941206-1-00134 2 114395 114426
deflect FR941206-1-00134 1 114397
compass FR941206-1-00134 9 114399 114420 114433 114485 114512 114629 114661 114683 114714
needle FR941206-1-00134 4 114400 114434 114516 114665
confirm FR941206-1-00134 1 114402
before FR941206-1-00134 2 114416 115683
assuming FR941206-1-00134 1 114417
effected FR941206-1-00134 1 114423
local FR941206-1-00134 1 114425
deflected FR941206-1-00134 1 114436
pull FR941206-1-00134 1 114498
orient FR941206-1-00134 1 114510
pointing FR941206-1-00134 2 114518 114666
helpful FR941206-1-00134 1 114529
sketch FR941206-1-00134 1 114531
picture FR941206-1-00134 1 114533
draw FR941206-1-00134 1 114546
line FR941206-1-00134 1 114548
outward FR941206-1-00134 1 114555
drawing FR941206-1-00134 1 114566
locate FR941206-1-00134 1 114571
approximate FR941206-1-00134 2 114573 114616
next FR941206-1-00134 1 114577
step FR941206-1-00134 1 114578
.3 FR941206-1-00134 1 114592
slightly FR941206-1-00134 1 114596
slack FR941206-1-00134 1 114597
hold FR941206-1-00134 1 114599
walk FR941206-1-00134 1 114603
outside FR941206-1-00134 2 114606 114648
reached FR941206-1-00134 1 114619
.4 FR941206-1-00134 1 114622
tighten FR941206-1-00134 1 114623
directly FR941206-1-00134 1 114630
.5 FR941206-1-00134 1 114644
move FR941206-1-00134 1 114645
laying FR941206-1-00134 1 114655
over FR941206-1-00134 3 114656 114676 114984
stop FR941206-1-00134 1 114671
lies FR941206-1-00134 1 114675
mark FR941206-1-00134 2 114686 114851
tying FR941206-1-00134 1 114691
peg FR941206-1-00134 1 114696
placing FR941206-1-00134 1 114698
heavy FR941206-1-00134 1 114702
illustration FR941206-1-00134 1 114707
orientation FR941206-1-00134 1 114710
respect FR941206-1-00134 1 114719
second FR941206-1-00134 5 114728 114853 114889 114967 114988
distance FR941206-1-00134 8 114753 114874 114903 114911 114932 114964 115023 115064
where FR941206-1-00134 1 114770
meets FR941206-1-00134 1 114773
proceed FR941206-1-00134 1 114805
secure FR941206-1-00134 1 114849
final FR941206-1-00134 1 114862
estimate FR941206-1-00134 2 114871 115020
vertical FR941206-1-00134 4 114873 114910 114931 115063
dig FR941206-1-00134 2 114935 114983
hole FR941206-1-00134 2 114937 114959
straight FR941206-1-00134 1 114938
remain FR941206-1-00134 1 114977
slowly FR941206-1-00134 1 114982
expose FR941206-1-00134 1 114986
measurement FR941206-1-00134 1 115018
reselect FR941206-1-00134 1 115049
indicated FR941206-1-00134 2 115054 115069
digging FR941206-1-00134 1 115067
fr FR941206-1-00134 1 115078
doc FR941206-1-00134 1 115079
9429568 FR941206-1-00134 1 115081
filed FR941206-1-00134 1 115082
113094 FR941206-1-00134 1 115083
3:41 FR941206-1-00134 1 115085
pm FR941206-1-00134 1 115086
billing FR941206-1-00134 1 115088
code FR941206-1-00134 1 115089
656050f FR941206-1-00134 1 115090
cfr FR941206-1-00134 2 115091 115968
761 FR941206-1-00134 1 115093
oppts66019 FR941206-1-00134 1 115095
frl49045 FR941206-1-00134 1 115097
rin FR941206-1-00134 1 115099
2070ab20 FR941206-1-00134 1 115100
polychlorinated FR941206-1-00134 3 115101 115241 115791
biphenyls FR941206-1-00134 2 115102 115242
manufacturing FR941206-1-00134 3 115104 115926 115941
distribution FR941206-1-00134 10 115109 115154 115237 115448 115553 115662 115670 115718 115931 115946
proposed FR941206-1-00134 5 115113 115129 115206 115249 115278
exemption FR941206-1-00134 9 115116 115519 115707 115731 115824 115829 115906 115949 115959
petitions FR941206-1-00134 7 115117 115211 115256 115261 115264 115950 115960
rule FR941206-1-00134 6 115130 115207 115250 115279 115619 115728
summary FR941206-1-00134 1 115132
e FR941206-1-00134 14 115137 115173 115217 115431 115467 115529 115538 115577 115605 115645 115689 115799 115840 115862
toxic FR941206-1-00134 2 115141 115435
substances FR941206-1-00134 2 115142 115436
control FR941206-1-00134 2 115143 115437
act FR941206-1-00134 2 115144 115438
bans FR941206-1-00134 3 115148 115442 115587
manufacture FR941206-1-00134 6 115150 115232 115444 115544 115657 115713
unless FR941206-1-00134 3 115163 115457 115569
totally FR941206-1-00134 3 115167 115461 115598
enclosed FR941206-1-00134 3 115168 115462 115599
gives FR941206-1-00134 2 115175 115469
authority FR941206-1-00134 4 115177 115471 115525 115919
activities FR941206-1-00134 2 115184 115479
administrator FR941206-1-00134 7 115187 115482 115616 115704 115725 115734 115816
finds FR941206-1-00134 3 115188 115483 115735
they FR941206-1-00134 2 115190 115485
unreasonable FR941206-1-00134 5 115195 115490 115632 115742 115775
risk FR941206-1-00134 5 115196 115491 115633 115743 115776
injury FR941206-1-00134 5 115198 115493 115635 115745 115778
health FR941206-1-00134 5 115200 115495 115637 115747 115780
environment FR941206-1-00134 5 115203 115498 115640 115750 115783
addresses FR941206-1-00134 2 115208 115314
19 FR941206-1-00134 1 115209
exemptions FR941206-1-00134 2 115226 115934
prohibition FR941206-1-00134 2 115229 115710
against FR941206-1-00134 1 115230
proposes FR941206-1-00134 1 115252
deny FR941206-1-00134 1 115254
eight FR941206-1-00134 1 115255
grant FR941206-1-00134 3 115259 115729 115827
withdrawn FR941206-1-00134 1 115266
petitioners FR941206-1-00134 1 115269
dates FR941206-1-00134 1 115271
main FR941206-1-00134 1 115274
comments FR941206-1-00134 2 115275 115316
received FR941206-1-00134 1 115282
requested FR941206-1-00134 1 115287
writing FR941206-1-00134 1 115289
december FR941206-1-00134 1 115291
20 FR941206-1-00134 1 115292
1994 FR941206-1-00134 1 115294
informal FR941206-1-00134 1 115297
hearing FR941206-1-00134 1 115298
held FR941206-1-00134 1 115301
date FR941206-1-00134 1 115308
announced FR941206-1-00134 1 115311
later FR941206-1-00134 1 115312
should FR941206-1-00134 2 115317 115323
reference FR941206-1-00134 1 115318
docket FR941206-1-00134 1 115319
# FR941206-1-00134 1 115320
sent FR941206-1-00134 1 115325
nonconfidential FR941206-1-00134 1 115328
epa/office FR941206-1-00134 1 115332
pollution FR941206-1-00134 2 115334 115375
prevention FR941206-1-00134 2 115335 115376
toxics FR941206-1-00134 2 115337 115378
room FR941206-1-00134 1 115339
northeast FR941206-1-00134 1 115342
mall FR941206-1-00134 1 115343
street FR941206-1-00134 1 115347
sw FR941206-1-00134 1 115349
contact FR941206-1-00134 1 115359
susan FR941206-1-00134 1 115361
hazen FR941206-1-00134 1 115362
director FR941206-1-00134 1 115364
division FR941206-1-00134 1 115368
7408 FR941206-1-00134 1 115370
rm FR941206-1-00134 1 115380
e543b FR941206-1-00134 1 115382
tdd FR941206-1-00134 1 115406
5540551 FR941206-1-00134 1 115411
fax FR941206-1-00134 1 115413
5545603 FR941206-1-00134 1 115418
requests FR941206-1-00134 1 115421
supplementary FR941206-1-00134 1 115425
authorize FR941206-1-00134 2 115476 115620
terms FR941206-1-00134 2 115506 115819
conditions FR941206-1-00134 2 115508 115821
including FR941206-1-00134 1 115510
recordkeeping FR941206-1-00134 1 115511
granting FR941206-1-00134 1 115517
i. FR941206-1-00134 1 115521
background FR941206-1-00134 1 115522
a. FR941206-1-00134 1 115523
statutory FR941206-1-00134 1 115524
usc FR941206-1-00134 2 115535 115796
2605 FR941206-1-00134 2 115536 115797
generally FR941206-1-00134 1 115541
prohibits FR941206-1-00134 2 115542 115655
permitted FR941206-1-00134 1 115571
while FR941206-1-00134 1 115573
manner FR941206-1-00134 2 115594 115600
sold FR941206-1-00134 1 115677
resale FR941206-1-00134 1 115682
person FR941206-1-00134 1 115700
petition FR941206-1-00134 1 115702
i FR941206-1-00134 2 115739 115808
would FR941206-1-00134 1 115751
good FR941206-1-00134 1 115759
faith FR941206-1-00134 1 115760
efforts FR941206-1-00134 1 115761
made FR941206-1-00134 1 115764
develop FR941206-1-00134 1 115766
substance FR941206-1-00134 1 115769
substituted FR941206-1-00134 1 115788
biphenyl FR941206-1-00134 1 115792
year FR941206-1-00134 1 115835
also FR941206-1-00134 1 115845
authorizes FR941206-1-00134 2 115846 115878
regulate FR941206-1-00134 1 115849
consistent FR941206-1-00134 1 115854
provisions FR941206-1-00134 1 115857
issued FR941206-1-00134 1 115874
regulation FR941206-1-00134 1 115876
import FR941206-1-00134 1 115880
currently FR941206-1-00134 1 115896
imported FR941206-1-00134 1 115900
pursuant FR941206-1-00134 1 115903
granted FR941206-1-00134 1 115907
upon FR941206-1-00134 1 115911
criteria FR941206-1-00134 1 115913
discussed FR941206-1-00134 1 115914
b. FR941206-1-00134 1 115917
's FR941206-1-00134 1 115921
interim FR941206-1-00134 1 115922
procedural FR941206-1-00134 1 115923
rules FR941206-1-00134 2 115924 115963
describes FR941206-1-00134 1 115935
rulemaking FR941206-1-00134 1 115957
those FR941206-1-00134 1 115962
codified FR941206-1-00134 1 115965
750.10 FR941206-1-00134 1 115969
through FR941206-1-00134 1 115970
750.41 FR941206-1-00134 1 115971
