certifications FR941206-1-00134 1 42115
and/or FR941206-1-00134 3 42116 45866 46690
other FR941206-1-00134 15 42117 42696 42707 42864 43294 43625 44121 44726 45164 45459 46208 46416 46576 46772 46921
data FR941206-1-00134 1 42118
that FR941206-1-00134 71 42119 42171 42229 42257 42336 42355 42367 42378 42403 42665 42674 42699 42783 42855 43042 43065 43083 43087 43118 43166 43229 43248 43371 43388 43465 43531 43573 43592 43615 43725 43784 43799 43814 43829 43845 43877 43909 43914 44028 44047 44426 44433 44471 44534 44552 44574 44634 44691 44856 45071 45218 45288 45320 45539 45768 45786 45816 45914 45929 45950 46085 46087 46131 46163 46292 46347 46403 46660 46814 46905 47112
would FR941206-1-00134 30 42120 42221 42313 42813 42823 43577 43695 43772 43849 43975 44016 44049 44167 44696 44799 45089 45095 45375 45420 45436 45492 45554 45599 45652 45681 45725 45763 45799 46641 46716
indicate FR941206-1-00134 1 42121
or FR941206-1-00134 66 42122 42241 42272 42411 42513 42695 42706 42779 42787 42863 42901 42913 42926 42935 42953 43172 43180 43194 43285 43523 43624 43722 43802 43863 43946 43969 44078 44161 44227 44245 44389 44430 44551 44827 45023 45048 45130 45193 45199 45206 45255 45352 45392 45449 45485 45529 45672 45706 45709 45780 45820 45832 45920 46058 46091 46334 46460 46480 46580 46594 46607 46731 46849 47009 47101 47115
impact FR941206-1-00134 1 42123
pcb FR941206-1-00134 59 42124 42143 42558 42585 42675 42820 43262 43278 43329 43426 43430 43510 43541 43626 43709 43807 43855 43922 43933 44065 44203 44262 44347 44401 44409 44428 44431 44478 44496 44572 44645 44670 44745 44766 44899 44974 45034 45216 45345 45368 45384 45418 45525 45528 45534 45537 45565 45779 45784 45825 46027 46089 46092 46203 46216 46325 46328 46335 46651
concentration FR941206-1-00134 6 42125 42464 43519 43718 43942 44074
. FR941206-1-00134 137 42126 42145 42191 42216 42274 42309 42375 42413 42451 42473 42515 42543 42584 42632 42684 42702 42723 42751 42767 42794 42844 42871 42922 42968 43016 43054 43076 43103 43205 43210 43267 43316 43378 43401 43453 43525 43566 43584 43639 43663 43689 43734 43747 43776 43796 43824 43841 43873 43903 43929 43972 44003 44024 44044 44080 44104 44150 44230 44250 44276 44299 44320 44353 44399 44405 44414 44459 44485 44525 44563 44601 44626 44663 44681 44719 44753 44768 44809 44837 44879 44948 45100 45125 45141 45166 45187 45210 45243 45270 45302 45367 45408 45430 45490 45536 45594 45626 45648 45675 45696 45719 45735 45759 45783 45813 45842 45859 45873 45908 45944 45984 46015 46060 46062 46073 46111 46181 46247 46277 46287 46308 46344 46397 46496 46519 46599 46601 46618 46683 46700 46768 46793 46887 46920 47036 47052 47121
generally FR941206-1-00134 4 42127 42713 42799 43379
, FR941206-1-00134 214 42128 42148 42164 42197 42219 42243 42277 42290 42302 42305 42361 42423 42434 42444 42453 42476 42546 42556 42571 42641 42666 42672 42735 42738 42741 42744 42747 42776 42778 42786 42805 42883 42931 42938 42952 42961 42999 43079 43124 43169 43171 43189 43212 43239 43246 43277 43287 43290 43291 43326 43334 43358 43361 43380 43418 43428 43437 43461 43468 43470 43483 43488 43528 43540 43543 43545 43586 43609 43632 43666 43693 43737 43765 43826 43859 43862 43887 43905 43979 43995 44009 44082 44124 44166 44193 44208 44211 44224 44252 44266 44281 44322 44343 44357 44461 44487 44586 44593 44631 44633 44721 44771 44774 44787 44855 44876 44928 44943 44946 44965 44968 45083 45111 45115 45129 45136 45171 45177 45179 45182 45185 45189 45203 45232 45274 45304 45324 45363 45391 45401 45411 45448 45464 45475 45487 45495 45502 45514 45522 45592 45737 45741 45794 45925 45963 45970 46000 46023 46029 46040 46045 46066 46133 46159 46162 46183 46185 46194 46205 46221 46223 46225 46228 46230 46289 46310 46359 46361 46363 46371 46387 46409 46433 46459 46503 46531 46536 46554 46571 46575 46582 46611 46621 46623 46633 46646 46649 46678 46688 46705 46730 46734 46736 46743 46752 46759 46786 46802 46813 46870 46903 46911 46946 46970 47008 47011 47032 47054 47059 47068 47083 47093 47100 47127
commenters FR941206-1-00134 12 42129 42353 43075 43081 43381 43779 44026 44231 44880 46769 46889 46922
expressed FR941206-1-00134 1 42130
support FR941206-1-00134 2 42131 44234
for FR941206-1-00134 131 42132 42303 42489 42532 42544 42551 42680 42878 42942 42979 43032 43095 43122 43141 43230 43292 43458 43503 43735 43821 43958 43964 44215 44235 44412 44436 44483 44507 44544 44598 44624 44647 44650 44657 44694 44728 44751 44759 44763 44772 44819 44850 44863 44890 44905 44913 44918 44939 44966 44982 44984 45054 45077 45120 45158 45160 45260 45267 45280 45284 45315 45335 45373 45406 45414 45446 45468 45483 45510 45545 45547 45575 45587 45623 45628 45639 45690 45722 45733 45776 45808 45838 45869 45871 45895 45906 45942 45955 45966 45991 45998 46024 46038 46050 46069 46149 46160 46179 46188 46207 46243 46245 46261 46345 46364 46383 46394 46407 46411 46420 46428 46488 46517 46539 46562 46614 46636 46647 46680 46692 46721 46755 46774 46789 46893 46967 46992 47034 47056 47062 47124
epa FR941206-1-00134 51 42133 42379 42424 42477 43004 43017 43125 43213 43362 43419 43462 43529 43567 43610 43667 43694 43797 43827 43875 43897 43906 44045 44083 44125 44282 44300 44326 44358 44415 44488 44567 44628 44722 44838 45102 45305 45500 45697 45736 45814 46001 46074 46112 46127 46248 46311 46398 46624 46701 46927 47037
's FR941206-1-00134 9 42134 42317 44007 44012 44301 44327 44568 45891 46128
effort FR941206-1-00134 2 42135 46841
to FR941206-1-00134 157 42136 42169 42182 42187 42192 42202 42224 42235 42255 42300 42324 42343 42348 42373 42386 42428 42442 42466 42468 42481 42497 42507 42549 42562 42589 42653 42762 42810 42815 42818 42826 42905 43040 43063 43109 43128 43177 43216 43219 43244 43259 43265 43392 43421 43454 43477 43535 43562 43581 43589 43613 43648 43670 43702 43780 43834 43918 44018 44086 44096 44116 44140 44145 44158 44171 44187 44212 44242 44271 44287 44292 44308 44312 44340 44360 44369 44386 44394 44518 44570 44581 44594 44615 44687 44700 44733 44737 44744 44821 44841 44931 44935 44990 45086 45097 45134 45151 45251 45265 45291 45308 45312 45377 45422 45503 45542 45556 45602 45607 45617 45655 45669 45683 45714 45727 45746 45750 45789 45803 45836 45850 45879 45900 45935 45961 46055 46076 46115 46124 46198 46211 46252 46282 46302 46314 46331 46338 46401 46500 46504 46524 46558 46667 46744 46761 46765 46783 46820 46936 46939 46949 46956 47047 47073 47078 47087 47104
clarify FR941206-1-00134 4 42137 42194 46077 46402
the FR941206-1-00134 284 42138 42149 42198 42204 42210 42258 42282 42293 42315 42325 42359 42362 42404 42415 42446 42463 42516 42539 42552 42608 42613 42643 42646 42655 42660 42685 42807 42827 42836 42845 42852 42907 42914 42918 42933 42982 43021 43025 43030 43033 43043 43084 43105 43112 43115 43130 43151 43257 43366 43369 43386 43394 43403 43442 43456 43466 43475 43479 43484 43490 43494 43499 43536 43563 43571 43593 43598 43622 43636 43640 43656 43679 43682 43687 43698 43704 43744 43751 43758 43762 43770 43781 43785 43800 43878 43881 43885 43888 43915 43920 43927 43973 43993 44010 44022 44029 44035 44056 44141 44146 44152 44172 44194 44201 44216 44237 44260 44272 44289 44317 44330 44363 44370 44384 44450 44469 44473 44520 44532 44535 44557 44561 44618 44642 44651 44688 44710 44717 44738 44761 44843 44848 44919 44994 45029 45118 45132 45147 45155 45240 45244 45292 45297 45300 45342 45356 45360 45381 45383 45394 45398 45412 45438 45440 45450 45454 45458 45469 45473 45477 45479 45507 45511 45524 45533 45561 45564 45572 45576 45580 45591 45608 45618 45621 45632 45637 45641 45658 45664 45673 45687 45702 45715 45729 45747 45756 45766 45773 45806 45843 45854 45857 45863 45867 45880 45884 45901 45915 45945 45962 45973 45978 45996 46012 46021 46031 46036 46041 46047 46053 46056 46065 46078 46102 46104 46117 46132 46137 46140 46164 46173 46184 46213 46233 46241 46254 46305 46316 46360 46366 46369 46374 46388 46404 46408 46425 46445 46447 46450 46455 46461 46463 46466 46471 46476 46482 46520 46528 46533 46548 46559 46610 46620 46632 46673 46710 46718 46722 46726 46732 46738 46741 46751 46766 46785 46838 46854 46862 46891 46897 46913 46926 46951 46986 46990 47000 47006 47013 47017 47031 47058 47082 47094 47106
existing FR941206-1-00134 4 42139 42983 44318 44548
definition FR941206-1-00134 6 42140 42151 42196 42226 42321 42360
of FR941206-1-00134 164 42141 42152 42285 42295 42329 42357 42417 42455 42471 42491 42605 42607 42645 42692 42709 42726 42729 42867 42886 42917 43009 43035 43048 43101 43158 43206 43233 43270 43282 43385 43398 43425 43444 43474 43486 43493 43508 43520 43556 43607 43618 43651 43658 43661 43681 43706 43708 43719 43769 43787 43804 43838 43884 43890 43943 43962 43983 43999 44054 44058 44061 44063 44075 44163 44207 44218 44247 44325 44332 44365 44391 44408 44445 44475 44493 44547 44584 44592 44612 44644 44653 44660 44712 44714 44725 44765 44782 44789 44814 44852 44884 44923 44959 44962 44970 44987 45032 45068 45169 45195 45215 45238 45299 45338 45350 45359 45389 45397 45416 45453 45472 45498 45506 45517 45532 45559 45590 45620 45631 45678 45693 45704 45755 45778 45805 45824 45856 45889 45917 45928 45931 45947 46011 46030 46033 46035 46043 46052 46064 46097 46145 46192 46215 46258 46263 46274 46351 46379 46390 46452 46468 46550 46609 46631 46675 46707 46712 46837 46856 46901 46915 47005 47090 47096
a FR941206-1-00134 88 42142 42172 42231 42483 42492 42521 42575 42621 42649 42803 42833 42842 42963 43000 43175 43196 43231 43303 43410 43449 43509 43518 43582 43659 43717 43730 43738 43741 43766 43777 43818 43846 43870 43891 43941 43989 43997 44005 44042 44059 44064 44073 44099 44132 44366 44377 44424 44477 44512 44701 44812 44825 44882 44924 44936 44985 45204 45336 45344 45465 45515 45548 45584 45676 45691 45752 45847 45887 45910 45937 46083 46088 46122 46157 46296 46321 46494 46713 46824 46877 46944 46960 46982 47050 47075 47088 47097 47110
transformer FR941206-1-00134 12 42144 42173 42232 42251 42259 42405 42656 42676 43623 44995 46370 46375
in FR941206-1-00134 89 42146 42177 42217 42327 42449 42474 42547 42757 42765 42944 42962 43020 43077 43164 43190 43195 43300 43302 43348 43354 43365 43396 43498 43506 43526 43570 43587 43621 43630 43635 43678 43690 43729 43757 43926 43988 44034 44107 44114 44185 44199 44277 44303 44350 44354 44468 44505 44596 44622 44679 44685 44697 44817 44828 44861 44872 44886 44980 45020 45028 45137 45219 45223 45258 45271 45278 45286 45317 45328 45409 45578 45605 45712 45731 45738 45852 45877 46005 46256 46271 46285 46454 46493 46527 46564 46619 46644 46724 46896
addition FR941206-1-00134 7 42147 42218 42475 43527 44186 45410 45713
current FR941206-1-00134 5 42150 42553 42736 43275 44290
pcbcontaminated FR941206-1-00134 14 42153 42184 42345 42395 42971 42974 43037 43089 43143 43432 43860 44499 45530 45781
electrical FR941206-1-00134 20 42154 42162 42392 42396 42456 42697 42711 42869 42929 42975 43038 43090 43144 43790 44549 44661 44815 44933 45046 45932
equipment FR941206-1-00134 60 42155 42163 42393 42397 42447 42457 42698 42712 42730 42870 42919 42930 42976 43039 43044 43091 43145 43149 43240 43258 43537 43791 43823 43840 43886 43963 43994 44002 44521 44536 44619 44646 44791 44816 44854 44964 45094 45217 45241 45245 45441 45474 45480 45724 45730 45782 45785 45826 45841 45858 45890 45918 45933 45949 45979 46037 46054 46141 46165 46174
at FR941206-1-00134 26 42156 42238 42261 42269 42408 42510 42518 42593 42830 42839 42985 43133 43407 44039 44180 44296 44374 44419 44553 45380 45686 46080 46119 46318 46509 46823
761.3 FR941206-1-00134 3 42157 42811 43349
which FR941206-1-00134 25 42158 42227 42435 43227 43478 43676 44640 44672 44729 44747 44887 44914 45056 45146 45294 45579 46195 46514 46603 46708 46715 46725 46747 46775 46861
includes FR941206-1-00134 1 42159
`` FR941206-1-00134 15 42160 42206 42212 42230 42791 44344 44504 44541 44599 44621 45261 45277 45830 46324 46332
oilfilled FR941206-1-00134 2 42161 42391
'' FR941206-1-00134 15 42165 42208 42215 42275 42793 44349 44509 44543 44602 44627 45263 45282 45835 46330 46337
has FR941206-1-00134 8 42166 42669 43451 44489 45131 45951 46281 47038
been FR941206-1-00134 7 42167 42564 42591 44490 44502 45073 45952
misinterpreted FR941206-1-00134 1 42168
mean FR941206-1-00134 1 42170
with FR941206-1-00134 25 42174 42265 42538 42566 42612 42774 43280 43402 43517 43553 43716 43869 43932 43940 43950 44072 44120 44397 44847 45330 45424 46694 46853 46876 46974
any FR941206-1-00134 18 42175 42262 43504 43616 43910 43930 44427 44706 44806 45417 45518 45662 45804 45926 46415 46543 46587 46595
oil FR941206-1-00134 9 42176 42213 42250 42279 42338 42494 42775 46220 46367
it FR941206-1-00134 15 42178 42245 42399 42634 43603 44284 44453 44515 44564 44858 44865 44870 45142 45975 46153
could FR941206-1-00134 11 42179 42789 42856 42875 42902 42939 43119 44522 44576 45079 45980
be FR941206-1-00134 72 42180 42183 42222 42344 42370 42600 42637 42772 42790 42816 42819 42824 42857 42903 42940 42995 43120 43242 43298 43352 43373 43390 43496 43559 43578 43633 43774 43793 43811 43850 43924 44019 44032 44050 44138 44336 44395 44439 44481 44523 44578 44590 44801 44822 44866 45043 45081 45090 45098 45228 45247 45257 45378 45493 45543 45557 45600 45653 45684 45726 45770 45801 45923 45959 45982 46018 46095 46168 46283 46642 46781 46866
assumed FR941206-1-00134 7 42181 42234 42342 42389 42496 42588 42817
( FR941206-1-00134 94 42185 42331 42346 42520 42523 42526 42572 42574 42577 42580 42618 42620 42623 42626 42629 42639 42832 42841 42881 42889 42891 42894 42897 42909 42987 42990 43135 43138 43183 43201 43221 43224 43307 43309 43312 43320 43323 43345 43356 43409 43412 43415 43512 43538 43711 43857 43935 44041 44067 44093 44098 44101 44131 44134 44175 44220 44376 44379 44423 44874 44895 44926 44951 44997 45016 45037 45063 45175 45201 45332 45527 45792 46082 46121 46151 46320 46385 46413 46430 46437 46440 46541 46798 46807 46828 46844 46868 46899 46931 46964 46978 46996 47027 47049
50 FR941206-1-00134 10 42186 42347 43283 43343 43521 43720 43944 44076 45796 46512
499 FR941206-1-00134 2 42188 42349
ppm FR941206-1-00134 16 42189 42240 42271 42350 42410 42502 42512 42597 43284 43344 43522 43721 43945 44077 45797 46513
) FR941206-1-00134 92 42190 42335 42351 42522 42525 42528 42576 42579 42582 42583 42622 42625 42628 42631 42664 42834 42843 42893 42896 42899 42900 42912 42989 42992 43137 43140 43188 43209 43223 43226 43311 43314 43315 43322 43325 43350 43360 43411 43414 43417 43516 43549 43715 43866 43939 44043 44071 44095 44100 44103 44133 44136 44177 44226 44378 44381 44425 44878 44897 44949 44953 44999 45018 45039 45065 45188 45209 45334 45531 45798 46084 46123 46170 46322 46396 46419 46439 46442 46443 46553 46800 46810 46830 46846 46886 46919 46933 46966 46980 46998 47029 47051
further FR941206-1-00134 5 42193 43260 44323 44486 45295
this FR941206-1-00134 29 42195 42225 42311 42320 42667 42727 43148 43207 43574 43643 43691 44001 44048 44088 44191 44297 44305 44351 44355 44526 44603 44790 44853 45126 45860 46275 46279 46293 46497
agency FR941206-1-00134 9 42199 42316 42363 42686 42846 43026 44195 45148 47018
is FR941206-1-00134 63 42200 42233 42246 42425 42448 42478 42677 42687 42847 42977 43045 43050 43126 43254 43463 43595 43611 43647 43668 43816 43907 44084 44285 44307 44464 44516 44528 44537 44620 44629 44723 44831 44839 44859 44892 44916 45123 45143 45149 45306 45365 45461 45582 45742 45787 45903 45912 45939 46106 46113 46142 46154 46175 46237 46249 46294 46312 46376 46444 46474 46484 46728 47043
proposing FR941206-1-00134 14 42201 42427 42480 43127 43464 43612 43908 44085 44840 45307 46114 46251 46313 47044
add FR941206-1-00134 3 42203 43217 45309
word FR941206-1-00134 1 42205
mineral FR941206-1-00134 5 42207 42249 42278 42337 42493
before FR941206-1-00134 2 42209 43289
words FR941206-1-00134 1 42211
filled FR941206-1-00134 4 42214 42307 42339 42773
language FR941206-1-00134 4 42220 43218 46118 46317
added FR941206-1-00134 2 42223 42323
states FR941206-1-00134 7 42228 43228 46086 46427 46458 46479 46561
contain FR941206-1-00134 4 42236 42498 42508 42784
pcbs FR941206-1-00134 27 42237 42268 42407 42459 42503 42509 42598 42701 42785 43159 43273 44165 44249 44393 44616 45196 46333 46421 46448 46464 46502 46508 46525 46552 46584 46863 46883
500 FR941206-1-00134 6 42239 42270 42409 42501 42511 42596
greater FR941206-1-00134 10 42242 42273 42412 42514 43286 43524 43723 43947 44079 46264
if FR941206-1-00134 12 42244 42633 42954 44676 44869 45066 45457 45488 46470 46481 46737 47016
an FR941206-1-00134 23 42247 42945 43006 43191 43900 43984 44051 44778 44795 45318 45499 45588 45597 45629 45645 45761 46009 46235 46565 46605 46629 46763 46941
untested FR941206-1-00134 1 42248
and FR941206-1-00134 87 42252 42657 42718 42748 42822 42835 42993 43049 43060 43111 43114 43160 43335 43338 43431 43434 43471 43489 43546 43550 43684 43743 43753 43813 44311 44443 44498 44587 44608 44668 44716 44740 44834 44903 44909 44912 44972 44992 45001 45007 45011 45051 45062 45092 45107 45162 45225 45230 45326 45402 45427 45476 45523 45569 45661 45818 45822 45897 45968 46046 46071 46147 46190 46206 46299 46327 46368 46381 46414 46434 46555 46583 46616 46638 46672 46757 46760 46791 46811 46843 46884 46912 46955 47026 47042 47064 47109
reasons FR941206-1-00134 2 42253 44758
exist FR941206-1-00134 1 42254
believe FR941206-1-00134 2 42256 46777
was FR941206-1-00134 15 42260 42322 42394 42400 42958 43481 43727 44454 44565 45321 45347 45442 45481 45882 45976
time FR941206-1-00134 19 42263 42292 44298 44476 44513 44797 45156 45382 45885 45964 46067 46186 46612 46634 46753 46787 47060 47084 47103
serviced FR941206-1-00134 1 42264
fluid FR941206-1-00134 2 42266 42888
containing FR941206-1-00134 4 42267 42458 46507 46881
historically FR941206-1-00134 1 42276
transformers FR941206-1-00134 35 42280 42287 42297 42308 42340 42440 42495 42535 42559 42586 42694 42705 42734 42737 42740 42743 42746 42750 42754 42770 42798 42821 42862 42925 42972 43333 43433 43683 43752 43861 44497 44500 44770 44975 46346
encompassed FR941206-1-00134 1 42281
vast FR941206-1-00134 1 42283
majority FR941206-1-00134 1 42284
nonl FR941206-1-00134 2 42286 42296
; FR941206-1-00134 16 42288 43342 44209 44950 44996 45015 45036 45061 46654 46671 46827 46842 46963 46977 46995 47025
however FR941206-1-00134 7 42289 43585 43825 44251 44460 44632 46288
over FR941206-1-00134 1 42291
types FR941206-1-00134 4 42294 42708 42866 45168
have FR941206-1-00134 16 42298 42419 42563 42590 42716 42802 42814 44017 44501 44777 45096 45235 45376 45421 45555 45682
expanded FR941206-1-00134 2 42299 42904
include FR941206-1-00134 9 42301 42906 43880 45437 45636 45846 45862 46505 47067
example FR941206-1-00134 7 42304 42545 43736 44773 44967 46161 46648
silicone FR941206-1-00134 1 42306
adding FR941206-1-00134 2 42310 44091
clarification FR941206-1-00134 2 42312 46063
reestablish FR941206-1-00134 1 42314
intent FR941206-1-00134 5 42318 43641 44569 45237 46130
when FR941206-1-00134 10 42319 42398 43011 43724 44452 44514 46139 46152 46172 46373
regulation FR941206-1-00134 1 42326
august FR941206-1-00134 1 42328
1982 FR941206-1-00134 1 42330
46 FR941206-1-00134 1 42332
fr FR941206-1-00134 1 42333
37342 FR941206-1-00134 1 42334
are FR941206-1-00134 27 42341 42719 42731 43014 43167 43832 43867 44434 44636 44665 44673 44731 44748 44755 44901 45057 45113 45222 45289 45540 46196 46348 46354 46515 46908 47070 47118
some FR941206-1-00134 8 42352 42724 43956 44253 44554 44898 45033 45252
suggested FR941206-1-00134 5 42354 43783 44254 44690 46291
instead FR941206-1-00134 1 42356
amending FR941206-1-00134 2 42358 43029
should FR941206-1-00134 13 42364 42380 42460 43027 43241 43792 43809 43894 43954 44137 44589 45845 46780
consider FR941206-1-00134 3 42365 42461 43028
requiring FR941206-1-00134 1 42366
these FR941206-1-00134 21 42368 42703 42752 42796 42860 43376 43399 44279 44294 44664 44978 45104 45144 45233 45275 45434 45679 46259 46551 46794 47040
units FR941206-1-00134 6 42369 43066 43187 44979 45276 45990
tested FR941206-1-00134 1 42371
prior FR941206-1-00134 9 42372 42441 42465 43264 44989 45250 45264 45616 45934
disposal FR941206-1-00134 44 42374 42443 42467 42837 42853 42873 42943 42957 42980 43010 43034 43131 43162 43199 43266 43424 43460 43653 43837 43902 44437 44607 45969 46072 46150 46180 46191 46246 46384 46395 46412 46429 46472 46518 46563 46617 46639 46676 46758 46792 46850 47065 47091 47116
others FR941206-1-00134 2 42376 44268
commented FR941206-1-00134 1 42377
provide FR941206-1-00134 5 42381 44117 44213 44309 45504
immunity FR941206-1-00134 1 42382
from FR941206-1-00134 25 42383 42486 42648 42759 43256 43597 43686 43898 44155 44441 44449 44709 44742 45075 45341 45355 45571 45893 46101 46201 46323 46392 46547 46568 46860
enforcement FR941206-1-00134 2 42384 42487
action FR941206-1-00134 4 42385 42488 46598 46834
owners FR941206-1-00134 5 42387 42454 44969 45198 45817
who FR941206-1-00134 2 42388 43440
their FR941206-1-00134 5 42390 42872 44582 45173 45828
later FR941206-1-00134 5 42401 42505 45366 45612 46358
determined FR941206-1-00134 3 42402 45977 46155
contained FR941206-1-00134 1 42406
while FR941206-1-00134 6 42414 42445 43317 44267 44617 45994
costs FR941206-1-00134 1 42416
testing FR941206-1-00134 2 42418 42439
decreased FR941206-1-00134 1 42420
since FR941206-1-00134 4 42421 42795 43852 44769
1979 FR941206-1-00134 1 42422
not FR941206-1-00134 36 42426 42437 42479 42636 42678 42715 42720 42801 43051 43071 43234 43696 43773 43810 43853 43895 43948 44566 44577 44800 45058 45080 45227 45322 45462 45800 45922 45981 46167 46171 46250 46295 46355 46865 47020 47071
change FR941206-1-00134 5 42429 44106 44288 44361 46315
its FR941206-1-00134 4 42430 43551 44197 45898
long FR941206-1-00134 2 42431 43749
standing FR941206-1-00134 1 42432
policy FR941206-1-00134 9 42433 44113 44206 44265 44291 44319 45122 46498 46521
does FR941206-1-00134 2 42436 47019
require FR941206-1-00134 9 42438 43614 43671 43697 43976 45004 46748 46815 46972
use FR941206-1-00134 13 42450 42490 42540 42554 42681 42828 44703 44873 44908 45471 45509 46540 46981
nonetheless FR941206-1-00134 1 42452
verifying FR941206-1-00134 1 42462
avoid FR941206-1-00134 2 42469 43590
violations FR941206-1-00134 1 42470
tsca FR941206-1-00134 5 42472 43197 44202 44261 46593
issue FR941206-1-00134 2 42482 44192
blanket FR941206-1-00134 1 42484
exemption FR941206-1-00134 2 42485 45708
less FR941206-1-00134 5 42499 42594 42955 43235 46510
than FR941206-1-00134 15 42500 42595 43236 43295 44784 45197 45551 45613 46265 46490 46511 46664 46750 46817 46985
but FR941206-1-00134 3 42504 46353 47069
found FR941206-1-00134 2 42506 44337
regulations FR941206-1-00134 8 42517 42984 43031 44416 44470 45429 45749 46935
761.30 FR941206-1-00134 5 42519 42573 42619 42683 42831
1 FR941206-1-00134 19 42524 42578 42624 43313 43324 44135 44159 44243 44380 44387 44404 44447 44896 46099 46266 46665 46799 46818 46932
xv FR941206-1-00134 2 42527 42627
currently FR941206-1-00134 5 42529 44463 45743 46182 46278
describe FR941206-1-00134 1 42530
procedures FR941206-1-00134 3 42531 45758 46689
bringing FR941206-1-00134 1 42533
such FR941206-1-00134 20 42534 42768 42923 43057 43331 43445 43665 43822 43839 43966 43980 44811 45760 45936 46006 46218 46655 46695 46803 46871
into FR941206-1-00134 10 42536 44457 45109 45371 45404 45444 46109 46177 46240 46424
compliance FR941206-1-00134 4 42537 43552 45329 46973
authorization FR941206-1-00134 2 42541 42555
provisions FR941206-1-00134 3 42542 45711 46014
order FR941206-1-00134 3 42548 43588 46590
qualify FR941206-1-00134 1 42550
all FR941206-1-00134 6 42557 43854 44960 45425 45649 46341
were FR941206-1-00134 10 42560 43067 43070 43093 43382 43755 44678 44871 45386 46697
required FR941206-1-00134 5 42561 42614 45432 45494 45601
registered FR941206-1-00134 4 42565 42601 42650 43173
fire FR941206-1-00134 3 42567 42615 42661
response FR941206-1-00134 8 42568 42616 42662 44148 44239 44372 44686 45878
personnel FR941206-1-00134 3 42569 42617 42663
by FR941206-1-00134 21 42570 42642 42659 43003 43074 43146 43174 43438 43447 44090 44258 44338 44382 45153 45172 45657 45772 46020 46026 46156 46532
vi FR941206-1-00134 1 42581
erroneously FR941206-1-00134 1 42587
contaminated FR941206-1-00134 1 42592
must FR941206-1-00134 5 42599 44956 45635 46017 46094
within FR941206-1-00134 5 42602 44446 46098 46304 47022
30 FR941206-1-00134 1 42603
days FR941206-1-00134 3 42604 46492 47024
discovery FR941206-1-00134 1 42606
actual FR941206-1-00134 1 42609
contamination FR941206-1-00134 1 42610
level FR941206-1-00134 1 42611
d FR941206-1-00134 1 42630
can FR941206-1-00134 9 42635 42755 42771 44335 44775 45919 45921 46166 46864
demonstrated FR941206-1-00134 2 42638 47076
eg FR941206-1-00134 7 42640 42882 43357 43539 43858 45176 45202
production FR941206-1-00134 1 42644
receipt FR941206-1-00134 2 42647 46034
letter FR941206-1-00134 2 42651 46983
used FR941206-1-00134 5 42652 43094 44823 46197 46210
register FR941206-1-00134 1 42654
signed FR941206-1-00134 1 42658
registration FR941206-1-00134 1 42668
taken FR941206-1-00134 7 42670 45348 45387 46143 46349 46377 46537
place FR941206-1-00134 1 42671
then FR941206-1-00134 1 42673
authorized FR941206-1-00134 2 42679 42941
under FR941206-1-00134 11 42682 42806 42950 42981 43150 43274 43318 44178 44531 46586 46592
seeking FR941206-1-00134 4 42688 43669 44188 45150
information FR941206-1-00134 5 42689 43086 43533 43673 45431
regarding FR941206-1-00134 3 42690 42851 44329
numbers FR941206-1-00134 2 42691 43953
small FR941206-1-00134 15 42693 42704 42710 42753 42769 42797 42861 42868 42879 42924 42928 43514 43713 43937 44069
contains FR941206-1-00134 1 42700
do FR941206-1-00134 3 42714 42800 45603
nameplates FR941206-1-00134 1 42717
easily FR941206-1-00134 2 42721 44776
sampled FR941206-1-00134 1 42722
examples FR941206-1-00134 1 42725
type FR941206-1-00134 2 42728 46042
: FR941206-1-00134 5 42732 44894 46797 46930 47074
potential FR941206-1-00134 7 42733 43107 43457 44735 44844 45133 45508
instrument FR941206-1-00134 1 42739
grounding FR941206-1-00134 1 42742
voltage FR941206-1-00134 2 42745 43340
ignition FR941206-1-00134 1 42749
range FR941206-1-00134 1 42756
size FR941206-1-00134 4 42758 42908 42934 44910
several FR941206-1-00134 6 42760 42763 44025 45992 46703 47045
inches FR941206-1-00134 1 42761
feet FR941206-1-00134 1 42764
height FR941206-1-00134 1 42766
epoxy FR941206-1-00134 1 42777
tarlike FR941206-1-00134 1 42780
potting FR941206-1-00134 1 42781
compounds FR941206-1-00134 1 42782
they FR941206-1-00134 4 42788 42812 44677 46776
dry FR941206-1-00134 1 42792
nameplate FR941206-1-00134 1 42804
proposed FR941206-1-00134 9 42808 43152 43404 43599 43644 45716 45811 46270 46435
amendment FR941206-1-00134 1 42809
subject FR941206-1-00134 4 42825 45654 45802 45960
requirements FR941206-1-00134 12 42829 42838 42854 42874 43132 44038 44154 44403 44911 46418 46851 47117
761.60 FR941206-1-00134 5 42840 42890 42986 43134 43220
also FR941206-1-00134 9 42848 43214 45042 45698 46399 46522 46698 46770 46971
soliciting FR941206-1-00134 1 42849
comments FR941206-1-00134 9 42850 43019 44127 44189 44683 46290 46626 46684 46704
imposed FR941206-1-00134 2 42858 43579
on FR941206-1-00134 21 42859 43023 43368 43375 43561 43674 43992 44021 44128 44190 45433 45644 45701 45972 46136 46232 46627 46685 46925 46943 46959
similar FR941206-1-00134 2 42865 42927
resemble FR941206-1-00134 1 42876
those FR941206-1-00134 3 42877 43439 43960
capacitors FR941206-1-00134 10 42880 43341 43436 43515 43685 43714 43754 43865 43938 44070
3 FR941206-1-00134 10 42884 44998 45339 45353 45552 45694 46441 46600 46845 46979
pounds FR941206-1-00134 2 42885 44157
dielectric FR941206-1-00134 1 42887
b FR941206-1-00134 6 42892 42988 43136 43222 45333 46438
2 FR941206-1-00134 7 42895 43413 44102 44952 46061 46829 46965
ii FR941206-1-00134 1 42898
physical FR941206-1-00134 1 42910
dimensions FR941206-1-00134 1 42911
total FR941206-1-00134 1 42915
weight FR941206-1-00134 2 42916 42936
as FR941206-1-00134 26 42920 43005 43058 43249 43252 43332 43346 43664 43748 43750 43761 43967 43981 43996 44540 44655 44675 44824 44868 46008 46219 46269 46656 46804 46872 46989
well FR941206-1-00134 3 42921 43072 44510
meeting FR941206-1-00134 1 42932
conditions FR941206-1-00134 3 42937 43013 45663
approved FR941206-1-00134 3 42946 43198 46566
chemical FR941206-1-00134 1 42947
waste FR941206-1-00134 7 42948 42966 46280 46483 46822 46953 47126
landfill FR941206-1-00134 2 42949 42967
761.75 FR941206-1-00134 1 42951
stringent FR941206-1-00134 1 42956
deemed FR941206-1-00134 1 42959
protective FR941206-1-00134 1 42960
municipal FR941206-1-00134 2 42964 43179
solid FR941206-1-00134 2 42965 46878
d. FR941206-1-00134 1 42969
drained FR941206-1-00134 7 42970 42973 43036 43069 43088 43142 46356
unregulated FR941206-1-00134 1 42978
4 FR941206-1-00134 6 42991 43139 43225 44223 45017 46997
may FR941206-1-00134 14 42994 43297 43351 44222 44480 45026 45041 45226 45246 45256 45861 45988 46300 46661
salvaged FR941206-1-00134 2 42996 43121
through FR941206-1-00134 1 42997
smelting FR941206-1-00134 1 42998
process FR941206-1-00134 4 43001 46821 46988 47108
recognized FR941206-1-00134 1 43002
acceptable FR941206-1-00134 2 43007 46669
form FR941206-1-00134 2 43008 44938
certain FR941206-1-00134 5 43012 44954 45167 46501 46857
met FR941206-1-00134 1 43015
solicited FR941206-1-00134 3 43018 44126 46625
anprm FR941206-1-00134 8 43022 43367 43572 43782 44689 45881 46622 46898
whether FR941206-1-00134 4 43024 44129 45883 46628
ensure FR941206-1-00134 3 43041 43064 43835
properly FR941206-1-00134 2 43046 45839
disposed FR941206-1-00134 5 43047 44444 44591 45558 46096
illegally FR941206-1-00134 1 43052
reused FR941206-1-00134 3 43053 44524 44579
possible FR941206-1-00134 2 43055 43253
remedies FR941206-1-00134 1 43056
decontamination FR941206-1-00134 1 43059
stricter FR941206-1-00134 1 43061
controls FR941206-1-00134 2 43062 43831
completely FR941206-1-00134 1 43068
received FR941206-1-00134 4 43073 44684 45570 46702
particular FR941206-1-00134 1 43078
most FR941206-1-00134 3 43080 46706 46888
stated FR941206-1-00134 2 43082 43844
anecdotal FR941206-1-00134 1 43085
carcasses FR941206-1-00134 1 43092
barbecue FR941206-1-00134 1 43096
grills FR941206-1-00134 1 43097
reflected FR941206-1-00134 1 43098
isolated FR941206-1-00134 1 43099
instances FR941206-1-00134 3 43100 43650 44639
none FR941206-1-00134 1 43102
considering FR941206-1-00134 3 43104 44278 45744
low FR941206-1-00134 2 43106 43339
exposure FR941206-1-00134 3 43108 44614 44743
humans FR941206-1-00134 1 43110
environment FR941206-1-00134 4 43113 44718 44739 45674
valuable FR941206-1-00134 1 43116
metals FR941206-1-00134 1 43117
recycling FR941206-1-00134 1 43123
modify FR941206-1-00134 2 43129 46934
including FR941206-1-00134 4 43147 43429 46542 46929
general FR941206-1-00134 2 43153 44233
ban FR941206-1-00134 1 43154
against FR941206-1-00134 1 43155
open FR941206-1-00134 1 43156
burning FR941206-1-00134 1 43157
allowing FR941206-1-00134 2 43161 44760
only FR941206-1-00134 2 43163 44362
facilities FR941206-1-00134 2 43165 45987
permitted FR941206-1-00134 1 43168
licensed FR941206-1-00134 1 43170
state FR941206-1-00134 5 43176 44418 44583 46126 46495
manage FR941206-1-00134 1 43178
industrial FR941206-1-00134 3 43181 43192 45207
wastes FR941206-1-00134 9 43182 44348 46217 46506 46544 46682 46859 46969 47080
excluding FR941206-1-00134 5 43184 43513 43712 43936 44068
thermal FR941206-1-00134 3 43185 46805 46808
treatment FR941206-1-00134 4 43186 46658 47098 47114
furnace FR941206-1-00134 1 43193
facility FR941206-1-00134 8 43200 43931 44925 45008 45021 45208 46473 46567
see FR941206-1-00134 2 43202 46431
unit FR941206-1-00134 7 43203 44341 44562 45301 45997 46272 46432
iib2 FR941206-1-00134 1 43204
preamble FR941206-1-00134 2 43208 46276
finally FR941206-1-00134 2 43211 44321
proposes FR941206-1-00134 4 43215 43876 44359 46075
period FR941206-1-00134 7 43232 45549 45593 45625 45634 46134 46410
48 FR941206-1-00134 1 43237
hours FR941206-1-00134 1 43238
allowed FR941206-1-00134 2 43243 45157
drain FR941206-1-00134 1 43245
so FR941206-1-00134 2 43247 45604
much FR941206-1-00134 1 43250
liquid FR941206-1-00134 2 43251 46200
removed FR941206-1-00134 3 43255 44440 45074
reduce FR941206-1-00134 2 43261 45765
content FR941206-1-00134 2 43263 43542
e. FR941206-1-00134 1 43268
transfer FR941206-1-00134 10 43269 43487 43606 43617 43660 43705 43726 43733 43803 44060
totally FR941206-1-00134 5 43271 43304 43327 43788 43805
enclosed FR941206-1-00134 5 43272 43305 43328 43789 43806
rules FR941206-1-00134 1 43276
items FR941206-1-00134 11 43279 43330 43400 43427 43446 43710 43808 43856 43934 46260 46336
concentrations FR941206-1-00134 1 43281
sold FR941206-1-00134 2 43288 43359
purposes FR941206-1-00134 1 43293
resale FR941206-1-00134 2 43296 45254
distributed FR941206-1-00134 3 43299 43353 43629
commerce FR941206-1-00134 5 43301 43355 43397 43507 43631
manner FR941206-1-00134 1 43306
761.20 FR941206-1-00134 3 43308 43319 46436
c FR941206-1-00134 2 43310 43321
large FR941206-1-00134 5 43336 43435 43864 44345 45213
high FR941206-1-00134 1 43337
defined FR941206-1-00134 1 43347
requested FR941206-1-00134 3 43363 45568 46699
comment FR941206-1-00134 2 43364 45700
requirement FR941206-1-00134 17 43370 43387 43406 43576 43601 43638 43646 43848 44031 44089 44144 44275 44368 46079 46640 46767 47066
records FR941206-1-00134 9 43372 43389 43548 43879 43928 44023 44057 45505 46016
maintained FR941206-1-00134 4 43374 43391 45082 46019
transactions FR941206-1-00134 3 43377 43675 45025
very FR941206-1-00134 2 43383 44906
supportive FR941206-1-00134 1 43384
document FR941206-1-00134 3 43393 43501 43700
distribution FR941206-1-00134 2 43395 43505
recordkeeping FR941206-1-00134 8 43405 43575 43600 43637 43645 43847 44030 45428
761.180 FR941206-1-00134 3 43408 44040 44097
ix FR941206-1-00134 2 43416 44094
seeks FR941206-1-00134 1 43420
prevent FR941206-1-00134 1 43422
illegal FR941206-1-00134 5 43423 43459 43652 43901 44606
explain FR941206-1-00134 1 43441
disappearance FR941206-1-00134 1 43443
claiming FR941206-1-00134 1 43448
sale FR941206-1-00134 4 43450 43583 43786 43801
occurred FR941206-1-00134 1 43452
minimize FR941206-1-00134 3 43455 44734 44842
name FR941206-1-00134 1 43467
address FR941206-1-00134 3 43469 44293 46950
phone FR941206-1-00134 1 43472
number FR941206-1-00134 10 43473 43492 43872 43883 43893 43913 43987 44015 44883 44986
parties FR941206-1-00134 1 43476
item FR941206-1-00134 8 43480 43495 43511 43627 43923 44066 46105 46236
transferred FR941206-1-00134 2 43482 43756
date FR941206-1-00134 18 43485 44451 44556 45343 45358 45396 45439 45452 45460 45478 45974 46049 46103 46138 46389 46406 46446 46462
identifying FR941206-1-00134 4 43491 43959 43986 44000
recorded FR941206-1-00134 1 43497
annual FR941206-1-00134 3 43500 43699 44036
log FR941206-1-00134 3 43502 43701 43768
suggests FR941206-1-00134 1 43530
summary FR941206-1-00134 1 43532
relevant FR941206-1-00134 2 43534 47113
servicing FR941206-1-00134 2 43544 45486
inspection FR941206-1-00134 1 43547
applicable FR941206-1-00134 2 43554 46417
sections FR941206-1-00134 1 43555
part FR941206-1-00134 2 43557 44183
761 FR941206-1-00134 1 43558
passed FR941206-1-00134 1 43560
new FR941206-1-00134 4 43564 44142 44702 45310
owner FR941206-1-00134 5 43565 44558 45902 45946 46057
had FR941206-1-00134 3 43568 45072 45567
anticipated FR941206-1-00134 2 43569 46048
pursuant FR941206-1-00134 1 43580
claims FR941206-1-00134 1 43591
transaction FR941206-1-00134 3 43594 43760 43771
exempt FR941206-1-00134 1 43596
because FR941206-1-00134 1 43602
involved FR941206-1-00134 1 43604
no FR941206-1-00134 4 43605 44465 45236 45611
money FR941206-1-00134 1 43608
ownership FR941206-1-00134 5 43619 43662 43707 44062 45022
resulting FR941206-1-00134 2 43620 46546
being FR941206-1-00134 6 43628 44529 44538 44749 46909 47119
included FR941206-1-00134 5 43634 43728 43925 44033 46796
behind FR941206-1-00134 2 43642 43655
identify FR941206-1-00134 3 43649 43703 43919
hidden FR941206-1-00134 1 43654
guise FR941206-1-00134 1 43657
additional FR941206-1-00134 4 43672 43830 44610 47122
result FR941206-1-00134 3 43677 45027 45135
removal FR941206-1-00134 3 43680 45892 46391
property FR941206-1-00134 2 43688 43746
proposal FR941206-1-00134 3 43692 43974 46928
real FR941206-1-00134 2 43731 43763
estate FR941206-1-00134 2 43732 43764
company FR941206-1-00134 3 43739 43916 44011
sells FR941206-1-00134 1 43740
warehouse FR941206-1-00134 1 43742
surrounding FR941206-1-00134 1 43745
same FR941206-1-00134 1 43759
separate FR941206-1-00134 1 43767
necessary FR941206-1-00134 3 43775 45091 45668
few FR941206-1-00134 1 43778
banned FR941206-1-00134 2 43794 43812
outright FR941206-1-00134 1 43795
believes FR941206-1-00134 2 43798 43828
there FR941206-1-00134 6 43815 44462 44635 44754 45040 45112
still FR941206-1-00134 2 43817 45958
legitimate FR941206-1-00134 2 43819 44638
need FR941206-1-00134 3 43820 46902 47077
needed FR941206-1-00134 1 43833
proper FR941206-1-00134 1 43836
one FR941206-1-00134 3 43842 45720 45874
commenter FR941206-1-00134 1 43843
impossible FR941206-1-00134 1 43851
marked FR941206-1-00134 1 43868
serial FR941206-1-00134 3 43871 43882 43892
although FR941206-1-00134 3 43874 45101 45985
absence FR941206-1-00134 3 43889 46674 47095
preclude FR941206-1-00134 1 43896
tracing FR941206-1-00134 1 43899
therefore FR941206-1-00134 5 43904 44081 44588 45303 46309
internal FR941206-1-00134 2 43911 43985
identification FR941206-1-00134 4 43912 43952 44008 44014
uses FR941206-1-00134 1 43917
specific FR941206-1-00134 3 43921 44907 44940
equipped FR941206-1-00134 1 43949
manufacturer FR941206-1-00134 2 43951 44006
develop FR941206-1-00134 2 43955 45827
mechanism FR941206-1-00134 2 43957 46991
pieces FR941206-1-00134 1 43961
activities FR941206-1-00134 1 43965
maintenance FR941206-1-00134 2 43968 45013
quarterly FR941206-1-00134 1 43970
inspections FR941206-1-00134 1 43971
permanent FR941206-1-00134 1 43977
marking FR941206-1-00134 2 43978 45426
engraving FR941206-1-00134 1 43982
prominent FR941206-1-00134 1 43990
location FR941206-1-00134 2 43991 45467
means FR941206-1-00134 1 43998
absent FR941206-1-00134 1 44004
own FR941206-1-00134 2 44013 45829
documented FR941206-1-00134 1 44020
recommended FR941206-1-00134 2 44027 44269
record FR941206-1-00134 2 44037 45677
agrees FR941206-1-00134 1 44046
appropriate FR941206-1-00134 3 44052 45489 46643
method FR941206-1-00134 1 44053
maintaining FR941206-1-00134 1 44055
implement FR941206-1-00134 1 44087
paragraph FR941206-1-00134 1 44092
f. FR941206-1-00134 1 44105
reportable FR941206-1-00134 2 44108 44173
quantity FR941206-1-00134 2 44109 44174
_ FR941206-1-00134 1 44110
spill FR941206-1-00134 3 44111 44204 44263
cleanup FR941206-1-00134 5 44112 44205 44217 44264 46226
attempting FR941206-1-00134 1 44115
more FR941206-1-00134 9 44118 44162 44246 44390 44783 46489 46663 46749 46816
consistency FR941206-1-00134 1 44119
federal FR941206-1-00134 3 44122 46588 46596
statutes FR941206-1-00134 1 44123
761.125 FR941206-1-00134 2 44130 44375
modified FR941206-1-00134 1 44139
reporting FR941206-1-00134 3 44143 44274 44367
national FR941206-1-00134 3 44147 44238 44371
center FR941206-1-00134 3 44149 44240 44373
changing FR941206-1-00134 2 44151 44236
notice FR941206-1-00134 3 44153 44352 44364
10 FR941206-1-00134 2 44156 46491
pound FR941206-1-00134 3 44160 44244 44388
pure FR941206-1-00134 3 44164 44248 44392
reflect FR941206-1-00134 1 44168
changes FR941206-1-00134 5 44169 44270 45019 45085 47046
made FR941206-1-00134 3 44170 44491 45913
rq FR941206-1-00134 3 44176 44241 44385
cercla FR941206-1-00134 2 44179 44398
40 FR941206-1-00134 3 44181 44420 44785
cfr FR941206-1-00134 2 44182 44421
302. FR941206-1-00134 1 44184
restated FR941206-1-00134 1 44196
objective FR941206-1-00134 2 44198 44302
establishing FR941206-1-00134 1 44200
ie FR941206-1-00134 6 44210 44875 44927 45793 46386 46869
guidance FR941206-1-00134 1 44214
recent FR941206-1-00134 1 44219
after FR941206-1-00134 1 44221
1987 FR941206-1-00134 1 44225
fresh FR941206-1-00134 1 44228
spills FR941206-1-00134 3 44229 44257 44334
conveyed FR941206-1-00134 1 44232
addressing FR941206-1-00134 1 44255
old FR941206-1-00134 2 44256 44333
applying FR941206-1-00134 1 44259
regional FR941206-1-00134 6 44273 45573 45609 45659 45665 46719
options FR941206-1-00134 3 44280 46687 46907
concluded FR941206-1-00134 1 44283
inappropriate FR941206-1-00134 1 44286
issues FR941206-1-00134 1 44295
initiating FR941206-1-00134 1 44304
rulemaking FR941206-1-00134 2 44306 45740
flexibility FR941206-1-00134 2 44310 45010
remove FR941206-1-00134 1 44313
redundancies FR941206-1-00134 1 44314
without FR941206-1-00134 2 44315 44705
weakening FR941206-1-00134 1 44316
discussion FR941206-1-00134 1 44324
position FR941206-1-00134 1 44328
remediation FR941206-1-00134 5 44331 46549 46825 46840 46848
referring FR941206-1-00134 1 44339
iia FR941206-1-00134 1 44342
volume FR941206-1-00134 1 44346
rule FR941206-1-00134 4 44356 45362 45400 45456
lowering FR941206-1-00134 1 44383
consistent FR941206-1-00134 1 44396
g. FR941206-1-00134 1 44400
storage FR941206-1-00134 50 44402 44407 44442 44458 44506 44527 44597 44623 44643 44693 44762 44818 44849 44862 44889 44981 45031 45119 45159 45259 45279 45314 45372 45405 45413 45445 45622 45633 45642 45688 45732 45775 45807 45905 45927 45941 45967 46004 46013 46070 46110 46178 46189 46244 46342 46615 46637 46756 46790 47063
indefinite FR941206-1-00134 1 44406
articles FR941206-1-00134 13 44410 44429 44573 44671 44746 44767 44900 45035 45369 45385 45513 45538 46204
designated FR941206-1-00134 3 44411 46148 46382
reuse FR941206-1-00134 33 44413 44484 44508 44600 44625 44654 44695 44752 44764 44820 44851 44864 44891 44983 45078 45121 45161 45262 45281 45316 45374 45407 45415 45447 45546 45624 45734 45777 45809 45831 45872 45907 45943
specifically FR941206-1-00134 2 44417 46679
761.65 FR941206-1-00134 6 44422 45331 46081 46120 46319 47048
containers FR941206-1-00134 5 44432 46209 46257 46286 46329
stored FR941206-1-00134 9 44435 44482 44750 45512 45544 45723 46284 46485 46729
shall FR941206-1-00134 1 44438
year FR941206-1-00134 5 44448 46100 46267 46666 46819
first FR941206-1-00134 4 44455 46107 46238 47053
placed FR941206-1-00134 8 44456 44860 45370 45403 45443 46108 46176 46239
comparable FR941206-1-00134 1 44466
provision FR941206-1-00134 3 44467 45718 46714
addresses FR941206-1-00134 1 44472
length FR941206-1-00134 1 44474
article FR941206-1-00134 8 44479 45346 45419 45535 45566 45581 46090 46326
aware FR941206-1-00134 3 44492 44630 44724
situations FR941206-1-00134 13 44494 44727 44830 45108 45116 45145 46007 46602 46645 46696 46746 46773 46795
where FR941206-1-00134 2 44495 45117
held FR941206-1-00134 1 44503
beyond FR941206-1-00134 2 44511 47081
reasonable FR941206-1-00134 1 44517
expect FR941206-1-00134 1 44519
done FR941206-1-00134 1 44530
pretext FR941206-1-00134 1 44533
retained FR941206-1-00134 2 44539 45840
spares FR941206-1-00134 3 44542 44656 45067
critical FR941206-1-00134 2 44545 44658
components FR941206-1-00134 2 44546 44659
systems FR941206-1-00134 2 44550 44662
future FR941206-1-00134 3 44555 45253 45470
will FR941206-1-00134 2 44559 45957
service FR941206-1-00134 13 44560 44680 44780 45076 45183 45351 45390 45894 45986 46146 46352 46380 46393
allow FR941206-1-00134 4 44571 46253 46717 46937
clearly FR941206-1-00134 1 44575
due FR941206-1-00134 2 44580 47086
disrepair FR941206-1-00134 2 44585 45224
remain FR941206-1-00134 2 44595 45283
activity FR941206-1-00134 1 44604
constitutes FR941206-1-00134 1 44605
creates FR941206-1-00134 1 44609
risks FR941206-1-00134 3 44611 44736 44845
environmental FR941206-1-00134 3 44613 44807 45139
many FR941206-1-00134 7 44637 44648 44682 44756 45105 45220 45272
warrant FR941206-1-00134 2 44641 46604
years FR941206-1-00134 8 44649 44786 44988 45285 45340 45354 45553 45695
purpose FR941206-1-00134 2 44652 45868
typically FR941206-1-00134 1 44666
intact FR941206-1-00134 2 44667 45229
nonleaking FR941206-1-00134 1 44669
treated FR941206-1-00134 2 44674 44867
limiting FR941206-1-00134 2 44692 45154
effect FR941206-1-00134 1 44698
amount FR941206-1-00134 1 44699
restriction FR941206-1-00134 1 44704
apparent FR941206-1-00134 1 44707
basis FR941206-1-00134 4 44708 45647 46948 46962
standpoint FR941206-1-00134 1 44711
protection FR941206-1-00134 1 44713
health FR941206-1-00134 3 44715 44741 45671
nevertheless FR941206-1-00134 2 44720 45114
restrictions FR941206-1-00134 3 44730 45810 46691
warranted FR941206-1-00134 2 44732 44893
compelling FR941206-1-00134 1 44757
active FR941206-1-00134 1 44779
life FR941206-1-00134 1 44781
disposing FR941206-1-00134 1 44788
prematurely FR941206-1-00134 1 44792
based FR941206-1-00134 1 44793
upon FR941206-1-00134 4 44794 45393 45496 47003
arbitrary FR941206-1-00134 1 44796
limit FR941206-1-00134 11 44798 45313 45965 46068 46187 46613 46635 46754 46788 47061 47085
economically FR941206-1-00134 2 44802 44835
prudent FR941206-1-00134 2 44803 44833
nor FR941206-1-00134 1 44804
serve FR941206-1-00134 1 44805
goals FR941206-1-00134 1 44808
placing FR941206-1-00134 1 44810
piece FR941206-1-00134 4 44813 45888 45916 45930
spare FR941206-1-00134 2 44826 44963
emergency FR941206-1-00134 1 44829
both FR941206-1-00134 3 44832 46365 46882
sound FR941206-1-00134 1 44836
associated FR941206-1-00134 2 44846 46852
once FR941206-1-00134 1 44857
ine FR941206-1-00134 2 44877 45093
provided FR941206-1-00134 1 44881
scenarios FR941206-1-00134 2 44885 46343
extended FR941206-1-00134 1 44888
designed FR941206-1-00134 2 44902 45323
manufactured FR941206-1-00134 1 44904
replacement FR941206-1-00134 1 44915
imperative FR941206-1-00134 1 44917
continued FR941206-1-00134 1 44920
uninterrupted FR941206-1-00134 1 44921
operation FR941206-1-00134 1 44922
power FR941206-1-00134 2 44929 44934
rectifiers FR941206-1-00134 1 44930
convert FR941206-1-00134 1 44932
usable FR941206-1-00134 1 44937
manufacturing FR941206-1-00134 1 44941
operations FR941206-1-00134 2 44942 45003
sidemounted FR941206-1-00134 1 44944
bushings FR941206-1-00134 1 44945
etc FR941206-1-00134 2 44947 45186
industries FR941206-1-00134 1 44955
maintain FR941206-1-00134 2 44957 44977
inventories FR941206-1-00134 1 44958
vintages FR941206-1-00134 1 44961
locomotive FR941206-1-00134 1 44971
stationary FR941206-1-00134 1 44973
often FR941206-1-00134 1 44976
reinstalling FR941206-1-00134 1 44991
reusing FR941206-1-00134 2 44993 45239
aircraft FR941206-1-00134 1 45000
airport FR941206-1-00134 2 45002 45005
safety FR941206-1-00134 1 45006
operational FR941206-1-00134 1 45009
expedient FR941206-1-00134 1 45012
capabilities FR941206-1-00134 1 45014
business FR941206-1-00134 1 45024
premature FR941206-1-00134 1 45030
5 FR941206-1-00134 2 45038 47028
difficulties FR941206-1-00134 1 45044
forecasting FR941206-1-00134 1 45045
demand FR941206-1-00134 1 45047
specialty FR941206-1-00134 1 45049
needs FR941206-1-00134 1 45050
obtaining FR941206-1-00134 1 45052
parts FR941206-1-00134 1 45053
repair FR941206-1-00134 7 45055 45249 45484 45896 45956 45999 46039
readily FR941206-1-00134 1 45059
available FR941206-1-00134 1 45060
6 FR941206-1-00134 2 45064 45614
older FR941206-1-00134 1 45069
designs FR941206-1-00134 1 45070
significant FR941206-1-00134 1 45084
system FR941206-1-00134 1 45087
design FR941206-1-00134 1 45088
replaced FR941206-1-00134 1 45099
takes FR941206-1-00134 1 45103
factors FR941206-1-00134 1 45106
consideration FR941206-1-00134 2 45110 46779
abused FR941206-1-00134 1 45124
abuse FR941206-1-00134 2 45127 46010
results FR941206-1-00134 1 45128
serious FR941206-1-00134 1 45138
damage FR941206-1-00134 1 45140
control FR941206-1-00134 1 45152
imposing FR941206-1-00134 1 45163
safeguards FR941206-1-00134 1 45165
businesses FR941206-1-00134 2 45170 45234
nature FR941206-1-00134 1 45174
brokers FR941206-1-00134 2 45178 45821
junk FR941206-1-00134 1 45180
yards FR941206-1-00134 1 45181
shops FR941206-1-00134 1 45184
accumulate FR941206-1-00134 1 45190
larger FR941206-1-00134 1 45191
quantities FR941206-1-00134 1 45192
volumes FR941206-1-00134 2 45194 45214
users FR941206-1-00134 2 45200 45819
utility FR941206-1-00134 1 45205
besides FR941206-1-00134 1 45211
accumulating FR941206-1-00134 1 45212
cases FR941206-1-00134 2 45221 45273
nong FR941206-1-00134 1 45231
themselves FR941206-1-00134 1 45242
awaiting FR941206-1-00134 1 45248
purging FR941206-1-00134 1 45266
metal FR941206-1-00134 1 45268
reclamation FR941206-1-00134 1 45269
locations FR941206-1-00134 1 45287
exposed FR941206-1-00134 1 45290
elements FR941206-1-00134 1 45293
compromise FR941206-1-00134 1 45296
integrity FR941206-1-00134 1 45298
761.67 FR941206-1-00134 1 45311
area FR941206-1-00134 1 45319
constructed FR941206-1-00134 1 45325
operated FR941206-1-00134 1 45327
maximum FR941206-1-00134 1 45337
out FR941206-1-00134 5 45349 45388 46144 46350 46378
effective FR941206-1-00134 4 45357 45395 45451 47002
final FR941206-1-00134 3 45361 45399 45455
whichever FR941206-1-00134 1 45364
labeled FR941206-1-00134 1 45379
comply FR941206-1-00134 1 45423
labels FR941206-1-00134 1 45435
known FR941206-1-00134 1 45463
projected FR941206-1-00134 1 45466
scheduled FR941206-1-00134 1 45482
individuals FR941206-1-00134 1 45491
request FR941206-1-00134 2 45497 47007
inspector FR941206-1-00134 1 45501
description FR941206-1-00134 1 45516
leak FR941206-1-00134 1 45519
containment FR941206-1-00134 1 45520
precautions FR941206-1-00134 1 45521
status FR941206-1-00134 3 45526 45791 45855
intended FR941206-1-00134 1 45541
longer FR941206-1-00134 1 45550
unless FR941206-1-00134 1 45560
person FR941206-1-00134 1 45562
storing FR941206-1-00134 2 45563 45870
administrator FR941206-1-00134 5 45574 45610 45660 45666 46720
region FR941206-1-00134 2 45577 46723
located FR941206-1-00134 1 45583
written FR941206-1-00134 1 45585
approval FR941206-1-00134 2 45586 45656
extension FR941206-1-00134 11 45589 45598 45630 45650 46606 46630 46764 46894 46942 47001 47014
anyone FR941206-1-00134 1 45595
requesting FR941206-1-00134 1 45596
writing FR941206-1-00134 1 45606
months FR941206-1-00134 2 45615 45993
expiration FR941206-1-00134 1 45619
requests FR941206-1-00134 3 45627 45651 45699
rationale FR941206-1-00134 1 45638
exceeding FR941206-1-00134 1 45640
limitation FR941206-1-00134 2 45643 47033
articlebyarticle FR941206-1-00134 1 45646
deems FR941206-1-00134 1 45667
protect FR941206-1-00134 1 45670
evaluations FR941206-1-00134 1 45680
kept FR941206-1-00134 1 45685
site FR941206-1-00134 2 45689 46826
minimum FR941206-1-00134 1 45692
inclusion FR941206-1-00134 1 45703
sitespecific FR941206-1-00134 1 45705
nationwide FR941206-1-00134 1 45707
waiver FR941206-1-00134 3 45710 45717 46608
option FR941206-1-00134 1 45721
reclassify FR941206-1-00134 1 45728
another FR941206-1-00134 1 45739
modifications FR941206-1-00134 1 45745
reclassification FR941206-1-00134 4 45748 45757 45833 45864
facilitate FR941206-1-00134 1 45751
widespread FR941206-1-00134 1 45753
application FR941206-1-00134 1 45754
approach FR941206-1-00134 1 45762
significantly FR941206-1-00134 1 45764
risk FR941206-1-00134 1 45767
might FR941206-1-00134 1 45769
posed FR941206-1-00134 1 45771
longterm FR941206-1-00134 1 45774
reclassified FR941206-1-00134 1 45788
nonb FR941206-1-00134 1 45790
< FR941206-1-00134 1 45795
today FR941206-1-00134 1 45812
recommends FR941206-1-00134 1 45815
servicers FR941206-1-00134 2 45823 46022
schedule FR941206-1-00134 3 45834 45844 45865
account FR941206-1-00134 1 45837
simple FR941206-1-00134 1 45848
inventory FR941206-1-00134 1 45849
aid FR941206-1-00134 1 45851
monitoring FR941206-1-00134 1 45853
question FR941206-1-00134 1 45875
raised FR941206-1-00134 1 45876
between FR941206-1-00134 1 45886
return FR941206-1-00134 2 45899 46051
considered FR941206-1-00134 3 45904 45940 47039
until FR941206-1-00134 2 45909 46357
determination FR941206-1-00134 2 45911 45938
repaired FR941206-1-00134 3 45924 45983 46169
malfunctioning FR941206-1-00134 1 45948
sent FR941206-1-00134 1 45953
offsite FR941206-1-00134 1 45954
beginning FR941206-1-00134 1 45971
hold FR941206-1-00134 1 45989
scheduling FR941206-1-00134 1 45995
views FR941206-1-00134 1 46002
prolonged FR941206-1-00134 1 46003
review FR941206-1-00134 1 46025
inspectors FR941206-1-00134 1 46028
dates FR941206-1-00134 1 46032
malfunction FR941206-1-00134 1 46044
user FR941206-1-00134 1 46059
container FR941206-1-00134 2 46093 46242
amend FR941206-1-00134 1 46116
explicitly FR941206-1-00134 1 46125
original FR941206-1-00134 1 46129
begins FR941206-1-00134 1 46135
servicer FR941206-1-00134 1 46158
drums FR941206-1-00134 1 46193
collect FR941206-1-00134 1 46199
various FR941206-1-00134 1 46202
store FR941206-1-00134 2 46212 47079
accumulation FR941206-1-00134 2 46214 46255
rags FR941206-1-00134 1 46222
booties FR941206-1-00134 1 46224
debris FR941206-1-00134 1 46227
etc. FR941206-1-00134 1 46229
starts FR941206-1-00134 2 46231 46372
day FR941206-1-00134 1 46234
periods FR941206-1-00134 1 46262
except FR941206-1-00134 1 46268
iiig3 FR941206-1-00134 1 46273
common FR941206-1-00134 1 46297
practice FR941206-1-00134 1 46298
lead FR941206-1-00134 1 46301
disagreements FR941206-1-00134 1 46303
regulated FR941206-1-00134 1 46306
community FR941206-1-00134 1 46307
effectively FR941206-1-00134 1 46339
capture FR941206-1-00134 1 46340
clock FR941206-1-00134 1 46362
wants FR941206-1-00134 1 46400
start FR941206-1-00134 1 46405
legally FR941206-1-00134 1 46422
returned FR941206-1-00134 2 46423 46557
united FR941206-1-00134 5 46426 46457 46478 46529 46560
reach FR941206-1-00134 2 46449 46465
port FR941206-1-00134 2 46451 46467
entry FR941206-1-00134 2 46453 46469
continental FR941206-1-00134 2 46456 46477
outside FR941206-1-00134 1 46475
during FR941206-1-00134 1 46486
transport FR941206-1-00134 1 46487
applies FR941206-1-00134 2 46499 46523
imported FR941206-1-00134 2 46516 46585
purchased FR941206-1-00134 1 46526
states. FR941206-1-00134 1 46530
us FR941206-1-00134 4 46534 46569 46572 46577
government FR941206-1-00134 2 46535 46578
overseas FR941206-1-00134 1 46538
directly FR941206-1-00134 1 46545
subsequently FR941206-1-00134 1 46556
embassies FR941206-1-00134 1 46570
military FR941206-1-00134 1 46573
installations FR941206-1-00134 2 46574 46579
territories FR941206-1-00134 1 46581
administrative FR941206-1-00134 1 46589
issued FR941206-1-00134 2 46591 46740
court FR941206-1-00134 1 46597
innovative FR941206-1-00134 1 46650
destructive FR941206-1-00134 1 46652
technologies FR941206-1-00134 3 46653 46659 46801
biological FR941206-1-00134 1 46657
take FR941206-1-00134 1 46662
achieve FR941206-1-00134 1 46668
levels FR941206-1-00134 1 46670
capacity FR941206-1-00134 2 46677 47092
pcb/radioactive FR941206-1-00134 4 46681 46952 46968 47125
alternative FR941206-1-00134 1 46686
dealing FR941206-1-00134 1 46693
supported FR941206-1-00134 2 46709 46890
establishment FR941206-1-00134 1 46711
material FR941206-1-00134 1 46727
director FR941206-1-00134 2 46733 46739
cmd FR941206-1-00134 1 46735
permit FR941206-1-00134 2 46742 46987
recognize FR941206-1-00134 1 46745
grant FR941206-1-00134 1 46762
identified FR941206-1-00134 1 46771
equal FR941206-1-00134 1 46778
given FR941206-1-00134 1 46782
extending FR941206-1-00134 2 46784 47057
separation FR941206-1-00134 1 46806
desorption FR941206-1-00134 1 46809
bioremediation FR941206-1-00134 1 46812
limited FR941206-1-00134 2 46831 47072
expedited FR941206-1-00134 1 46832
remedial FR941206-1-00134 1 46833
undertaken FR941206-1-00134 1 46835
ahead FR941206-1-00134 1 46836
main FR941206-1-00134 1 46839
conflicting FR941206-1-00134 1 46847
presence FR941206-1-00134 1 46855
cod FR941206-1-00134 1 46858
separated FR941206-1-00134 1 46867
mine FR941206-1-00134 1 46873
cable FR941206-1-00134 1 46874
coated FR941206-1-00134 1 46875
antig FR941206-1-00134 1 46879
compound FR941206-1-00134 1 46880
mercury FR941206-1-00134 1 46885
grounds FR941206-1-00134 1 46892
cited FR941206-1-00134 1 46895
justification FR941206-1-00134 1 46900
demonstration FR941206-1-00134 2 46904 47111
treatment/disposal FR941206-1-00134 1 46906
pursued FR941206-1-00134 2 46910 47120
submission FR941206-1-00134 2 46914 47004
periodic FR941206-1-00134 1 46916
progress FR941206-1-00134 1 46917
reports FR941206-1-00134 2 46918 46958
offered FR941206-1-00134 1 46923
variations FR941206-1-00134 1 46924
doe FR941206-1-00134 1 46938
seek FR941206-1-00134 1 46940
complexwide FR941206-1-00134 1 46945
multifacility FR941206-1-00134 1 46947
situation FR941206-1-00134 1 46954
submit FR941206-1-00134 1 46957
biennial FR941206-1-00134 1 46961
alara FR941206-1-00134 1 46975
principles FR941206-1-00134 1 46976
rather FR941206-1-00134 1 46984
granting FR941206-1-00134 1 46993
extensions FR941206-1-00134 2 46994 47035
make FR941206-1-00134 2 46999 47012
alternatively FR941206-1-00134 1 47010
automatic FR941206-1-00134 1 47015
object FR941206-1-00134 1 47021
90 FR941206-1-00134 1 47023
eliminate FR941206-1-00134 1 47030
suggestions FR941206-1-00134 1 47041
criteria FR941206-1-00134 2 47055 47123
lack FR941206-1-00134 1 47089
technology FR941206-1-00134 1 47099
insufficient FR941206-1-00134 1 47102
complete FR941206-1-00134 1 47105
treatment/destruction FR941206-1-00134 1 47107
pcb/fissionable FR941206-1-00134 1 47128
