and FR940104-0-00033 121 392 432 467 501 508 607 761 775 858 865 910 947 1593 1706 1726 1747 1774 1915 1974 1980 2018 2075 2164 2184 2213 2266 2399 2487 2540 2550 2726 2949 2983 3083 3155 3194 3202 3253 3339 3380 3478 3608 3626 3657 3680 3687 3737 3749 3760 3770 3793 3803 3846 3851 3877 3916 3942 3982 4007 4048 4087 4133 4253 4280 4322 4437 4447 4453 4471 4479 4506 4577 4620 4722 4733 4754 4766 4896 4975 5004 5072 5091 5163 5190 5238 5244 5254 5272 5312 5318 5351 5363 5445 5566 5622 5674 5968 5972 5990 6045 6257 6400 6727 6807 6926 7070 7110 7186 7210 7350 7612 7626 7668 7754 7860 7881 8038 8045 8067 8087 8133
, FR940104-0-00033 320 393 396 410 414 422 426 430 462 472 481 485 491 500 537 538 548 590 606 611 626 650 691 692 716 724 816 817 844 855 857 895 899 904 921 923 938 946 1000 1125 1151 1156 1225 1236 1266 1270 1315 1343 1534 1568 1578 1641 1648 1650 1652 1666 1721 1723 1725 1749 1753 1767 1779 1818 1863 1890 1954 1988 2002 2012 2016 2082 2135 2138 2145 2169 2228 2235 2244 2400 2403 2418 2458 2531 2585 2611 2635 2644 2670 2697 2709 2738 2756 2776 2796 2817 2839 2850 2852 2864 2868 2948 2963 2982 3041 3054 3073 3086 3094 3183 3185 3191 3193 3210 3222 3252 3268 3288 3374 3430 3449 3467 3477 3510 3524 3536 3547 3555 3641 3679 3692 3706 3787 3791 3800 3802 3822 3845 3874 3876 3903 3908 3914 3964 3976 3980 4022 4029 4047 4059 4081 4083 4086 4097 4139 4204 4214 4219 4237 4243 4250 4258 4262 4274 4276 4279 4309 4329 4383 4409 4431 4440 4446 4457 4465 4469 4476 4478 4571 4575 4667 4675 4685 4716 4720 4729 4732 4799 4822 4827 4839 4847 4875 4890 4923 4936 4941 4947 4951 4966 4994 5077 5105 5180 5235 5237 5263 5299 5306 5310 5336 5365 5371 5400 5421 5444 5449 5499 5585 5600 5611 5613 5615 5617 5619 5621 5651 5663 5665 5667 5669 5671 5673 5694 5703 5768 5796 5815 5829 5891 5902 5939 5947 5956 5966 5971 5985 6047 6084 6110 6118 6149 6242 6271 6274 6306 6311 6320 6350 6372 6383 6386 6402 6423 6496 6516 6519 6540 6598 6600 6618 6655 6732 6758 6772 6812 6836 6853 6869 6893 6912 6916 6920 6924 6931 6953 7021 7164 7194 7209 7233 7235 7267 7280 7289 7303 7306 7341 7452 7458 7461 7463 7465 7468 7499 7508 7514 7574 7578 7600 7630 7729 7963 7968 7994 8064 8080 8082 8084 8086 8101
by FR940104-0-00033 29 394 608 1250 1388 1403 1485 1674 1877 2466 2506 2525 2627 2698 3079 3084 4010 4702 4781 5114 5427 5688 5725 5800 5824 6478 7379 7808 7825 8095
delegation FR940104-0-00033 3 395 609 3085
fda FR940104-0-00033 51 397 473 610 628 672 717 807 983 1178 1297 1316 1878 1891 1908 2003 2037 2087 2104 2197 2309 2351 2532 2671 2684 2710 2757 2869 2935 3087 4118 4259 4397 4527 4634 4773 5337 5372 5450 5520 5553 5731 5769 6287 6497 7118 7231 7501 7631 7809 7874 7902
to FR940104-0-00033 184 398 401 486 492 502 524 586 612 639 654 685 697 709 732 792 814 901 906 943 958 988 1029 1075 1096 1104 1131 1272 1418 1451 1500 1510 1792 1803 1836 1844 1950 2023 2062 2134 2200 2209 2214 2226 2236 2256 2286 2441 2462 2498 2509 2572 2575 2596 2603 2666 2688 2718 2727 2781 2825 2830 2906 2909 2923 2941 3000 3005 3016 3045 3145 3186 3203 3248 3256 3283 3306 3332 3351 3402 3468 3577 3585 3617 3681 3715 3723 3727 3755 3839 3853 3865 3987 4016 4065 4075 4109 4231 4270 4295 4300 4314 4357 4415 4458 4487 4520 4522 4567 4615 4681 4711 4791 4840 4888 5045 5049 5083 5124 5231 5284 5320 5344 5377 5381 5486 5493 5574 5608 5660 5707 5742 5775 5788 5834 5885 5904 5950 5960 5998 6064 6073 6091 6127 6143 6213 6294 6303 6468 6573 6591 6668 6680 6688 6694 6887 6894 6938 7039 7055 7062 7098 7135 7160 7169 7172 7246 7274 7283 7317 7503 7505 7555 7605 7624 7638 7680 7684 7696 7769 7793 7931 7973 8043 8114
promulgate FR940104-0-00033 2 399 1030
regulations FR940104-0-00033 6 400 615 631 676 1031 5693
define FR940104-0-00033 4 402 487 2201 4301
specific FR940104-0-00033 5 403 516 2803 6790 7744
nutrient FR940104-0-00033 67 404 488 517 617 640 661 748 763 783 798 820 959 969 1036 1041 1162 1193 1396 1478 1617 1903 1920 1948 2126 2142 2155 2178 2202 2240 2320 2331 2354 2373 2445 2641 2706 2745 2798 3051 3057 3120 3147 3674 3690 3958 4819 5397 5516 5592 5690 5735 5762 5777 6013 6075 6253 6550 6597 6631 7544 7587 7606 7687 7745 7766 7795 7845
content FR940104-0-00033 68 405 489 518 618 641 662 749 764 784 799 821 960 970 1037 1618 1825 1904 1921 2067 2115 2127 2143 2156 2179 2203 2321 2332 2355 2374 2446 2642 2707 2746 2799 3121 3148 3691 3925 3959 4032 4405 5246 5274 5353 5398 5517 5593 5691 5736 5763 5778 6014 6076 6148 6194 6221 6278 6316 6590 6632 7545 7588 7607 7688 7746 7767 7786 7846
claims FR940104-0-00033 89 406 490 519 619 642 663 750 765 785 800 822 961 971 990 1306 1327 1645 1922 2022 2068 2116 2128 2144 2157 2180 2204 2284 2322 2333 2356 2375 2643 2722 2747 2800 2833 2876 3122 3149 3741 3764 3797 3960 3986 4018 4098 4282 4481 4525 4581 4726 4771 4800 4883 4901 4911 4931 4957 4980 5127 5232 5241 5268 5348 5399 5518 5594 5692 5737 5764 5779 6015 6077 6515 6633 6731 6811 6930 7264 7568 7589 7608 7629 7640 7670 7701 7768 7787 7847
including FR940104-0-00033 6 407 845 3197 4025 5215 6384
`` FR940104-0-00033 106 408 412 416 420 424 428 433 657 699 795 1108 1278 1285 1330 1390 1472 1668 1736 2009 2014 2019 2913 2971 2975 2992 3019 3049 3098 3217 3364 3392 3405 3409 3553 3580 3588 3592 3694 3734 3738 3757 3761 3785 3789 3794 3899 3905 3911 3974 3978 3983 4336 4370 4391 4463 4467 4472 4494 4534 4569 4573 4578 4593 4714 4718 4723 4762 4767 4810 4814 4823 4854 4859 4892 4897 4914 4971 4976 5068 5159 5164 5200 5304 5308 5313 6243 6520 6601 6718 6723 6728 6798 6803 6808 6910 6914 6918 6922 6927 6972 6998 7034 7089 7121 7268 7438
free FR940104-0-00033 20 409 3053 3406 3589 3739 3762 3786 3907 3975 4393 4464 4570 4715 4764 4815 4856 4894 4973 5161 5309
'' FR940104-0-00033 106 411 415 418 423 427 431 435 664 704 804 1111 1282 1291 1337 1432 1521 1689 1740 2013 2017 2021 2915 2973 2977 2994 3022 3055 3101 3220 3366 3394 3407 3411 3560 3582 3590 3594 3696 3736 3740 3759 3763 3788 3792 3796 3904 3909 3915 3977 3981 3985 4338 4375 4395 4466 4470 4474 4497 4537 4572 4576 4580 4596 4717 4721 4725 4765 4770 4812 4816 4831 4857 4862 4895 4900 4916 4974 4979 5071 5162 5167 5203 5307 5311 5315 6260 6522 6615 6720 6725 6730 6800 6805 6810 6913 6917 6921 6925 6929 6974 7004 7036 7091 7123 7271 7472
low FR940104-0-00033 23 413 3410 3593 3735 3758 3790 3900 3912 3979 4468 4535 4574 4594 4719 4768 4811 4860 4898 4977 5069 5165 5201 5305
light FR940104-0-00033 2 417 6911
or FR940104-0-00033 66 419 768 831 876 924 1007 1042 1057 1084 1154 1194 1210 1231 1259 1283 1332 1387 1411 1423 1493 1505 1513 1619 1653 1682 2031 2099 2582 3065 3275 3408 3415 3482 3500 3591 3596 3636 3910 4030 4605 4813 4858 5151 5482 5711 5940 6085 6204 6269 6275 6370 6560 6588 6722 6766 6802 6847 7451 7466 7678 7775 7804 7815 7942 8029 8125
lite FR940104-0-00033 1 421
reduced FR940104-0-00033 12 425 3795 3870 3984 4473 4579 4724 4915 5314 5907 6915 7269
less FR940104-0-00033 9 429 2976 3671 4371 4606 5714 6432 6719 6799
high FR940104-0-00033 4 434 1279 2015 7019
( FR940104-0-00033 266 436 439 442 445 448 463 556 564 567 594 597 600 651 666 687 694 725 734 752 776 789 893 998 1004 1011 1051 1054 1058 1061 1078 1081 1085 1088 1107 1138 1141 1204 1207 1211 1214 1253 1256 1260 1263 1346 1349 1358 1361 1364 1405 1408 1412 1415 1442 1445 1448 1487 1490 1494 1497 1525 1528 1531 1546 1549 1552 1560 1563 1584 1587 1590 1594 1597 1600 1632 1635 1638 1676 1679 1683 1686 1697 1700 1703 1707 1710 1713 1763 1769 1806 1809 1812 1851 1854 1857 1882 1885 1926 1929 1991 1994 1998 2094 2474 2555 2751 2848 3026 3029 3032 3035 3082 3104 3107 3111 3123 3196 3224 3227 3230 3234 3237 3262 3421 3434 3437 3440 3443 3602 3605 3609 3612 3990 4024 4153 4156 4159 4165 4169 4172 4175 4316 4319 4323 4326 4362 4365 4426 4540 4543 4546 4550 4553 4585 4588 4612 4624 4673 4691 4694 4698 4705 4708 4748 4751 4755 4758 4778 4785 4788 4820 4845 4912 4992 5111 5118 5121 5145 5148 5152 5155 5178 5206 5209 5220 5223 5360 5472 5560 5583 5605 5633 5657 5727 5803 5806 5809 5900 5916 5919 5925 5928 6027 6030 6164 6167 6229 6232 6240 6268 6344 6347 6380 6420 6436 6445 6533 6637 6653 6684 6703 6706 6709 6712 6721 6756 6770 6801 6834 6851 6875 6878 6881 6884 6897 6900 6903 6906 6951 7148 7180 7227 7241 7265 7287 7309 7339 7358 7363 7434 7493 7496 7524 7528 7593 7705 7812 7820 7831 7834 7865 7956 7982 7985 7988 8057
section FR940104-0-00033 36 437 562 592 1049 1076 1136 1202 1251 1344 1356 1440 1523 1544 1558 1582 1630 1804 1846 1849 1880 1924 3024 3260 3432 4151 4167 4360 4583 5801 5923 6227 6342 6443 6701 7491 7703
3 FR940104-0-00033 4 438 777 1564 6348
b FR940104-0-00033 23 440 1449 1532 1601 1714 4541 4551 4586 4749 4756 4779 4786 5146 5153 5207 5221 5606 5634 5810 6345 6907 7435 7525
) FR940104-0-00033 266 441 444 447 450 455 471 560 566 569 596 599 602 665 670 693 705 729 736 754 778 805 909 1006 1013 1014 1053 1056 1060 1063 1080 1083 1087 1090 1112 1140 1143 1206 1209 1213 1216 1255 1258 1262 1265 1348 1351 1360 1363 1366 1407 1410 1414 1417 1444 1447 1450 1489 1492 1496 1499 1527 1530 1533 1548 1551 1554 1562 1565 1586 1589 1592 1596 1599 1602 1634 1637 1640 1678 1681 1685 1688 1699 1702 1705 1709 1712 1715 1768 1776 1808 1811 1814 1853 1856 1859 1884 1887 1928 1931 1993 2000 2001 2098 2478 2559 2755 2854 3028 3031 3034 3037 3088 3106 3113 3114 3129 3200 3226 3229 3236 3239 3240 3264 3425 3436 3439 3442 3445 3604 3607 3611 3614 3996 4028 4155 4158 4161 4171 4174 4177 4178 4318 4321 4325 4328 4364 4367 4428 4542 4545 4552 4555 4556 4587 4590 4619 4626 4677 4693 4700 4701 4707 4710 4750 4753 4757 4760 4780 4787 4790 4832 4863 4917 4998 5113 5120 5123 5147 5150 5154 5157 5184 5208 5211 5222 5225 5362 5478 5568 5588 5607 5635 5659 5729 5805 5808 5811 5910 5918 5921 5927 5930 6029 6032 6166 6169 6231 6234 6261 6277 6346 6349 6382 6438 6442 6447 6535 6643 6663 6686 6705 6708 6711 6714 6726 6765 6780 6806 6846 6866 6877 6880 6883 6886 6899 6902 6905 6908 6963 7154 7188 7229 7243 7272 7294 7311 7349 7365 7366 7436 7495 7498 7526 7530 7599 7707 7814 7822 7833 7838 7868 7960 7984 7987 7990 8061
1 FR940104-0-00033 35 443 568 735 1055 1082 1142 1208 1257 1350 1362 1409 1446 1491 1529 1588 1598 1680 1701 1711 1810 1855 2477 3228 3606 4320 4366 4752 5149 6168 6233 6707 6879 6901 7459 7497
a FR940104-0-00033 169 446 565 575 595 601 679 730 839 933 948 977 1035 1040 1126 1132 1160 1186 1192 1229 1243 1246 1284 1312 1347 1365 1372 1383 1461 1465 1469 1511 1514 1535 1570 1576 1591 1616 1621 1704 1781 1785 1813 1819 1827 1838 1858 1947 1958 1965 1992 1999 2326 2500 2544 2606 2612 2616 2648 2700 2704 2827 2985 2988 3033 3043 3067 3167 3243 3272 3347 3387 3399 3404 3418 3441 3454 3486 3507 3556 3587 3667 3673 3817 3860 3867 4333 4592 4599 4643 4648 4659 4692 4699 4706 4797 4818 4828 4849 4865 4869 4904 4924 4989 5019 5028 5047 5050 5054 5100 5112 5119 5174 5417 5572 5598 5638 5906 6020 6049 6105 6173 6183 6201 6207 6280 6296 6364 6368 6395 6476 6546 6553 6557 6561 6574 6577 6583 6592 6659 6676 6713 6738 6742 6767 6818 6822 6840 6848 6859 6885 6943 6948 6978 7060 7140 7146 7318 7421 7537 7543 7602 7635 7663 7682 7686 7706 7794 7816 8017
iii FR940104-0-00033 2 449 2122
of FR940104-0-00033 205 451 461 510 515 546 551 570 580 712 723 743 759 771 842 879 890 897 926 929 935 951 979 1064 1091 1144 1159 1191 1217 1227 1245 1288 1311 1322 1352 1367 1394 1399 1425 1460 1476 1481 1507 1603 1615 1620 1661 1670 1694 1716 1735 1796 1815 1860 1901 1932 1943 1946 2008 2041 2052 2066 2089 2260 2410 2447 2471 2482 2522 2537 2630 2647 2656 2659 2786 2874 2926 2945 2958 3038 3133 3259 3265 3336 3378 3385 3446 3492 3527 3569 3638 3653 3672 3820 3843 3863 3872 3926 4033 4039 4079 4129 4131 4134 4162 4198 4224 4240 4291 4305 4343 4351 4406 4462 4484 4490 4498 4515 4533 4652 4665 4670 4679 4805 4808 4817 4879 4988 5015 5057 5136 5173 5275 5303 5326 5330 5458 5530 5540 5548 5627 5677 5717 5754 5773 5786 5792 5812 5839 5843 5855 5898 5963 5977 5988 6033 6043 6055 6081 6108 6191 6200 6279 6363 6367 6394 6398 6458 6473 6507 6548 6585 6595 6611 6856 6864 6942 6956 6961 7031 7067 7076 7086 7102 7128 7131 7225 7250 7302 7355 7417 7456 7708 7735 7751 7829 7879 7896 7908 7917 7951 8019 8052 8070 8110 8136
the FR940104-0-00033 399 452 458 506 513 539 542 557 571 578 581 604 634 656 700 710 713 720 741 744 757 794 835 874 880 888 891 930 936 939 944 952 985 1019 1024 1065 1069 1073 1092 1100 1114 1118 1145 1157 1164 1167 1172 1189 1218 1221 1292 1309 1339 1353 1368 1392 1400 1421 1426 1433 1436 1453 1458 1474 1482 1503 1508 1579 1604 1608 1613 1667 1671 1692 1717 1732 1794 1797 1816 1823 1861 1864 1869 1893 1898 1902 1912 1933 1941 1944 1970 1977 2006 2064 2112 2118 2193 2210 2245 2253 2258 2297 2312 2347 2362 2365 2369 2408 2411 2424 2444 2529 2535 2594 2628 2636 2645 2653 2657 2713 2720 2731 2742 2818 2822 2872 2907 2911 2927 2931 2939 2955 2959 2964 2979 3039 3056 3063 3080 3090 3095 3116 3131 3135 3156 3163 3257 3266 3289 3292 3318 3327 3334 3362 3383 3447 3450 3457 3470 3490 3493 3511 3528 3530 3548 3563 3570 3574 3623 3627 3634 3639 3651 3654 3676 3707 3717 3753 3828 3896 3923 3930 3937 3940 3943 3955 3965 3970 3998 4002 4020 4077 4090 4126 4145 4148 4163 4181 4199 4205 4222 4227 4238 4241 4265 4289 4310 4341 4384 4403 4460 4488 4501 4513 4531 4628 4668 4671 4686 4744 4842 4877 4881 4885 4952 5000 5024 5037 5061 5065 5089 5092 5106 5141 5186 5197 5227 5252 5264 5270 5301 5327 5331 5432 5456 5459 5488 5500 5511 5522 5527 5534 5549 5556 5576 5591 5601 5625 5652 5689 5751 5755 5759 5771 5784 5790 5793 5813 5830 5837 5840 5844 5852 5861 5864 5869 5880 5961 5981 6010 6034 6056 6079 6134 6138 6152 6158 6177 6189 6196 6211 6214 6237 6266 6283 6304 6308 6326 6353 6360 6391 6424 6455 6471 6480 6485 6505 6528 6541 6549 6565 6569 6586 6596 6619 6623 6627 6649 6672 6733 6754 6782 6813 6827 6870 6932 6970 7005 7025 7029 7032 7043 7064 7074 7081 7087 7100 7114 7129 7137 7156 7167 7192 7195 7223 7251 7326 7330 7343 7374 7380 7395 7400 7418 7424 7439 7444 7454 7481 7515 7540 7548 7556 7564 7576 7580 7584 7645 7657 7672 7691 7694 7709 7720 7736 7826 7877 7889 7894 7897 7905 7914 7927 7948 7952 7965 7969 7975 8001 8006 8049 8053 8065 8071 8092 8096 8102 8111 8131 8137
1990 FR940104-0-00033 6 453 582 635 1066 1101 1173
amendments FR940104-0-00033 6 454 583 636 1067 1102 1174
. FR940104-0-00033 203 456 520 535 553 561 591 627 671 706 806 826 834 869 882 916 932 966 968 1018 1068 1117 1166 1220 1290 1355 1431 1464 1520 1566 1664 1731 1756 1760 1766 1777 1847 1888 1907 1976 1986 2036 2046 2103 2121 2123 2167 2192 2216 2242 2274 2308 2337 2382 2415 2436 2476 2479 2516 2527 2557 2560 2609 2633 2668 2683 2695 2736 2774 2794 2810 2837 2862 2895 2930 2961 3021 3092 3162 3219 3286 3317 3356 3382 3426 3484 3502 3522 3559 3599 3665 3702 3730 3780 3827 3881 3929 3953 3997 4037 4057 4094 4112 4179 4202 4233 4256 4297 4359 4394 4455 4526 4582 4633 4657 4683 4772 4795 4837 4902 4921 4945 5017 5040 5059 5103 5212 5226 5240 5250 5297 5334 5367 5384 5431 5479 5497 5519 5552 5596 5648 5730 5757 5783 5827 5863 5922 5979 6019 6059 6094 6133 6176 6226 6286 6302 6341 6419 6441 6462 6483 6512 6564 6614 6671 6700 6781 6867 6891 6964 7003 7024 7080 7113 7117 7155 7189 7230 7253 7325 7373 7394 7471 7490 7547 7572 7656 7690 7711 7739 7741 7781 7836 7839 7869 7901 7926 7961 7995 8005 8032 8059 8062 8089
in FR940104-0-00033 152 457 477 531 645 678 707 719 769 812 1048 1163 1201 1280 1334 1420 1439 1502 1541 1581 1627 1750 1826 1918 1967 1989 2152 2160 2175 2186 2231 2262 2268 2296 2304 2352 2371 2378 2416 2432 2454 2490 2578 2690 2741 2763 2770 2790 2814 2821 2856 2858 2865 2883 2978 3008 3062 3066 3102 3115 3427 3562 3566 3660 3689 3777 3901 3922 3939 3954 4068 4089 4095 4102 4125 4150 4195 4220 4226 4287 4298 4500 4511 4538 4559 4658 4746 5036 5143 5204 5218 5257 5281 5292 5357 5392 5441 5469 5490 5510 5533 5545 5555 5624 5631 5709 5720 5758 5847 5860 5868 5878 5911 6009 6025 6048 6052 6129 6162 6359 6378 6475 6531 6551 6616 6626 6696 6753 7020 7073 7106 7145 7239 7361 7369 7399 7414 7432 7453 7522 7534 7583 7615 7652 7719 7732 7757 7810 7947 7980 8048 8107 8130
federal FR940104-0-00033 9 459 721 854 4200 5550 6057 7419 7737 8112
register FR940104-0-00033 8 460 722 4201 5551 6058 7420 7738 8113
56 FR940104-0-00033 4 464 468 7149 7957
fr FR940104-0-00033 15 465 469 668 689 727 2753 3125 3992 5474 5562 6639 7150 7182 7595 7958
60421 FR940104-0-00033 2 466 7151
60478 FR940104-0-00033 1 470
published FR940104-0-00033 6 474 718 4193 5543 7412 7730
two FR940104-0-00033 3 475 2766 6607
documents FR940104-0-00033 1 476
which FR940104-0-00033 34 478 994 1397 1479 1642 2028 2072 3070 3159 3187 3204 3460 3469 3542 3567 4221 4288 4330 4512 4561 5006 5192 5637 5797 5879 6120 6351 6826 7500 7854 7920 7939 8022 8122
it FR940104-0-00033 40 479 1149 1381 1936 2249 2517 2586 2589 2662 2996 3071 3181 3188 3205 3212 3270 3357 3543 3584 3848 4005 4013 4114 4268 4347 4410 4967 5007 5041 5078 5193 5213 5934 5945 6003 6321 6332 7648 7799 7887
proposed FR940104-0-00033 6 480 614 1899 6628 7502 7930
among FR940104-0-00033 2 482 2513
other FR940104-0-00033 28 483 883 1043 1195 1654 1727 1737 2043 2053 2100 2459 2681 2724 2734 2924 3314 3728 4135 5354 5942 5991 6258 6459 6493 6999 7048 7840 7870
things FR940104-0-00033 1 484
provide FR940104-0-00033 7 493 755 779 1177 1983 6295 7063
for FR940104-0-00033 161 494 505 620 747 756 780 782 786 801 823 962 972 991 993 1039 1375 1646 2027 2069 2071 2114 2117 2125 2129 2154 2177 2181 2302 2329 2334 2357 2389 2547 2551 2593 2615 2640 2675 2703 2715 2748 2804 2834 2880 3042 3069 3089 3130 3158 3274 3329 3413 3583 3703 3733 3765 3798 3950 3961 3972 4187 4190 4340 4557 4646 4654 4727 4739 4761 4867 4928 5005 5067 5099 5128 5158 5191 5199 5233 5242 5316 5349 5396 5419 5446 5453 5507 5515 5526 5580 5636 5642 5649 5680 5765 5948 5980 6016 6037 6040 6119 6186 6205 6217 6249 6299 6421 6490 6504 6537 6634 6644 6661 6717 6750 6763 6777 6791 6797 6825 6842 6861 6909 6958 6981 6992 7012 7124 7206 7277 7304 7337 7347 7388 7406 7409 7423 7429 7446 7483 7487 7542 7566 7569 7590 7641 7650 7665 7726 7743 7851 7853 7919 7935 7938 8016 8021 8035 8078 8118 8121
their FR940104-0-00033 7 495 2448 2472 3011 3330 3951 5379
use FR940104-0-00033 23 496 514 758 1873 2007 2024 2390 2481 2521 2629 2873 2910 3335 4461 4558 4841 5905 7030 7085 7125 7249 7625 7750
on FR940104-0-00033 75 497 536 577 616 643 649 660 766 797 819 1113 1911 2289 2376 2484 2488 2568 2744 2916 2943 3119 3309 3353 3371 3417 3456 3633 3805 3812 3957 3969 4147 4184 4234 4264 4283 4402 4482 4918 4932 4962 5134 5347 5411 5455 5463 5537 5738 5761 5780 6012 6078 6122 6146 6195 6222 6314 6325 6390 6454 6509 6630 7092 7133 7191 7217 7403 7443 7477 7480 7586 7609 7613 7723 8000
foods FR940104-0-00033 38 498 530 644 2159 2185 2230 2267 2303 2377 2398 2431 2453 2489 2577 2682 2725 2735 2769 2789 2857 2882 2901 3100 3139 3157 3302 3311 3315 3729 4091 6518 6647 6695 7105 7134 7357 7614 7651
labels FR940104-0-00033 6 499 767 4483 5135 5414 6080
establish FR940104-0-00033 5 503 2063 2831 7932 8115
procedures FR940104-0-00033 1 504
submission FR940104-0-00033 1 507
review FR940104-0-00033 1 509
petitions FR940104-0-00033 2 511 781
regarding FR940104-0-00033 1 512
these FR940104-0-00033 19 521 674 1123 2275 2514 2523 2599 3307 4040 4066 4100 4123 4235 4793 5375 5678 6060 6889 7996
proposals FR940104-0-00033 1 522
applied FR940104-0-00033 1 523
dietary FR940104-0-00033 123 525 543 587 621 738 772 787 802 824 907 963 973 1662 2130 2165 2182 2222 2264 2290 2335 2342 2358 2383 2421 2468 2485 2583 2677 2716 2749 2760 2777 2805 2835 2840 2893 2917 2946 3298 3372 3376 3419 3663 3724 3746 3778 3806 3813 3837 3855 3889 3927 3962 3988 4035 4070 4104 4191 4212 4285 4407 4419 4485 4562 4655 4740 4919 4934 4964 5137 5176 5258 5276 5295 5321 5332 5382 5412 5436 5464 5508 5531 5541 5681 5739 5766 5781 5986 6017 6041 6082 6202 6224 6300 6365 6396 6460 6510 6538 6578 6635 6669 6689 6792 6994 7093 7111 7207 7278 7410 7430 7488 7506 7570 7591 7610 7642 7727 7818 7863 7921 8014 8141
supplements FR940104-0-00033 114 526 588 622 739 773 788 803 825 908 964 1663 2131 2166 2183 2223 2265 2291 2336 2343 2359 2384 2422 2469 2486 2584 2678 2694 2717 2750 2761 2778 2806 2836 2841 2894 2918 2947 3299 3373 3377 3725 3779 3807 3814 3826 3838 3856 3890 3928 3963 3989 4036 4105 4130 4192 4213 4218 4286 4408 4420 4439 4441 4448 4486 4563 4656 4741 4920 4935 4940 4965 5138 5259 5277 5322 5383 5437 5465 5509 5532 5542 5682 5740 5767 5782 5987 6018 6042 6083 6225 6301 6461 6511 6539 6636 6670 6690 6793 6983 6995 7094 7112 7208 7279 7338 7411 7431 7489 7507 7571 7592 7611 7643 7728
as FR940104-0-00033 68 527 529 655 698 793 1268 1555 1557 1575 1837 1964 2059 2111 2300 2325 2364 2391 2397 2401 2428 2543 2723 2739 2811 3048 3074 3215 3312 3503 3505 3519 3768 3824 4216 4381 4390 4598 4616 4796 4864 4938 4948 5095 5368 5597 6112 6307 6329 6331 6413 6429 6658 6691 6693 6761 6775 6839 6858 7126 7359 7437 7469 7563 7579 7796 7798 7806 7823
well FR940104-0-00033 3 528 1556 6692
conventional FR940104-0-00033 20 532 646 2161 2187 2232 2269 2305 2379 2433 2455 2491 2579 2771 2791 2859 2884 6697 7107 7616 7653
food FR940104-0-00033 71 533 647 1127 1165 1373 1427 1509 1786 1798 1870 2162 2188 2233 2270 2306 2380 2434 2456 2492 2580 2608 2660 2772 2792 2860 2885 3044 3064 3068 3091 3169 3179 3244 3278 3285 3558 3625 3629 3640 3656 3678 3719 4334 4502 4597 4600 4991 5002 5026 5062 5094 5188 5964 5967 6543 6555 6563 6698 6735 6740 6769 6815 6820 6829 6850 6945 6950 7108 7147 7617 7654
form FR940104-0-00033 20 534 648 2163 2189 2234 2271 2307 2381 2435 2457 2493 2581 2773 2793 2861 2886 6699 7109 7618 7655
president FR940104-0-00033 1 540
signed FR940104-0-00033 1 541
supplement FR940104-0-00033 19 544 2211 2980 2989 3388 3420 3747 4826 4830 4997 5177 5183 5333 5413 6141 6203 6366 6397 6579
act FR940104-0-00033 23 545 559 573 715 1093 1146 1219 1354 1369 1605 1718 1817 1862 1934 3040 3267 3448 4164 5814 7710 7899 7967 8098
1992 FR940104-0-00033 1 547
title FR940104-0-00033 1 549
ii FR940104-0-00033 4 550 967 3036 3444
pub FR940104-0-00033 1 552
l. FR940104-0-00033 1 554
102571 FR940104-0-00033 1 555
ds FR940104-0-00033 6 558 572 714 7898 7966 8097
202 FR940104-0-00033 2 563 593
established FR940104-0-00033 18 574 1017 1235 2035 2081 2141 2319 6161 7295 7360 7398 7807 7824 7857 7925 7979 8041 8094
moratorium FR940104-0-00033 3 576 7900 8093
implementation FR940104-0-00033 1 579
with FR940104-0-00033 22 584 637 956 1179 1543 1629 1897 2025 2140 2229 2311 2318 3177 3346 3459 3541 5887 5913 5952 7772 7791 7883
respect FR940104-0-00033 4 585 638 957 7792
until FR940104-0-00033 2 589 7991
2 FR940104-0-00033 23 598 753 1062 1089 1215 1264 1416 1498 1687 1886 1930 2558 3030 3438 3613 4544 4554 4589 4759 5156 5210 5807 6031
required FR940104-0-00033 13 603 1402 1484 1673 5098 5410 5589 5643 5687 5706 5799 6174 6263
secretary FR940104-0-00033 2 605 3081
issue FR940104-0-00033 11 613 3290 3384 4197 5547 5772 5826 6054 7416 7734 8109
no FR940104-0-00033 14 623 995 1237 2686 3321 3539 3713 5342 5480 5504 5713 6292 6488 7237
later FR940104-0-00033 2 624 2813
than FR940104-0-00033 16 625 2680 2788 3675 3726 4372 4423 4492 5032 5355 5715 6337 6433 6494 6606 7644
issued FR940104-0-00033 1 629
final FR940104-0-00033 11 630 658 675 2136 3117 4182 5535 5849 6035 7401 7890
that FR940104-0-00033 194 632 681 982 1023 1072 1099 1121 1171 1184 1197 1224 1274 1295 1307 1324 1371 1385 1455 1471 1606 1610 1658 1690 1742 1784 1789 1821 1829 1831 1845 1895 1939 1960 2055 2173 2196 2205 2221 2248 2252 2278 2292 2314 2316 2344 2346 2349 2367 2385 2443 2622 2631 2639 2661 2759 2801 2877 2888 2919 2934 2950 2967 2984 2987 3010 3075 3137 3150 3166 3172 3180 3242 3284 3291 3300 3323 3341 3361 3479 3497 3619 3643 3682 3710 3772 3784 3815 3831 3847 3857 3885 3917 3933 3945 4004 4012 4054 4072 4117 4208 4267 4332 4353 4369 4387 4417 4442 4449 4601 4636 4661 4713 4742 4801 4806 4848 4884 4955 4970 4999 5023 5052 5126 5139 5185 5267 5288 5339 5404 5408 5435 5466 5569 5684 5733 5818 5857 5873 5932 6066 6086 6102 6137 6170 6180 6236 6289 6312 6355 6374 6404 6409 6426 6450 6527 6536 6568 6622 6675 6682 6716 6745 6785 6788 6796 6946 6969 6986 6996 7008 7017 7028 7052 7084 7139 7175 7198 7236 7261 7297 7329 7352 7382 7510 7559 7601 7647 7660 7764 7785 7844 7873 7904 8091
implemented FR940104-0-00033 1 633
hereinafter FR940104-0-00033 4 652 695 790 4613
referred FR940104-0-00033 5 653 696 791 1835 4614
rule FR940104-0-00033 9 659 3118 4183 5536 5850 6298 6629 7402 7892
58 FR940104-0-00033 11 667 688 726 2752 3124 3991 5473 5561 6638 7181 7594
2302 FR940104-0-00033 3 669 3126 7183
modified FR940104-0-00033 8 673 5603 5655 6521 6973 7035 7090 7122
slightly FR940104-0-00033 2 677 4925
document FR940104-0-00033 8 680 703 2816 2867 5559 5872 6051 7722
made FR940104-0-00033 8 682 1540 4738 4874 5133 5503 7144 7276
technical FR940104-0-00033 4 683 701 5557 5870
corrections FR940104-0-00033 4 684 702 5558 5871
them FR940104-0-00033 4 686 3154 4011 5291
44020 FR940104-0-00033 3 690 5563 5565
response FR940104-0-00033 2 708 813
requirements FR940104-0-00033 11 711 1239 3258 3732 4186 5430 5514 5525 5890 5955 7405
33731 FR940104-0-00033 6 728 2754 3993 5475 6640 7596
proposal FR940104-0-00033 17 731 796 818 875 881 892 931 2743 3956 5462 5756 5760 5862 6011 7331 7482 7585
: FR940104-0-00033 1 733
include FR940104-0-00033 9 737 1719 1754 3489 5609 5661 6144 6888 6939
under FR940104-0-00033 13 740 1122 1135 1338 1522 1848 1879 1923 3023 3431 5590 7702 7964
coverage FR940104-0-00033 3 742 1744 1900
general FR940104-0-00033 6 745 1300 1340 2897 4185 7404
principles FR940104-0-00033 4 746 2348 2366 2898
; FR940104-0-00033 7 751 774 847 850 853 862 864
expressed FR940104-0-00033 2 760 4380
implied FR940104-0-00033 1 762
labeling FR940104-0-00033 17 770 1424 1506 2554 3637 4189 4345 5386 5529 5539 5581 5954 5965 6039 7408 7486 7725
received FR940104-0-00033 4 808 4006 4269 7479
approximately FR940104-0-00033 1 809
500 FR940104-0-00033 1 810
letters FR940104-0-00033 3 811 836 5710
its FR940104-0-00033 9 815 1299 1320 1743 1872 3461 3534 3658 6491
each FR940104-0-00033 1 827
letter FR940104-0-00033 1 828
contained FR940104-0-00033 2 829 3879
one FR940104-0-00033 17 830 2170 2903 3171 3781 5401 5817 6099 6524 6751 6854 6954 6966 7258 7298 7307 7646
more FR940104-0-00033 12 832 2020 2591 4422 4491 6336 6603 6729 6809 7078 7370 7383
comments FR940104-0-00033 28 833 871 884 918 937 945 980 1020 1070 1119 1168 1222 1293 1894 2149 2218 2246 2276 2313 3744 4003 4266 5228 7478 7762 7783 7841 7871
were FR940104-0-00033 12 837 2285 2293 2563 2571 5247 5484 5858 7273 7945 7998 8040
from FR940104-0-00033 8 838 2420 2430 2768 3745 4144 4248 7047
wide FR940104-0-00033 1 840
range FR940104-0-00033 1 841
sources FR940104-0-00033 1 843
consumers FR940104-0-00033 24 846 2215 2237 2279 2439 2460 2497 2508 2526 3644 3832 3918 3934 4050 4060 4111 4232 4296 4521 4682 5283 6128 6463 7621
consumer FR940104-0-00033 4 848 5048 6212 6575
organizations FR940104-0-00033 1 849
professional FR940104-0-00033 1 851
associations FR940104-0-00033 3 852 868 3751
state FR940104-0-00033 3 856 4712 5125
local FR940104-0-00033 1 859
government FR940104-0-00033 1 860
agencies FR940104-0-00033 1 861
industry FR940104-0-00033 4 863 866 2212 2981
trade FR940104-0-00033 2 867 3750
many FR940104-0-00033 7 870 917 2148 2217 4418 4509 7761
generally FR940104-0-00033 6 872 2842 4063 6664 6747 6831
supported FR940104-0-00033 2 873 2150
various FR940104-0-00033 2 877 927
provisions FR940104-0-00033 8 878 1124 1906 3308 3720 4794 5376 6061
addressed FR940104-0-00033 1 885
issues FR940104-0-00033 3 886 5856 7712
outside FR940104-0-00033 1 887
scope FR940104-0-00033 2 889 2146
eg FR940104-0-00033 16 894 2849 4674 4821 4913 5179 5584 5901 6599 6654 6757 6771 6835 6852 6952 7266
freedom FR940104-0-00033 1 896
choice FR940104-0-00033 1 898
access FR940104-0-00033 2 900 905
health FR940104-0-00033 7 902 1462 1466 1536 1622 1644 3952
care FR940104-0-00033 2 903 3935
will FR940104-0-00033 18 911 2105 2494 2518 3013 3325 3344 3367 4833 5289 5415 5704 6068 6088 6322 6465 6794 7619
not FR940104-0-00033 51 912 1045 1176 1199 1248 1800 2039 2079 2207 2294 2387 2844 2890 3014 3207 3474 3516 3774 3834 3859 3892 3920 4014 4043 4052 4062 4399 4412 4518 4736 4852 4959 5080 5131 5248 5700 5883 5936 6005 6156 6416 6499 6666 7159 7177 7315 7377 7551 7633 7912 8011
be FR940104-0-00033 91 913 1105 1129 1419 1457 1501 1539 1573 1612 1625 1801 1842 1957 1962 2057 2272 2281 2287 2361 2405 2573 2625 2652 2728 2808 2990 3017 3046 3060 3174 3246 3249 3304 3369 3390 3464 3517 3551 3578 3809 4308 4355 4379 4413 4504 4565 4737 4835 4853 4873 4943 4960 4982 5034 5074 5081 5097 5132 5279 5705 5708 6069 6125 6318 6323 6357 6388 6411 6417 6452 6466 6545 6582 6737 6748 6817 6832 6977 6990 7056 7096 7161 7170 7215 7275 7284 7367 7532 7561 7789 7849
discussed FR940104-0-00033 4 914 2740 2812 7718
here FR940104-0-00033 1 915
suggested FR940104-0-00033 6 919 3783 6136 7027 7784 7872
modifications FR940104-0-00033 1 920
revisions FR940104-0-00033 2 922 5679
revocations FR940104-0-00033 1 925
aspects FR940104-0-00033 1 928
summary FR940104-0-00033 1 934
agency FR940104-0-00033 42 940 953 1025 2370 2637 2819 3096 3293 3319 3708 3966 3999 4206 4311 4687 4953 5107 5265 5433 5489 5501 5602 5653 5831 5865 6139 6178 6529 6673 6783 6871 6933 7115 7196 7375 7396 7581 7658 7692 7928 7970 8103
's FR940104-0-00033 36 941 954 1914 1917 1979 1982 2074 2077 3349 3495 3513 4434 5832 7753 7756 7774 7777 7867 7885 7910 7934 7941 7944 7955 8004 8009 8028 8031 8034 8056 8074 8077 8117 8124 8127 8139
responses FR940104-0-00033 1 942
complete FR940104-0-00033 1 949
discussion FR940104-0-00033 2 950 1770
conclusions FR940104-0-00033 1 955
follows FR940104-0-00033 1 965
supplements_fda FR940104-0-00033 1 974
authority FR940104-0-00033 7 975 987 1028 1181 1302 2940 7695
1. FR940104-0-00033 2 976 2899
couple FR940104-0-00033 1 978
contended FR940104-0-00033 1 981
lacks FR940104-0-00033 2 984 1026
statutory FR940104-0-00033 1 986
prohibit FR940104-0-00033 1 989
substances FR940104-0-00033 12 992 1454 1609 1657 1730 1739 2070 2119 3938 4138 5994 7002
reference FR940104-0-00033 32 996 1001 1009 1966 2060 3628 3677 4608 4617 4629 4640 6517 6542 6660 6734 6762 6776 6814 6841 6860 6944 7255 7285 7290 7335 7353 7356 7389 7425 7516 7557 7977
value FR940104-0-00033 3 997 1010 3652
ie FR940104-0-00033 7 999 3184 4846 4993 6241 7288 7340
daily FR940104-0-00033 7 1002 1008 1764 2239 2413 2504 7862
intake FR940104-0-00033 2 1003 2241
rdi FR940104-0-00033 13 1005 1230 1913 1978 2030 2073 7752 7773 7803 7884 7909 7933 8116
drv FR940104-0-00033 9 1012 1232 1916 1981 2032 2076 7755 7776 7805
has FR940104-0-00033 27 1015 1233 1874 1909 1937 2004 2033 2198 2533 2672 2685 3320 3532 3669 4000 4260 4335 4348 4876 5502 7119 7142 7397 7800 7856 8024 8099
been FR940104-0-00033 10 1016 1234 1875 2034 2080 2395 2673 7143 7178 7924
also FR940104-0-00033 8 1021 1169 2519 4775 4834 5043 5654 7842
stated FR940104-0-00033 16 1022 1170 2172 2966 3632 3884 4949 5403 5554 6101 6567 6985 7007 7260 7763 7843
legal FR940104-0-00033 1 1027
governing FR940104-0-00033 1 1032
products FR940104-0-00033 20 1033 1183 1304 2515 2925 3012 3331 3897 3941 3947 4041 4067 4236 4510 4804 6109 7041 7051 7174 7219
bearing FR940104-0-00033 2 1034 1305
claim FR940104-0-00033 23 1038 1187 1273 1384 1463 1467 1470 1537 1623 1783 1820 1866 1905 2708 3412 3598 3868 4871 5020 5102 7546 7689 7747
substance FR940104-0-00033 5 1044 1196 1247 1314 1840
explicitly FR940104-0-00033 3 1046 1153 5835
named FR940104-0-00033 1 1047
403 FR940104-0-00033 25 1050 1077 1137 1203 1252 1345 1357 1441 1524 1545 1559 1583 1631 1696 1805 1850 1881 1925 3025 3261 3433 4152 4168 5802 7704
q FR940104-0-00033 16 1052 1059 1079 1086 1205 1212 1254 1261 1406 1413 1488 1495 1677 1684 4154 4170
said FR940104-0-00033 4 1071 2315 4331 7582
references FR940104-0-00033 2 1074 1095
are FR940104-0-00033 39 1094 1328 1659 1691 2050 2206 2224 2386 2601 2779 2802 2878 2920 3144 3301 3316 3615 3630 3773 3816 3858 3898 3919 4073 4210 4247 5425 5438 5467 5876 5995 6104 6789 7010 7018 7386 7716 8046 8128
those FR940104-0-00033 9 1097 2083 2090 2301 3946 4045 4284 5356 7770
nutrients FR940104-0-00033 23 1098 1110 1669 2026 2261 2419 2429 2787 2847 3766 4046 4101 4124 6259 6354 6376 6405 7771 7852 7918 7937 8020 8120
require FR940104-0-00033 1 1103
listed FR940104-0-00033 5 1106 1200 6377 6453 8047
mandatory FR940104-0-00033 3 1109 1161 7484
nutrition FR940104-0-00033 17 1115 4127 4188 4344 5528 5538 5953 6038 6215 6327 6361 6392 6456 6481 7407 7485 7724
label FR940104-0-00033 16 1116 1422 1504 1782 3635 4128 5644 5685 6216 6328 6362 6393 6457 6482 7445 7976
argued FR940104-0-00033 9 1120 1294 2195 2247 2933 3830 3932 7083 7328
may FR940104-0-00033 21 1128 1538 1611 2807 3173 3488 4378 4735 4851 4872 4981 5130 5278 5893 5958 6544 6581 6736 6816 7201 7214
subject FR940104-0-00033 10 1130 1459 1614 1693 1802 1843 3255 3305 5741 5997
misbranding FR940104-0-00033 4 1133 1180 1301 1341
charge FR940104-0-00033 1 1134
r FR940104-0-00033 18 1139 1359 1443 1526 1547 1561 1585 1595 1633 1698 1708 1807 1852 1883 1927 3027 3435 5804
only FR940104-0-00033 8 1147 3397 3561 3811 4107 4271 4908 6264
if FR940104-0-00033 19 1148 1242 1380 1940 2047 2283 2561 2995 3142 3269 3525 3666 4346 4627 4984 5423 5874 7262 7671
characterizes FR940104-0-00033 3 1150 1391 1473
either FR940104-0-00033 5 1152 6070 6188 6552 7801
implicitly FR940104-0-00033 2 1155 5822
level FR940104-0-00033 12 1158 1190 1310 1393 1945 1959 4304 4645 5329 6154 6285 6340
did FR940104-0-00033 3 1175 7550 8010
over FR940104-0-00033 3 1182 1303 2528
bear FR940104-0-00033 5 1185 3146 3586 4523 4568
characterizing FR940104-0-00033 1 1188
is FR940104-0-00033 89 1198 1378 1398 1468 1480 1745 1790 1833 1949 1972 2038 2190 2250 2323 2339 2450 2663 2711 2870 2954 2969 2997 3077 3170 3189 3206 3213 3271 3280 3296 3358 3473 3538 3544 3684 3697 3712 3849 4008 4115 4119 4229 4251 4293 4388 4517 4631 4678 4688 4774 5108 5214 5323 5341 5373 5409 5646 5683 5699 5745 5750 5798 5816 5819 5882 5935 6023 6182 6262 6291 6333 6427 6431 6498 6678 6872 6934 6947 7158 7166 7244 7314 7345 7376 7475 7632 7662 7675 8104
maintained FR940104-0-00033 3 1223 2277 6621
regardless FR940104-0-00033 2 1226 2655
whether FR940104-0-00033 7 1228 1969 2569 3297 3386 4245 7536
special FR940104-0-00033 3 1238 5505 6502
should FR940104-0-00033 13 1240 2085 2360 2651 3303 3808 4307 4564 4958 7095 7788 7848 7875
apply FR940104-0-00033 5 1241 3572 3716 6667 7504
manufacturer FR940104-0-00033 9 1244 2960 3348 3400 3451 3494 3512 3531 7344
covered FR940104-0-00033 1 1249
such FR940104-0-00033 21 1267 1326 1984 2109 2402 2832 2952 3428 3485 3506 3767 3823 4215 4524 4903 4937 5018 6111 7218 7628 7699
garlic FR940104-0-00033 7 1269 1281 1289 1755 1788 1824 1832
wished FR940104-0-00033 1 1271
his FR940104-0-00033 1 1275
product FR940104-0-00033 31 1276 3002 3354 3455 3462 3472 3487 3496 3508 3514 3535 3540 3549 3575 3668 4228 4660 4850 5039 5051 5881 6281 6477 6558 6651 6743 6823 7299 7319 7538 7683
was FR940104-0-00033 6 1277 2936 5571 6004 7778 7971
good FR940104-0-00033 2 1286 2010
source FR940104-0-00033 9 1287 2011 3819 3862 4239 4651 4669 6547 6594
while FR940104-0-00033 6 1296 1780 2437 4113 4396 4946
maintains FR940104-0-00033 1 1298
characterize FR940104-0-00033 1 1308
nonmandatory FR940104-0-00033 1 1313
still FR940104-0-00033 1 1317
must FR940104-0-00033 12 1318 1572 1624 1956 2404 3058 3140 3294 3452 4942 6356 6387
meet FR940104-0-00033 5 1319 4743 5064 5140 7222
burden FR940104-0-00033 1 1321
proving FR940104-0-00033 1 1323
any FR940104-0-00033 13 1325 1335 1395 1477 1952 2042 2620 2691 3313 3721 5085 6501 7698
actually FR940104-0-00033 1 1329
false FR940104-0-00033 1 1331
misleading FR940104-0-00033 4 1333 2553 7669 7700
particular FR940104-0-00033 5 1336 2607 2617 2649 2705
provision FR940104-0-00033 6 1342 3343 5506 6000 6022 6503
states FR940104-0-00033 7 1370 3165 3241 4368 5931 6715 7509
intended FR940104-0-00033 5 1374 1791 2225 2388 2602
human FR940104-0-00033 1 1376
consumption FR940104-0-00033 5 1377 7075 7301 7348 7447
misbranded FR940104-0-00033 1 1379
bears FR940104-0-00033 1 1382
expressly FR940104-0-00033 1 1386
implication FR940104-0-00033 1 1389
type FR940104-0-00033 16 1401 1483 1672 2658 2929 5389 5394 5460 5512 5523 5578 5640 5697 5841 5888 5908
paragraph FR940104-0-00033 6 1404 1486 1675 4704 4784 5117
* FR940104-0-00033 6 1428 1429 1430 1517 1518 1519
statute FR940104-0-00033 2 1434 1571
uses FR940104-0-00033 1 1435
same FR940104-0-00033 11 1437 2298 2363 2425 2654 2721 2928 4385 4843 6650 7065
language FR940104-0-00033 3 1438 1580 5217
describe FR940104-0-00033 7 1452 1793 2257 2576 2667 2892 7173
could FR940104-0-00033 4 1456 1748 2624 7560
relationship FR940104-0-00033 2 1475 2133
disease FR940104-0-00033 1 1512
healthrelated FR940104-0-00033 1 1515
condition FR940104-0-00033 1 1516
accordance FR940104-0-00033 2 1542 5912
5 FR940104-0-00033 9 1550 1636 4157 4173 4373 4424 4789 5224 6434
d FR940104-0-00033 7 1553 1639 3105 3112 3603 3610 6028
thus FR940104-0-00033 17 1567 1665 1889 1987 2243 2495 2696 2795 3254 3287 4058 4456 5298 5828 6464 7071 7211
because FR940104-0-00033 7 1569 1935 3526 3895 5060 5747 6484
read FR940104-0-00033 2 1574 1626
whole FR940104-0-00033 1 1577
describes FR940104-0-00033 2 1607 1822
conjunction FR940104-0-00033 1 1628
addresses FR940104-0-00033 1 1643
vitamins FR940104-0-00033 6 1647 1720 3379 6044 6399 7880
minerals FR940104-0-00033 6 1649 1722 3381 6046 6401 7882
herbs FR940104-0-00033 4 1651 1724 4132 5989
similar FR940104-0-00033 16 1655 1728 3201 4136 4990 5038 5093 5175 5216 5992 6021 6562 6768 6849 6949 7000
nutritional FR940104-0-00033 8 1656 1729 1738 1839 2464 4137 5993 7001
components FR940104-0-00033 1 1660
sections FR940104-0-00033 3 1695 3600 5628
legislative FR940104-0-00033 1 1733
history FR940104-0-00033 1 1734
reveals FR940104-0-00033 2 1741 1830
broad FR940104-0-00033 1 1746
appropriate FR940104-0-00033 10 1751 1975 2101 2809 3700 4983 5324 5746 6246 7470
circumstances FR940104-0-00033 3 1752 3429 5877
see FR940104-0-00033 4 1757 3422 4180 6244
136 FR940104-0-00033 1 1758
cong FR940104-0-00033 1 1759
record FR940104-0-00033 1 1761
s16609 FR940104-0-00033 1 1762
ed FR940104-0-00033 1 1765
between FR940104-0-00033 6 1771 2158 3153 3622 5088 7104
senators FR940104-0-00033 1 1772
metzenbaum FR940104-0-00033 1 1773
symms FR940104-0-00033 1 1775
therefore FR940104-0-00033 9 1778 2634 2863 4257 4922 5104 5335 5498 7573
contains FR940104-0-00033 6 1787 3480 3498 4602 4662 6602
taste FR940104-0-00033 1 1795
would FR940104-0-00033 27 1799 1841 1867 2280 2587 3389 3395 3573 4061 4106 4411 4503 4507 4906 5009 5021 5033 5042 5063 5073 5079 5096 6171 6317 6410 6975 7053
way FR940104-0-00033 3 1828 2692 3529
being FR940104-0-00033 3 1834 2664 4809
latter FR940104-0-00033 1 1865
misbrand FR940104-0-00033 1 1868
unless FR940104-0-00033 4 1871 3211 5722 7511
authorized FR940104-0-00033 4 1876 7097 7790 7850
rejects FR940104-0-00033 1 1892
disagreed FR940104-0-00033 1 1896
relied FR940104-0-00033 1 1910
defining FR940104-0-00033 4 1919 2330 2353 2372
concluded FR940104-0-00033 1 1938
characterization FR940104-0-00033 2 1942 1971
have FR940104-0-00033 13 1951 2078 2393 3015 3141 3576 3949 4400 6089 7054 7176 7202 7923
meaning FR940104-0-00033 1 1953
there FR940104-0-00033 16 1955 2338 2968 3537 3711 4209 5340 5570 5875 6067 6103 6181 6290 7009 7281 7661
can FR940104-0-00033 10 1961 2056 3463 3550 3645 3948 4354 5260 6746 6830
used FR940104-0-00033 15 1963 2058 2255 2574 2665 3175 3370 3465 3545 6625 7162 7171 7216 7533 7562
determining FR940104-0-00033 3 1968 4560 7535
valid FR940104-0-00033 1 1973
levels FR940104-0-00033 7 1985 2259 2785 5256 6097 6160 6408
ยง101.54 FR940104-0-00033 1 1990
21 FR940104-0-00033 6 1995 2095 3108 3231 4547 4695
cfr FR940104-0-00033 6 1996 2096 3109 3232 4548 4696
101.54 FR940104-0-00033 3 1997 5612 5664
limited FR940104-0-00033 2 2005 7204
an FR940104-0-00033 18 2029 3216 3250 3391 3520 3698 4349 4493 4985 5012 5170 5718 5895 5974 6338 6940 7553 7802
aware FR940104-0-00033 3 2040 2051 2088
alternative FR940104-0-00033 4 2044 5896 5975 7554
standards FR940104-0-00033 4 2045 2054 2091 2110
interested FR940104-0-00033 2 2048 3921
persons FR940104-0-00033 2 2049 2084
values FR940104-0-00033 4 2061 7978 7997 8015
validity FR940104-0-00033 1 2065
make FR940104-0-00033 11 2086 2510 2588 2719 3403 3646 3866 5285 5776 6074 7685
through FR940104-0-00033 3 2092 2452 7527
ยง101.69 FR940104-0-00033 1 2093
101.69 FR940104-0-00033 1 2097
means FR940104-0-00033 3 2102 5897 5976
carefully FR940104-0-00033 1 2106
consider FR940104-0-00033 2 2107 3295
using FR940104-0-00033 1 2108
basis FR940104-0-00033 7 2113 2124 2714 4866 6185 6489 7565
involved FR940104-0-00033 1 2120
a. FR940104-0-00033 3 2132 5388 7749
rules FR940104-0-00033 1 2137
consistency FR940104-0-00033 6 2139 2151 2174 2317 5650 7103
2. FR940104-0-00033 2 2147 3731
definitions FR940104-0-00033 7 2153 2176 2539 2566 5302 7742 7759
however FR940104-0-00033 5 2168 4203 4838 7234 7962
comment FR940104-0-00033 28 2171 2194 2904 2932 2965 3423 3782 3829 3883 3931 3968 5402 6100 6135 6309 6486 6525 6566 6620 6967 7006 7026 7082 7193 7259 7327 7381 7549
inappropriate FR940104-0-00033 2 2191 2324
chosen FR940104-0-00033 1 2199
meaningful FR940104-0-00033 3 2208 2511 4015
pointed FR940104-0-00033 2 2219 5866
out FR940104-0-00033 4 2220 5630 5867 6008
contribute FR940104-0-00033 1 2227
' FR940104-0-00033 2 2238 7622
important FR940104-0-00033 2 2251 4294
terms FR940104-0-00033 9 2254 2483 2524 2542 2562 2600 7372 7385 7748
both FR940104-0-00033 1 2263
consistent FR940104-0-00033 4 2273 2480 2538 7603
confused FR940104-0-00033 1 2282
allowed FR940104-0-00033 2 2288 4566
defined FR940104-0-00033 5 2295 3078 3097 4389 7120
manner FR940104-0-00033 1 2299
disagrees FR940104-0-00033 3 2310 3340 6179
basic FR940104-0-00033 1 2327
principle FR940104-0-00033 2 2328 7101
much FR940104-0-00033 3 2340 2590 2783
about FR940104-0-00033 12 2341 2605 2974 3650 3869 3936 4019 4099 4122 5269 6219 6251
suggests FR940104-0-00033 3 2345 6310 7351
guide FR940104-0-00033 2 2350 2368
drugs FR940104-0-00033 1 2392
traditionally FR940104-0-00033 1 2394
regulated FR940104-0-00033 1 2396
evaluated FR940104-0-00033 1 2406
within FR940104-0-00033 5 2407 6556 6648 6741 6821
context FR940104-0-00033 1 2409
total FR940104-0-00033 3 2412 2503 6192
diet FR940104-0-00033 5 2414 2449 2505 2732 6755
addition FR940104-0-00033 2 2417 6617
serve FR940104-0-00033 4 2423 4108 5044 7038
physiological FR940104-0-00033 1 2426
function FR940104-0-00033 1 2427
some FR940104-0-00033 4 2438 4211 5941 7203
seek FR940104-0-00033 2 2440 2461
ensure FR940104-0-00033 5 2442 2463 3618 5789 6065
adequate FR940104-0-00033 3 2451 2502 7861
adequacy FR940104-0-00033 1 2465
making FR940104-0-00033 4 2467 4069 5734 6500
part FR940104-0-00033 2 2470 7127
diets FR940104-0-00033 2 2473 6132
ref FR940104-0-00033 4 2475 2556 7835 8058
help FR940104-0-00033 1 2496
construct FR940104-0-00033 1 2499
nutritionally FR940104-0-00033 6 2501 2921 2998 3208 3281 3475
allowing FR940104-0-00033 1 2507
comparisons FR940104-0-00033 1 2512
facilitate FR940104-0-00033 1 2520
years FR940104-0-00033 1 2530
stressed FR940104-0-00033 1 2534
importance FR940104-0-00033 1 2536
descriptive FR940104-0-00033 1 2541
necessary FR940104-0-00033 3 2545 5082 7245
requirement FR940104-0-00033 6 2546 2908 2986 4141 5744 5749
effective FR940104-0-00033 1 2548
education FR940104-0-00033 1 2549
preventing FR940104-0-00033 1 2552
given FR940104-0-00033 3 2564 2938 7575
different FR940104-0-00033 6 2565 3686 4926 5029 6297 7636
depending FR940104-0-00033 1 2567
they FR940104-0-00033 9 2570 3143 3160 4055 4092 4246 5424 5957 7221
difficult FR940104-0-00033 1 2592
public FR940104-0-00033 1 2595
understand FR940104-0-00033 2 2597 7627
what FR940104-0-00033 2 2598 4302
convey FR940104-0-00033 1 2604
moreover FR940104-0-00033 2 2610 3523
single FR940104-0-00033 2 2613 2701
definition FR940104-0-00033 8 2614 2646 2702 3164 4532 5198 7422 7474
term FR940104-0-00033 17 2618 2632 2650 3076 3338 3363 3701 6971 6980 6988 7033 7088 7157 7168 7200 7213 7252
eliminates FR940104-0-00033 1 2619
possibility FR940104-0-00033 1 2621
ambiguities FR940104-0-00033 1 2623
created FR940104-0-00033 1 2626
concludes FR940104-0-00033 4 2638 3709 5338 7197
additionally FR940104-0-00033 3 2669 3221 6892
criticized FR940104-0-00033 1 2674
treating FR940104-0-00033 1 2676
differently FR940104-0-00033 2 2679 3722
desire FR940104-0-00033 1 2687
discriminate FR940104-0-00033 1 2689
against FR940104-0-00033 1 2693
having FR940104-0-00033 1 2699
providing FR940104-0-00033 1 2712
factored FR940104-0-00033 1 2729
into FR940104-0-00033 1 2730
like FR940104-0-00033 1 2733
nonetheless FR940104-0-00033 1 2737
recognizes FR940104-0-00033 2 2758 4207
differ FR940104-0-00033 1 2762
at FR940104-0-00033 15 2764 3127 3994 4530 5476 5564 5820 6335 6407 6641 7152 7184 7391 7597 7992
least FR940104-0-00033 3 2765 5821 7993
respects FR940104-0-00033 1 2767
first FR940104-0-00033 2 2775 4313
likely FR940104-0-00033 1 2780
contain FR940104-0-00033 10 2782 2845 3840 4044 4421 4443 4450 5011 6997 8012
higher FR940104-0-00033 1 2784
additional FR940104-0-00033 1 2797
this FR940104-0-00033 28 2815 2866 3337 3342 3704 4140 4196 4303 4663 5447 5495 5546 5743 5748 5825 5848 5999 6053 6936 6987 7199 7212 7248 7392 7415 7473 7733 8108
intends FR940104-0-00033 1 2820
near FR940104-0-00033 1 2823
future FR940104-0-00033 1 2824
initiate FR940104-0-00033 1 2826
separate FR940104-0-00033 1 2828
rulemaking FR940104-0-00033 1 2829
second FR940104-0-00033 1 2838
do FR940104-0-00033 8 2843 2889 3833 3891 3893 4042 4051 4056
several FR940104-0-00033 4 2846 3743 7058 7782
fat FR940104-0-00033 20 2851 3769 3801 3875 3902 3924 4023 4027 4082 4085 4249 4275 4278 4477 4676 4728 4731 5236 6270 6273
cholesterol FR940104-0-00033 12 2853 3771 3804 3878 3906 4031 4088 4281 4480 4734 5239 6276
found FR940104-0-00033 2 2855 3776
limiting FR940104-0-00033 2 2871 7765
certain FR940104-0-00033 5 2875 4933 6106 6993 7014
useful FR940104-0-00033 7 2879 4254 5280 6126 6319 6979 6991
describing FR940104-0-00033 1 2881
but FR940104-0-00033 4 2887 3279 5695 6984
meaningfully FR940104-0-00033 1 2891
b. FR940104-0-00033 2 2896 6095
substitute FR940104-0-00033 10 2900 3099 3138 3161 3168 3273 3310 3624 3655 3718
3. FR940104-0-00033 2 2902 5385
objected FR940104-0-00033 2 2905 5230
word FR940104-0-00033 1 2912
imitation FR940104-0-00033 11 2914 2972 2993 3020 3218 3251 3365 3393 3521 3581 3695
inferior FR940104-0-00033 6 2922 2999 3209 3282 3476 3688
never FR940104-0-00033 1 2937
decide FR940104-0-00033 2 2942 3352
formulations FR940104-0-00033 3 2944 2953 3355
setting FR940104-0-00033 1 2951
exclusive FR940104-0-00033 1 2956
role FR940104-0-00033 1 2957
further FR940104-0-00033 2 2962 7717
nothing FR940104-0-00033 1 2970
labeled FR940104-0-00033 11 2991 3018 3047 3214 3518 5001 5025 5076 5090 5187 6828
another FR940104-0-00033 9 3001 3178 3277 3882 4995 5181 6752 6862 6959
forces FR940104-0-00033 1 3003
manufacturers FR940104-0-00033 8 3004 3324 3471 3748 5420 5892 6087 6142
increase FR940104-0-00033 3 3006 3326 7620
potencies FR940104-0-00033 2 3007 3328
order FR940104-0-00033 1 3009
[ FR940104-0-00033 3 3050 6245 6252
] FR940104-0-00033 3 3052 6248 6256
usually FR940104-0-00033 1 3059
present FR940104-0-00033 3 3061 6334 6406
substitutes FR940104-0-00033 3 3072 5008 5194
accordingly FR940104-0-00033 3 3093 4684 6868
ยง101.13 FR940104-0-00033 11 3103 4777 5219 6163 6532 6683 6874 6896 7226 7240 7362
101.3 FR940104-0-00033 2 3110 3233
2411 FR940104-0-00033 1 3128
purpose FR940104-0-00033 1 3132
identifying FR940104-0-00033 1 3134
characteristics FR940104-0-00033 1 3136
highlight FR940104-0-00033 3 3151 5022 5084
differences FR940104-0-00033 3 3152 3621 5087
interchangeably FR940104-0-00033 3 3176 3466 3546
resembles FR940104-0-00033 4 3182 3276 5003 5189
organoleptically FR940104-0-00033 1 3190
physically FR940104-0-00033 1 3192
functionally FR940104-0-00033 1 3195
shelf FR940104-0-00033 1 3198
life FR940104-0-00033 1 3199
ยง101.3 FR940104-0-00033 1 3223
e FR940104-0-00033 3 3225 3235 4176
l FR940104-0-00033 1 3238
shall FR940104-0-00033 3 3245 6415 7531
deemed FR940104-0-00033 1 3247
c FR940104-0-00033 11 3263 4363 4825 5361 5728 6381 6446 6605 6844 7813 7983
evidence FR940104-0-00033 1 3322
avoid FR940104-0-00033 1 3333
interfere FR940104-0-00033 1 3345
right FR940104-0-00033 1 3350
extremely FR940104-0-00033 1 3359
unlikely FR940104-0-00033 1 3360
ever FR940104-0-00033 1 3368
particularly FR940104-0-00033 4 3375 4244 4432 5422
arise FR940104-0-00033 1 3396
when FR940104-0-00033 7 3398 4868 5169 5933 6265 7220 7886
chooses FR940104-0-00033 1 3401
sugar FR940104-0-00033 9 3414 3483 3501 3597 5245 5253 5271 5317 5350
sodium FR940104-0-00033 23 3416 3481 3499 3595 5243 5255 5273 5319 5352 6116 6123 6147 6153 6193 6220 6267 6315 6385 6422 6451 6474 6508 7270
4 FR940104-0-00033 6 3424 4327 4709 5122 7837 8060
identify FR940104-0-00033 2 3453 4802
market FR940104-0-00033 1 3458
version FR940104-0-00033 1 3491
long FR940104-0-00033 3 3504 6330 7797
exists FR940104-0-00033 1 3509
need FR940104-0-00033 6 3515 3754 3971 5343 5573 7282
formulated FR940104-0-00033 1 3533
called FR940104-0-00033 2 3552 3579
______ FR940104-0-00033 1 3554
sodiumfree FR940104-0-00033 1 3557
rare FR940104-0-00033 1 3564
situations FR940104-0-00033 1 3565
neither FR940104-0-00033 1 3568
conditions FR940104-0-00033 2 3571 7224
101.13 FR940104-0-00033 4 3601 6228 6702 7492
designed FR940104-0-00033 2 3616 4074
material FR940104-0-00033 1 3620
conspicuously FR940104-0-00033 1 3631
so FR940104-0-00033 4 3642 3894 5075 7296
fully FR940104-0-00033 1 3647
informed FR940104-0-00033 1 3648
judgments FR940104-0-00033 1 3649
usefulness FR940104-0-00033 3 3659 6495 7205
maintaining FR940104-0-00033 3 3661 5293 6130
healthy FR940104-0-00033 3 3662 5294 6131
practices FR940104-0-00033 2 3664 5296
substantially FR940104-0-00033 2 3670 5262
extent FR940104-0-00033 2 3683 6305
materially FR940104-0-00033 1 3685
then FR940104-0-00033 1 3693
entirely FR940104-0-00033 1 3699
reason FR940104-0-00033 4 3705 3714 5448 6293
4. FR940104-0-00033 2 3742 6513
questioned FR940104-0-00033 1 3752
allow FR940104-0-00033 5 3756 4017 4272 4508 6062
typically FR940104-0-00033 1 3775
calories FR940104-0-00033 24 3799 3821 3844 3864 3873 4080 4225 4242 4292 4306 4339 4352 4374 4425 4499 4516 4653 4666 4672 5016 5058 5129 5234 7079
permitted FR940104-0-00033 2 3810 4961
significant FR940104-0-00033 5 3818 3841 3861 4230 4519
protein FR940104-0-00033 5 3825 4217 4939 4996 5182
expect FR940104-0-00033 3 3835 4053 4416
most FR940104-0-00033 7 3836 4034 4038 4049 4103 4963 6570
amounts FR940104-0-00033 8 3842 3871 7256 7286 7291 7336 7354 7390
nonsensical FR940104-0-00033 1 3850
confusing FR940104-0-00033 1 3852
permit FR940104-0-00033 3 3854 4889 4907
therein FR940104-0-00033 1 3880
americans FR940104-0-00033 1 3886
who FR940104-0-00033 1 3887
consume FR940104-0-00033 1 3888
calorie FR940104-0-00033 25 3913 4021 4273 4392 4475 4536 4595 4763 4769 4855 4861 4870 4893 4899 4910 4930 4956 4972 4978 5030 5070 5160 5166 5202 5328
benefits FR940104-0-00033 1 3944
requested FR940104-0-00033 2 3967 6526
extending FR940104-0-00033 2 3973 5300
33745 FR940104-0-00033 1 3995
reviewed FR940104-0-00033 1 4001
persuaded FR940104-0-00033 2 4009 7378
saturated FR940104-0-00033 5 4026 4084 4277 4730 6272
look FR940104-0-00033 1 4064
choices FR940104-0-00033 1 4071
control FR940104-0-00033 1 4076
amount FR940104-0-00033 23 4078 4223 4290 4350 4386 4496 4514 4609 4618 4630 4641 4664 4987 5014 5056 5172 6425 6472 7066 7426 7441 7517 7558
eat FR940104-0-00033 1 4093
fact FR940104-0-00033 3 4096 7138 7577
confuse FR940104-0-00033 1 4110
true FR940104-0-00033 1 4116
requiring FR940104-0-00033 4 4120 6187 6206 6254
information FR940104-0-00033 14 4121 4255 4401 5454 5582 5587 5645 5686 6121 6145 6218 6250 6313 6572
derives FR940104-0-00033 1 4142
mainly FR940104-0-00033 1 4143
limitation FR940104-0-00033 1 4146
exemption FR940104-0-00033 1 4149
f FR940104-0-00033 4 4160 4317 5658 7529
formerly FR940104-0-00033 1 4166
elsewhere FR940104-0-00033 5 4194 5544 7413 7731 8106
relevant FR940104-0-00033 2 4252 4650
decided FR940104-0-00033 1 4261
based FR940104-0-00033 4 4263 7190 7476 7999
attempting FR940104-0-00033 1 4299
looked FR940104-0-00033 2 4312 4529
ยง101.9 FR940104-0-00033 4 4315 6379 7811 7981
j FR940104-0-00033 7 4324 6534 6685 6704 6876 6898 7364
insignificant FR940104-0-00033 3 4337 4495 6339
purposes FR940104-0-00033 1 4342
rounded FR940104-0-00033 1 4356
zero FR940104-0-00033 4 4358 4382 6414 6430
101.9 FR940104-0-00033 4 4361 5915 5924 6444
per FR940104-0-00033 9 4376 4429 4607 4621 4639 6439 7312 7323 7448
serving FR940104-0-00033 5 4377 4430 6440 7673 7714
does FR940104-0-00033 4 4398 4968 6665 7911
caloric FR940104-0-00033 2 4404 4451
unreasonable FR940104-0-00033 1 4414
cal FR940104-0-00033 3 4427 4604 4638
children FR940104-0-00033 1 4433
chewable FR940104-0-00033 2 4435 6113
vitamin FR940104-0-00033 7 4436 4824 6369 6587 6604 6843 8036
mineral FR940104-0-00033 3 4438 6371 6589
herbal FR940104-0-00033 1 4444
extracts FR940104-0-00033 1 4445
binders FR940104-0-00033 1 4452
fillers FR940104-0-00033 1 4454
tie FR940104-0-00033 1 4459
presence FR940104-0-00033 1 4489
overe FR940104-0-00033 1 4505
next FR940104-0-00033 1 4528
ยง101.60 FR940104-0-00033 4 4539 4747 5144 5205
101.60 FR940104-0-00033 5 4549 4584 5359 5616 5668
defines FR940104-0-00033 1 4591
40 FR940104-0-00033 2 4603 4637
customarily FR940104-0-00033 4 4610 7292 7427 7518
consumed FR940104-0-00033 4 4611 7293 7428 7519
50 FR940104-0-00033 1 4622
grams FR940104-0-00033 1 4623
g FR940104-0-00033 3 4625 5917 5926
small FR940104-0-00033 3 4632 5442 5470
believes FR940104-0-00033 3 4635 4954 5732
represents FR940104-0-00033 2 4642 5851
reasonable FR940104-0-00033 1 4644
demarcating FR940104-0-00033 1 4647
dietetically FR940104-0-00033 1 4649
significance FR940104-0-00033 1 4680
revising FR940104-0-00033 5 4689 4776 5109 6873 6935
ยง101.62 FR940104-0-00033 2 4690 5110
101.62 FR940104-0-00033 3 4697 5620 5672
adding FR940104-0-00033 4 4703 4782 5115 6786
criteria FR940104-0-00033 5 4745 4844 5066 5142 7541
new FR940104-0-00033 3 4783 5116 5406
reflect FR940104-0-00033 3 4792 5378 7136
consequence FR940104-0-00033 1 4798
all FR940104-0-00033 5 4803 6223 6375 7936 8119
class FR940104-0-00033 1 4807
fatfree FR940104-0-00033 1 4829
prohibited FR940104-0-00033 1 4836
effect FR940104-0-00033 2 4878 5676
prohibiting FR940104-0-00033 1 4880
very FR940104-0-00033 2 4882 7333
criterion FR940104-0-00033 2 4886 4905
seeks FR940104-0-00033 1 4887
namely FR940104-0-00033 1 4891
relative FR940104-0-00033 3 4909 5101 6514
scheme FR940104-0-00033 1 4927
permitting FR940104-0-00033 1 4929
derived FR940104-0-00033 1 4944
above FR940104-0-00033 2 4950 5984
believe FR940104-0-00033 1 4969
equivalent FR940104-0-00033 2 4986 5171
normally FR940104-0-00033 2 5010 5195
appreciable FR940104-0-00033 1 5013
had FR940104-0-00033 3 5027 5053 7929
profile FR940104-0-00033 1 5031
expected FR940104-0-00033 1 5035
direct FR940104-0-00033 1 5046
lower FR940104-0-00033 1 5055
comparative FR940104-0-00033 4 5086 7263 7567 7639
except FR940104-0-00033 2 5168 6403
exceeds FR940104-0-00033 2 5196 6282
specifically FR940104-0-00033 3 5229 5451 6006
mentioned FR940104-0-00033 1 5249
since FR940104-0-00033 1 5251
vary FR940104-0-00033 1 5261
finds FR940104-0-00033 3 5266 6288 7232
helping FR940104-0-00033 1 5282
purchasing FR940104-0-00033 2 5286 6576
decisions FR940104-0-00033 1 5287
assist FR940104-0-00033 2 5290 5487
irrespective FR940104-0-00033 1 5325
place FR940104-0-00033 1 5345
limitations FR940104-0-00033 1 5346
ยงยง FR940104-0-00033 1 5358
101.61 FR940104-0-00033 3 5364 5618 5670
respectively FR940104-0-00033 1 5366
explained FR940104-0-00033 2 5369 5983
below FR940104-0-00033 1 5370
amending FR940104-0-00033 1 5374
application FR940104-0-00033 1 5380
mechanics FR940104-0-00033 1 5387
size FR940104-0-00033 14 5390 5395 5429 5461 5513 5524 5579 5641 5698 5842 5889 5909 7674 7715
5. FR940104-0-00033 2 5391 7254
discussing FR940104-0-00033 1 5393
every FR940104-0-00033 1 5405
statement FR940104-0-00033 7 5407 5795 5846 6175 6209 6239 7130
create FR940104-0-00033 1 5416
problem FR940104-0-00033 2 5418 5496
constrained FR940104-0-00033 2 5426 7972
minimumtype FR940104-0-00033 1 5428
acknowledges FR940104-0-00033 2 5434 7659
frequently FR940104-0-00033 1 5439
packaged FR940104-0-00033 2 5440 5468
containers FR940104-0-00033 2 5443 5471
asked FR940104-0-00033 1 5452
impact FR940104-0-00033 1 5457
33734 FR940104-0-00033 1 5477
suggestions FR940104-0-00033 1 5481
examples FR940104-0-00033 4 5483 6624 6787 6890
presented FR940104-0-00033 1 5485
deciding FR940104-0-00033 1 5491
how FR940104-0-00033 3 5492 5774 5787
address FR940104-0-00033 2 5494 5836
discusses FR940104-0-00033 1 5521
44021 FR940104-0-00033 1 5567
specify FR940104-0-00033 1 5575
minimum FR940104-0-00033 2 5577 5639
accompanying FR940104-0-00033 1 5586
regulation FR940104-0-00033 3 5595 6036 6937
result FR940104-0-00033 2 5599 7072
ยง101.2 FR940104-0-00033 4 5604 5632 5656 5726
ยงยง101.13 FR940104-0-00033 2 5610 5662
101.56 FR940104-0-00033 2 5614 5666
101.65 FR940104-0-00033 1 5623
list FR940104-0-00033 3 5626 7907 7916
set FR940104-0-00033 3 5629 6007 7520
specified FR940104-0-00033 5 5647 5702 5724 7368 7513
101.65.the FR940104-0-00033 1 5675
whose FR940104-0-00033 1 5696
otherwise FR940104-0-00033 3 5701 5723 7512
numbers FR940104-0-00033 1 5712
onesixteenth FR940104-0-00033 1 5716
inch FR940104-0-00033 1 5719
height FR940104-0-00033 1 5721
logical FR940104-0-00033 2 5752 5853
outgrowth FR940104-0-00033 2 5753 5854
raised FR940104-0-00033 3 5770 5823 5859
question FR940104-0-00033 2 5785 5838
legibility FR940104-0-00033 1 5791
referral FR940104-0-00033 4 5794 5845 6208 6238
decision FR940104-0-00033 1 5833
able FR940104-0-00033 2 5884 6467
comply FR940104-0-00033 2 5886 5951
request FR940104-0-00033 3 5894 5973 6092
compliance FR940104-0-00033 2 5899 5978
permission FR940104-0-00033 1 5903
ยง FR940104-0-00033 1 5914
9 FR940104-0-00033 2 5920 5929
technologically FR940104-0-00033 1 5937
feasible FR940104-0-00033 1 5938
circumstance FR940104-0-00033 1 5943
makes FR940104-0-00033 1 5944
impracticable FR940104-0-00033 1 5946
firms FR940104-0-00033 1 5949
write FR940104-0-00033 1 5959
office FR940104-0-00033 1 5962
drug FR940104-0-00033 1 5969
administration FR940104-0-00033 1 5970
reasons FR940104-0-00033 1 5982
appropriately FR940104-0-00033 1 5996
even FR940104-0-00033 2 6001 6150
though FR940104-0-00033 2 6002 6151
included FR940104-0-00033 2 6024 6358
ยง101.36 FR940104-0-00033 1 6026
companion FR940104-0-00033 2 6050 7721
flexibility FR940104-0-00033 1 6063
sufficient FR940104-0-00033 2 6071 6184
space FR940104-0-00033 1 6072
recourse FR940104-0-00033 1 6090
relief FR940104-0-00033 1 6093
disclosure FR940104-0-00033 3 6096 6255 6284
6. FR940104-0-00033 1 6098
number FR940104-0-00033 3 6107 7878 8018
tablets FR940104-0-00033 1 6114
containing FR940104-0-00033 2 6115 7042
ascorbate FR940104-0-00033 1 6117
might FR940104-0-00033 4 6124 6155 6989 7037
urge FR940104-0-00033 1 6140
reach FR940104-0-00033 1 6157
threshold FR940104-0-00033 1 6159
h FR940104-0-00033 2 6165 6230
trigger FR940104-0-00033 1 6172
declaration FR940104-0-00033 2 6190 6506
principal FR940104-0-00033 1 6197
display FR940104-0-00033 1 6198
panel FR940104-0-00033 2 6199 6247
directing FR940104-0-00033 1 6210
specifies FR940104-0-00033 1 6235
provided FR940104-0-00033 6 6324 6487 7946 8026 8075 8129
101.36 FR940104-0-00033 1 6343
lists FR940104-0-00033 1 6352
provides FR940104-0-00033 1 6373
declared FR940104-0-00033 4 6389 6412 6418 6428
milligrams FR940104-0-00033 1 6435
mg FR940104-0-00033 1 6437
itself FR940104-0-00033 1 6448
requires FR940104-0-00033 1 6449
readily FR940104-0-00033 1 6469
find FR940104-0-00033 1 6470
examining FR940104-0-00033 1 6479
suggestion FR940104-0-00033 1 6492
7. FR940104-0-00033 1 6523
clarify FR940104-0-00033 3 6530 6795 6895
dissimilar FR940104-0-00033 4 6554 6646 6739 6819
category FR940104-0-00033 4 6559 6652 6744 6824
helpful FR940104-0-00033 1 6571
often FR940104-0-00033 1 6580
comparison FR940104-0-00033 1 6584
recognized FR940104-0-00033 1 6593
8 FR940104-0-00033 2 6608 7986
oz FR940104-0-00033 1 6609
glasses FR940104-0-00033 1 6610
orange FR940104-0-00033 2 6612 6837
juice FR940104-0-00033 2 6613 6838
33737 FR940104-0-00033 1 6642
comparing FR940104-0-00033 1 6645
potato FR940104-0-00033 4 6656 6759 6773 6778
chips FR940104-0-00033 4 6657 6760 6774 6779
pretzels FR940104-0-00033 2 6662 6764
agrees FR940104-0-00033 4 6674 6784 7116 7903
clarification FR940104-0-00033 1 6677
warranted FR940104-0-00033 1 6679
reinforce FR940104-0-00033 1 6681
applies FR940104-0-00033 1 6687
i FR940104-0-00033 3 6710 6882 6904
fewer FR940104-0-00033 2 6724 6804
substituted FR940104-0-00033 2 6749 6833
tablet FR940104-0-00033 2 6845 7460
brand FR940104-0-00033 4 6855 6863 6955 6960
multivitamin FR940104-0-00033 4 6857 6865 6957 6962
added FR940104-0-00033 1 6919
fortified FR940104-0-00033 1 6923
enriched FR940104-0-00033 1 6928
example FR940104-0-00033 2 6941 7305
8. FR940104-0-00033 1 6965
agreed FR940104-0-00033 1 6968
rarely FR940104-0-00033 1 6976
vitamin/mineral FR940104-0-00033 1 6982
techniques FR940104-0-00033 1 7011
concentrating FR940104-0-00033 1 7013
fish FR940104-0-00033 4 7015 7045 7049 7068
oils FR940104-0-00033 2 7016 7046
fatty FR940104-0-00033 1 7022
acids FR940104-0-00033 1 7023
distinguish FR940104-0-00033 1 7040
concentrated FR940104-0-00033 1 7044
oil FR940104-0-00033 2 7050 7069
taken FR940104-0-00033 1 7057
times FR940104-0-00033 1 7059
day FR940104-0-00033 3 7061 7313 7324
significantly FR940104-0-00033 1 7077
maintain FR940104-0-00033 1 7099
identity FR940104-0-00033 1 7132
change FR940104-0-00033 2 7141 7238
60454 FR940104-0-00033 1 7153
alone FR940104-0-00033 1 7163
nor FR940104-0-00033 1 7165
altered FR940104-0-00033 1 7179
2367 FR940104-0-00033 1 7185
2412 FR940104-0-00033 1 7187
k FR940104-0-00033 3 7228 7242 8037
authorize FR940104-0-00033 1 7247
9. FR940104-0-00033 1 7257
recommending FR940104-0-00033 3 7300 7320 7346
tablespoon FR940104-0-00033 1 7308
tbsp FR940104-0-00033 2 7310 7322
compared FR940104-0-00033 1 7316
five FR940104-0-00033 1 7321
allows FR940104-0-00033 1 7332
flexible FR940104-0-00033 1 7334
whatever FR940104-0-00033 1 7342
concrete FR940104-0-00033 2 7371 7384
needed FR940104-0-00033 1 7387
time FR940104-0-00033 1 7393
ยง101.12 FR940104-0-00033 2 7433 7523
maximum FR940104-0-00033 1 7440
recommended FR940104-0-00033 4 7442 7817 8013 8140
eating FR940104-0-00033 1 7449
occasion FR940104-0-00033 1 7450
absence FR940104-0-00033 1 7455
recommendations FR940104-0-00033 2 7457 7922
capsule FR940104-0-00033 1 7462
packet FR940104-0-00033 1 7464
teaspoonful FR940104-0-00033 1 7467
p FR940104-0-00033 1 7494
forth FR940104-0-00033 1 7521
meets FR940104-0-00033 1 7539
suggest FR940104-0-00033 1 7552
33732 FR940104-0-00033 1 7598
approach FR940104-0-00033 2 7604 7637
ability FR940104-0-00033 1 7623
adopting FR940104-0-00033 1 7634
adopted FR940104-0-00033 1 7649
potential FR940104-0-00033 1 7664
unfair FR940104-0-00033 1 7666
marketing FR940104-0-00033 1 7667
manipulated FR940104-0-00033 1 7676
upwards FR940104-0-00033 1 7677
downwards FR940104-0-00033 1 7679
enable FR940104-0-00033 1 7681
retains FR940104-0-00033 1 7693
regulate FR940104-0-00033 1 7697
concerning FR940104-0-00033 1 7713
iv FR940104-0-00033 2 7740 7989
formulating FR940104-0-00033 1 7758
10. FR940104-0-00033 1 7760
unnecessarily FR940104-0-00033 1 7779
restrictive FR940104-0-00033 1 7780
allowance FR940104-0-00033 1 7819
rda FR940104-0-00033 10 7821 7940 7954 8003 8008 8027 8033 8055 8073 8123
national FR940104-0-00033 1 7827
academy FR940104-0-00033 1 7828
sciences FR940104-0-00033 1 7830
nas FR940104-0-00033 7 7832 7855 7953 8023 8054 8072 8138
estimated FR940104-0-00033 1 7858
safe FR940104-0-00033 1 7859
intakes FR940104-0-00033 1 7864
esaddi FR940104-0-00033 5 7866 7943 8030 8076 8126
expand FR940104-0-00033 1 7876
publishes FR940104-0-00033 1 7888
rdi/drv FR940104-0-00033 1 7891
following FR940104-0-00033 1 7893
expiration FR940104-0-00033 1 7895
current FR940104-0-00033 1 7906
represent FR940104-0-00033 1 7913
entire FR940104-0-00033 1 7915
1989 FR940104-0-00033 4 7949 8050 8068 8134
edition FR940104-0-00033 2 7950 8051
60366 FR940104-0-00033 1 7959
retain FR940104-0-00033 1 7974
1968 FR940104-0-00033 3 8002 8007 8044
subsequently FR940104-0-00033 1 8025
selenium FR940104-0-00033 1 8039
subsequent FR940104-0-00033 1 8042
furthermore FR940104-0-00033 1 8063
1980 FR940104-0-00033 2 8066 8132
editions FR940104-0-00033 2 8069 8135
chloride FR940104-0-00033 1 8079
manganese FR940104-0-00033 1 8081
fluoride FR940104-0-00033 1 8083
chromium FR940104-0-00033 1 8085
molybdenum FR940104-0-00033 1 8088
now FR940104-0-00033 1 8090
expired FR940104-0-00033 1 8100
proposing FR940104-0-00033 1 8105
allowances FR940104-0-00033 1 8142
