fda FR940104-0-00034 61 30941 31167 31332 31372 31396 31819 31859 31892 31953 32119 32184 32588 32647 32710 32741 32801 32960 33110 33152 33191 33224 33261 33275 33306 33357 33396 33835 33972 34074 34119 34187 34204 34245 34295 34403 34444 34511 34667 34705 34764 34789 34854 34937 34981 35001 35094 35146 35185 35203 35328 35456 35561 35588 35712 35743 35759 35791 35937 35999 36107 36140
from FR940104-0-00034 14 30942 32077 32328 32965 33124 34313 34332 34883 35150 35260 35606 35768 35859 36037
requiring FR940104-0-00034 1 30943
persons FR940104-0-00034 1 30944
to FR940104-0-00034 131 30945 31028 31053 31079 31195 31208 31263 31269 31280 31287 31445 31455 31656 31806 31840 31865 31869 31881 31894 31917 31994 32029 32039 32081 32120 32254 32278 32353 32362 32386 32419 32455 32480 32498 32560 32765 32777 32811 32855 32934 32953 32974 32978 33008 33026 33030 33033 33114 33154 33161 33243 33285 33295 33308 33325 33368 33401 33418 33423 33479 33496 33507 33560 33577 33594 33672 33699 33868 33902 33956 33964 33981 34026 34085 34092 34120 34158 34192 34401 34406 34409 34427 34449 34499 34599 34618 34621 34624 34629 34639 34646 34671 34682 34694 34729 34755 34771 34807 34815 34846 34896 34938 34965 34969 34994 35008 35116 35152 35166 35182 35218 35269 35346 35412 35433 35474 35536 35544 35564 35580 35596 35701 35766 35780 35803 35811 35942 35945 36057 36064 36142
secure FR940104-0-00034 1 30946
agency FR940104-0-00034 38 30947 31022 31054 31102 31261 31348 31649 31677 31801 32199 32240 32762 33207 33417 33473 33892 34021 34262 34497 34635 34724 34748 34768 34836 34882 35025 35071 35375 35408 35535 35694 35773 35890 35914 35957 35977 35993 36078
approval FR940104-0-00034 2 30948 35271
before FR940104-0-00034 3 30949 31635 36073
placing FR940104-0-00034 1 30950
a FR940104-0-00034 143 30951 30955 31030 31067 31130 31143 31175 31190 31206 31382 31399 31414 31476 31506 31622 31769 31826 31867 31973 31995 32057 32132 32159 32162 32177 32188 32244 32315 32354 32402 32436 32496 32499 32502 32506 32512 32543 32558 32562 32576 32596 32609 32636 32659 32674 32678 32694 32706 32836 32861 33018 33043 33067 33070 33077 33086 33226 33283 33382 33398 33420 33465 33486 33565 33614 33633 33701 33711 33793 33904 33909 33916 33940 33950 33958 33995 34006 34016 34028 34032 34048 34053 34056 34095 34114 34221 34285 34298 34324 34371 34375 34383 34429 34456 34462 34469 34487 34506 34515 34529 34545 34551 34601 34609 34663 34717 34804 34824 34827 34830 34906 34909 34912 34933 35006 35018 35058 35065 35085 35143 35168 35173 35177 35191 35296 35303 35321 35347 35353 35356 35370 35395 35401 35439 35489 35494 35591 35600 35610 35685 35739 36091 36109
health FR940104-0-00034 79 30952 30971 31032 31132 31176 31191 31225 31256 31358 31367 31387 31400 31644 31714 31750 31776 31925 32019 32124 32147 32223 32316 32335 32482 32544 32610 32653 32732 32785 32789 32819 33087 33106 33219 33238 33360 33406 33431 33443 33596 33677 33712 33729 33910 34029 34126 34176 34232 34271 34279 34293 34420 34430 34471 34563 34579 34610 34632 34677 34699 34734 34799 34952 34971 34991 35197 35250 35274 35282 35304 35467 35490 35539 35581 35704 35722 35869 35902 35970
claim FR940104-0-00034 62 30953 30961 30972 31000 31008 31033 31047 31133 31144 31177 31181 31192 31203 31401 31422 31443 31543 31580 31982 32006 32027 32148 32227 32317 32379 32483 32545 32563 32597 32611 32708 33088 33713 33716 33907 33911 34030 34035 34096 34233 34307 34431 34472 34564 34580 34611 34678 34735 34910 35086 35123 35130 35144 35169 35215 35225 35305 35348 35491 35592 35662 35723
on FR940104-0-00034 54 30954 31227 31406 31930 31972 32195 32217 32257 32264 32622 32655 32784 32925 32937 33365 33371 33390 33404 33552 33587 33604 33639 33686 33769 34047 34097 34142 34240 34290 34415 34713 34733 34823 34860 34911 34945 34967 35017 35045 35289 35450 35584 35599 35670 35754 35784 35810 35868 35904 35965 35969 36066 36119 36154
product FR940104-0-00034 24 30956 31078 31207 32133 32284 32383 32413 32425 32430 32660 32679 33563 33591 33692 33772 34013 34049 34099 35367 35495 35505 35510 35615 35623
, FR940104-0-00034 178 30957 31088 31089 31100 31111 31113 31146 31148 31185 31259 31277 31316 31346 31371 31374 31381 31395 31451 31486 31501 31602 31623 31626 31628 31630 31632 31647 31745 31747 31862 31864 31891 32014 32035 32075 32089 32091 32094 32096 32100 32104 32106 32165 32228 32235 32285 32376 32392 32394 32396 32398 32404 32423 32426 32434 32468 32471 32477 32587 32612 32628 32800 32837 32840 32842 32844 32846 32949 32982 33004 33006 33020 33101 33109 33148 33151 33205 33223 33260 33305 33336 33385 33387 33454 33517 33540 33555 33557 33571 33576 33583 33603 33608 33661 33666 33679 33706 33714 33756 33781 33805 33834 33852 33884 33962 33971 34066 34073 34075 34079 34081 34084 34139 34162 34169 34206 34219 34273 34294 34365 34367 34422 34519 34566 34593 34612 34617 34659 34666 34680 34704 34722 34763 34779 34811 34840 34853 34877 34901 35023 35069 35087 35145 35226 35295 35306 35361 35403 35421 35423 35488 35515 35560 35574 35635 35647 35663 35692 35771 35790 35856 35877 35886 35888 35919 35929 35981 36035 36044 36048 36051 36060 36149 36166 36170 36178 36182 36197
provided FR940104-0-00034 8 30958 31425 31583 32009 32286 32621 34872 35227
that FR940104-0-00034 158 30959 30983 30990 31006 31024 31046 31056 31064 31094 31104 31189 31193 31224 31393 31398 31508 31518 31563 31651 31660 31680 31711 31713 31743 31803 31883 31915 31920 31943 31983 32062 32129 32131 32144 32172 32249 32271 32287 32302 32322 32339 32342 32381 32431 32485 32491 32508 32527 32529 32594 32618 32646 32669 32686 32734 32744 32876 32899 33046 33063 33181 33234 33249 33263 33277 33282 33297 33331 33356 33375 33458 33504 33521 33528 33542 33619 33689 33788 33838 33843 33854 33898 33918 33925 33976 33999 34008 34023 34036 34050 34130 34149 34186 34254 34281 34345 34391 34412 34446 34495 34524 34641 34690 34696 34726 34766 34857 34905 34958 34976 34989 35003 35013 35027 35031 35034 35060 35096 35137 35155 35162 35175 35187 35206 35228 35254 35280 35301 35330 35394 35444 35538 35563 35590 35593 35622 35640 35656 35696 35711 35737 35761 35793 35805 35828 35838 35916 35959 35986 36004 36006 36087 36099 36114 36117 36128 36136 36144
the FR940104-0-00034 345 30960 30966 30970 30974 30991 31007 31012 31017 31021 31038 31043 31058 31101 31105 31135 31150 31154 31179 31198 31202 31253 31260 31300 31321 31342 31347 31366 31407 31411 31421 31442 31460 31469 31484 31495 31498 31503 31516 31520 31538 31542 31556 31564 31579 31603 31611 31641 31648 31657 31676 31693 31709 31721 31761 31800 31832 31835 31851 31873 31896 31902 31931 31940 31970 31989 32005 32026 32044 32063 32085 32141 32153 32156 32174 32198 32221 32226 32233 32237 32258 32283 32288 32305 32319 32323 32333 32348 32363 32372 32378 32382 32390 32409 32412 32424 32451 32456 32464 32487 32493 32530 32539 32555 32582 32605 32623 32649 32656 32666 32670 32699 32725 32729 32748 32753 32761 32788 32822 32830 32873 32893 32926 32938 32979 33048 33103 33119 33125 33139 33143 33156 33163 33173 33201 33206 33218 33235 33256 33319 33340 33405 33416 33430 33439 33442 33472 33514 33522 33525 33562 33573 33584 33590 33595 33598 33605 33652 33657 33663 33682 33687 33691 33697 33708 33715 33725 33742 33748 33770 33775 33778 33799 33802 33844 33855 33862 33865 33873 33878 33891 33943 34012 34020 34045 34059 34098 34104 34108 34136 34146 34150 34175 34182 34189 34211 34216 34227 34231 34252 34258 34266 34302 34306 34314 34319 34333 34338 34342 34362 34368 34387 34416 34438 34459 34466 34496 34503 34525 34535 34539 34560 34570 34573 34577 34588 34594 34606 34630 34634 34652 34687 34697 34709 34714 34723 34743 34747 34767 34791 34796 34813 34817 34835 34870 34874 34881 34889 34940 34955 34990 35009 35024 35041 35046 35051 35070 35075 35112 35118 35122 35125 35135 35200 35213 35224 35234 35238 35246 35262 35278 35307 35310 35318 35343 35350 35374 35378 35386 35407 35435 35447 35451 35480 35500 35503 35509 35531 35534 35542 35546 35549 35552 35571 35575 35597 35607 35619 35626 35629 35644 35654 35658 35661 35667 35671 35688 35693 35728 35734 35749 35772 35778 35782 35829 35832 35839 35847 35861 35865 35889 35894 35905 35913 35921 35926 35933 35946 35956 35962 35966 35976 35992 36002 36014 36039 36054 36058 36067 36070 36077 36083 36088 36115 36120 36129
is FR940104-0-00034 54 30962 31026 31051 31349 31423 31481 31529 31566 31581 31904 32007 32065 32134 32295 32384 32414 32435 32509 32633 32923 33208 33505 33519 33740 33745 33760 33836 33847 33880 33919 33961 34051 34155 34282 34399 34544 34554 34700 34706 34774 34894 34903 34927 35005 35072 35082 35091 35138 35147 35156 35657 35698 36123 36146
in FR940104-0-00034 126 30963 31066 31072 31129 31178 31229 31237 31252 31278 31285 31338 31360 31377 31392 31410 31427 31430 31459 31473 31483 31497 31537 31544 31585 31640 31666 31670 31696 31718 31771 31784 31793 31795 31809 31823 31872 31905 31934 31942 31977 32011 32043 32047 32136 32161 32193 32389 32460 32505 32533 32546 32564 32585 32626 32635 32692 32738 32747 32771 32774 32787 32872 32920 32928 32955 32999 33051 33074 33102 33118 33167 33186 33197 33217 33228 33240 33255 33290 33343 33429 33438 33613 33695 33746 33774 33798 33831 33864 34005 34128 34165 34348 34361 34435 34451 34548 34559 34656 34885 34949 34973 35064 35084 35099 35142 35172 35199 35302 35324 35383 35404 35427 35438 35502 35513 35548 35569 35727 35748 35864 35873 35892 35909 36020 36101 36112
compliance FR940104-0-00034 2 30964 34068
with FR940104-0-00034 36 30965 31011 31037 31093 31139 31239 31510 31720 31768 32068 32566 32712 32740 32814 32906 33036 33138 33524 33622 33750 33813 33912 33921 34038 34103 34179 34269 34437 34662 34742 34753 34978 35074 35212 36001 36082
applicable FR940104-0-00034 1 30967
regulation FR940104-0-00034 8 30968 31462 31500 34518 34553 34806 35240 35900
authorizing FR940104-0-00034 8 30969 31428 31461 31499 31541 34224 34301 35239
. FR940104-0-00034 147 30973 30979 31019 31048 31091 31134 31182 31211 31251 31331 31344 31355 31391 31639 31675 31799 31858 31889 31947 32055 32113 32140 32183 32197 32242 32267 32298 32318 32336 32374 32466 32514 32522 32584 32641 32665 32709 32715 32759 32780 32859 32888 32910 32946 32959 32968 32995 33015 33042 33099 33135 33190 33203 33214 33254 33274 33303 33318 33351 33395 33409 33435 33474 33489 33512 33550 33581 33600 33637 33659 33704 33730 33773 33797 33817 33876 33890 33915 33969 33988 34019 34110 34145 34181 34203 34234 34243 34341 34386 34443 34477 34509 34534 34558 34591 34633 34655 34702 34720 34752 34788 34833 34851 34899 34931 34954 35000 35021 35049 35093 35132 35184 35202 35241 35293 35327 35372 35455 35469 35486 35512 35556 35587 35633 35690 35706 35733 35757 35788 35813 35815 35835 35863 35912 35936 35955 35998 36013 36033 36076 36106 36138 36157 36161 36175 36180 36195
house FR940104-0-00034 1 30975
report FR940104-0-00034 1 30976
( FR940104-0-00034 108 30977 31084 31217 31220 31244 31266 31272 31290 31293 31296 31302 31306 31309 31312 31362 31418 31439 31464 31475 31478 31512 31524 31553 31595 31617 31672 31689 31699 31702 31705 31726 31729 31732 31739 31757 31811 31825 31828 31855 31878 31956 31959 31963 31966 32002 32023 32368 32441 32444 32447 32515 32535 32548 32569 32572 32575 32578 32718 32721 32755 32793 32805 32808 32860 32878 32996 33053 33056 33059 33076 33079 33129 33132 33230 33271 33292 33311 33447 33738 33939 33945 33949 34041 34070 34194 34198 34235 34350 34353 34393 34396 34453 34480 34483 34486 34489 35333 35336 35339 35518 35521 35524 35527 35684 35885 36103 36172 36186
ref FR940104-0-00034 1 30978
1 FR940104-0-00034 9 30980 31419 31690 31703 31960 32003 32445 32722 35337
) FR940104-0-00034 108 30981 31090 31219 31222 31250 31268 31276 31292 31295 31298 31308 31311 31314 31315 31364 31420 31441 31466 31477 31480 31514 31526 31555 31597 31619 31674 31691 31701 31704 31707 31728 31731 31734 31741 31759 31813 31827 31830 31857 31880 31958 31961 31965 31968 32004 32025 32370 32443 32446 32449 32523 32537 32550 32571 32574 32577 32580 32720 32723 32758 32799 32807 32810 32887 32889 33016 33055 33058 33061 33078 33081 33131 33134 33232 33273 33294 33313 33453 33755 33941 33951 33952 34043 34072 34196 34200 34237 34352 34355 34395 34398 34455 34482 34485 34488 34491 35335 35338 35341 35520 35523 35526 35529 35686 35887 36105 36177 36188
states FR940104-0-00034 2 30982 33180
this FR940104-0-00034 20 30984 31049 31339 31351 31681 32520 32713 32772 32890 32911 32950 32966 33159 33198 33210 33322 33402 33410 33424 35953
section FR940104-0-00034 23 30985 31215 31288 31304 31352 31697 31724 31954 32046 32366 32439 32517 32567 32716 33211 33323 33937 34039 34478 35331 35516 35682 35730
`` FR940104-0-00034 11 30986 31837 31898 32746 33145 33165 33176 33377 35380 35388 35396
makes FR940104-0-00034 1 30987
it FR940104-0-00034 31 30988 31025 32231 32613 32632 33021 33094 33278 33427 33518 33529 33899 33954 33977 34088 34255 34520 34642 34684 34691 34727 34841 34893 34902 35028 35188 35429 35697 35951 36131 36150
clear FR940104-0-00034 5 30989 31919 32675 34930 34997
regulations FR940104-0-00034 15 30992 31018 31044 31429 32742 33665 34364 34565 35098 35830 35840 35918 36008 36015 36050
will FR940104-0-00034 25 30993 31003 31145 31204 31846 32359 32553 33669 33693 33717 33840 33860 34009 34205 34296 34322 34643 34865 34962 34985 35189 35257 35284 35800 35806
not FR940104-0-00034 39 30994 31123 31403 31559 31753 31788 31816 31950 32312 32599 32736 33023 33065 33093 33112 33166 33185 33881 33930 33974 34474 34493 34522 34707 34843 34928 35092 35210 35431 35458 35507 35625 35665 35699 35776 35931 36025 36080 36147
require FR940104-0-00034 7 30995 31005 31124 32812 34494 34866 35537
premarket FR940104-0-00034 1 30996
review FR940104-0-00034 2 30997 34250
of FR940104-0-00034 181 30998 31016 31042 31060 31074 31107 31127 31156 31174 31183 31201 31299 31324 31327 31341 31365 31384 31413 31433 31449 31468 31547 31575 31588 31610 31708 31723 31831 31834 31843 31853 31876 31900 31936 31980 31991 32033 32050 32059 32070 32087 32115 32155 32158 32176 32190 32205 32225 32239 32246 32261 32282 32290 32308 32325 32350 32365 32371 32401 32450 32463 32489 32495 32519 32581 32591 32604 32608 32651 32658 32702 32724 32731 32752 32829 32864 32875 32895 32902 32908 32916 32930 32942 32988 33090 33127 33142 33175 33200 33321 33338 33381 33441 33468 33500 33509 33568 33589 33597 33632 33654 33656 33724 33777 33801 33894 33942 34044 34107 34116 34152 34210 34213 34215 34230 34251 34260 34265 34275 34288 34305 34316 34318 34335 34337 34370 34418 34440 34461 34468 34505 34527 34541 34562 34572 34608 34716 34786 34798 34819 34869 34980 35011 35040 35053 35057 35078 35102 35121 35157 35223 35233 35248 35272 35298 35309 35320 35342 35385 35442 35453 35466 35479 35483 35530 35551 35609 35614 35621 35628 35643 35660 35687 35731 35849 35898 35901 35961 36030 36041 36095
each FR940104-0-00034 1 30999
; FR940104-0-00034 11 31001 31438 31463 31523 31552 31593 31738 31755 32021 36022 36189
they FR940104-0-00034 8 31002 31781 31790 32984 34170 35752 35845 36023
only FR940104-0-00034 4 31004 32973 34173 35410
be FR940104-0-00034 48 31009 31404 31654 31716 31775 31887 31928 32150 32252 32313 32360 32387 32408 32620 32935 33024 33267 33301 33480 33508 33531 33628 33670 33934 33979 33992 34003 34090 34532 34582 34619 34644 34669 34808 34844 34917 35015 35062 35258 35285 35314 35400 35498 35679 35764 35808 35842 35943
consistent FR940104-0-00034 5 31010 31036 31092 33621 34741
terms FR940104-0-00034 2 31013 31039
and FR940104-0-00034 70 31014 31040 31114 31242 31248 31283 31329 31502 31569 31594 31748 31756 31962 32022 32072 32107 32110 32210 32236 32453 32538 32638 32681 32684 32743 32922 32983 33062 33462 33485 33541 33570 33625 33676 33734 33744 33752 33765 33828 33853 33928 34055 34064 34100 34292 34321 34746 34784 34801 34826 34984 34998 35088 35124 35140 35179 35265 35355 35368 35391 35424 35506 35624 35676 35796 35908 35920 35949 35982 36126
requirements FR940104-0-00034 10 31015 31041 31141 31319 32017 32457 32532 33236 33320 34983
'' FR940104-0-00034 11 31020 31839 31913 32760 33149 33171 33179 33379 35382 35390 35398
believes FR940104-0-00034 7 31023 31103 34692 35026 35095 35589 36127
possible FR940104-0-00034 6 31027 34091 34740 34895 35432 35464
paraphrase FR940104-0-00034 1 31029
model FR940104-0-00034 8 31031 31131 31136 31180 34951 34960 35196 35214
while FR940104-0-00034 3 31034 34510 35373
remaining FR940104-0-00034 1 31035
permitting FR940104-0-00034 1 31045
position FR940104-0-00034 1 31050
similar FR940104-0-00034 3 31052 33400 35192
policy FR940104-0-00034 2 31055 31095
permits FR940104-0-00034 1 31057
use FR940104-0-00034 23 31059 31083 31126 31971 32194 32260 32294 33364 33456 33561 33588 33624 33787 33830 33851 33859 33901 33924 34229 34304 34467 34607 35288
terminology FR940104-0-00034 1 31061
other FR940104-0-00034 15 31062 31140 32108 32273 32429 32474 32661 33606 34277 35036 35266 35641 35651 35797 36028
than FR940104-0-00034 14 31063 31572 32662 33426 33534 34310 34329 34888 34921 35037 35317 35363 36069 36098
established FR940104-0-00034 6 31065 31373 31493 31663 32914 33225
final FR940104-0-00034 15 31068 31369 32791 33221 33433 33445 34201 34222 34325 34384 34463 34507 34718 34731 35866
otc FR940104-0-00034 7 31069 31076 31097 33372 33483 33491 34067
drug FR940104-0-00034 17 31070 31077 31098 32421 32437 33373 33484 33492 33766 33779 33829 33866 33913 33917 34057 34062 34105
monograph FR940104-0-00034 1 31071
labeling FR940104-0-00034 29 31073 31099 31116 31172 31214 31236 31323 31412 31504 31935 31979 32330 32341 32627 32657 32683 32687 32751 32945 33551 33638 33767 33780 33804 33867 33879 33914 35911 36021
an FR940104-0-00034 11 31075 31532 32145 32417 33482 33757 34358 34475 34674 35108 35785
describe FR940104-0-00034 1 31080
indications FR940104-0-00034 1 31081
for FR940104-0-00034 72 31082 31096 31142 31152 31163 31320 31375 31426 31494 31567 31584 31599 31620 31664 31735 31763 31778 32010 32018 32458 32511 32542 32557 32834 32918 32992 33012 33039 33085 33121 33136 33158 33237 33246 33252 33328 33334 33363 33415 33471 33564 33611 33645 33650 33786 33810 33826 33849 33857 33923 34061 34124 34174 34374 34382 34432 34458 34502 34556 34605 34757 34760 34794 34802 34862 34908 34923 35287 35492 35725 35871 35972
51 FR940104-0-00034 1 31085
fr FR940104-0-00034 5 31086 32795 32881 33449 35879
16258 FR940104-0-00034 1 31087
goal FR940104-0-00034 1 31106
ensuring FR940104-0-00034 4 31108 35054 35161 36113
scientifically FR940104-0-00034 3 31109 35854 36124
valid FR940104-0-00034 4 31110 34676 35855 36125
truthful FR940104-0-00034 2 31112 32637
nonmisleading FR940104-0-00034 2 31115 32639
without FR940104-0-00034 3 31117 34615 34685
inhibiting FR940104-0-00034 1 31118
effective FR940104-0-00034 1 31119
consumer FR940104-0-00034 7 31120 31764 33683 33698 35055 35113 35746
communication FR940104-0-00034 1 31121
does FR940104-0-00034 10 31122 31558 32432 32598 33064 33973 34492 34521 35775 36079
exclusive FR940104-0-00034 1 31125
language FR940104-0-00034 3 31128 31137 31158
along FR940104-0-00034 1 31138
nevertheless FR940104-0-00034 1 31147
provide FR940104-0-00034 11 31149 32554 32975 33097 33376 33419 34891 34963 35713 35781 35801
standard FR940104-0-00034 4 31151 32541 36094 36130
measuring FR940104-0-00034 1 31153
accuracy FR940104-0-00034 1 31155
alternative FR940104-0-00034 3 31157 31489 32418
developed FR940104-0-00034 3 31159 33495 33610
by FR940104-0-00034 19 31160 31952 31986 32152 32169 32345 32817 33269 34517 34584 34776 34873 35133 35237 35252 35277 35419 35742 35925
food FR940104-0-00034 48 31161 31231 31379 31415 31485 31565 31604 31668 31797 31888 31903 31907 31938 31974 31978 32329 32475 32513 32754 32823 32921 32954 32957 32994 33001 33014 33041 33169 33188 33302 33345 33764 33803 33827 33858 34054 34167 35019 35323 35366 35402 35646 35875 35906 35910 36121 36145 36192
manufacturers FR940104-0-00034 11 31162 31186 32250 32470 32476 32590 34133 34966 35149 35207 35256
their FR940104-0-00034 4 31164 32265 34143 35220
products FR940104-0-00034 13 31165 32196 33029 33374 33457 33476 33493 33554 34144 35292 35426 35462 35471
because FR940104-0-00034 6 31166 31685 31818 33172 34161 35478
has FR940104-0-00034 7 31168 32688 34636 35376 35392 36108 36132
included FR940104-0-00034 1 31169
all FR940104-0-00034 12 31170 31197 31446 31456 32030 32040 32473 33986 34868 34979 35232 35290
mandatory FR940104-0-00034 4 31171 31199 32943 35139
elements FR940104-0-00034 3 31173 31200 32607
course FR940104-0-00034 1 31184
should FR940104-0-00034 7 31187 32251 32311 33358 33546 35313 35578
recognize FR940104-0-00034 1 31188
fails FR940104-0-00034 1 31194
convey FR940104-0-00034 2 31196 34970
subject FR940104-0-00034 5 31205 31655 32361 32454 35659
regulatory FR940104-0-00034 2 31209 34688
action FR940104-0-00034 5 31210 31682 32212 34239 34859
3. FR940104-0-00034 1 31212
nutrition FR940104-0-00034 4 31213 31235 31322 32944
101.14 FR940104-0-00034 2 31216 31955
d FR940104-0-00034 4 31218 31267 31733 33054
3 FR940104-0-00034 4 31221 31465 31758 35522
requires FR940104-0-00034 3 31223 31712 36090
claims FR940104-0-00034 58 31226 31257 31359 31368 31388 31645 31715 31751 31777 31926 31949 32020 32074 32083 32125 32192 32202 32215 32490 32654 32733 32767 32786 32790 32820 33107 33220 33239 33361 33389 33407 33432 33444 33678 33984 33990 34001 34127 34411 34800 34864 34953 34961 34972 34992 35198 35251 35275 35283 35468 35540 35582 35637 35705 35750 35870 35903 35971
foods FR940104-0-00034 15 31228 31376 31665 31794 32897 32929 33183 33244 33326 33341 33461 34164 35443 35652 35872
conventional FR940104-0-00034 16 31230 31378 31667 31796 31906 32420 32956 32993 33000 33013 33040 33168 33187 33344 34166 35874
form FR940104-0-00034 14 31232 31380 31669 31798 31908 31912 32958 33002 33170 33189 33346 33350 34168 35876
must FR940104-0-00034 3 31233 35029 35061
bear FR940104-0-00034 4 31234 32340 33673 35044
accordance FR940104-0-00034 4 31238 31719 32565 32739
§ FR940104-0-00034 2 31240 31281
101.9 FR940104-0-00034 3 31241 31247 31282
101.10 FR940104-0-00034 2 31243 31249
21 FR940104-0-00034 8 31245 31273 31434 31548 31589 32051 33946 35103
cfr FR940104-0-00034 7 31246 31274 31435 31549 31590 32052 35104
dietary FR940104-0-00034 45 31254 31325 31600 31642 31652 31736 31785 31807 31844 31848 31870 31884 31910 32309 32337 32592 32616 32815 32900 32963 33037 33044 33104 33122 33146 33177 33257 33264 33286 33298 33348 33366 33487 33601 33623 33640 33667 33732 33850 34131 34159 34947 35038 35585 35973
supplement FR940104-0-00034 18 31255 31643 31911 32276 32469 33045 33105 33147 33178 33258 33349 33488 33658 33709 33726 34132 35729 35755
proposal FR940104-0-00034 8 31258 31343 31646 32559 33108 33202 33259 33408
proposed FR940104-0-00034 21 31262 31354 31650 31821 31893 33140 33153 33213 33262 33307 34185 34217 34299 34339 34376 34470 34542 34552 34578 34805 35967
revise FR940104-0-00034 3 31264 33155 33309
§101.14 FR940104-0-00034 19 31265 31361 31450 31474 31671 31810 31824 31854 32034 32534 32547 32804 33052 33075 33128 33229 33241 33270 36102
reference FR940104-0-00034 5 31270 31615 31868 32850 33284
§101.36 FR940104-0-00034 2 31271 31317
101.36 FR940104-0-00034 1 31275
addition FR940104-0-00034 5 31279 31638 32586 32858 35514
101.10. FR940104-0-00034 1 31284
response FR940104-0-00034 3 31286 32776 33422
403 FR940104-0-00034 12 31289 31305 31698 31725 32367 32568 32717 34040 34479 35332 35517 35683
q FR940104-0-00034 2 31291 31307
5 FR940104-0-00034 8 31294 31310 31479 31554 31730 33080 34236 34397
f FR940104-0-00034 1 31297
act FR940104-0-00034 18 31301 31710 32234 32373 32452 32465 32583 32726 33944 34046 34109 34407 35344 35532 35689 35922 36059 36071
formerly FR940104-0-00034 1 31303
e FR940104-0-00034 15 31313 31363 31432 31546 31587 31673 31812 31856 31879 31957 31964 32049 32806 33130 35101
establishes FR940104-0-00034 1 31318
supplements FR940104-0-00034 30 31326 31601 31653 31737 31786 31808 31845 31849 31871 31885 32263 32310 32338 32593 32964 32970 32998 33123 33265 33287 33299 33367 33602 33641 33668 33754 34160 34948 35586 35974
vitamins FR940104-0-00034 1 31328
minerals FR940104-0-00034 1 31330
received FR940104-0-00034 3 31333 33192 33397
no FR940104-0-00034 14 31334 31527 31921 32986 33193 33413 33643 33814 33895 34308 34327 34379 34637 35983
comments FR940104-0-00034 23 31335 32060 32117 32247 32269 32300 32320 33194 34117 34147 34183 34343 34388 34935 34956 35244 35299 35825 35836 35963 35984 36003 36084
requesting FR940104-0-00034 2 31336 33195
changes FR940104-0-00034 2 31337 33196
aspect FR940104-0-00034 2 31340 33199
therefore FR940104-0-00034 4 31345 33204 33556 34703
adopting FR940104-0-00034 3 31350 33209 34708
as FR940104-0-00034 36 31353 31452 31454 31535 32036 32038 32122 32166 32168 32203 32220 32405 32416 32631 32940 32947 32990 33010 33017 33212 33314 33436 33739 34284 34424 34737 34739 34781 34929 35416 35463 35557 35648 35650 35923 36045
e. FR940104-0-00034 1 31356
prohibited FR940104-0-00034 2 31357 31390
rule FR940104-0-00034 18 31370 32792 33222 33434 33446 34202 34218 34223 34300 34326 34340 34377 34385 34464 34508 34719 35867 35968
number FR940104-0-00034 6 31383 32058 32189 32245 34115 35297
situations FR940104-0-00034 1 31385
where FR940104-0-00034 6 31386 32411 32595 33707 33731 33877
are FR940104-0-00034 32 31389 31752 31782 31791 31815 31945 32187 32478 32551 32735 32768 32904 32971 33003 33184 33250 33332 33342 33459 33477 33494 33592 33609 33620 33783 33807 34171 34413 34996 35209 35216 35472
paragraph FR940104-0-00034 7 31394 31877 31944 33291 33310 34349 34392
provides FR940104-0-00034 3 31397 33412 35176
may FR940104-0-00034 18 31402 31886 31927 32619 32696 33095 33530 33626 33727 33822 33888 33991 34134 34581 34597 35043 36018 36151
made FR940104-0-00034 8 31405 31717 31754 31929 32151 32737 34004 35583
label FR940104-0-00034 17 31408 31557 31932 31975 32170 32624 32664 32680 32749 32939 33820 34942 35020 35907 36068 36122 36155
or FR940104-0-00034 39 31409 31561 31608 31613 31633 31909 31923 31933 31976 31985 31997 32344 32356 32399 32501 32602 32625 32750 32827 32832 32847 33092 33347 33536 33544 33649 33908 34031 34225 34263 34274 34623 34681 34829 35358 35602 35673 35716 35852
unless FR940104-0-00034 5 31416 31487 31939 32000 32821
: FR940104-0-00034 5 31417 31688 32001 33316 34197
specifically FR940104-0-00034 8 31424 31582 31890 32008 32961 33304 34184 35595
subpart FR940104-0-00034 6 31431 31545 31586 32015 32048 35100
part FR940104-0-00034 8 31436 31550 31591 32012 32053 32204 32941 35105
101 FR940104-0-00034 6 31437 31551 31592 32013 32054 35106
2 FR940104-0-00034 7 31440 31573 31740 31829 31967 32024 33057
conforms FR940104-0-00034 2 31444 32028
general FR940104-0-00034 4 31447 31658 32031 35822
provisions FR940104-0-00034 8 31448 31458 31722 32032 32042 32364 33126 34106
well FR940104-0-00034 4 31453 32037 32167 35649
specific FR940104-0-00034 9 31457 31488 31539 31804 32041 32867 34664 35322 35436
none FR940104-0-00034 2 31467 35960
disqualifying FR940104-0-00034 3 31470 31521 33071
levels FR940104-0-00034 7 31471 31490 32915 33380 33618 33733 33736
identified FR940104-0-00034 1 31472
exceeded FR940104-0-00034 1 31482
have FR940104-0-00034 6 31491 31661 33694 35666 35777 35990
been FR940104-0-00034 2 31492 31662
substance FR940104-0-00034 11 31496 31528 31838 31993 32352 32497 34825 35381 35397 35501 35655
bears FR940104-0-00034 2 31505 33710
statement FR940104-0-00034 1 31507
complies FR940104-0-00034 2 31509 34037
§101.13 FR940104-0-00034 1 31511
h FR940104-0-00034 1 31513
highlighting FR940104-0-00034 1 31515
nutrient FR940104-0-00034 13 31517 31637 32857 32997 33068 33384 33674 33905 34033 35042 35354 35389 35437
exceeds FR940104-0-00034 1 31519
level FR940104-0-00034 4 31522 31534 32289 33072
4 FR940104-0-00034 6 31525 32573 32779 34199 34354 34484
present FR940104-0-00034 5 31530 31783 31792 33464 35947
at FR940104-0-00034 7 31531 32797 32883 33069 33451 33617 35881
inappropriate FR940104-0-00034 2 31533 31744
determined FR940104-0-00034 1 31536
provision FR940104-0-00034 4 31540 32891 33227 34347
represent FR940104-0-00034 2 31560 35107
purport FR940104-0-00034 1 31562
infants FR940104-0-00034 1 31568
toddlers FR940104-0-00034 1 31570
less FR940104-0-00034 2 31571 34886
years FR940104-0-00034 1 31574
age FR940104-0-00034 1 31576
except FR940104-0-00034 2 31577 31598
if FR940104-0-00034 12 31578 32377 33513 33572 33872 33953 33994 34244 34613 34660 34892 35844
6 FR940104-0-00034 3 31596 32809 33133
contains FR940104-0-00034 3 31605 32824 33642
10 FR940104-0-00034 2 31606 32825
percent FR940104-0-00034 2 31607 32826
more FR940104-0-00034 7 31609 32690 32828 33532 34919 36062 36092
rdi FR940104-0-00034 2 31612 32831
daily FR940104-0-00034 5 31614 32980 33615 35554 35631
value FR940104-0-00034 3 31616 32977 33084
drv FR940104-0-00034 2 31618 32833
vitamin FR940104-0-00034 4 31621 31624 32835 32838
c FR940104-0-00034 4 31625 32549 32839 36104
iron FR940104-0-00034 2 31627 32841
calcium FR940104-0-00034 4 31629 32843 33391 33753
protein FR940104-0-00034 2 31631 32845
fiber FR940104-0-00034 2 31634 32848
any FR940104-0-00034 13 31636 31937 31981 31992 32351 32428 32524 32856 33116 34261 34276 34500 36027
prohibitions FR940104-0-00034 2 31659 31687
tentatively FR940104-0-00034 2 31678 33280
concluded FR940104-0-00034 3 31679 33281 35915
was FR940104-0-00034 7 31683 33288 34473 35409 35430 35445 35457
appropriate FR940104-0-00034 8 31684 32045 32510 33289 33848 33980 34555 35700
these FR940104-0-00034 9 31686 32116 32201 32268 32866 33966 34848 36007 36049
reflect FR940104-0-00034 1 31692
statutory FR940104-0-00034 3 31694 34792 34875
restriction FR940104-0-00034 1 31695
r FR940104-0-00034 9 31700 31727 32369 32570 32719 34042 34481 35334 35519
b FR940104-0-00034 5 31706 32448 32536 35340 35525
ensure FR940104-0-00034 6 31742 33034 34695 34988 35030 36143
unsubstantiated FR940104-0-00034 1 31746
fraudulent FR940104-0-00034 1 31749
reduce FR940104-0-00034 1 31760
potential FR940104-0-00034 3 31762 34604 34627
confusion FR940104-0-00034 1 31765
when FR940104-0-00034 7 31766 31780 31789 33762 35194 35751 36139
confronted FR940104-0-00034 1 31767
situation FR940104-0-00034 2 31770 32410
which FR940104-0-00034 6 31772 32693 33680 34924 35428 36052
there FR940104-0-00034 4 31773 32186 35004 35762
would FR940104-0-00034 18 31774 32331 32406 33022 33933 33978 34089 34356 34531 34668 34842 34879 34916 35496 35616 35678 35744 35841
substances FR940104-0-00034 3 31779 35477 35485
but FR940104-0-00034 3 31787 34378 35160
advised FR940104-0-00034 1 31802
references FR940104-0-00034 1 31805
generally FR940104-0-00034 3 31814 32614 33741
necessary FR940104-0-00034 5 31817 34400 34693 35083 35268
's FR940104-0-00034 14 31820 32102 32763 33635 33684 34404 34749 34769 34837 34982 35114 35127 35978 35994
revision FR940104-0-00034 1 31822
definition FR940104-0-00034 3 31833 33141 33174
term FR940104-0-00034 3 31836 33144 35379
include FR940104-0-00034 8 31841 31866 32255 32600 34135 35153 35231 35475
components FR940104-0-00034 1 31842
bring FR940104-0-00034 2 31847 34598
within FR940104-0-00034 3 31850 34207 34651
coverage FR940104-0-00034 1 31852
did FR940104-0-00034 3 31860 33111 33428
propose FR940104-0-00034 2 31861 33113
however FR940104-0-00034 11 31863 32375 32467 33005 33150 33970 34721 34852 35022 35294 35789
introductory FR940104-0-00034 1 31874
sentence FR940104-0-00034 2 31875 31916
clarify FR940104-0-00034 2 31882 33296
insert FR940104-0-00034 1 31895
phrase FR940104-0-00034 2 31897 33164
regardless FR940104-0-00034 2 31899 33337
whether FR940104-0-00034 5 31901 33091 33339 34087 34550
into FR940104-0-00034 3 31914 35952 35996
make FR940104-0-00034 5 31918 32985 33115 34027 35167
expressed FR940104-0-00034 1 31922
implied FR940104-0-00034 3 31924 32123 32146
conditions FR940104-0-00034 2 31941 32112
met FR940104-0-00034 2 31946 32552
1. FR940104-0-00034 2 31948 35821
authorized FR940104-0-00034 2 31951 33362
prohibit FR940104-0-00034 2 31969 34880
expressly FR940104-0-00034 2 31984 32343
implication FR940104-0-00034 3 31987 32346 36086
characterizes FR940104-0-00034 2 31988 32347
relationship FR940104-0-00034 7 31990 32349 32494 34575 34915 35048 35351
disease FR940104-0-00034 13 31996 32093 32103 32160 32181 32355 32403 32500 34828 35357 35454 35601 35672
healthrelated FR940104-0-00034 8 31998 32111 32357 32503 34831 35359 35603 35674
condition FR940104-0-00034 9 31999 32358 32504 33874 34832 35360 35371 35604 35675
e_specific FR940104-0-00034 1 32016
23. FR940104-0-00034 1 32056
asserted FR940104-0-00034 5 32061 32143 32301 33355 36005
marketplace FR940104-0-00034 1 32064
currently FR940104-0-00034 1 32066
saturated FR940104-0-00034 1 32067
hundreds FR940104-0-00034 1 32069
false FR940104-0-00034 1 32071
misleading FR940104-0-00034 4 32073 32191 34620 35680
ranging FR940104-0-00034 1 32076
rather FR940104-0-00034 4 32078 33660 35316 35362
innocuous FR940104-0-00034 1 32079
statements FR940104-0-00034 4 32080 32171 32303 34975
blatant FR940104-0-00034 1 32082
concerning FR940104-0-00034 4 32084 32304 34569 35719
treatment FR940104-0-00034 2 32086 32397
cancer FR940104-0-00034 1 32088
aids FR940104-0-00034 1 32090
heart FR940104-0-00034 1 32092
asthma FR940104-0-00034 1 32095
high FR940104-0-00034 3 32097 33378 33790
blood FR940104-0-00034 1 32098
pressure FR940104-0-00034 1 32099
alzheimer FR940104-0-00034 1 32101
diabetes FR940104-0-00034 1 32105
diseases FR940104-0-00034 2 32109 32139
one FR940104-0-00034 7 32114 32601 32643 33353 33403 34922 35708
urged FR940104-0-00034 4 32118 32645 34118 34936
regulate FR940104-0-00034 1 32121
those FR940104-0-00034 6 32126 33824 35163 35229 35417 35484
brand FR940104-0-00034 4 32127 32163 32178 35612
names FR940104-0-00034 1 32128
imply FR940104-0-00034 2 32130 35639
useful FR940104-0-00034 2 32135 35178
preventing FR940104-0-00034 1 32137
particular FR940104-0-00034 4 32138 33383 35365 35476
comment FR940104-0-00034 14 32142 32644 32667 32714 32778 33354 33399 33411 33425 34536 34589 34595 35709 35735
can FR940104-0-00034 7 32149 33300 33900 33997 34002 35014 35399
inclusion FR940104-0-00034 3 32154 33612 34151
name FR940104-0-00034 4 32157 32164 32179 35613
slant FR940104-0-00034 1 32173
meaning FR940104-0-00034 1 32175
toward FR940104-0-00034 1 32180
prevention FR940104-0-00034 2 32182 32400
realizes FR940104-0-00034 2 32185 35002
reviews FR940104-0-00034 1 32200
its FR940104-0-00034 13 32206 32663 32682 32775 34122 34248 34425 34447 35097 35899 35917 35939 36074
regular FR940104-0-00034 2 32207 35714
enforcement FR940104-0-00034 1 32208
activities FR940104-0-00034 1 32209
takes FR940104-0-00034 1 32211
against FR940104-0-00034 1 32213
such FR940104-0-00034 28 32214 32218 32293 32326 32525 32948 32969 33028 33182 33475 33553 33983 33989 34094 34153 34423 34514 34528 34649 34657 34780 35369 35415 35470 35493 35636 35738 35769
based FR940104-0-00034 3 32216 32924 34414
factors FR940104-0-00034 3 32219 34778 35035
public FR940104-0-00034 9 32222 32334 34270 34278 34419 34631 34698 35543 35862
significance FR940104-0-00034 2 32224 32917
how FR940104-0-00034 4 32229 33721 33963 34968
clearly FR940104-0-00034 2 32230 32727
violates FR940104-0-00034 1 32232
availability FR940104-0-00034 2 32238 34785
resources FR940104-0-00034 4 32241 34751 34839 35779
24. FR940104-0-00034 1 32243
stated FR940104-0-00034 5 32248 33276 34148 34957 36046
allowed FR940104-0-00034 3 32253 35286 36072
information FR940104-0-00034 20 32256 32327 33719 34141 34154 34289 34568 35012 35081 35090 35136 35154 35235 35547 35802 35858 36032 36043 36063 36116
traditional FR940104-0-00034 2 32259 32280
various FR940104-0-00034 1 32262
labels FR940104-0-00034 3 32266 32277 35756
noted FR940104-0-00034 2 32270 32685
many FR940104-0-00034 5 32272 32299 34777 34946 35255
countries FR940104-0-00034 1 32274
allow FR940104-0-00034 2 32275 33359
indicate FR940104-0-00034 1 32279
uses FR940104-0-00034 1 32281
evidence FR940104-0-00034 3 32291 32704 34822
supporting FR940104-0-00034 1 32292
accurately FR940104-0-00034 2 32296 34256
represented FR940104-0-00034 1 32297
safe FR940104-0-00034 1 32306
usage FR940104-0-00034 1 32307
considered FR940104-0-00034 1 32314
maintained FR940104-0-00034 4 32321 32668 34344 35736
exclusion FR940104-0-00034 1 32324
endanger FR940104-0-00034 1 32332
reveals FR940104-0-00034 1 32380
intended FR940104-0-00034 5 32385 32972 33007 33245 33327
used FR940104-0-00034 2 32388 35377
diagnosis FR940104-0-00034 1 32391
cure FR940104-0-00034 1 32393
mitigation FR940104-0-00034 1 32395
likely FR940104-0-00034 3 32407 33478 34904
presented FR940104-0-00034 7 32415 32634 34745 34993 35016 35063 35418
therapy FR940104-0-00034 1 32422
like FR940104-0-00034 2 32427 32472
so FR940104-0-00034 6 32433 32629 32898 34898 35171 35406
under FR940104-0-00034 5 32438 33662 33936 33985 35681
201 FR940104-0-00034 1 32440
g FR940104-0-00034 5 32442 33231 33272 33293 33312
drugs FR940104-0-00034 2 32459 33463
chapter FR940104-0-00034 1 32461
v FR940104-0-00034 3 32462 36160 36194
welcome FR940104-0-00034 1 32479
submit FR940104-0-00034 1 32481
petitions FR940104-0-00034 8 32484 34112 34242 34736 34762 34861 35276 35724
establish FR940104-0-00034 2 32486 34513
validity FR940104-0-00034 4 32488 34571 34797 36097
characterize FR940104-0-00034 1 32492
manner FR940104-0-00034 4 32507 32640 34007 35174
see FR940104-0-00034 3 32516 32879 36158
iiig FR940104-0-00034 1 32518
document FR940104-0-00034 3 32521 32877 35954
petition FR940104-0-00034 5 32526 34253 34320 34679 34907
shows FR940104-0-00034 1 32528
preliminary FR940104-0-00034 4 32531 32652 32707 32766
scientific FR940104-0-00034 9 32540 32703 34821 34925 35263 35850 36011 36042 36096
basis FR940104-0-00034 3 32556 33414 35787
authorize FR940104-0-00034 1 32561
i FR940104-0-00034 2 32579 34490
advises FR940104-0-00034 6 32589 34445 34725 34765 35186 35329
both FR940104-0-00034 6 32603 33460 33481 33763 33926 34052
basic FR940104-0-00034 1 32606
constitutes FR940104-0-00034 1 32615
guidance FR940104-0-00034 2 32617 34964
long FR940104-0-00034 1 32630
25. FR940104-0-00034 1 32642
permit FR940104-0-00034 2 32648 36061
appearance FR940104-0-00034 2 32650 32730
1990 FR940104-0-00034 4 32671 35572 35927 36055
amendments FR940104-0-00034 4 32672 35573 35928 36056
draw FR940104-0-00034 1 32673
distinction FR940104-0-00034 1 32676
between FR940104-0-00034 3 32677 35111 35352
much FR940104-0-00034 1 32689
room FR940104-0-00034 1 32691
manufacturer FR940104-0-00034 2 32695 35126
sufficiently FR940104-0-00034 1 32697
explain FR940104-0-00034 1 32698
current FR940104-0-00034 2 32700 34138
state FR940104-0-00034 1 32701
regarding FR940104-0-00034 2 32705 34465
disagrees FR940104-0-00034 2 32711 36000
prohibits FR940104-0-00034 1 32728
appear FR940104-0-00034 6 32745 33370 33768 35753 36019 36065
emphasis FR940104-0-00034 1 32756
added FR940104-0-00034 1 32757
objections FR940104-0-00034 1 32764
fully FR940104-0-00034 1 32769
discussed FR940104-0-00034 1 32770
preamble FR940104-0-00034 3 32773 32874 33440
2. FR940104-0-00034 1 32781
additional FR940104-0-00034 1 32782
limits FR940104-0-00034 2 32783 33586
58 FR940104-0-00034 4 32794 32880 33448 35878
2478 FR940104-0-00034 4 32796 32882 33450 35880
2534 FR940104-0-00034 1 32798
adopted FR940104-0-00034 3 32802 34614 36133
new FR940104-0-00034 4 32803 33664 34346 35273
consistency FR940104-0-00034 3 32813 33035 33137
guidelines FR940104-0-00034 2 32816 33038
prohibiting FR940104-0-00034 2 32818 34226
per FR940104-0-00034 1 32849
amount FR940104-0-00034 2 32851 35010
customarily FR940104-0-00034 1 32852
consumed FR940104-0-00034 3 32853 33629 34172
prior FR940104-0-00034 1 32854
complete FR940104-0-00034 1 32862
discussion FR940104-0-00034 2 32863 35980
why FR940104-0-00034 1 32865
criteria FR940104-0-00034 2 32868 33031
were FR940104-0-00034 1 32869
selected FR940104-0-00034 1 32870
appears FR940104-0-00034 2 32871 36118
2521 FR940104-0-00034 1 32884
through FR940104-0-00034 2 32885 35883
2522 FR940104-0-00034 1 32886
stresses FR940104-0-00034 1 32892
importance FR940104-0-00034 4 32894 35159 35620 35627
selecting FR940104-0-00034 1 32896
sources FR940104-0-00034 2 32901 32907
calories FR940104-0-00034 2 32903 33098
coupled FR940104-0-00034 1 32905
nutrients FR940104-0-00034 3 32909 32919 32932
approach FR940104-0-00034 4 32912 32951 33897 35193
incorporates FR940104-0-00034 2 32913 35950
amounts FR940104-0-00034 1 32927
certain FR940104-0-00034 4 32931 34241 34761 35611
required FR940104-0-00034 2 32933 35236
listed FR940104-0-00034 1 32936
applies FR940104-0-00034 1 32952
exempted FR940104-0-00034 1 32962
requirement FR940104-0-00034 3 32967 34530 35577
nutritive FR940104-0-00034 2 32976 33083
diet FR940104-0-00034 7 32981 33616 33703 34291 35312 35555 35632
pretense FR940104-0-00034 1 32987
serving FR940104-0-00034 1 32989
substitutes FR940104-0-00034 2 32991 33011
serve FR940104-0-00034 1 33009
result FR940104-0-00034 2 33019 33889
logical FR940104-0-00034 1 33025
hold FR940104-0-00034 1 33027
designed FR940104-0-00034 1 33032
meets FR940104-0-00034 1 33047
qualifying FR940104-0-00034 2 33049 35291
criterion FR940104-0-00034 1 33050
vii FR940104-0-00034 1 33060
contain FR940104-0-00034 3 33066 33718 33957
specified FR940104-0-00034 1 33073
possesses FR940104-0-00034 1 33082
irrespective FR940104-0-00034 1 33089
also FR940104-0-00034 7 33096 33266 33369 34389 34592 35204 35634
accordingly FR940104-0-00034 2 33100 35691
change FR940104-0-00034 1 33117
exemption FR940104-0-00034 2 33120 33160
wording FR940104-0-00034 1 33157
delete FR940104-0-00034 1 33162
f. FR940104-0-00034 1 33215
applicability FR940104-0-00034 2 33216 33317
stating FR940104-0-00034 1 33233
apply FR940104-0-00034 3 33242 33324 35579
human FR940104-0-00034 2 33247 33329
consumption FR940104-0-00034 7 33248 33330 33655 33791 33812 33932 35608
offered FR940104-0-00034 2 33251 33333
sale FR940104-0-00034 2 33253 33335
covered FR940104-0-00034 1 33268
had FR940104-0-00034 1 33279
follows FR940104-0-00034 1 33315
26. FR940104-0-00034 1 33352
eg FR940104-0-00034 1 33386
calciumosteoporosis FR940104-0-00034 1 33388
carbonate FR940104-0-00034 1 33392
antacid FR940104-0-00034 1 33393
tablets FR940104-0-00034 1 33394
different FR940104-0-00034 1 33421
explained FR940104-0-00034 2 33437 35558
2500 FR940104-0-00034 1 33452
multiple FR940104-0-00034 1 33455
difficult FR940104-0-00034 2 33466 35076
set FR940104-0-00034 1 33467
competing FR940104-0-00034 1 33469
concerns FR940104-0-00034 2 33470 35827
most FR940104-0-00034 4 33490 33631 34137 34863
address FR940104-0-00034 3 33497 34402 36016
some FR940104-0-00034 1 33498
type FR940104-0-00034 1 33499
acute FR940104-0-00034 1 33501
medical FR940104-0-00034 5 33502 33548 33579 33647 33870
problem FR940104-0-00034 5 33503 33515 33526 33574 34018
expected FR940104-0-00034 1 33506
short FR940104-0-00034 2 33510 34810
duration FR940104-0-00034 2 33511 33653
persists FR940104-0-00034 3 33516 33575 33875
important FR940104-0-00034 3 33520 33593 34157
person FR940104-0-00034 2 33523 33634
know FR940104-0-00034 1 33527
severe FR940104-0-00034 1 33533
he FR940104-0-00034 2 33535 33543
she FR940104-0-00034 2 33537 33545
otherwise FR940104-0-00034 2 33538 34675
thought FR940104-0-00034 1 33539
seek FR940104-0-00034 3 33547 33578 33869
attention FR940104-0-00034 2 33549 33685
includes FR940104-0-00034 1 33558
instructions FR940104-0-00034 5 33559 33644 33821 33922 33968
limited FR940104-0-00034 6 33566 33794 34838 34941 35067 35846
period FR940104-0-00034 5 33567 33796 34537 34590 34596
time FR940104-0-00034 7 33569 33585 33795 33815 34711 34871 34887
intervention FR940104-0-00034 2 33580 33648
thus FR940104-0-00034 5 33582 34900 34986 35487 35677
users FR940104-0-00034 1 33599
hand FR940104-0-00034 1 33607
often FR940104-0-00034 1 33627
throughout FR940104-0-00034 1 33630
lifetime FR940104-0-00034 1 33636
seeking FR940104-0-00034 1 33646
limiting FR940104-0-00034 2 33651 36038
able FR940104-0-00034 2 33671 34645
content FR940104-0-00034 3 33675 33906 34034
focus FR940104-0-00034 1 33681
advantages FR940104-0-00034 1 33688
consuming FR940104-0-00034 1 33690
helping FR940104-0-00034 1 33696
maintain FR940104-0-00034 1 33700
healthy FR940104-0-00034 1 33702
moreover FR940104-0-00034 1 33705
about FR940104-0-00034 5 33720 35349 35364 35499 35508
longterm FR940104-0-00034 1 33722
ingestion FR940104-0-00034 1 33723
promote FR940104-0-00034 1 33728
therapeutic FR940104-0-00034 2 33735 33845
differ FR940104-0-00034 1 33737
case FR940104-0-00034 4 33743 33749 33776 33800
fact FR940104-0-00034 2 33747 35279
antacids FR940104-0-00034 1 33751
apparent FR940104-0-00034 1 33758
conflict FR940104-0-00034 1 33759
created FR940104-0-00034 1 33761
same FR940104-0-00034 4 33771 35576 35645 35668
consumers FR940104-0-00034 9 33782 33806 33839 34622 34995 35032 35183 35767 35812
given FR940104-0-00034 5 33784 33808 34812 34834 35050
directions FR940104-0-00034 4 33785 33809 33825 33856
involve FR940104-0-00034 1 33789
during FR940104-0-00034 3 33792 34247 34587
lower FR940104-0-00034 1 33811
constraints FR940104-0-00034 1 33816
even FR940104-0-00034 1 33818
though FR940104-0-00034 1 33819
identify FR940104-0-00034 2 33823 35434
separate FR940104-0-00034 1 33832
locations FR940104-0-00034 1 33833
concerned FR940104-0-00034 1 33837
incorrectly FR940104-0-00034 1 33841
assume FR940104-0-00034 1 33842
dosage FR940104-0-00034 1 33846
undercut FR940104-0-00034 1 33861
warning FR940104-0-00034 1 33863
care FR940104-0-00034 1 33871
properly FR940104-0-00034 1 33882
followed FR940104-0-00034 1 33883
significant FR940104-0-00034 2 33885 34567
adverse FR940104-0-00034 1 33886
consequences FR940104-0-00034 1 33887
knows FR940104-0-00034 1 33893
broad FR940104-0-00034 2 33896 35440
harmonize FR940104-0-00034 1 33903
labeled FR940104-0-00034 1 33920
limit FR940104-0-00034 4 33927 33931 34712 35007
do FR940104-0-00034 5 33929 34897 35170 35930 36024
misbranded FR940104-0-00034 2 33935 36148
502 FR940104-0-00034 1 33938
usc FR940104-0-00034 1 33947
352 FR940104-0-00034 1 33948
failed FR940104-0-00034 1 33955
material FR940104-0-00034 1 33959
fact_that FR940104-0-00034 1 33960
reconcile FR940104-0-00034 1 33965
conflicting FR940104-0-00034 1 33967
believe FR940104-0-00034 2 33975 34523
preclude FR940104-0-00034 1 33982
circumstances FR940104-0-00034 2 33987 35414
permissible FR940104-0-00034 1 33993
firm FR940104-0-00034 3 33996 34372 34380
demonstrate FR940104-0-00034 1 33998
dual FR940104-0-00034 1 34000
neither FR940104-0-00034 1 34010
misbrand FR940104-0-00034 1 34011
nor FR940104-0-00034 1 34014
create FR940104-0-00034 2 34015 34625
safety FR940104-0-00034 1 34017
suggests FR940104-0-00034 1 34022
anyone FR940104-0-00034 1 34024
desiring FR940104-0-00034 1 34025
contact FR940104-0-00034 1 34058
center FR940104-0-00034 1 34060
evaluation FR940104-0-00034 1 34063
research FR940104-0-00034 1 34065
branch FR940104-0-00034 1 34069
hfd312 FR940104-0-00034 1 34071
7500 FR940104-0-00034 1 34076
standish FR940104-0-00034 1 34077
pl. FR940104-0-00034 1 34078
rockville FR940104-0-00034 1 34080
md FR940104-0-00034 1 34082
20855 FR940104-0-00034 1 34083
discuss FR940104-0-00034 1 34086
put FR940104-0-00034 1 34093
still FR940104-0-00034 1 34101
comply FR940104-0-00034 2 34102 34977
g. FR940104-0-00034 1 34111
27. FR940104-0-00034 1 34113
streamline FR940104-0-00034 1 34121
procedures FR940104-0-00034 1 34123
approving FR940104-0-00034 1 34125
order FR940104-0-00034 1 34129
reliable FR940104-0-00034 1 34140
critically FR940104-0-00034 1 34156
unlike FR940104-0-00034 1 34163
benefits FR940104-0-00034 2 34177 35765
associated FR940104-0-00034 1 34178
them FR940104-0-00034 1 34180
add FR940104-0-00034 1 34188
following FR940104-0-00034 2 34190 34538
paragraphs FR940104-0-00034 1 34191
§101.70 FR940104-0-00034 2 34193 34452
j FR940104-0-00034 4 34195 34351 34394 34454
120 FR940104-0-00034 1 34208
days FR940104-0-00034 3 34209 34312 34331
date FR940104-0-00034 3 34212 34315 34334
publication FR940104-0-00034 5 34214 34336 34460 34504 34540
issue FR940104-0-00034 3 34220 34323 35247
requested FR940104-0-00034 2 34228 34303
expedited FR940104-0-00034 1 34238
determines FR940104-0-00034 1 34246
initial FR940104-0-00034 1 34249
represents FR940104-0-00034 1 34257
recommendations FR940104-0-00034 3 34259 34417 34439
department FR940104-0-00034 1 34264
us FR940104-0-00034 2 34267 36184
government FR940104-0-00034 1 34268
responsibilities FR940104-0-00034 1 34272
organization FR940104-0-00034 1 34280
recognized FR940104-0-00034 1 34283
credible FR940104-0-00034 1 34286
source FR940104-0-00034 1 34287
publish FR940104-0-00034 1 34297
later FR940104-0-00034 2 34309 34328
60 FR940104-0-00034 2 34311 34330
receipt FR940104-0-00034 1 34317
correct FR940104-0-00034 1 34357
obvious FR940104-0-00034 1 34359
oversight FR940104-0-00034 2 34360 34476
existing FR940104-0-00034 1 34363
ie FR940104-0-00034 1 34366
establishment FR940104-0-00034 1 34369
deadline FR940104-0-00034 4 34373 34381 34457 34501
contended FR940104-0-00034 1 34390
failure FR940104-0-00034 3 34405 34426 34448
promptly FR940104-0-00034 1 34408
approve FR940104-0-00034 4 34410 34428 34683 35702
authorities FR940104-0-00034 1 34421
folic FR940104-0-00034 1 34433
acid FR940104-0-00034 1 34434
accord FR940104-0-00034 1 34436
phs FR940104-0-00034 1 34441
agencies FR940104-0-00034 1 34442
specify FR940104-0-00034 1 34450
adhere FR940104-0-00034 1 34498
could FR940104-0-00034 3 34512 35638 35763
timeframe FR940104-0-00034 3 34516 34654 34665
adoption FR940104-0-00034 2 34526 34557
prudent FR940104-0-00034 1 34533
rules FR940104-0-00034 2 34543 34732
critical FR940104-0-00034 1 34546
step FR940104-0-00034 1 34547
determining FR940104-0-00034 2 34549 35079
instance FR940104-0-00034 1 34561
substancedisease FR940104-0-00034 2 34574 35047
underlying FR940104-0-00034 1 34576
submitted FR940104-0-00034 2 34583 35964
interested FR940104-0-00034 2 34585 35798
parties FR940104-0-00034 2 34586 35799
light FR940104-0-00034 1 34600
previously FR940104-0-00034 1 34602
unforeseen FR940104-0-00034 1 34603
modification FR940104-0-00034 1 34616
serious FR940104-0-00034 1 34626
threats FR940104-0-00034 1 34628
way FR940104-0-00034 1 34638
guarantee FR940104-0-00034 1 34640
adequately FR940104-0-00034 1 34647
resolve FR940104-0-00034 1 34648
problems FR940104-0-00034 1 34650
suggested FR940104-0-00034 3 34653 34710 35710
instances FR940104-0-00034 1 34658
faced FR940104-0-00034 2 34661 35073
forced FR940104-0-00034 1 34670
either FR940104-0-00034 1 34672
deny FR940104-0-00034 1 34673
erecting FR940104-0-00034 1 34686
framework FR940104-0-00034 1 34689
safeguarded FR940104-0-00034 1 34701
issuance FR940104-0-00034 1 34715
committed FR940104-0-00034 1 34728
issuing FR940104-0-00034 2 34730 34803
quickly FR940104-0-00034 1 34738
issues FR940104-0-00034 2 34744 35817
available FR940104-0-00034 3 34750 34820 34944
respect FR940104-0-00034 1 34754
suggestions FR940104-0-00034 1 34756
shorter FR940104-0-00034 1 34758
timeframes FR940104-0-00034 6 34759 34773 34793 34849 34876 34890
ability FR940104-0-00034 1 34770
meet FR940104-0-00034 1 34772
influenced FR940104-0-00034 1 34775
work FR940104-0-00034 1 34782
priorities FR940104-0-00034 1 34783
personnel FR940104-0-00034 1 34787
considers FR940104-0-00034 2 34790 35938
assessing FR940104-0-00034 1 34795
extremely FR940104-0-00034 1 34809
need FR940104-0-00034 1 34814
evaluate FR940104-0-00034 1 34816
totality FR940104-0-00034 1 34818
practicable FR940104-0-00034 1 34845
shorten FR940104-0-00034 1 34847
further FR940104-0-00034 1 34850
points FR940104-0-00034 1 34855
out FR940104-0-00034 1 34856
although FR940104-0-00034 2 34858 35758
virtually FR940104-0-00034 1 34867
nothing FR940104-0-00034 1 34878
acting FR940104-0-00034 1 34884
wellaccepted FR940104-0-00034 1 34913
substance/disease FR940104-0-00034 1 34914
reviewed FR940104-0-00034 1 34918
expeditiously FR940104-0-00034 1 34920
agreement FR940104-0-00034 1 34926
28. FR940104-0-00034 1 34932
few FR940104-0-00034 1 34934
consider FR940104-0-00034 1 34939
space FR940104-0-00034 2 34943 35068
developing FR940104-0-00034 1 34950
concise FR940104-0-00034 1 34959
succinct FR940104-0-00034 1 34974
help FR940104-0-00034 1 34987
comprehensible FR940104-0-00034 1 34999
understand FR940104-0-00034 3 35033 35117 35545
intake FR940104-0-00034 1 35039
imperative FR940104-0-00034 1 35052
understanding FR940104-0-00034 1 35056
message FR940104-0-00034 2 35059 35181
very FR940104-0-00034 1 35066
task FR940104-0-00034 1 35077
what FR940104-0-00034 3 35080 35089 36017
acceptable FR940104-0-00034 1 35109
balance FR940104-0-00034 1 35110
right FR940104-0-00034 1 35115
full FR940104-0-00034 1 35119
context FR940104-0-00034 2 35120 35550
concern FR940104-0-00034 1 35128
over FR940104-0-00034 1 35129
length FR940104-0-00034 1 35131
delineating FR940104-0-00034 1 35134
optional FR940104-0-00034 1 35141
relieving FR940104-0-00034 1 35148
having FR940104-0-00034 2 35151 35446
tangential FR940104-0-00034 1 35158
who FR940104-0-00034 2 35164 35208
wish FR940104-0-00034 1 35165
understandable FR940104-0-00034 1 35180
take FR940104-0-00034 1 35190
providing FR940104-0-00034 1 35195
future FR940104-0-00034 1 35201
notes FR940104-0-00034 2 35205 35958
satisfied FR940104-0-00034 1 35211
free FR940104-0-00034 1 35217
develop FR940104-0-00034 1 35219
own FR940104-0-00034 1 35221
versions FR940104-0-00034 2 35222 35230
29. FR940104-0-00034 1 35242
several FR940104-0-00034 2 35243 35824
raised FR940104-0-00034 2 35245 35826
productspecific FR940104-0-00034 2 35249 35703
asserting FR940104-0-00034 1 35253
dissuaded FR940104-0-00034 1 35259
undertaking FR940104-0-00034 1 35261
studies FR940104-0-00034 1 35264
investments FR940104-0-00034 1 35267
obtain FR940104-0-00034 1 35270
approved FR940104-0-00034 2 35281 35721
stressed FR940104-0-00034 1 35300
role FR940104-0-00034 2 35308 35319
total FR940104-0-00034 3 35311 35553 35630
emphasized FR940104-0-00034 1 35315
risk FR940104-0-00034 2 35325 35452
reduction FR940104-0-00034 1 35326
pertains FR940104-0-00034 1 35345
lieu FR940104-0-00034 1 35384
word FR940104-0-00034 1 35387
said FR940104-0-00034 1 35393
doing FR940104-0-00034 1 35405
trying FR940104-0-00034 1 35411
cover FR940104-0-00034 1 35413
fruits FR940104-0-00034 1 35420
vegetables FR940104-0-00034 1 35422
grain FR940104-0-00034 1 35425
class FR940104-0-00034 1 35441
observed FR940104-0-00034 1 35448
effect FR940104-0-00034 3 35449 35565 35669
thereby FR940104-0-00034 1 35459
including FR940104-0-00034 1 35460
formulated FR940104-0-00034 3 35461 35473 35504
subjects FR940104-0-00034 1 35465
nutritional FR940104-0-00034 1 35481
effects FR940104-0-00034 2 35482 35598
appropriately FR940104-0-00034 1 35497
itself FR940104-0-00034 1 35511
iii FR940104-0-00034 1 35528
directs FR940104-0-00034 1 35533
enable FR940104-0-00034 1 35541
above FR940104-0-00034 2 35559 36047
finds FR940104-0-00034 2 35562 35695
congress FR940104-0-00034 1 35566
' FR940104-0-00034 2 35567 36085
intent FR940104-0-00034 1 35568
passing FR940104-0-00034 1 35570
refers FR940104-0-00034 1 35594
resulting FR940104-0-00034 1 35605
unduly FR940104-0-00034 1 35617
emphasize FR940104-0-00034 1 35618
brands FR940104-0-00034 1 35642
containing FR940104-0-00034 1 35653
might FR940104-0-00034 1 35664
30. FR940104-0-00034 1 35707
monthly FR940104-0-00034 1 35715
quarterly FR940104-0-00034 1 35717
reports FR940104-0-00034 3 35718 35770 35783
newly FR940104-0-00034 1 35720
display FR940104-0-00034 1 35726
stores FR940104-0-00034 1 35732
list FR940104-0-00034 1 35740
distributed FR940104-0-00034 1 35741
increase FR940104-0-00034 1 35745
confidence FR940104-0-00034 1 35747
recognizes FR940104-0-00034 1 35760
simply FR940104-0-00034 1 35774
ongoing FR940104-0-00034 1 35786
expects FR940104-0-00034 1 35792
trade FR940104-0-00034 1 35794
associations FR940104-0-00034 1 35795
firms FR940104-0-00034 1 35804
ultimately FR940104-0-00034 1 35807
passed FR940104-0-00034 1 35809
iv FR940104-0-00034 1 35814
constitutional FR940104-0-00034 1 35816
a. FR940104-0-00034 1 35818
first FR940104-0-00034 4 35819 35833 35895 35934
amendment FR940104-0-00034 5 35820 35834 35896 35935 36075
31. FR940104-0-00034 1 35823
violate FR940104-0-00034 2 35831 35932
cautioned FR940104-0-00034 1 35837
unconstitutional FR940104-0-00034 1 35843
dissemination FR940104-0-00034 1 35848
opinion FR940104-0-00034 2 35851 36012
prevented FR940104-0-00034 1 35853
wellbalanced FR940104-0-00034 1 35857
reaching FR940104-0-00034 1 35860
2524 FR940104-0-00034 1 35882
2528 FR940104-0-00034 1 35884
addressed FR940104-0-00034 1 35891
detail FR940104-0-00034 1 35893
implications FR940104-0-00034 1 35897
amended FR940104-0-00034 1 35924
earlier FR940104-0-00034 2 35940 35979
analysis FR940104-0-00034 1 35941
relevant FR940104-0-00034 1 35944
rulemaking FR940104-0-00034 1 35948
disputed FR940104-0-00034 1 35975
argued FR940104-0-00034 1 35985
subsequent FR940104-0-00034 1 35987
court FR940104-0-00034 1 35988
decisions FR940104-0-00034 1 35989
called FR940104-0-00034 1 35991
conclusions FR940104-0-00034 1 35995
question FR940104-0-00034 1 35997
unconstitutionally FR940104-0-00034 1 36009
suppress FR940104-0-00034 1 36010
affect FR940104-0-00034 1 36026
means FR940104-0-00034 1 36029
disseminating FR940104-0-00034 1 36031
indeed FR940104-0-00034 1 36034
far FR940104-0-00034 1 36036
dispersal FR940104-0-00034 1 36040
implement FR940104-0-00034 1 36053
agree FR940104-0-00034 1 36081
constitution FR940104-0-00034 1 36089
lenient FR940104-0-00034 1 36093
codified FR940104-0-00034 1 36100
strong FR940104-0-00034 1 36110
interest FR940104-0-00034 2 36111 36137
best FR940104-0-00034 1 36134
furthers FR940104-0-00034 1 36135
seeks FR940104-0-00034 1 36141
place FR940104-0-00034 1 36152
restrictions FR940104-0-00034 1 36153
contents FR940104-0-00034 1 36156
sec FR940104-0-00034 1 36159
wall FR940104-0-00034 1 36162
street FR940104-0-00034 1 36163
publishing FR940104-0-00034 1 36164
institute FR940104-0-00034 2 36165 36193
851 FR940104-0-00034 1 36167
f.2d FR940104-0-00034 1 36168
365 FR940104-0-00034 1 36169
373 FR940104-0-00034 1 36171
dc FR940104-0-00034 1 36173
cir FR940104-0-00034 1 36174
1988 FR940104-0-00034 1 36176
cert FR940104-0-00034 1 36179
denied FR940104-0-00034 1 36181
489 FR940104-0-00034 1 36183
1066 FR940104-0-00034 1 36185
1989 FR940104-0-00034 1 36187
american FR940104-0-00034 1 36190
frozen FR940104-0-00034 1 36191
mathews FR940104-0-00034 1 36196
413 FR940104-0-00034 1 36198
