newberry FR940104-0-00033 1 20937
, FR940104-0-00033 143 20938 20940 20946 20947 20959 20966 20971 20973 20988 21021 21023 21025 21037 21039 21046 21048 21050 21052 21054 21060 21062 21070 21072 21074 21076 21078 21085 21087 21088 21097 21107 21118 21126 21152 21197 21209 21211 21213 21236 21240 21242 21245 21284 21286 21293 21305 21320 21352 21355 21362 21372 21408 21411 21424 21484 21510 21517 21534 21542 21562 21566 21570 21574 21581 21592 21601 21627 21629 21632 21635 21659 21661 21662 21674 21681 21713 21717 21745 21747 21750 21769 21774 21804 21815 21837 21881 21885 21922 21944 21990 21994 21998 22021 22023 22025 22028 22056 22067 22089 22119 22130 22162 22174 22250 22252 22255 22266 22318 22333 22428 22434 22439 22444 22467 22478 22489 22497 22559 22561 22564 22615 22618 22668 22670 22673 22684 22688 22691 22750 22802 22804 22807 22837 22839 22845 22852 22858 22930 22934 22939 22957 22961 22971
r. FR940104-0-00033 1 20939
letter FR940104-0-00033 1 20941
to FR940104-0-00033 19 20942 20981 21011 21157 21183 21356 21383 21700 21823 21930 21951 22015 22075 22191 22520 22604 22764 22831 22834
clinton FR940104-0-00033 1 20943
k. FR940104-0-00033 1 20944
davies FR940104-0-00033 1 20945
. FR940104-0-00033 33 20948 20964 21019 21044 21081 21167 21223 21338 21389 21555 21612 21650 21722 21753 21761 21858 21872 21965 21978 22206 22351 22419 22535 22567 22624 22730 22778 22810 22906 22949 22967 22978 22982
list FR940104-0-00033 1 20949
of FR940104-0-00033 52 20950 20984 21026 21056 21121 21179 21207 21290 21298 21368 21386 21421 21429 21441 21545 21552 21604 21609 21692 21780 21792 21819 21827 21847 21900 21926 21934 21954 22013 22019 22071 22079 22181 22204 22311 22385 22396 22399 22417 22465 22493 22533 22622 22825 22866 22880 22892 22895 22912 22925 22963 22973
subjects FR940104-0-00033 1 20951
in FR940104-0-00033 44 20952 21113 21176 21200 21258 21287 21330 21359 21404 21413 21505 21623 21741 21773 21789 21799 21810 21898 21907 21917 22011 22051 22062 22220 22230 22246 22280 22343 22370 22394 22432 22453 22463 22473 22484 22555 22638 22648 22664 22704 22798 22890 22902 22917
21 FR940104-0-00033 4 20953 20989 21006 21067
cfr FR940104-0-00033 3 20954 20990 21007
part FR940104-0-00033 6 20955 20991 20998 21008 21181 21367
101 FR940104-0-00033 3 20956 20992 21009
food FR940104-0-00033 24 20957 20970 20985 21059 21202 21313 21487 21492 21531 21584 21589 21641 21732 21841 21948 22237 22326 22546 22655 22789 22904 22916 22927 22964
labeling FR940104-0-00033 12 20958 21000 21031 21361 21428 21622 21791 21899 22012 22395 22464 22891
reporting FR940104-0-00033 1 20960
and FR940104-0-00033 47 20961 20974 20977 20986 21030 21063 21139 21153 21173 21191 21204 21214 21246 21315 21363 21379 21479 21576 21688 21719 21788 21816 21923 22000 22045 22068 22112 22140 22155 22163 22175 22259 22328 22378 22411 22490 22587 22594 22619 22677 22692 22757 22774 22882 22897 22965 22975
recordkeeping FR940104-0-00033 1 20962
requirements FR940104-0-00033 4 20963 21385 22225 22643
therefore FR940104-0-00033 1 20965
under FR940104-0-00033 2 20967 20978
the FR940104-0-00033 63 20968 20982 21002 21027 21057 21110 21174 21256 21288 21311 21323 21369 21384 21425 21437 21485 21506 21582 21689 21731 21735 21765 21786 21790 21825 21840 21848 21851 21876 21895 21932 21947 21955 21958 21986 22008 22017 22077 22178 22201 22216 22223 22236 22240 22278 22324 22336 22366 22423 22460 22530 22545 22549 22634 22641 22654 22658 22702 22788 22792 22823 22835 22864
federal FR940104-0-00033 2 20969 21058
drug FR940104-0-00033 2 20972 21061
cosmetic FR940104-0-00033 2 20975 21064
act FR940104-0-00033 3 20976 21032 21065
authority FR940104-0-00033 3 20979 21003 21016
delegated FR940104-0-00033 1 20980
commissioner FR940104-0-00033 2 20983 22962
drugs FR940104-0-00033 2 20987 22966
is FR940104-0-00033 27 20993 21089 21344 21373 21380 21648 21663 21737 21739 21831 21938 22083 22101 22218 22242 22244 22509 22551 22553 22576 22636 22660 22662 22739 22794 22796 22829
amended FR940104-0-00033 7 20994 21090 21664 22102 22510 22577 22740
as FR940104-0-00033 34 20995 21013 21159 21353 21366 21402 21409 21513 21520 21537 21547 21595 21633 21702 21751 21797 21808 21905 21915 22032 22049 22060 22147 22193 22256 22471 22482 22522 22565 22606 22674 22766 22808 22877
follows FR940104-0-00033 8 20996 21014 21160 21703 22194 22523 22607 22767
: FR940104-0-00033 13 20997 21015 21017 21161 21445 21704 22092 22195 22500 22524 22608 22768 22956
101_food FR940104-0-00033 1 20999
1. FR940104-0-00033 1 21001
citation FR940104-0-00033 1 21004
for FR940104-0-00033 40 21005 21188 21195 21233 21238 21273 21316 21325 21469 21502 21515 21523 21539 21549 21559 21598 21606 21639 21642 21709 21733 22200 22226 22238 22263 22295 22329 22338 22369 22407 22529 22547 22613 22644 22656 22681 22686 22719 22790 22914
continues FR940104-0-00033 1 21010
read FR940104-0-00033 7 21012 21158 21701 22192 22521 22605 22765
secs FR940104-0-00033 2 21018 21043
4 FR940104-0-00033 10 21020 22128 22138 22172 22261 22364 22602 22679 22762 22908
5 FR940104-0-00033 7 21022 21105 21231 22145 22153 22189 22421
6 FR940104-0-00033 2 21024 22160
fair FR940104-0-00033 1 21028
packaging FR940104-0-00033 1 21029
( FR940104-0-00033 134 21033 21066 21094 21101 21104 21115 21123 21127 21130 21133 21136 21140 21143 21146 21149 21154 21168 21219 21224 21230 21260 21263 21267 21270 21303 21332 21335 21339 21398 21415 21418 21451 21457 21463 21466 21473 21508 21532 21556 21590 21618 21668 21671 21675 21678 21682 21685 21694 21697 21724 21728 21754 21762 21801 21812 21864 21873 21909 21919 21971 21979 22036 22039 22042 22053 22064 22106 22109 22113 22116 22124 22127 22134 22137 22141 22144 22149 22152 22156 22159 22168 22171 22185 22188 22207 22213 22233 22260 22282 22285 22289 22292 22316 22345 22348 22357 22363 22372 22375 22379 22382 22420 22475 22486 22514 22517 22536 22542 22581 22584 22588 22591 22598 22601 22625 22631 22651 22678 22706 22709 22713 22716 22744 22747 22751 22754 22758 22761 22779 22785 22811 22817 22907 22928
15 FR940104-0-00033 1 21034
usc FR940104-0-00033 2 21035 21068
1453 FR940104-0-00033 1 21036
1454 FR940104-0-00033 1 21038
1455 FR940104-0-00033 1 21040
) FR940104-0-00033 134 21041 21080 21096 21103 21106 21117 21125 21129 21132 21135 21138 21142 21145 21148 21151 21156 21170 21222 21226 21232 21262 21265 21269 21272 21309 21334 21337 21341 21400 21417 21420 21453 21459 21465 21468 21478 21527 21554 21558 21611 21620 21670 21673 21677 21680 21684 21687 21696 21699 21726 21730 21756 21764 21803 21814 21866 21875 21911 21921 21973 21981 22038 22041 22044 22055 22066 22108 22111 22115 22118 22126 22129 22136 22139 22143 22146 22151 22154 22158 22161 22170 22173 22187 22190 22209 22215 22235 22262 22284 22287 22291 22294 22322 22347 22350 22359 22365 22374 22377 22381 22384 22422 22477 22488 22516 22519 22538 22544 22583 22586 22590 22593 22600 22603 22627 22633 22653 22680 22708 22711 22715 22718 22746 22749 22753 22756 22760 22763 22781 22787 22813 22819 22909 22948
; FR940104-0-00033 6 21042 22232 22258 22650 22676 22986
201 FR940104-0-00033 1 21045
301 FR940104-0-00033 1 21047
402 FR940104-0-00033 1 21049
403 FR940104-0-00033 1 21051
409 FR940104-0-00033 1 21053
701 FR940104-0-00033 1 21055
321 FR940104-0-00033 1 21069
331 FR940104-0-00033 1 21071
342 FR940104-0-00033 1 21073
343 FR940104-0-00033 1 21075
348 FR940104-0-00033 1 21077
371 FR940104-0-00033 1 21079
2. FR940104-0-00033 1 21082
section FR940104-0-00033 10 21083 21172 21388 21423 21657 22099 22387 22507 22574 22737
101.13 FR940104-0-00033 1 21084
effective FR940104-0-00033 2 21086 21660
by FR940104-0-00033 15 21091 21098 21108 21348 21665 22034 22103 22120 22131 22176 22409 22511 22578 22595 22741
revising FR940104-0-00033 8 21092 21109 21666 22104 22177 22512 22579 22742
paragraph FR940104-0-00033 13 21093 21100 21114 21122 21414 21667 21693 22123 22167 22184 22371 22513 22597
a FR940104-0-00033 41 21095 21137 21169 21299 21375 21430 21434 21442 21467 21490 21494 21521 21529 21587 21596 21644 21669 21725 21833 21940 21982 22085 22107 22114 22125 22165 22208 22312 22515 22537 22582 22589 22599 22626 22745 22780 22820 22878 22910 22915 22926
adding FR940104-0-00033 4 21099 22121 22164 22596
b FR940104-0-00033 17 21102 21150 21225 21261 21268 21333 21557 21676 21755 22283 22290 22346 22707 22714 22752 22759 22812
first FR940104-0-00033 1 21111
sentence FR940104-0-00033 1 21112
c FR940104-0-00033 15 21116 21340 21525 21683 21865 22135 22142 22150 22157 22169 22186 22358 22373 22380 22943
introductory FR940104-0-00033 3 21119 21690 22179
text FR940104-0-00033 3 21120 21691 22180
i FR940104-0-00033 6 21124 21134 21147 21399 21464 22043
j FR940104-0-00033 4 21128 21141 21452 22037
1 FR940104-0-00033 13 21131 21264 21458 21679 21686 21698 21763 21874 21980 22040 22286 22376 22710
l FR940104-0-00033 5 21144 21802 21910 22054 22476
n FR940104-0-00033 2 21155 21619
§101.13 FR940104-0-00033 12 21162 21800 21811 21908 21918 22035 22052 22063 22231 22474 22485 22649
nutrient FR940104-0-00033 11 21163 21376 21443 21645 21706 22197 22227 22526 22610 22645 22771
content FR940104-0-00033 13 21164 21377 21646 21707 22198 22203 22228 22527 22532 22611 22621 22646 22772
claims_general FR940104-0-00033 1 21165
principles FR940104-0-00033 1 21166
this FR940104-0-00033 5 21171 21180 21387 21422 22386
regulations FR940104-0-00033 1 21175
subpart FR940104-0-00033 1 21177
d FR940104-0-00033 1 21178
apply FR940104-0-00033 1 21182
foods FR940104-0-00033 9 21184 21199 21793 21901 22014 22205 22466 22534 22623
that FR940104-0-00033 22 21185 21192 21254 21310 21343 21364 21497 21830 21839 21937 21946 22082 22091 22276 22323 22403 22499 22700 22828 22861 22874 22899
are FR940104-0-00033 6 21186 21193 22404 22875 22884 22900
intended FR940104-0-00033 2 21187 22405
human FR940104-0-00033 2 21189 22976
consumption FR940104-0-00033 1 21190
offered FR940104-0-00033 1 21194
sale FR940104-0-00033 1 21196
including FR940104-0-00033 1 21198
conventional FR940104-0-00033 2 21201 22903
form FR940104-0-00033 2 21203 22905
dietary FR940104-0-00033 14 21205 21220 21234 21301 21817 21924 22026 22069 22264 22314 22397 22491 22682 22893
supplements FR940104-0-00033 11 21206 21221 21235 21818 21925 22070 22265 22398 22492 22683 22894
vitamins FR940104-0-00033 10 21208 21820 21927 22022 22072 22400 22494 22870 22881 22896
minerals FR940104-0-00033 10 21210 21822 21929 22024 22074 22402 22496 22872 22883 22898
herbs FR940104-0-00033 1 21212
other FR940104-0-00033 2 21215 22868
similar FR940104-0-00033 5 21216 21300 21530 21588 22313
nutritional FR940104-0-00033 1 21217
substances FR940104-0-00033 1 21218
* FR940104-0-00033 90 21227 21228 21229 21390 21391 21392 21393 21394 21395 21396 21397 21446 21447 21448 21449 21450 21454 21455 21456 21460 21461 21462 21613 21614 21615 21616 21617 21651 21652 21653 21654 21655 21859 21860 21861 21862 21863 21966 21967 21968 21969 21970 22093 22094 22095 22096 22097 22210 22211 22212 22352 22353 22354 22355 22356 22360 22361 22362 22501 22502 22503 22504 22505 22539 22540 22541 22568 22569 22570 22571 22572 22628 22629 22630 22731 22732 22733 22734 22735 22782 22783 22784 22814 22815 22816 22950 22951 22952 22953 22954
claims FR940104-0-00033 21 21237 21283 21292 21483 21580 21708 21760 21871 21977 22199 22229 22267 22305 22367 22528 22612 22647 22685 22729 22773 22862
calories FR940104-0-00033 2 21239 22269
fat FR940104-0-00033 5 21241 21244 22614 22687 22690
saturated FR940104-0-00033 2 21243 22689
cholesterol FR940104-0-00033 3 21247 22620 22693
may FR940104-0-00033 10 21248 21432 21488 21782 21891 22004 22270 22388 22456 22694
not FR940104-0-00033 10 21249 21374 21381 21832 21939 22084 22271 22695 22885 22901
be FR940104-0-00033 13 21250 21357 21489 21500 21586 21637 21783 21892 22005 22272 22389 22457 22696
made FR940104-0-00033 13 21251 21649 21738 22219 22243 22273 22552 22637 22661 22697 22795 22841 22848
on FR940104-0-00033 9 21252 21785 21894 22007 22274 22391 22459 22698 22887
products FR940104-0-00033 11 21253 21796 21807 21904 21914 22048 22059 22275 22470 22481 22699
meet FR940104-0-00033 3 21255 22277 22701
criteria FR940104-0-00033 3 21257 22279 22703
§101.60 FR940104-0-00033 6 21259 21331 22196 22281 22344 22705
or FR940104-0-00033 43 21266 21278 21346 21350 21406 21412 21427 21439 21474 21528 21630 21748 21776 21821 21835 21845 21850 21887 21897 21928 21942 21957 22010 22029 22073 22087 22253 22288 22300 22393 22401 22450 22462 22495 22562 22671 22712 22724 22805 22854 22871 22873 22889
2 FR940104-0-00033 11 21271 21336 22110 22214 22293 22349 22383 22415 22585 22632 22717
`` FR940104-0-00033 44 21274 21279 21326 21470 21475 21480 21560 21564 21568 21572 21577 21710 21715 21720 21757 21767 21771 21777 21867 21878 21883 21888 21974 21988 21992 21996 22001 22296 22301 22339 22425 22430 22436 22441 22446 22451 22720 22725 22840 22847 22855 22931 22936 22941
calorie FR940104-0-00033 10 21275 21281 21291 21328 22202 22297 22303 22341 22721 22727
free FR940104-0-00033 3 21276 22298 22722
'' FR940104-0-00033 44 21277 21282 21329 21472 21477 21482 21563 21567 21571 21575 21579 21714 21718 21723 21759 21770 21775 21781 21870 21882 21886 21890 21976 21991 21995 21999 22003 22299 22304 22342 22429 22435 22440 22445 22449 22455 22723 22728 22846 22853 22859 22935 22940 22947
low FR940104-0-00033 5 21280 21327 22302 22340 22726
except FR940104-0-00033 9 21285 21401 21794 21902 22031 22046 22306 22468 22860
case FR940104-0-00033 1 21289
when FR940104-0-00033 2 21294 22307
an FR940104-0-00033 4 21295 22308 22826 22919
equivalent FR940104-0-00033 2 21296 22309
amount FR940104-0-00033 5 21297 21438 21855 21962 22310
supplement FR940104-0-00033 4 21302 21308 22315 22321
eg FR940104-0-00033 7 21304 21509 21533 21591 22317 22838 22929
another FR940104-0-00033 5 21306 21504 21550 21607 22319
protein FR940104-0-00033 3 21307 22020 22320
labeled FR940104-0-00033 7 21312 21740 22245 22325 22554 22663 22797
resembles FR940104-0-00033 2 21314 22327
which FR940104-0-00033 9 21317 21643 21734 22239 22330 22548 22657 22791 22918
it FR940104-0-00033 2 21318 22331
substitutes FR940104-0-00033 2 21319 22332
normally FR940104-0-00033 2 21321 22334
exceeds FR940104-0-00033 2 21322 22335
definition FR940104-0-00033 2 21324 22337
information FR940104-0-00033 1 21342
required FR940104-0-00033 1 21345
permitted FR940104-0-00033 1 21347
§101.9 FR940104-0-00033 8 21349 21405 21626 21744 22249 22558 22667 22801
§101.36 FR940104-0-00033 8 21351 21407 21631 21749 22254 22563 22672 22806
applicable FR940104-0-00033 8 21354 21410 21634 21752 22257 22566 22675 22809
declared FR940104-0-00033 1 21358
nutrition FR940104-0-00033 3 21360 21370 21621
appears FR940104-0-00033 1 21365
label FR940104-0-00033 7 21371 21426 21787 21896 22009 22461 22776
claim FR940104-0-00033 11 21378 21647 21736 21984 22217 22241 22550 22635 22659 22793 22821
subject FR940104-0-00033 1 21382
provided FR940104-0-00033 7 21403 21638 21838 21945 22090 22368 22498
q FR940104-0-00033 1 21416
3 FR940104-0-00033 13 21419 21672 21729 22117 22234 22518 22543 22592 22652 22748 22755 22786 22818
product FR940104-0-00033 3 21431 21495 22836
contain FR940104-0-00033 1 21433
statement FR940104-0-00033 2 21435 22911
about FR940104-0-00033 3 21436 22822 22863
percentage FR940104-0-00033 1 21440
if FR940104-0-00033 1 21444
less FR940104-0-00033 3 21471 22413 22442
fewer FR940104-0-00033 1 21476
more FR940104-0-00033 5 21481 21721 21846 21975 21989
reference FR940104-0-00033 9 21486 21514 21522 21538 21548 21583 21597 21854 21961
dissimilar FR940104-0-00033 1 21491
within FR940104-0-00033 1 21493
category FR940104-0-00033 1 21496
can FR940104-0-00033 1 21498
generally FR940104-0-00033 1 21499
substituted FR940104-0-00033 1 21501
one FR940104-0-00033 3 21503 21543 21602
diet FR940104-0-00033 1 21507
potato FR940104-0-00033 5 21511 21535 21540 21593 21599
chips FR940104-0-00033 5 21512 21536 21541 21594 21600
pretzels FR940104-0-00033 1 21516
orange FR940104-0-00033 1 21518
juice FR940104-0-00033 1 21519
vitamin FR940104-0-00033 5 21524 21834 21941 22086 22942
tablets FR940104-0-00033 1 21526
brand FR940104-0-00033 4 21544 21551 21603 21608
multivitamin FR940104-0-00033 4 21546 21553 21605 21610
light FR940104-0-00033 1 21561
reduced FR940104-0-00033 4 21565 22426 22431 22438
added FR940104-0-00033 2 21569 22002
fortified FR940104-0-00033 2 21573 21993
enriched FR940104-0-00033 2 21578 21997
shall FR940104-0-00033 2 21585 21636
accordance FR940104-0-00033 8 21624 21742 22221 22247 22556 22639 22665 22799
with FR940104-0-00033 10 21625 21743 22222 22248 22557 22640 22666 22800 22842 22849
§101.10 FR940104-0-00033 6 21628 21746 22251 22560 22669 22803
any FR940104-0-00033 4 21640 21828 21935 22080
3. FR940104-0-00033 1 21656
101.54 FR940104-0-00033 1 21658
e FR940104-0-00033 2 21695 21972
§101.54 FR940104-0-00033 1 21705
good FR940104-0-00033 3 21711 21868 21879
source FR940104-0-00033 5 21712 21779 21869 21880 22879
high FR940104-0-00033 3 21716 21758 21768
*** FR940104-0-00033 1 21727
terms FR940104-0-00033 4 21766 21877 21987 22424
rich FR940104-0-00033 1 21772
excellent FR940104-0-00033 1 21778
used FR940104-0-00033 5 21784 21893 22006 22390 22458
meal FR940104-0-00033 4 21795 21903 22047 22469
defined FR940104-0-00033 6 21798 21809 22050 22061 22472 22483
main FR940104-0-00033 4 21805 21912 22057 22479
dish FR940104-0-00033 4 21806 21913 22058 22480
m FR940104-0-00033 4 21813 21920 22065 22487
characterize FR940104-0-00033 3 21824 21931 22076
level FR940104-0-00033 4 21826 21933 22018 22078
substance FR940104-0-00033 3 21829 21936 22081
mineral FR940104-0-00033 3 21836 21943 22088
contains FR940104-0-00033 4 21842 21884 21949 22856
20 FR940104-0-00033 1 21843
percent FR940104-0-00033 3 21844 21953 22924
rdi FR940104-0-00033 2 21849 21956
drv FR940104-0-00033 2 21852 21959
per FR940104-0-00033 2 21853 21960
customarily FR940104-0-00033 2 21856 21963
consumed FR940104-0-00033 2 21857 21964
provides FR940104-0-00033 1 21889
described FR940104-0-00033 2 21906 21916
10 FR940104-0-00033 1 21950
19 FR940104-0-00033 1 21952
relative FR940104-0-00033 1 21983
using FR940104-0-00033 1 21985
describe FR940104-0-00033 1 22016
fiber FR940104-0-00033 1 22027
potassium FR940104-0-00033 1 22030
limited FR940104-0-00033 1 22033
4. FR940104-0-00033 1 22098
101.60 FR940104-0-00033 1 22100
paragraphs FR940104-0-00033 5 22105 22133 22148 22580 22743
new FR940104-0-00033 2 22122 22166
redesignating FR940104-0-00033 1 22132
newly FR940104-0-00033 1 22182
redesignated FR940104-0-00033 1 22183
general FR940104-0-00033 2 22224 22642
regarding FR940104-0-00033 1 22268
labels FR940104-0-00033 2 22392 22888
specifically FR940104-0-00033 1 22406
use FR940104-0-00033 1 22408
infants FR940104-0-00033 1 22410
children FR940104-0-00033 1 22412
than FR940104-0-00033 2 22414 22869
years FR940104-0-00033 1 22416
age FR940104-0-00033 1 22418
sugar FR940104-0-00033 6 22427 22433 22437 22443 22448 22454
lower FR940104-0-00033 2 22447 22452
6. FR940104-0-00033 1 22506
101.61 FR940104-0-00033 1 22508
§101.61 FR940104-0-00033 1 22525
sodium FR940104-0-00033 1 22531
7. FR940104-0-00033 1 22573
101.62 FR940104-0-00033 1 22575
§101.62 FR940104-0-00033 1 22609
fatty FR940104-0-00033 1 22616
acid FR940104-0-00033 1 22617
8. FR940104-0-00033 1 22736
101.65 FR940104-0-00033 1 22738
§101.65 FR940104-0-00033 1 22769
implied FR940104-0-00033 1 22770
related FR940104-0-00033 1 22775
statements FR940104-0-00033 1 22777
presence FR940104-0-00033 2 22824 22865
ingredient FR940104-0-00033 2 22827 22920
perceived FR940104-0-00033 1 22830
add FR940104-0-00033 1 22832
value FR940104-0-00033 1 22833
real FR940104-0-00033 1 22843
butter FR940104-0-00033 1 22844
whole FR940104-0-00033 1 22850
fruit FR940104-0-00033 1 22851
honey FR940104-0-00033 1 22857
ingredients FR940104-0-00033 1 22867
represented FR940104-0-00033 1 22876
allowed FR940104-0-00033 1 22886
identity FR940104-0-00033 1 22913
constitutes FR940104-0-00033 1 22921
essentially FR940104-0-00033 1 22922
100 FR940104-0-00033 1 22923
corn FR940104-0-00033 1 22932
oil FR940104-0-00033 1 22933
oat FR940104-0-00033 1 22937
bran FR940104-0-00033 1 22938
60 FR940104-0-00033 1 22944
mg FR940104-0-00033 1 22945
tablet FR940104-0-00033 1 22946
dated FR940104-0-00033 1 22955
david FR940104-0-00033 1 22958
a. FR940104-0-00033 1 22959
kessler FR940104-0-00033 1 22960
donna FR940104-0-00033 1 22968
e. FR940104-0-00033 1 22969
shalala FR940104-0-00033 1 22970
secretary FR940104-0-00033 1 22972
health FR940104-0-00033 1 22974
services FR940104-0-00033 1 22977
[ FR940104-0-00033 1 22979
fr FR940104-0-00033 1 22980
doc FR940104-0-00033 1 22981
9331814 FR940104-0-00033 1 22983
filed FR940104-0-00033 1 22984
122993 FR940104-0-00033 1 22985
8:45 FR940104-0-00033 1 22987
am FR940104-0-00033 1 22988
] FR940104-0-00033 1 22989
billing FR940104-0-00033 1 22990
code FR940104-0-00033 1 22991
416001f FR940104-0-00033 1 22992
21 FR940104-0-00034 3 0 312 2616
cfr FR940104-0-00034 2 1 2617
parts FR940104-0-00034 1 2
20 FR940104-0-00034 1 3
and FR940104-0-00034 62 4 28 43 116 142 152 190 198 247 284 418 451 458 606 616 681 740 759 775 919 1008 1096 1112 1178 1229 1243 1324 1339 1346 1397 1430 1523 1641 1650 1879 1951 1987 2021 2048 2169 2272 2350 2434 2465 2498 2509 2778 2853 2884 3005 3025 3031 3033 3040 3051 3056 3063 3070 3075 3080 3084 3097
101 FR940104-0-00034 1 5
[ FR940104-0-00034 1 6
docket FR940104-0-00034 1 7
no FR940104-0-00034 3 8 1446 2113
. FR940104-0-00034 93 9 33 38 128 169 174 213 232 236 260 288 399 427 464 467 503 506 524 527 574 619 689 708 762 771 816 826 856 869 892 935 980 1031 1062 1115 1146 1165 1186 1217 1238 1256 1258 1301 1353 1406 1441 1455 1473 1490 1506 1541 1553 1586 1614 1662 1687 1745 1777 1800 1823 1868 1885 1903 1918 1957 1990 2005 2035 2057 2076 2110 2131 2142 2171 2186 2218 2246 2280 2313 2353 2387 2431 2472 2527 2575 2714 2785 2831 2873 2902 2945 2973 2991
85n061d FR940104-0-00034 1 10
] FR940104-0-00034 1 11
rin FR940104-0-00034 1 12
0905ab67 FR940104-0-00034 1 13
food FR940104-0-00034 35 14 27 42 52 88 188 197 243 282 286 378 490 595 614 644 842 1061 1518 1612 1705 1708 1758 1761 1821 2442 2470 2544 2694 2707 2765 2776 2817 2921 2924 2944
labeling FR940104-0-00034 13 15 53 115 141 287 608 670 1486 1503 2161 2201 2267 2299
; FR940104-0-00034 3 16 3046 3069
general FR940104-0-00034 8 17 79 448 580 669 1049 1207 1262
requirements FR940104-0-00034 6 18 80 581 639 671 1050
for FR940104-0-00034 39 19 22 121 124 175 187 486 513 662 672 705 962 1010 1014 1132 1162 1187 1282 1297 1399 1432 1435 1634 1674 1702 1810 1813 1817 2046 2115 2460 2502 2514 2540 2588 2631 2795 2846 2918
health FR940104-0-00034 63 20 95 126 167 279 403 425 437 498 516 535 554 569 587 621 656 673 687 693 706 713 733 788 810 818 829 960 1012 1026 1040 1054 1069 1089 1285 1338 1360 1401 1433 1464 1481 1498 1639 1811 1943 2015 2023 2034 2150 2326 2458 2494 2535 2586 2625 2732 2803 2822 2844 2915 2938 2971 2978 3015
claims FR940104-0-00034 55 21 96 127 168 280 404 426 438 499 517 536 555 570 588 622 667 674 688 694 707 714 789 811 819 830 961 1013 1027 1041 1055 1070 1300 1361 1402 1434 1465 1482 1499 1701 1812 2151 2193 2227 2262 2279 2302 2459 2495 2536 2587 2804 2845 2972 2979 3016
dietary FR940104-0-00034 50 23 57 72 154 396 416 617 769 834 888 916 963 1015 1024 1043 1067 1210 1291 1358 1404 1439 1453 1584 1600 1675 1766 1814 1827 1865 1900 1916 1933 2029 2042 2072 2088 2129 2163 2177 2463 2484 2551 2591 2643 2653 2724 2806 2862 2910 2961
supplements FR940104-0-00034 42 24 58 73 397 618 770 835 889 917 964 1016 1044 1211 1292 1405 1440 1454 1585 1601 1676 1815 1828 1917 1934 1954 2030 2043 2073 2089 2130 2164 2178 2382 2464 2485 2520 2552 2592 2654 2725 2807 2863
agency FR940104-0-00034 15 25 773 925 951 1240 1390 1588 1666 1781 1979 2318 2490 2797 2990 3101
: FR940104-0-00034 9 26 35 40 172 179 216 1419 2623 3019
drug FR940104-0-00034 4 29 44 199 245
administration FR940104-0-00034 3 30 45 200
, FR940104-0-00034 132 31 61 63 65 173 183 185 196 201 206 208 211 220 221 244 246 299 325 351 432 433 435 470 550 552 637 658 668 680 691 716 722 729 732 736 738 743 746 749 753 756 758 797 825 844 861 873 891 899 900 918 922 923 966 967 986 992 1035 1072 1078 1085 1088 1092 1094 1099 1102 1106 1109 1111 1189 1198 1199 1222 1224 1317 1347 1350 1355 1370 1528 1566 1637 1640 1644 1649 1664 1677 1710 1754 1768 1779 1783 1802 1834 1838 1852 1876 1878 2020 2054 2059 2152 2165 2173 2209 2248 2271 2283 2367 2390 2392 2416 2506 2508 2549 2553 2596 2663 2701 2833 2850 2852 2926 2997 3002 3004 3008 3037 3039 3060 3062 3090
hhs FR940104-0-00034 1 32
action FR940104-0-00034 3 34 130 2794
final FR940104-0-00034 9 36 785 812 820 846 929 955 975 2207
rule FR940104-0-00034 7 37 786 813 821 847 1127 2208
summary FR940104-0-00034 1 39
the FR940104-0-00034 197 41 77 92 99 111 117 139 148 153 160 227 241 251 263 267 289 293 340 353 369 402 407 428 446 471 474 507 511 534 539 544 568 584 591 604 620 628 635 652 664 692 700 712 765 772 777 781 784 793 809 817 828 845 851 864 882 893 910 924 936 941 946 950 968 982 996 1023 1047 1066 1125 1141 1144 1156 1173 1206 1220 1226 1239 1245 1249 1252 1270 1273 1315 1318 1331 1334 1357 1373 1377 1382 1389 1409 1421 1428 1436 1449 1457 1461 1475 1492 1508 1517 1551 1571 1587 1603 1627 1631 1646 1651 1655 1660 1665 1684 1693 1719 1722 1728 1731 1739 1743 1780 1807 1844 1849 1864 1871 1883 1893 1899 1925 1930 1940 1958 1978 1993 2008 2012 2084 2093 2107 2119 2123 2126 2156 2160 2174 2210 2224 2241 2255 2261 2284 2309 2314 2317 2322 2335 2339 2342 2374 2441 2489 2528 2561 2567 2594 2604 2608 2657 2686 2689 2692 2698 2706 2735 2742 2759 2775 2779 2790 2796 2820 2892 2903 2933 2936 2942 2949 2952 2960 2977 2984 2989 2993 3100
( FR940104-0-00034 53 46 71 147 159 193 230 250 302 305 308 311 315 318 321 362 365 371 383 386 389 392 462 501 522 557 562 798 803 867 987 1017 1212 1305 1308 1311 1342 1345 1363 1554 2612 2615 2619 2651 2668 2676 2681 2703 2748 2998 3020 3047 3071 3093
fda FR940104-0-00034 35 47 274 528 717 879 901 993 1036 1073 1139 1196 1266 1351 1371 1407 1567 1615 1688 1803 1861 1910 1962 2068 2234 2388 2449 2479 2532 2602 2665 2720 2838 2946 2974 3009
) FR940104-0-00034 53 48 74 151 163 195 235 253 304 307 310 317 320 323 324 364 367 380 385 388 391 398 466 505 526 561 573 802 815 872 991 1030 1216 1307 1310 1313 1344 1352 1369 1560 2614 2621 2622 2655 2670 2683 2684 2705 2751 3007 3022 3049 3073 3096
is FR940104-0-00034 30 49 131 270 331 355 482 491 926 1328 1531 1712 1725 1769 1785 1911 1975 2112 2189 2220 2252 2338 2344 2486 2556 2563 2569 2582 2635 2672 2928
amending FR940104-0-00034 1 50
its FR940104-0-00034 6 51 1417 1620 2455 2755 2967
regulations FR940104-0-00034 18 54 636 970 976 1177 1228 1422 1458 1476 1493 1509 1851 1927 2135 2144 2185 2294 2371
to FR940104-0-00034 84 55 76 83 91 104 136 277 345 374 395 410 419 454 532 565 578 583 597 626 647 650 699 711 768 806 833 850 887 903 908 915 927 944 959 972 995 1020 1038 1046 1053 1065 1143 1192 1330 1380 1424 1444 1537 1582 1602 1608 1653 1700 1726 1751 1771 1787 1805 1913 1936 1977 1983 2031 2070 2140 2196 2215 2257 2360 2378 2380 2398 2409 2576 2607 2636 2801 2809 2841 2912 2930 2966 2988 3018
make FR940104-0-00034 4 56 1039 2137 2361
of FR940104-0-00034 109 59 87 94 101 119 138 145 157 257 262 266 273 342 368 406 431 473 515 538 546 586 593 609 630 643 654 666 686 703 764 796 854 859 881 985 1060 1124 1155 1175 1195 1202 1209 1219 1235 1269 1314 1320 1333 1337 1376 1393 1451 1463 1516 1547 1570 1573 1721 1730 1742 1774 1826 1870 1889 1905 1921 1932 1942 1966 1970 1992 2003 2007 2052 2079 2087 2099 2118 2128 2162 2176 2205 2226 2243 2324 2334 2341 2413 2424 2437 2440 2457 2474 2483 2493 2610 2660 2688 2711 2730 2737 2744 2754 2772 2774 2793 2894 2969 2996
vitamins FR940104-0-00034 3 60 2526 2870
minerals FR940104-0-00034 1 62
herbs FR940104-0-00034 1 64
or FR940104-0-00034 20 66 107 113 348 381 496 600 726 1082 1121 1152 1293 1763 1853 2158 2519 2524 2702 2864 2871
other FR940104-0-00034 7 67 85 1058 1134 1147 1661 2640
similar FR940104-0-00034 1 68
nutritional FR940104-0-00034 1 69
substances FR940104-0-00034 3 70 1437 1703
subject FR940104-0-00034 6 75 653 1045 1599 1729 2340
same FR940104-0-00034 7 78 1048 1604 1685 1694 1808 2937
that FR940104-0-00034 103 81 97 164 326 328 338 479 493 575 589 640 675 790 897 920 948 978 1003 1033 1051 1170 1254 1384 1412 1466 1479 1483 1496 1500 1513 1578 1591 1597 1606 1617 1623 1624 1668 1691 1696 1716 1718 1724 1775 1789 1841 1843 1854 1909 1924 1945 1961 1996 2011 2022 2040 2065 2067 2083 2149 2191 2222 2228 2260 2263 2273 2303 2316 2321 2337 2383 2385 2393 2400 2406 2421 2425 2448 2478 2521 2531 2545 2560 2578 2601 2627 2634 2661 2667 2685 2719 2757 2789 2877 2886 2896 2906 2932 2954 2976 3043 3066 3086
apply FR940104-0-00034 2 82 1052
all FR940104-0-00034 9 84 1057 1514 1569 1678 1915 2117 2438 2649
types FR940104-0-00034 3 86 685 1059
with FR940104-0-00034 19 89 359 885 913 957 1119 1150 1427 1561 1657 1698 2106 2347 2825 2867 2948 2959 2964 2983
respect FR940104-0-00034 6 90 886 914 958 1699 2965
use FR940104-0-00034 14 93 585 1462 2225 2461 2503 2515 2541 2589 2812 2827 2847 2860 2919
characterize FR940104-0-00034 2 98 590
relationship FR940104-0-00034 3 100 341 592
a FR940104-0-00034 58 102 105 255 297 329 336 343 346 456 483 547 594 598 641 655 659 876 1001 1006 1279 1284 1294 1322 1326 1394 1525 1539 1545 1713 1746 1749 1752 1757 1765 1790 1830 1886 1919 1971 2050 2060 2077 2203 2325 2355 2362 2365 2404 2414 2572 2597 2624 2715 2731 2834 2909 2914 3092
substance FR940104-0-00034 13 103 1723 1750 1776 2336 2366 2386 2415 2426 2633 2662 2690 2713
disease FR940104-0-00034 7 106 347 599 1753 2501 2895 3024
healthrelated FR940104-0-00034 3 108 349 601
condition FR940104-0-00034 3 109 350 602
on FR940104-0-00034 40 110 166 219 281 603 683 787 824 878 932 1042 1056 1265 1290 1403 1448 1535 1645 1659 1756 1764 1948 2147 2155 2240 2277 2462 2466 2504 2516 2542 2590 2648 2761 2782 2805 2813 2848 2861 2920
label FR940104-0-00034 1 112
in FR940104-0-00034 69 114 134 254 285 357 376 468 543 607 612 634 709 780 783 792 840 857 981 1032 1063 1140 1183 1233 1248 1251 1356 1438 1485 1502 1524 1550 1564 1610 1704 1706 1759 1819 1863 2092 2104 2122 2133 2159 2266 2281 2331 2369 2454 2468 2571 2584 2593 2679 2691 2740 2763 2815 2882 2890 2922 2951 2992 3028 3035 3054 3058 3078 3082 3104
content FR940104-0-00034 2 118 702
petitions FR940104-0-00034 2 120 704
obtaining FR940104-0-00034 1 122
authorization FR940104-0-00034 1 123
such FR940104-0-00034 10 125 1299 1321 1325 1512 1793 2250 2278 2579 2826
this FR940104-0-00034 6 129 237 1184 1542 1672 2206
being FR940104-0-00034 1 132
taken FR940104-0-00034 2 133 2583
response FR940104-0-00034 3 135 710 1064
provisions FR940104-0-00034 9 137 291 405 537 697 1123 1154 1472 2109
nutrition FR940104-0-00034 2 140 192
education FR940104-0-00034 1 143
act FR940104-0-00034 13 144 156 162 249 252 294 370 866 895 938 998 1316 1552
1990 FR940104-0-00034 12 146 149 228 268 408 540 883 911 942 1271 1274 1378
amendments FR940104-0-00034 11 150 229 269 409 541 884 912 943 1272 1275 1379
supplement FR940104-0-00034 15 155 1025 1068 1359 1767 1866 1901 1949 1972 1985 2100 2348 2911 2934 2962
1992 FR940104-0-00034 2 158 860
ds FR940104-0-00034 5 161 865 894 937 997
bear FR940104-0-00034 2 165 2913
effective FR940104-0-00034 2 170 823
date FR940104-0-00034 1 171
further FR940104-0-00034 2 176 1130
information FR940104-0-00034 4 177 215 1658 1944
contact FR940104-0-00034 1 178
james FR940104-0-00034 1 180
r. FR940104-0-00034 1 181
taylor FR940104-0-00034 1 182
jr. FR940104-0-00034 1 184
center FR940104-0-00034 1 186
safety FR940104-0-00034 4 189 1720 1974 2769
applied FR940104-0-00034 2 191 848
hfs158 FR940104-0-00034 1 194
200 FR940104-0-00034 1 202
c FR940104-0-00034 2 203 2682
st. FR940104-0-00034 1 204
sw. FR940104-0-00034 1 205
washington FR940104-0-00034 1 207
dc FR940104-0-00034 1 209
20204 FR940104-0-00034 1 210
2022055229 FR940104-0-00034 1 212
supplementary FR940104-0-00034 1 214
i. FR940104-0-00034 1 217
background FR940104-0-00034 1 218
president FR940104-0-00034 1 222
bush FR940104-0-00034 1 223
signed FR940104-0-00034 1 224
into FR940104-0-00034 1 225
law FR940104-0-00034 2 226 239
pub FR940104-0-00034 2 231 868
l. FR940104-0-00034 2 233 870
101535 FR940104-0-00034 1 234
new FR940104-0-00034 2 238 290
amended FR940104-0-00034 2 240 292
federal FR940104-0-00034 4 242 794 983 2994
cosmetic FR940104-0-00034 1 248
number FR940104-0-00034 5 256 1888 1920 1931 2078
important FR940104-0-00034 3 258 1786 2929
ways FR940104-0-00034 1 259
one FR940104-0-00034 6 261 725 1081 1120 1151 1647
notable FR940104-0-00034 1 264
aspects FR940104-0-00034 2 265 1194
their FR940104-0-00034 7 271 1163 1236 1471 2411 2811 2859
confirmation FR940104-0-00034 1 272
's FR940104-0-00034 15 275 449 529 1197 1267 1391 1963 1973 1980 2014 2376 2480 2491 2750 2839
authority FR940104-0-00034 1 276
regulate FR940104-0-00034 2 278 1583
labels FR940104-0-00034 5 283 605 1950 2101 2157
by FR940104-0-00034 16 295 440 678 898 921 965 999 1138 1348 1938 2183 2233 2254 2308 2488 2727
adding FR940104-0-00034 1 296
provision FR940104-0-00034 2 298 2606
section FR940104-0-00034 2 300 1303
403 FR940104-0-00034 4 301 361 382 1304
r FR940104-0-00034 5 303 316 363 384 1306
1 FR940104-0-00034 5 306 319 465 525 3021
b FR940104-0-00034 2 309 322
usc FR940104-0-00034 1 313
343 FR940104-0-00034 1 314
provides FR940104-0-00034 3 327 896 2935
product FR940104-0-00034 2 330 2200
misbranded FR940104-0-00034 1 332
if FR940104-0-00034 6 333 489 949 1669 2153 2354
it FR940104-0-00034 15 334 1413 1575 1592 1618 1670 1784 2188 2219 2394 2402 2417 2927 2955 3012
bears FR940104-0-00034 1 335
claim FR940104-0-00034 17 337 354 657 1286 1732 1744 1747 1791 2327 2343 2363 2405 2562 2626 2733 2760 2916
characterizes FR940104-0-00034 1 339
nutrient FR940104-0-00034 2 344 2568
unless FR940104-0-00034 4 352 1529 2554 2664
made FR940104-0-00034 3 356 2154 2265
accordance FR940104-0-00034 1 358
sections FR940104-0-00034 1 360
3 FR940104-0-00034 2 366 3072
which FR940104-0-00034 5 372 393 874 1536 1574
pertains FR940104-0-00034 2 373 394
foods FR940104-0-00034 13 375 611 839 855 1609 1679 1818 2467 2518 2650 2762 2814 2866
conventional FR940104-0-00034 12 377 613 841 1611 1707 1760 1820 2469 2764 2816 2923 2943
form FR940104-0-00034 13 379 545 615 843 1613 1709 1762 1822 2471 2574 2766 2818 2925
5 FR940104-0-00034 2 387 1309
d FR940104-0-00034 2 390 1312
congress FR940104-0-00034 3 400 862 1385
enacted FR940104-0-00034 1 401
help FR940104-0-00034 2 411 452
us FR940104-0-00034 2 412 1335
consumers FR940104-0-00034 10 413 422 488 731 1087 1837 1937 2141 2259 2408
maintain FR940104-0-00034 3 414 455 2032
healthy FR940104-0-00034 1 415
practices FR940104-0-00034 1 417
protect FR940104-0-00034 1 420
these FR940104-0-00034 15 421 933 1176 1562 1890 1906 2080 2134 2143 2184 2293 2370 2475 2786 2874
from FR940104-0-00034 5 423 730 1086 1836 2199
unfounded FR940104-0-00034 2 424 2075
house FR940104-0-00034 3 429 475 508
report FR940104-0-00034 2 430 509
states FR940104-0-00034 1 434
`` FR940104-0-00034 6 436 480 519 567 808 1022
supported FR940104-0-00034 3 439 2307 2837
significant FR940104-0-00034 3 441 2557 2673
scientific FR940104-0-00034 8 442 660 1395 1740 2311 2558 2674 2985
agreement FR940104-0-00034 3 443 2559 2675
can FR940104-0-00034 5 444 1796 2213 2275 2304
reinforce FR940104-0-00034 1 445
surgeon FR940104-0-00034 1 447
recommendations FR940104-0-00034 1 450
americans FR940104-0-00034 1 453
balanced FR940104-0-00034 1 457
healthful FR940104-0-00034 1 459
diet FR940104-0-00034 1 460
'' FR940104-0-00034 6 461 500 521 572 814 1029
ref FR940104-0-00034 3 463 502 523
addition FR940104-0-00034 1 469
statement FR940104-0-00034 1 472
floor FR940104-0-00034 1 476
managers FR940104-0-00034 1 477
noted FR940104-0-00034 2 478 2876
there FR940104-0-00034 7 481 1530 1711 2111 2555 2671 2878
great FR940104-0-00034 2 484 1831
potential FR940104-0-00034 1 485
defrauding FR940104-0-00034 1 487
sold FR940104-0-00034 1 492
contains FR940104-0-00034 3 494 2546 2708
inaccurate FR940104-0-00034 1 495
unsupportable FR940104-0-00034 1 497
2 FR940104-0-00034 2 504 3048
characterized FR940104-0-00034 2 510 1892
need FR940104-0-00034 2 512 2256
regulation FR940104-0-00034 4 514 556 679 1208
as FR940104-0-00034 13 518 566 807 836 838 1021 1736 1738 1816 1895 2202 2677 2941
compelling FR940104-0-00034 1 520
first FR940104-0-00034 1 530
step FR940104-0-00034 1 531
effect FR940104-0-00034 2 533 2781
appeared FR940104-0-00034 1 542
november FR940104-0-00034 1 548
27 FR940104-0-00034 1 549
1991 FR940104-0-00034 1 551
proposed FR940104-0-00034 13 553 577 906 969 1037 1126 1203 1227 1804 1850 1926 1964 2108
56 FR940104-0-00034 1 558
fr FR940104-0-00034 7 559 800 989 1214 1365 1556 3000
60537 FR940104-0-00034 1 560
hereinafter FR940104-0-00034 3 563 804 1018
referred FR940104-0-00034 3 564 805 1019
proposal FR940104-0-00034 15 571 623 695 715 831 1002 1028 1034 1071 1145 1157 1362 1867 1884 1894
document FR940104-0-00034 2 576 1185
establish FR940104-0-00034 2 579 2931
pertaining FR940104-0-00034 3 582 698 3017
component FR940104-0-00034 2 596 642
both FR940104-0-00034 1 610
contained FR940104-0-00034 3 624 696 2038
definitions FR940104-0-00034 1 625
clarify FR940104-0-00034 1 627
meaning FR940104-0-00034 1 629
specific FR940104-0-00034 6 631 1160 1231 1280 1295 2970
terms FR940104-0-00034 1 632
used FR940104-0-00034 2 633 1581
preliminary FR940104-0-00034 1 638
must FR940104-0-00034 4 645 1459 1477 1494
meet FR940104-0-00034 1 646
be FR940104-0-00034 23 648 651 973 1181 1288 1511 1580 1681 1727 1797 2000 2017 2181 2197 2216 2296 2306 2319 2429 2637 2646 2888 2981
eligible FR940104-0-00034 1 649
standard FR940104-0-00034 9 661 1007 1281 1323 1396 1431 1605 1673 1686
assessing FR940104-0-00034 1 663
validity FR940104-0-00034 2 665 1741
are FR940104-0-00034 15 676 971 1171 1423 1443 1467 1487 1504 1520 2074 2102 2166 2264 2268 2879
permitted FR940104-0-00034 2 677 2647
prohibitions FR940104-0-00034 1 682
certain FR940104-0-00034 3 684 2041 2783
also FR940104-0-00034 4 690 939 2721 3102
required FR940104-0-00034 1 701
received FR940104-0-00034 2 718 1074
over FR940104-0-00034 3 719 1075 1882
6000 FR940104-0-00034 1 720
letters FR940104-0-00034 2 721 1077
each FR940104-0-00034 2 723 1079
containing FR940104-0-00034 3 724 1080 2656
more FR940104-0-00034 4 727 1083 1122 1153
comments FR940104-0-00034 31 728 766 782 1084 1117 1148 1167 1221 1250 1833 1872 1891 1907 1922 1959 1994 2009 2037 2062 2081 2124 2446 2476 2529 2599 2717 2787 2836 2875 2904 2953
care FR940104-0-00034 3 734 1090 2024
professionals FR940104-0-00034 2 735 1091
universities FR940104-0-00034 2 737 1093
state FR940104-0-00034 2 739 1095
local FR940104-0-00034 2 741 1097
governments FR940104-0-00034 3 742 745 1098
foreign FR940104-0-00034 1 744
trade FR940104-0-00034 2 747 1100
organizations FR940104-0-00034 6 748 752 761 1101 1105 1114
consumer FR940104-0-00034 6 750 1103 1635 1656 1988 2351
advocacy FR940104-0-00034 2 751 1104
research FR940104-0-00034 2 754 1107
institutes FR940104-0-00034 2 755 1108
industry FR940104-0-00034 6 757 1110 1519 1902 2443 2963
professional FR940104-0-00034 2 760 1113
many FR940104-0-00034 9 763 1166 1832 1869 1904 1997 2006 2445 2880
pertained FR940104-0-00034 2 767 832
summarized FR940104-0-00034 2 774 1242
addressed FR940104-0-00034 5 776 1168 1182 1225 1244
issues FR940104-0-00034 4 778 1169 1246 2770
raised FR940104-0-00034 4 779 1247 1839 2121
published FR940104-0-00034 1 791
register FR940104-0-00034 3 795 984 2995
58 FR940104-0-00034 6 799 988 1213 1364 1555 2999
2478 FR940104-0-00034 1 801
became FR940104-0-00034 1 822
although FR940104-0-00034 1 827
well FR940104-0-00034 2 837 1737
only FR940104-0-00034 5 849 1426 2146 2285 2565
latter FR940104-0-00034 1 852
type FR940104-0-00034 1 853
october FR940104-0-00034 1 858
passed FR940104-0-00034 1 863
102571 FR940104-0-00034 1 871
imposed FR940104-0-00034 1 875
moratorium FR940104-0-00034 1 877
implementation FR940104-0-00034 1 880
until FR940104-0-00034 2 890 2819
was FR940104-0-00034 4 902 1576 1619 3013
have FR940104-0-00034 8 904 1445 2195 2229 2236 2418 2799 2899
issued FR940104-0-00034 1 905
rules FR940104-0-00034 3 907 930 956
implement FR940104-0-00034 1 909
issue FR940104-0-00034 2 928 954
based FR940104-0-00034 2 931 1264
proposals FR940104-0-00034 1 934
amends FR940104-0-00034 1 940
reflect FR940104-0-00034 1 945
fact FR940104-0-00034 2 947 2282
does FR940104-0-00034 2 952 2357
not FR940104-0-00034 17 953 1180 1277 1468 1858 2180 2230 2305 2329 2345 2358 2428 2451 2513 2696 2857 2898
considered FR940104-0-00034 2 974 1568
at FR940104-0-00034 4 977 1367 1558 2639
time FR940104-0-00034 1 979
33700 FR940104-0-00034 3 990 1366 1557
responded FR940104-0-00034 2 994 1191
issuing FR940104-0-00034 1 1000
sets FR940104-0-00034 1 1004
forth FR940104-0-00034 1 1005
procedure FR940104-0-00034 7 1009 1296 1327 1398 1429 1695 1809
making FR940104-0-00034 1 1011
1200 FR940104-0-00034 1 1076
some FR940104-0-00034 8 1116 1190 1991 2036 2192 2244 2419 2473
agreed FR940104-0-00034 1 1118
without FR940104-0-00034 3 1128 1158 2028
providing FR940104-0-00034 2 1129 1159
grounds FR940104-0-00034 3 1131 1161 1232
support FR940104-0-00034 2 1133 1234
than FR940104-0-00034 2 1135 2641
those FR940104-0-00034 3 1136 2297 2547
provided FR940104-0-00034 2 1137 1230
preamble FR940104-0-00034 1 1142
disagreed FR940104-0-00034 1 1149
disagreement FR940104-0-00034 1 1164
beyond FR940104-0-00034 1 1172
scope FR940104-0-00034 1 1174
will FR940104-0-00034 11 1179 1680 2090 2136 2179 2289 2295 2328 2372 2427 2695
example FR940104-0-00034 1 1188
various FR940104-0-00034 1 1193
advance FR940104-0-00034 1 1200
notice FR940104-0-00034 1 1201
rulemaking FR940104-0-00034 1 1204
concerning FR940104-0-00034 2 1205 2734
33690 FR940104-0-00034 1 1215
most FR940104-0-00034 1 1218
however FR940104-0-00034 5 1223 2058 2247 2391 2832
positions FR940104-0-00034 1 1237
has FR940104-0-00034 8 1241 1733 2300 2395 2450 2628 2722 2956
discussion FR940104-0-00034 1 1253
follows FR940104-0-00034 1 1255
ii FR940104-0-00034 2 1257 2704
regulatory FR940104-0-00034 1 1259
approach FR940104-0-00034 5 1260 1263 1596 1625 2581
a. FR940104-0-00034 1 1261
review FR940104-0-00034 3 1268 1715 1969
did FR940104-0-00034 2 1276 1857
provide FR940104-0-00034 4 1278 1654 2522 2697
when FR940104-0-00034 2 1283 2566
should FR940104-0-00034 6 1287 1415 1510 1593 2533 2980
authorized FR940104-0-00034 4 1289 1469 2232 2917
authorizing FR940104-0-00034 3 1298 2858 3014
under FR940104-0-00034 5 1302 1470 1683 1692 2292
establishment FR940104-0-00034 1 1319
left FR940104-0-00034 1 1329
secretary FR940104-0-00034 1 1332
department FR940104-0-00034 1 1336
human FR940104-0-00034 1 1340
services FR940104-0-00034 1 1341
dhhs FR940104-0-00034 1 1343
delegation FR940104-0-00034 1 1349
thus FR940104-0-00034 4 1354 1778 1952 2172
33702 FR940104-0-00034 1 1368
reviewed FR940104-0-00034 1 1372
legislative FR940104-0-00034 1 1374
history FR940104-0-00034 1 1375
identify FR940104-0-00034 1 1381
features FR940104-0-00034 3 1383 1411 1563
intended FR940104-0-00034 2 1386 1770
would FR940104-0-00034 8 1387 1598 1928 1999 2016 2026 2767 2798
guide FR940104-0-00034 2 1388 1416
choice FR940104-0-00034 4 1392 1418 1989 2352
regulating FR940104-0-00034 1 1400
identified FR940104-0-00034 2 1408 2901
following FR940104-0-00034 2 1410 2605
believes FR940104-0-00034 3 1414 2389 2975
o FR940104-0-00034 5 1420 1456 1474 1491 1507
deal FR940104-0-00034 1 1425
they FR940104-0-00034 3 1442 1855 2274
bearing FR940104-0-00034 1 1447
availability FR940104-0-00034 6 1450 1825 1986 2127 2175 2349
any FR940104-0-00034 6 1452 1480 1497 2249 2543 2632
prohibit FR940104-0-00034 2 1460 2810
ensure FR940104-0-00034 5 1478 1495 1788 2399 2577
appear FR940104-0-00034 3 1484 1501 1947
scientifically FR940104-0-00034 3 1488 2167 2269
valid FR940104-0-00034 4 1489 2168 2270 2564
understandable FR940104-0-00034 2 1505 2170
segments FR940104-0-00034 2 1515 2439
treated FR940104-0-00034 2 1521 2723
fairly FR940104-0-00034 1 1522
consistent FR940104-0-00034 3 1526 2435 2982
manner FR940104-0-00034 1 1527
an FR940104-0-00034 6 1532 1595 1896 2237 2396 2580
appropriate FR940104-0-00034 2 1533 1628
basis FR940104-0-00034 2 1534 2114
draw FR940104-0-00034 1 1538
distinction FR940104-0-00034 1 1540
factor FR940104-0-00034 1 1543
embodies FR940104-0-00034 1 1544
principle FR940104-0-00034 1 1546
equity FR940104-0-00034 1 1548
implicitly FR940104-0-00034 1 1549
33703 FR940104-0-00034 1 1559
mind FR940104-0-00034 1 1565
approaches FR940104-0-00034 1 1572
aware FR940104-0-00034 1 1577
might FR940104-0-00034 1 1579
tentatively FR940104-0-00034 1 1589
concluded FR940104-0-00034 1 1590
adopt FR940104-0-00034 2 1594 1806
applies FR940104-0-00034 2 1607 1697
stated FR940104-0-00034 5 1616 1862 1908 1981 2530
tentative FR940104-0-00034 1 1621
view FR940104-0-00034 1 1622
strikes FR940104-0-00034 1 1626
balance FR940104-0-00034 1 1629
between FR940104-0-00034 1 1630
congressional FR940104-0-00034 1 1632
concern FR940104-0-00034 1 1633
fraud FR940104-0-00034 1 1636
public FR940104-0-00034 2 1638 2821
sound FR940104-0-00034 1 1642
science FR940104-0-00034 1 1643
hand FR940104-0-00034 1 1648
desire FR940104-0-00034 1 1652
furthermore FR940104-0-00034 1 1663
advised FR940104-0-00034 1 1667
adopts FR940104-0-00034 1 1671
regulated FR940104-0-00034 1 1682
pointed FR940104-0-00034 2 1689 2063
out FR940104-0-00034 3 1690 2002 2064
premarket FR940104-0-00034 2 1714 1968
ensures FR940104-0-00034 1 1717
been FR940104-0-00034 8 1734 2231 2452 2629 2800 2829 2900 2957
established FR940104-0-00034 1 1735
linking FR940104-0-00034 1 1748
whether FR940104-0-00034 1 1755
increase FR940104-0-00034 3 1772 2027 2410
intake FR940104-0-00034 2 1773 1795
said FR940104-0-00034 1 1782
encouraging FR940104-0-00034 1 1792
increased FR940104-0-00034 2 1794 2422
safely FR940104-0-00034 1 1798
implemented FR940104-0-00034 1 1799
therefore FR940104-0-00034 1 1801
1. FR940104-0-00034 2 1824 1829
primarily FR940104-0-00034 1 1835
objections FR940104-0-00034 1 1840
indicated FR940104-0-00034 1 1842
commenters FR940104-0-00034 1 1845
were FR940104-0-00034 2 1846 2044
misinformed FR940104-0-00034 1 1847
about FR940104-0-00034 4 1848 2096 2125 2364
simply FR940104-0-00034 2 1856 2752
believe FR940104-0-00034 1 1859
what FR940104-0-00034 1 1860
expressed FR940104-0-00034 1 1873
considerable FR940104-0-00034 1 1874
anger FR940104-0-00034 1 1875
resentment FR940104-0-00034 1 1877
even FR940104-0-00034 1 1880
fear FR940104-0-00034 1 1881
large FR940104-0-00034 1 1887
attack FR940104-0-00034 1 1897
against FR940104-0-00034 1 1898
plotting FR940104-0-00034 1 1912
ban FR940104-0-00034 2 1914 2071
explained FR940104-0-00034 3 1923 3010 3103
limit FR940104-0-00034 1 1929
available FR940104-0-00034 3 1935 2310 2987
limiting FR940104-0-00034 1 1939
amount FR940104-0-00034 1 1941
could FR940104-0-00034 1 1946
diminish FR940104-0-00034 1 1953
' FR940104-0-00034 1 1955
marketability FR940104-0-00034 3 1956 2242 2288
maintained FR940104-0-00034 3 1960 1995 2477
policy FR940104-0-00034 1 1965
requiring FR940104-0-00034 1 1967
contrary FR940104-0-00034 1 1976
intent FR940104-0-00034 1 1982
preserve FR940104-0-00034 1 1984
manufacturers FR940104-0-00034 1 1998
put FR940104-0-00034 1 2001
business FR940104-0-00034 1 2004
argued FR940104-0-00034 1 2010
nation FR940104-0-00034 1 2013
adversely FR940104-0-00034 1 2018
affected FR940104-0-00034 2 2019 2182
costs FR940104-0-00034 1 2025
good FR940104-0-00034 1 2033
testimonials FR940104-0-00034 1 2039
responsible FR940104-0-00034 1 2045
curing FR940104-0-00034 1 2047
preventing FR940104-0-00034 1 2049
variety FR940104-0-00034 1 2051
diseases FR940104-0-00034 1 2053
including FR940104-0-00034 3 2055 2550 2652
cancer FR940104-0-00034 4 2056 2497 3050 3074
few FR940104-0-00034 4 2061 2598 2716 2835
assertions FR940104-0-00034 2 2066 2950
plans FR940104-0-00034 1 2069
predicted FR940104-0-00034 1 2082
vast FR940104-0-00034 1 2085
majority FR940104-0-00034 1 2086
remain FR940104-0-00034 1 2091
marketplace FR940104-0-00034 1 2094
because FR940104-0-00034 3 2095 2753 2771
80 FR940104-0-00034 1 2097
percent FR940104-0-00034 1 2098
already FR940104-0-00034 1 2103
compliance FR940104-0-00034 1 2105
virtually FR940104-0-00034 1 2116
concerns FR940104-0-00034 3 2120 2756 2823
nothing FR940104-0-00034 2 2132 2368
them FR940104-0-00034 1 2138
unavailable FR940104-0-00034 1 2139
focus FR940104-0-00034 1 2145
ensuring FR940104-0-00034 1 2148
while FR940104-0-00034 2 2187 2856
likely FR940104-0-00034 1 2190
may FR940104-0-00034 5 2194 2235 2887 2897 3087
removed FR940104-0-00034 1 2198
result FR940104-0-00034 2 2204 2330
products FR940104-0-00034 6 2211 2245 2286 2511 3042 3065
themselves FR940104-0-00034 1 2212
continue FR940104-0-00034 2 2214 2379
marketed FR940104-0-00034 1 2217
true FR940104-0-00034 1 2221
prohibiting FR940104-0-00034 1 2223
adverse FR940104-0-00034 1 2238
impact FR940104-0-00034 2 2239 2251
outweighed FR940104-0-00034 1 2253
assure FR940104-0-00034 1 2258
rely FR940104-0-00034 1 2276
whose FR940104-0-00034 2 2287 2298
ultimately FR940104-0-00034 1 2290
suffer FR940104-0-00034 1 2291
borne FR940104-0-00034 1 2301
evidence FR940104-0-00034 2 2312 2986
requirement FR940104-0-00034 1 2315
confident FR940104-0-00034 1 2320
presence FR940104-0-00034 1 2323
unsafe FR940104-0-00034 1 2332
intakes FR940104-0-00034 1 2333
inconsistent FR940104-0-00034 1 2346
manufacturer FR940104-0-00034 2 2356 2375
choose FR940104-0-00034 1 2359
affect FR940104-0-00034 1 2373
ability FR940104-0-00034 1 2377
market FR940104-0-00034 1 2381
contain FR940104-0-00034 4 2384 3044 3067 3088
obligation FR940104-0-00034 1 2397
before FR940104-0-00034 2 2401 2907
authorizes FR940104-0-00034 1 2403
encourages FR940104-0-00034 1 2407
consumption FR940104-0-00034 3 2412 2423 2687
assurance FR940104-0-00034 1 2420
harmful FR940104-0-00034 1 2430
2. FR940104-0-00034 2 2432 2444
fair FR940104-0-00034 1 2433
treatment FR940104-0-00034 2 2436 2482
asserted FR940104-0-00034 3 2447 2788 2905
evenhanded FR940104-0-00034 1 2453
approval FR940104-0-00034 4 2456 2492 2729 2968
unfair FR940104-0-00034 2 2481 2958
evidenced FR940104-0-00034 1 2487
involving FR940104-0-00034 2 2496 2537
coronary FR940104-0-00034 1 2499
heart FR940104-0-00034 2 2500 3023
fruits FR940104-0-00034 6 2505 2849 2883 3036 3059 3083
vegetables FR940104-0-00034 6 2507 2851 2885 3038 3061 3085
grain FR940104-0-00034 3 2510 3041 3064
but FR940104-0-00034 2 2512 2808
fortified FR940104-0-00034 2 2517 2865
fiber FR940104-0-00034 5 2523 2872 3045 3068 3089
antioxidant FR940104-0-00034 2 2525 2869
authorize FR940104-0-00034 1 2534
particular FR940104-0-00034 4 2538 2573 2693 2843
nutrients FR940104-0-00034 2 2539 2548
consumed FR940104-0-00034 2 2570 2638
evaluating FR940104-0-00034 1 2585
future FR940104-0-00034 1 2595
requested FR940104-0-00034 1 2600
add FR940104-0-00034 1 2603
end FR940104-0-00034 1 2609
§101.14 FR940104-0-00034 1 2611
g FR940104-0-00034 2 2613 2620
101.14 FR940104-0-00034 1 2618
approved FR940104-0-00034 1 2630
decreased FR940104-0-00034 1 2642
levels FR940104-0-00034 1 2644
shall FR940104-0-00034 1 2645
requisite FR940104-0-00034 1 2658
amounts FR940104-0-00034 2 2659 2710
determines FR940104-0-00034 1 2666
i FR940104-0-00034 1 2669
defined FR940104-0-00034 1 2678
subparagraph FR940104-0-00034 1 2680
benefits FR940104-0-00034 2 2699 2940
claimed FR940104-0-00034 1 2700
disqualifying FR940104-0-00034 1 2709
another FR940104-0-00034 1 2712
contended FR940104-0-00034 1 2718
unfairly FR940104-0-00034 1 2726
withholding FR940104-0-00034 1 2728
role FR940104-0-00034 1 2736
folic FR940104-0-00034 1 2738
acid FR940104-0-00034 1 2739
reducing FR940104-0-00034 2 2741 2891
risk FR940104-0-00034 2 2743 2893
neural FR940104-0-00034 1 2745
tube FR940104-0-00034 1 2746
defects FR940104-0-00034 1 2747
ntd FR940104-0-00034 1 2749
allowing FR940104-0-00034 2 2758 2908
raise FR940104-0-00034 1 2768
overfortification FR940104-0-00034 1 2773
supply FR940104-0-00034 1 2777
subsequent FR940104-0-00034 1 2780
subpopulations FR940104-0-00034 1 2784
proper FR940104-0-00034 1 2791
course FR940104-0-00034 1 2792
allow FR940104-0-00034 1 2802
associated FR940104-0-00034 1 2824
had FR940104-0-00034 1 2828
resolved FR940104-0-00034 1 2830
decision FR940104-0-00034 1 2840
approve FR940104-0-00034 1 2842
fibercontaining FR940104-0-00034 1 2854
grains FR940104-0-00034 1 2855
added FR940104-0-00034 1 2868
compounds FR940104-0-00034 1 2881
involved FR940104-0-00034 1 2889
protection FR940104-0-00034 1 2939
disagrees FR940104-0-00034 1 2947
2537 FR940104-0-00034 1 3001
2552 FR940104-0-00034 1 3003
2622 FR940104-0-00034 1 3006
why FR940104-0-00034 1 3011
diets FR940104-0-00034 3 3026 3052 3076
low FR940104-0-00034 3 3027 3053 3077
saturated FR940104-0-00034 1 3029
fat FR940104-0-00034 3 3030 3055 3079
cholesterol FR940104-0-00034 1 3032
high FR940104-0-00034 3 3034 3057 3081
vitamin FR940104-0-00034 2 3091 3098
beta FR940104-0-00034 1 3094
-carotene FR940104-0-00034 1 3095
c. FR940104-0-00034 1 3099
detail FR940104-0-00034 1 3105
