registration FR941206-1-00134 10 61932 61986 62129 62285 62562 62592 62637 62734 62760 64545
requirements FR941206-1-00134 19 61933 62482 62508 62563 62638 62666 62735 62761 63627 64280 64338 64343 64895 65401 65452 66448 66487 66582 66604
for FR941206-1-00134 70 61934 61958 62024 62420 62483 62509 62594 62631 62652 62701 62704 62762 62802 62842 62855 62935 62974 63009 63044 63156 63263 63358 63443 63456 63476 63543 63554 63730 63739 63960 63983 64002 64122 64144 64150 64708 64715 65003 65035 65093 65199 65314 65317 65327 65342 65348 65358 65472 65509 65765 65795 65896 65923 65960 66063 66173 66190 66223 66239 66307 66408 66530 66680 66867 66944 67032 67229 67393 67410 67484
pcb FR941206-1-00134 82 61935 61988 62001 62036 62171 62218 62303 62311 62315 62350 62405 62426 62454 62486 62536 62600 62645 62659 62706 62806 62885 63448 63531 63587 63737 64233 64242 64357 64427 64475 64548 64604 64655 64665 64682 64750 64821 64848 64857 64933 64955 65039 65083 65127 65180 65250 65276 65284 65298 65333 65391 65414 65432 65460 65492 65553 65570 65624 65744 65759 65783 65856 65862 66098 66114 66345 66431 66494 66783 66858 66898 66905 66935 66984 66997 67011 67025 67079 67116 67139 67160 67180
transformers FR941206-1-00134 30 61936 61989 61993 62037 62172 62176 62219 62264 62304 62487 62516 62537 62601 62621 62646 62763 62833 63532 63549 63588 63726 63745 63759 63836 64476 64694 64712 64719 64849 65594
containing FR941206-1-00134 7 61937 63968 64218 64266 66498 66508 66651
; FR941206-1-00134 20 61938 61998 63270 63288 63307 63316 63341 63450 64405 64407 64460 64462 64526 64528 64589 64591 64637 64639 64732 65663
500 FR941206-1-00134 8 61939 61999 65144 65157 65176 65257 65441 66554
ppm FR941206-1-00134 25 61940 62000 63002 63755 63840 64007 64036 64064 64184 64198 64222 64239 64247 64272 64734 66412 66462 66475 66502 66512 66535 66555 66666 66678 66791
pcbs FR941206-1-00134 46 61941 62089 62388 62794 62987 62997 63020 63040 63060 63078 63127 63145 63151 63184 63222 63265 63314 63327 63359 63374 63380 63446 63475 63756 63829 63969 64003 64027 64059 64185 64199 64223 64267 64374 64832 64844 64922 65147 65161 65483 65854 66463 66476 66652 66679 66722
pursuant FR941206-1-00134 1 61942
to FR941206-1-00134 143 61943 61974 61978 62055 62088 62142 62166 62173 62229 62244 62259 62275 62354 62451 62544 62625 62643 62742 62752 62756 62770 62789 62814 62834 62848 62851 62991 63003 63027 63085 63090 63101 63125 63137 63168 63204 63227 63235 63238 63276 63326 63397 63400 63414 63430 63440 63469 63511 63579 63770 63824 63837 63866 63884 63934 63992 64022 64068 64163 64186 64189 64231 64287 64484 64747 64809 64847 64903 64944 65057 65061 65081 65107 65118 65139 65185 65350 65364 65372 65410 65484 65529 65559 65681 65715 65727 65802 65858 65883 65984 65990 65998 66013 66029 66086 66100 66149 66181 66210 66217 66229 66318 66358 66370 66378 66396 66416 66445 66482 66579 66601 66628 66657 66661 66723 66763 66768 66773 66781 66800 66815 66838 66896 66967 66978 67051 67066 67110 67132 67150 67173 67217 67225 67245 67260 67285 67296 67322 67339 67344 67350 67422 67459
section FR941206-1-00134 9 61944 61966 62747 63514 66070 66123 66424 66451 67361
18 FR941206-1-00134 3 61945 61967 62748
( FR941206-1-00134 179 61946 61968 61971 61990 62046 62065 62157 62160 62163 62190 62271 62292 62297 62306 62319 62379 62467 62470 62473 62477 62669 62672 62679 62682 62685 62688 62749 62783 62819 62868 62879 62890 62908 62947 62960 62982 63071 63173 63253 63271 63289 63308 63317 63343 63420 63423 63488 63491 63516 63519 63522 63602 63605 63608 63611 63615 63630 63633 63636 63639 63642 63645 63649 63652 63655 63667 63670 63673 63676 63680 63683 63713 63773 63776 63782 63785 63788 63792 63795 63798 63803 63806 63815 63818 63843 63850 63853 63856 63869 63872 63875 63887 63890 63893 63897 63901 63904 63907 63911 63919 63941 63944 63948 63951 63985 64040 64043 64047 64050 64076 64079 64085 64096 64099 64103 64106 64127 64130 64134 64137 64152 64157 64217 64486 64552 64565 64608 64659 64675 64689 64731 64823 64959 64967 65097 65271 65405 65418 65444 65591 65598 65610 65684 65688 65693 65740 65773 65876 65904 65929 66001 66005 66010 66072 66081 66125 66128 66175 66259 66347 66419 66519 66543 66560 66588 66742 66747 66750 66765 66832 67091 67248 67293 67363 67366 67424 67438 67441 67496
b FR941206-1-00134 16 61947 62750 63684 63714 63774 63783 63793 63804 63816 63851 63870 63888 63902 65685 66002 66073
) FR941206-1-00134 179 61948 61970 61973 62002 62048 62067 62159 62162 62165 62192 62273 62294 62299 62308 62321 62390 62469 62472 62475 62479 62671 62674 62681 62684 62687 62690 62751 62792 62821 62870 62881 62892 62937 62949 62962 62984 63075 63175 63255 63273 63291 63310 63319 63345 63422 63425 63490 63493 63518 63521 63524 63604 63607 63610 63613 63617 63632 63635 63638 63641 63644 63647 63651 63654 63657 63669 63672 63675 63678 63682 63685 63715 63775 63778 63784 63787 63790 63794 63797 63800 63805 63808 63817 63820 63852 63855 63858 63859 63871 63874 63877 63889 63892 63895 63899 63903 63906 63909 63913 63921 63943 63946 63950 63953 63987 64042 64045 64049 64052 64078 64081 64091 64098 64101 64105 64108 64129 64132 64136 64139 64154 64159 64227 64490 64554 64571 64610 64661 64678 64691 64735 64825 64963 64971 65101 65287 65407 65420 65446 65595 65605 65616 65686 65690 65695 65742 65775 65878 65906 65931 66003 66007 66012 66074 66083 66127 66130 66177 66285 66357 66421 66521 66547 66562 66590 66749 66752 66754 66767 66836 67141 67250 67295 67365 67368 67440 67443 67444 67498
of FR941206-1-00134 220 61949 61954 61965 61987 62007 62022 62117 62170 62185 62213 62302 62310 62330 62343 62385 62399 62403 62414 62459 62494 62515 62535 62554 62567 62571 62598 62698 62721 62778 62826 62873 62884 62895 62924 62952 62977 63012 63019 63034 63055 63059 63063 63067 63093 63106 63112 63114 63189 63192 63194 63221 63260 63294 63313 63321 63337 63373 63378 63407 63432 63445 63530 63547 63576 63584 63625 63628 63691 63724 63735 63751 63828 63834 63927 63957 63965 64032 64058 64062 64180 64194 64249 64276 64329 64378 64383 64395 64399 64403 64436 64441 64450 64454 64458 64499 64518 64524 64539 64543 64581 64587 64602 64629 64635 64650 64680 64724 64760 64769 64796 64807 64811 64870 64882 64931 64953 64974 64992 65005 65046 65065 65122 65126 65146 65160 65178 65192 65201 65212 65216 65241 65248 65254 65269 65296 65332 65390 65412 65425 65431 65440 65474 65481 65487 65491 65504 65532 65546 65550 65552 65569 65613 65623 65633 65675 65735 65781 65791 65810 65817 65822 65833 65861 65871 65889 65892 65921 65927 65945 65956 65965 66041 66044 66055 66065 66068 66079 66097 66107 66112 66134 66169 66213 66261 66273 66278 66382 66544 66583 66605 66614 66688 66718 66721 66856 66903 66926 66934 66955 66970 66982 66996 67009 67023 67060 67077 67098 67115 67137 67157 67231 67276 67278 67308 67310 67413 67463 67465 67467 67478
tsca FR941206-1-00134 7 61950 62044 62934 62945 63107 63389 65457
, FR941206-1-00134 196 61951 61980 61984 61992 62077 62079 62095 62112 62127 62131 62183 62193 62197 62199 62201 62250 62274 62305 62317 62323 62325 62333 62335 62362 62395 62407 62437 62447 62532 62582 62588 62610 62622 62635 62654 62691 62736 62808 62822 62857 62878 62889 62915 62917 62946 62958 63049 63131 63162 63176 63242 63332 63334 63375 63410 63459 63466 63481 63483 63500 63525 63539 63540 63558 63566 63572 63589 63600 63621 63658 63686 63716 63727 63748 63763 63766 63842 63862 64015 64069 64084 64094 64112 64175 64317 64362 64381 64387 64392 64397 64401 64410 64439 64447 64452 64456 64465 64480 64488 64491 64501 64505 64512 64516 64522 64531 64541 64574 64579 64585 64594 64624 64633 64642 64652 64722 64773 64794 64798 64805 64859 64880 64885 64888 64910 64913 64926 64966 65096 65102 65207 65221 65223 65273 65308 65322 65324 65377 65435 65514 65537 65593 65606 65642 65647 65654 65687 65691 65696 65704 65707 65722 65846 65970 65972 65977 65980 66004 66008 66018 66021 66246 66263 66330 66354 66393 66395 66409 66428 66442 66464 66477 66540 66541 66550 66586 66608 66621 66649 66683 66861 66865 66874 66939 67093 67118 67142 67168 67174 67337 67338 67379 67385 67389 67403 67405
the FR941206-1-00134 283 61952 61962 61976 61985 62004 62032 62039 62062 62136 62178 62210 62214 62284 62288 62331 62341 62344 62371 62411 62423 62439 62460 62463 62522 62547 62555 62565 62568 62636 62664 62699 62716 62719 62805 62823 62865 62871 62882 62893 62911 62950 63010 63056 63077 63104 63138 63183 63190 63218 63230 63250 63256 63292 63311 63338 63376 63379 63405 63416 63428 63441 63451 63463 63471 63528 63544 63574 63577 63581 63623 63626 63689 63709 63719 63736 63749 63826 63831 63915 63936 63955 63958 63961 63980 63994 64017 64056 64071 64089 64147 64241 64252 64281 64290 64303 64321 64929 64945 64951 64954 64984 65001 65006 65038 65047 65062 65075 65082 65108 65120 65132 65140 65151 65183 65202 65210 65224 65234 65239 65305 65315 65352 65365 65373 65399 65436 65459 65485 65502 65526 65530 65544 65573 65577 65600 65607 65614 65627 65640 65645 65652 65656 65665 65699 65716 65736 65743 65756 65758 65770 65776 65782 65789 65804 65811 65814 65818 65823 65834 65836 65841 65866 65872 65879 65884 65890 65901 65907 65919 65935 65941 65954 65966 65975 65986 65991 66016 66025 66030 66039 66042 66045 66053 66056 66066 66087 66091 66095 66101 66108 66113 66118 66135 66150 66155 66161 66167 66206 66219 66230 66243 66264 66269 66275 66279 66282 66287 66308 66311 66320 66335 66343 66349 66360 66364 66380 66383 66386 66389 66398 66446 66450 66456 66478 66483 66504 66514 66563 66571 66580 66591 66602 66612 66615 66622 66658 66716 66729 66736 66760 66801 66811 66828 66854 66901 66904 66917 66920 66930 66968 66971 66988 67007 67058 67075 67094 67099 67113 67135 67143 67165 67176 67184 67196 67219 67256 67269 67300 67306 67316 67353 67370 67377 67396 67427 67430 67446 67452 67461 67472 67476 67490 67499
state FR941206-1-00134 12 61953 61977 62025 62049 62063 62068 62119 62145 62500 62720 62755 62956
connecticut FR941206-1-00134 4 61955 62005 62011 62722
petitioned FR941206-1-00134 2 61956 65000
epa FR941206-1-00134 67 61957 62106 62113 62133 62233 62251 62431 62572 62574 62709 62725 62771 62811 62838 62858 62900 62968 63028 63050 63165 63243 63299 63352 63411 63431 63467 63567 63767 63863 64114 64547 65070 65103 65228 65262 65336 65361 65411 65497 65538 65678 65717 65995 66049 66179 66368 66414 66640 66705 66755 66829 66833 66871 66893 67022 67046 67061 67064 67084 67102 67147 67222 67232 67252 67261 67282 67345
an FR941206-1-00134 8 61959 62744 65520 66491 66839 66870 67045 67054
exemption FR941206-1-00134 9 61960 62745 65092 65237 65316 65347 65357 65471 65508
from FR941206-1-00134 24 61961 62031 62224 62718 63404 64251 64355 64617 64700 65182 65755 65763 65788 65793 65894 65918 65958 66038 66160 66166 66171 66467 66538 66631
preemption FR941206-1-00134 1 61963
provisions FR941206-1-00134 9 61964 63417 63542 63562 63710 63916 64121 64294 64307
a FR941206-1-00134 99 61969 62018 62100 62125 62154 62158 62272 62349 62355 62404 62468 62595 62657 62670 62680 62696 62775 62829 62903 62971 63042 63081 63302 63355 63398 63433 63517 63603 63612 63631 63668 63677 63733 64029 64177 64191 64919 64972 65105 65189 65197 65344 65369 65385 65394 65468 65541 65560 65566 65582 65620 65631 65669 65702 65723 65729 65749 65798 65808 65847 65859 65925 65947 66077 66138 66145 66315 66338 66468 66662 66690 66719 66817 66820 66846 66875 66882 66889 66940 66945 66980 66993 67070 67104 67122 67125 67159 67191 67202 67212 67238 67241 67290 67311 67341 67382 67414 67439 67457
2 FR941206-1-00134 18 61972 62066 62307 62880 63272 63643 63653 63873 63891 63905 64660 64733 64899 65419 65774 65905 66129 66589
allow FR941206-1-00134 5 61975 62753 63580 64023 64164
require FR941206-1-00134 4 61979 62167 63427 66014
among FR941206-1-00134 2 61981 65114
other FR941206-1-00134 11 61982 62081 62337 63120 65010 65015 65115 65450 66647 66695 67155
things FR941206-1-00134 2 61983 65116
ie FR941206-1-00134 2 61991 62916
with FR941206-1-00134 32 61994 62003 62177 62232 62430 62488 62527 62546 62560 62837 62913 62919 63573 63622 64026 64264 64546 64918 65209 65283 65448 65644 65813 66254 66281 66388 66639 66704 66735 67305 67324 67416
dielectric FR941206-1-00134 3 61995 63740 63832
fluid FR941206-1-00134 5 61996 62925 64519 64582 64630
at FR941206-1-00134 33 61997 62059 62382 62465 62517 62667 62816 62938 62988 62998 63170 63418 63435 63486 63711 63801 63917 63939 64028 64060 64176 64235 64268 65130 65170 65252 65422 65495 65535 66517 66611 66990 67434
department FR941206-1-00134 2 62006 62550
environmental FR941206-1-00134 2 62008 62180
protection FR941206-1-00134 3 62009 62023 62181
. FR941206-1-00134 134 62010 62104 62149 62217 62243 62283 62347 62378 62389 62462 62499 62513 62551 62607 62633 62675 62708 62723 62764 62795 62847 62979 63016 63047 63073 63076 63096 63119 63149 63198 63232 63363 63390 63460 63498 63513 63559 63598 63688 63708 63746 63764 63812 63860 63881 63914 63979 64016 64037 64070 64092 64119 64146 64200 64254 64273 64300 64332 64413 64468 64498 64534 64597 64621 64645 64766 64898 64927 64939 64941 64990 65014 65044 65088 65162 65195 65261 65303 65335 65360 65417 65443 65462 65523 65572 65580 65639 65672 65720 65772 65797 65844 65903 65962 65994 66048 66060 66122 66178 66198 66227 66286 66323 66367 66404 66422 66449 66488 66513 66556 66618 66645 66699 66741 66753 66792 66848 66900 66919 66937 66961 66987 67029 67154 67188 67221 67251 67273 67315 67330 67360 67395 67445 67471
argued FR941206-1-00134 1 62012
that FR941206-1-00134 64 62013 62083 62115 62253 62265 62365 62422 62445 62453 62578 62616 62774 62785 62965 63031 63349 63426 64170 64207 64213 64684 64979 65113 65150 65167 65193 65227 65245 65264 65288 65367 65557 65584 65940 66015 66076 66093 66110 66132 66183 66201 66232 66334 66341 66373 66402 66454 66470 66524 66536 66574 66633 66653 66708 66711 66786 66805 66842 66949 67018 67068 67199 67255 67372
this FR941206-1-00134 23 62014 62415 62433 62692 62713 62852 62975 63239 64201 64297 64330 65164 65463 65505 66199 66324 66423 66557 66700 66914 66962 67200 67227
notification FR941206-1-00134 7 62015 62507 63464 64946 64956 65409 66794
would FR941206-1-00134 35 62016 62120 62134 62227 62256 62286 62367 62417 62449 62641 62694 62739 62941 62985 63595 63618 63660 63698 63705 63821 63931 63988 64019 64160 65259 65381 65466 66522 66575 66667 66910 66922 66963 67320 67474
provide FR941206-1-00134 1 62017
significantly FR941206-1-00134 1 62019
higher FR941206-1-00134 1 62020
degree FR941206-1-00134 1 62021
residents FR941206-1-00134 2 62026 62116
and FR941206-1-00134 94 62027 62057 62064 62138 62144 62187 62248 62300 62318 62328 62476 62492 62501 62573 62715 62780 62862 62898 62929 62959 62996 63065 63108 63216 63229 63247 63258 63297 63324 63335 63342 63367 63381 63594 63648 63663 63679 63703 63722 63883 63925 63963 63972 63996 64113 64155 64210 64257 64278 64292 64305 64336 64349 64408 64463 64529 64592 64640 64861 64914 64947 64957 65032 65053 65079 65280 65321 65511 65555 65586 65655 65692 65937 66009 66225 66433 66485 66587 66684 66868 66887 66891 67015 67039 67049 67087 67107 67124 67210 67302 67318 67346 67390 67408
emergency FR941206-1-00134 6 62028 62050 62146 62510 63551 63693
response FR941206-1-00134 6 62029 62051 62147 62490 62511 63396
personnel FR941206-1-00134 6 62030 62052 62148 62491 62512 62576
risks FR941206-1-00134 1 62033
posed FR941206-1-00134 1 62034
by FR941206-1-00134 17 62035 62124 62525 62564 63506 63779 63848 64997 65009 65301 65636 65651 65840 66694 66795 66953 67288
than FR941206-1-00134 30 62038 62206 62236 62921 63000 63753 64005 64034 64182 64196 64220 64237 64270 65175 65256 65427 65477 65752 65950 66035 66215 66293 66460 66473 66500 66510 66553 66676 66789 67264
current FR941206-1-00134 7 62040 62523 62665 62788 62791 65306 66863
federal FR941206-1-00134 3 62041 62143 63408
rules FR941206-1-00134 2 62042 65461
under FR941206-1-00134 18 62043 62269 62432 62663 62676 62746 62933 62944 63388 63696 64074 64125 64312 64788 65029 65304 66862 67429
because FR941206-1-00134 4 62045 64248 65626 66559
1 FR941206-1-00134 31 62047 62161 62293 62471 62673 62683 62869 63254 63480 63520 63606 63634 63671 63777 63786 63796 63807 63819 63854 63945 64044 64100 64131 64892 65406 65741 65786 65877 65951 66561 67497
often FR941206-1-00134 1 62053
respond FR941206-1-00134 1 62054
fires FR941206-1-00134 2 62056 62091
spills FR941206-1-00134 6 62058 62093 66413 66542 66551 66632
sites FR941206-1-00134 2 62060 62519
throughout FR941206-1-00134 1 62061
administrative FR941206-1-00134 1 62069
actions FR941206-1-00134 1 62070
such FR941206-1-00134 6 62071 62896 63295 63548 67053 67380
as FR941206-1-00134 36 62072 62623 62832 62909 63041 63080 63146 63188 63203 63275 63484 63665 63844 63900 64308 64318 64320 64786 65188 65329 65453 65767 65898 66490 66566 66671 66715 66772 66814 66845 67000 67103 67121 67381 67425 67456
issuing FR941206-1-00134 1 62073
warnings FR941206-1-00134 1 62074
regarding FR941206-1-00134 1 62075
fishing FR941206-1-00134 1 62076
swimming FR941206-1-00134 1 62078
or FR941206-1-00134 67 62080 62092 62222 62241 62336 62401 62436 62539 62649 63210 63371 63447 63534 63553 64065 64167 64371 64389 64425 64444 64514 64559 64576 64626 64693 64702 64711 64718 64764 64826 64829 64841 64851 65008 65458 65548 65563 65599 65611 65708 65820 65849 65855 65909 65932 65981 66022 66140 66301 66313 66392 66437 66548 66598 66693 66777 66819 66881 66959 67096 67119 67182 67194 67327 67358 67419 67481
activities FR941206-1-00134 6 62082 63509 65416 67028 67082 67089
could FR941206-1-00134 13 62084 62096 62442 62520 62613 63122 63212 64228 64260 65778 66685 66942 66950
increase FR941206-1-00134 1 62085
human FR941206-1-00134 1 62086
exposure FR941206-1-00134 1 62087
when FR941206-1-00134 17 62090 64615 64698 64983 65231 65701 65807 65869 65974 66137 66154 66503 66774 67069 67158 67175 67235
occur FR941206-1-00134 3 62094 65738 65874
be FR941206-1-00134 44 62097 62121 62230 62276 62368 62418 62695 62740 62835 62942 62992 63004 63123 63214 63281 63596 63619 63661 63700 63706 63822 63932 63990 64020 64161 64187 64229 64262 65340 65382 66084 66186 66211 66235 66250 66326 66669 66686 66724 66911 66951 66964 67258 67374
made FR941206-1-00134 3 62098 63053 67272
in FR941206-1-00134 77 62099 62109 62313 62370 62538 62608 62647 62650 62804 62828 62876 62887 62969 62994 63006 63021 63061 63128 63159 63180 63186 63233 63268 63283 63353 63360 63364 63395 63461 63494 63533 63550 63721 63732 63743 63757 63830 63924 63998 64009 64172 64215 64224 64296 64326 64520 64583 64631 64704 64763 64878 65021 65037 65059 65196 65238 65456 65512 65525 66310 66435 66619 66637 66646 66689 66726 66733 66810 66853 67006 67034 67112 67134 67190 67207 67240 67376
more FR941206-1-00134 9 62101 64372 64830 64842 65426 65476 65751 65949 66292
timely FR941206-1-00134 2 62102 65408
manner FR941206-1-00134 2 62103 62831
while FR941206-1-00134 4 62105 62533 62796 63150
sees FR941206-1-00134 1 62107
merit FR941206-1-00134 1 62108
these FR941206-1-00134 11 62110 62561 63097 63129 63561 63758 63973 64932 64993 65309 65963
arguments FR941206-1-00134 1 62111
believes FR941206-1-00134 1 62114
every FR941206-1-00134 1 62118
better FR941206-1-00134 1 62122
protected FR941206-1-00134 2 62123 64561
uniform FR941206-1-00134 2 62126 62732
nationwide FR941206-1-00134 1 62128
requirement FR941206-1-00134 8 62130 62524 62693 63465 64073 66529 66624 67228
where FR941206-1-00134 2 62132 63182
receive FR941206-1-00134 5 62135 65934 66869 66888 67347
data FR941206-1-00134 6 62137 62246 62863 63117 63142 63248
make FR941206-1-00134 5 62139 62444 66371 66576 66769
it FR941206-1-00134 15 62140 62359 62738 62767 62809 63024 63163 64301 65232 65938 66374 66577 66673 66770 66797
available FR941206-1-00134 2 62141 63209
today FR941206-1-00134 6 62150 62640 62729 63195 63495 65022
's FR941206-1-00134 20 62151 62374 62558 62629 62730 62772 62812 62839 63029 63166 63196 63496 65023 65354 66351 66641 66706 66803 67186 67243
rule FR941206-1-00134 20 62152 62216 62416 64299 64356 64949 64964 64986 65007 65043 65087 65112 65206 65307 65353 65374 65465 66909 66975 67400
proposes FR941206-1-00134 4 62153 62252 63468 66415
new FR941206-1-00134 6 62155 62440 65608 67213 67246 67291
761.30 FR941206-1-00134 22 62156 62466 62668 62678 62818 62981 63172 63515 63601 63629 63666 63712 63802 63849 63868 63886 63918 63984 64039 64126 64151 64156
vii FR941206-1-00134 5 62164 62478 62686 63799 63898
all FR941206-1-00134 10 62168 62485 62644 63088 63365 64379 64437 65449 67019 67489
owners FR941206-1-00134 6 62169 62255 62493 62514 62534 62612
register FR941206-1-00134 3 62174 62452 62545
their FR941206-1-00134 11 62175 62263 62279 62528 62620 63013 63177 63570 64117 64225 67024
us FR941206-1-00134 1 62179
agency FR941206-1-00134 8 62182 65002 66802 66921 67076 67166 67447 67473
office FR941206-1-00134 2 62184 62566
enforcement FR941206-1-00134 2 62186 65379
compliance FR941206-1-00134 4 62188 62559 64216 65447
assistance FR941206-1-00134 1 62189
2245 FR941206-1-00134 1 62191
401 FR941206-1-00134 1 62194
m FR941206-1-00134 9 62195 64962 65042 65086 65111 65205 66908 66974 67399
st. FR941206-1-00134 1 62196
sw. FR941206-1-00134 1 62198
washington FR941206-1-00134 1 62200
dc FR941206-1-00134 2 62202 62790
20460 FR941206-1-00134 1 62203
no FR941206-1-00134 24 62204 62234 63224 63976 64391 64412 64467 64497 64533 64564 64596 64620 64644 64921 64936 65378 65423 65475 66033 66406 66527 66924 67129 67262
later FR941206-1-00134 4 62205 62235 66034 67263
90 FR941206-1-00134 2 62207 62408
days FR941206-1-00134 9 62208 62238 62409 62458 63438 65832 66037 66106 67267
after FR941206-1-00134 12 62209 62239 62358 62410 63478 63538 63762 63841 64088 64174 65953 67268
effective FR941206-1-00134 2 62211 62412
date FR941206-1-00134 14 62212 62413 63099 63191 65750 65757 65790 65835 65891 65920 65948 65955 66109 66168
final FR941206-1-00134 5 62215 64985 67328 67420 67482
subsequently FR941206-1-00134 1 62220
identified FR941206-1-00134 3 62221 63285 66116
received FR941206-1-00134 6 62223 62591 65747 65829 65914 66159
another FR941206-1-00134 1 62225
location FR941206-1-00134 7 62226 62296 62357 62400 64562 64567 67187
have FR941206-1-00134 13 62228 62258 62450 62506 62604 63037 63109 64976 65025 66634 66780 66923 66979
registered FR941206-1-00134 6 62231 62361 62429 62606 62619 62662
30 FR941206-1-00134 5 62237 62457 63437 66036 66105
identification FR941206-1-00134 2 62240 66830
receipt FR941206-1-00134 1 62242
minimize FR941206-1-00134 1 62245
gathering FR941206-1-00134 1 62247
processing FR941206-1-00134 2 62249 63995
transformer FR941206-1-00134 10 62254 62295 62316 62351 62406 62427 62455 62660 62707 64822
only FR941206-1-00134 4 62257 64025 64261 65246
report FR941206-1-00134 7 62260 65732 65806 65868 65989 66028 66148
information FR941206-1-00134 9 62261 62290 62345 62363 62593 62964 63200 63348 67371
about FR941206-1-00134 1 62262
is FR941206-1-00134 55 62266 62352 62360 62810 62859 62910 63164 63201 63244 63385 63412 63568 63591 63768 63845 63864 64115 64203 64935 65071 65498 65519 65539 65596 65629 65648 65658 65667 65679 65725 65746 65800 65996 66153 66157 66271 66375 66480 66493 66526 66558 66569 66702 66731 66756 66787 66807 66977 67201 67223 67237 67253 67283 67426 67448
currently FR941206-1-00134 7 62267 62480 62875 63267 63846 65721 66532
required FR941206-1-00134 13 62268 62624 63847 64670 64672 64674 64707 64714 64787 64836 64902 65726 65801
761.180 FR941206-1-00134 2 62270 64789
included FR941206-1-00134 3 62277 63110 67375
on FR941206-1-00134 51 62278 62712 62864 63249 64014 64055 64083 64360 64364 64431 64478 64482 64493 64557 64560 64613 64696 64737 64753 64781 64792 64817 64865 64965 65074 65095 65218 65289 65501 65543 65748 65769 65900 65946 66052 66090 66117 66194 66205 66242 66268 66299 66363 66385 66401 66430 66759 67195 67205 67299 67451
annual FR941206-1-00134 4 62280 62375 64803 64893
document FR941206-1-00134 2 62281 62376
logs FR941206-1-00134 1 62282
include FR941206-1-00134 4 62287 62481 67167 67297
following FR941206-1-00134 11 62289 62866 63251 64282 65076 65400 65574 65737 65873 67453 67491
: FR941206-1-00134 7 62291 62867 63252 65404 65739 65875 67495
address FR941206-1-00134 3 62298 62324 67460
number FR941206-1-00134 15 62301 62327 62777 62872 62951 63259 64973 66353 66831 66835 66873 66895 66948 67048 67056
kilograms FR941206-1-00134 1 62309
liquid FR941206-1-00134 9 62312 64373 64424 64831 65135 65158 65179 65249 65320
each FR941206-1-00134 12 62314 62627 62705 63284 64396 64451 64521 64584 64632 64761 64770 66983
3 FR941206-1-00134 9 62320 62891 62922 63290 63424 63492 64928 65445 67367
name FR941206-1-00134 1 62322
telephone FR941206-1-00134 1 62326
signature FR941206-1-00134 2 62329 65816
owner FR941206-1-00134 7 62332 62373 62441 65609 65628 65819 67095
operator FR941206-1-00134 5 62334 65821 66824 66879 67097
authorized FR941206-1-00134 6 62338 62801 63155 63366 63454 64938
representative FR941206-1-00134 1 62339
certifying FR941206-1-00134 1 62340
accuracy FR941206-1-00134 1 62342
submitted FR941206-1-00134 2 62346 67259
if FR941206-1-00134 16 62348 62438 62656 62724 64367 64569 64819 64837 65398 65581 66355 66455 66672 66728 66913 67488
transferred FR941206-1-00134 2 62353 65882
different FR941206-1-00134 9 62356 66187 66191 66236 66240 66251 66256 66305 66321
concerning FR941206-1-00134 1 62364
transfer FR941206-1-00134 10 62366 62398 62461 64166 64209 64256 67275 67307 67464 67477
recorded FR941206-1-00134 1 62369
former FR941206-1-00134 1 62372
log FR941206-1-00134 1 62377
see FR941206-1-00134 2 62380 66743
discussion FR941206-1-00134 1 62381
unit FR941206-1-00134 5 62383 62628 64327 64485 64558
iiie_transfer FR941206-1-00134 1 62384
totally FR941206-1-00134 1 62386
enclosed FR941206-1-00134 2 62387 62844
anyone FR941206-1-00134 1 62391
who FR941206-1-00134 5 62392 64999 65852 66927 67042
took FR941206-1-00134 1 62393
possession FR941206-1-00134 1 62394
either FR941206-1-00134 4 62396 66290 66596 67325
through FR941206-1-00134 10 62397 63614 63791 63896 63910 63947 64046 64102 64133 67057
sale FR941206-1-00134 7 62402 64540 64603 64651 64681 64725 64871
responsible FR941206-1-00134 1 62419
demonstrating FR941206-1-00134 1 62421
newly FR941206-1-00134 1 62424
acquired FR941206-1-00134 1 62425
was FR941206-1-00134 15 62428 62661 63760 64987 65137 65375 65761 65838 65881 65943 66120 66595 66928 67271 67355
proposed FR941206-1-00134 23 62434 62639 62677 62731 62817 62853 62980 63171 63240 64143 64205 64298 64322 64942 65020 65077 65464 65527 65578 66057 66515 66761 67454
provision FR941206-1-00134 2 62435 63578
not FR941206-1-00134 32 62443 62590 62614 62727 62799 62931 63153 63208 63213 63280 64981 65055 65312 65564 65618 65668 65779 65827 65913 65969 66158 66302 66376 66438 66599 66626 66668 66779 66916 67171 67211 67402
demonstration FR941206-1-00134 1 62446
he FR941206-1-00134 1 62448
within FR941206-1-00134 8 62456 64812 65785 65830 65886 65915 66104 66163
regulations FR941206-1-00134 7 62464 62807 63409 63452 65031 66707 66989
vi FR941206-1-00134 3 62474 63857 63912
registering FR941206-1-00134 2 62484 62526
fire FR941206-1-00134 4 62489 62530 62549 62580
any FR941206-1-00134 11 62495 62754 62963 62989 63346 63382 65171 66195 66545 66850 67003
nearby FR941206-1-00134 1 62496
commercial FR941206-1-00134 26 62497 62541 63536 65124 65190 65242 65330 65395 65489 65533 65567 65621 65670 65705 65850 65910 65978 66019 66141 67105 67126 67279 67312 67332 67468 67485
buildings FR941206-1-00134 3 62498 62542 63537
local FR941206-1-00134 2 62502 62548
authorities FR941206-1-00134 1 62503
may FR941206-1-00134 8 62504 63479 65291 65339 66185 66234 66289 66325
also FR941206-1-00134 11 62505 63704 63989 64141 64767 64801 64835 65362 65524 65845 66249
industrial FR941206-1-00134 1 62518
fulfill FR941206-1-00134 1 62521
onsite FR941206-1-00134 1 62529
brigade FR941206-1-00134 1 62531
near FR941206-1-00134 2 62540 63535
had FR941206-1-00134 5 62543 62589 62618 63453 67335
subsequent FR941206-1-00134 1 62552
review FR941206-1-00134 3 62553 65004 65200
regulated FR941206-1-00134 7 62556 62932 62943 63387 66812 66857 67010
community FR941206-1-00134 2 62557 66813
inspector FR941206-1-00134 1 62569
general FR941206-1-00134 1 62570
regional FR941206-1-00134 5 62575 65718 65992 66031 66151
found FR941206-1-00134 2 62577 66567
many FR941206-1-00134 2 62579 62611
departments FR941206-1-00134 1 62581
including FR941206-1-00134 1 62583
those FR941206-1-00134 5 62584 62599 66255 67088 67152
serving FR941206-1-00134 1 62585
large FR941206-1-00134 7 62586 62596 63139 64549 64605 64686 64906
cities FR941206-1-00134 1 62587
percentage FR941206-1-00134 1 62597
which FR941206-1-00134 12 62602 62939 63264 63507 63526 63590 63659 63717 64012 65017 65697 66976
should FR941206-1-00134 5 62603 62901 63300 64240 66143
been FR941206-1-00134 9 62605 63052 64285 64977 65026 65828 66635 66655 66713
addition FR941206-1-00134 2 62609 66620
demonstrate FR941206-1-00134 1 62615
they FR941206-1-00134 3 62617 64309 65933
continue FR941206-1-00134 1 62626
authorization FR941206-1-00134 9 62630 62700 62854 62973 63241 63357 63959 64001 64018
use FR941206-1-00134 28 62632 62648 62703 62803 62825 62840 62877 62972 63018 63058 63179 63187 63220 63269 63356 63502 63720 63750 63810 63827 63923 63962 64057 64701 64884 64930 66827 67059
therefore FR941206-1-00134 7 62634 63599 63699 63765 64093 65323 65664
extend FR941206-1-00134 1 62642
storage FR941206-1-00134 11 62651 64778 65396 65421 65473 66224 67280 67313 67333 67469 67486
reuse FR941206-1-00134 1 62653
even FR941206-1-00134 1 62655
specific FR941206-1-00134 2 62658 66344
c FR941206-1-00134 12 62689 63421 63489 63640 63650 63920 63942 63949 63986 65689 66006 66748
part FR941206-1-00134 4 62697 64315 65068 66606
continued FR941206-1-00134 5 62702 62824 63178 63219 63545
solicits FR941206-1-00134 2 62710 66050
comments FR941206-1-00134 8 62711 62861 63246 65073 65500 66051 66758 67450
proposal FR941206-1-00134 2 62714 63197
petition FR941206-1-00134 2 62717 65198
does FR941206-1-00134 5 62726 65617 66625 66776 66778
promulgate FR941206-1-00134 2 62728 62743
national FR941206-1-00134 1 62733
then FR941206-1-00134 1 62737
inclined FR941206-1-00134 1 62741
implement FR941206-1-00134 1 62757
its FR941206-1-00134 5 62758 65413 65588 65660 67078
own FR941206-1-00134 3 62759 65589 65661
q. FR941206-1-00134 1 62765
rectifiers FR941206-1-00134 11 62766 62782 62797 62827 62856 62874 62888 62940 62957 62995 63008
has FR941206-1-00134 14 62768 63025 63051 63970 64284 65826 65912 65983 66440 66654 66712 66798 66843 67072
come FR941206-1-00134 3 62769 63026 66799
attention FR941206-1-00134 3 62773 63030 66804
certain FR941206-1-00134 4 62776 63032 63508 65267
oilfilled FR941206-1-00134 2 62779 62953
solidstate FR941206-1-00134 1 62781
devices FR941206-1-00134 1 62784
convert FR941206-1-00134 1 62786
ac FR941206-1-00134 1 62787
contain FR941206-1-00134 2 62793 63728
are FR941206-1-00134 18 62798 62926 63152 63207 63266 63328 63563 63975 64109 64140 64896 64901 65018 65050 65054 66304 66443 67170
specifically FR941206-1-00134 3 62800 63048 63154
intent FR941206-1-00134 4 62813 63167 66902 66969
authorize FR941206-1-00134 4 62815 62986 63169 63718
r FR941206-1-00134 2 62820 62983
similar FR941206-1-00134 2 62830 64120
consistent FR941206-1-00134 2 62836 66703
authorizations FR941206-1-00134 2 62841 63503
nony FR941206-1-00134 1 62843
electrical FR941206-1-00134 2 62845 64667
equipment FR941206-1-00134 13 62846 62978 63023 63036 63161 63340 63362 63384 63929 63967 64011 64668 64683
add FR941206-1-00134 4 62849 63236 65467 67226
specificity FR941206-1-00134 2 62850 63237
soliciting FR941206-1-00134 6 62860 63245 65072 65499 66757 67449
extent FR941206-1-00134 1 62883
contamination FR941206-1-00134 1 62886
size FR941206-1-00134 2 62894 63293
units FR941206-1-00134 3 62897 63296 64500
whether FR941206-1-00134 6 62899 63298 65515 66300 66436 66816
adopt FR941206-1-00134 2 62902 63301
de FR941206-1-00134 2 62904 63303
minimis FR941206-1-00134 2 62905 63304
volume FR941206-1-00134 5 62906 63305 65236 65470 65507
amount FR941206-1-00134 2 62907 63306
case FR941206-1-00134 3 62912 66918 67428
capacitors FR941206-1-00134 10 62914 62918 64555 64611 64657 64692 64710 64717 64909 64912
less FR941206-1-00134 14 62920 62999 64033 64181 64195 64219 64236 64269 65174 65255 66459 66499 66552 66788
pounds FR941206-1-00134 1 62923
considered FR941206-1-00134 1 62927
small FR941206-1-00134 12 62928 64656 64911 65090 65235 65294 65318 65345 65355 65388 65469 65506
generally FR941206-1-00134 1 62930
disposal FR941206-1-00134 32 62936 63377 63444 63457 63477 64348 64409 64464 64530 64593 64641 65766 65796 65897 65924 65928 65961 66069 66080 66102 66111 66174 66226 66237 66257 66361 66381 66486 66581 66603 66681 66697
4 FR941206-1-00134 3 62948 63309 67442
vs. FR941206-1-00134 1 62954
solid FR941206-1-00134 4 62955 64843 65297 65433
5 FR941206-1-00134 10 62961 63318 63952 64051 64080 64086 64107 64138 66751 67265
will FR941206-1-00134 6 62966 63350 66208 66248 66332 67215
assist FR941206-1-00134 2 62967 63351
supporting FR941206-1-00134 2 62970 63354
type FR941206-1-00134 1 62976
concentration FR941206-1-00134 7 62990 63738 64030 64178 64192 66432 66546
used FR941206-1-00134 10 62993 63005 63039 63124 63215 63282 63315 63742 64008 66952
50 FR941206-1-00134 19 63001 64006 64035 64063 64183 64197 64221 64238 64246 64271 66411 66461 66474 66501 66511 66534 66665 66677 66790
servicing FR941206-1-00134 7 63007 63723 63879 63926 63964 64000 64024
remainder FR941206-1-00134 1 63011
useful FR941206-1-00134 1 63014
life FR941206-1-00134 1 63015
r. FR941206-1-00134 1 63017
scientific FR941206-1-00134 7 63022 63035 63160 63261 63286 63361 63369
types FR941206-1-00134 3 63033 63257 63312
historically FR941206-1-00134 1 63038
medium FR941206-1-00134 2 63043 63084
comparative FR941206-1-00134 1 63045
measurements FR941206-1-00134 1 63046
aware FR941206-1-00134 1 63054
historic FR941206-1-00134 1 63057
studies FR941206-1-00134 3 63062 63098 65279
birefringence FR941206-1-00134 1 63064
viscoelasticity FR941206-1-00134 1 63066
long FR941206-1-00134 1 63068
chain FR941206-1-00134 1 63069
polymers FR941206-1-00134 2 63070 63095
ref FR941206-1-00134 1 63072
58 FR941206-1-00134 1 63074
serve FR941206-1-00134 1 63079
high FR941206-1-00134 3 63082 64550 64687
viscosity FR941206-1-00134 1 63083
uniformly FR941206-1-00134 1 63086
reduce FR941206-1-00134 1 63087
movement FR941206-1-00134 1 63089
facilitate FR941206-1-00134 2 63091 67218
comparisons FR941206-1-00134 1 63092
longchain FR941206-1-00134 1 63094
back FR941206-1-00134 1 63100
well FR941206-1-00134 2 63102 64319
before FR941206-1-00134 2 63103 66274
enactment FR941206-1-00134 1 63105
hundreds FR941206-1-00134 2 63111 66954
thousands FR941206-1-00134 1 63113
comparable FR941206-1-00134 2 63115 63136
reference FR941206-1-00134 3 63116 63141 63147
runs FR941206-1-00134 1 63118
media FR941206-1-00134 1 63121
replace FR941206-1-00134 1 63126
instruments FR941206-1-00134 1 63130
but FR941206-1-00134 5 63132 66331 66465 67128 67169
none FR941206-1-00134 1 63133
yield FR941206-1-00134 1 63134
results FR941206-1-00134 1 63135
historical FR941206-1-00134 2 63140 64883
set FR941206-1-00134 3 63143 64053 65454
using FR941206-1-00134 2 63144 67083
standards FR941206-1-00134 2 63148 66660
specialized FR941206-1-00134 1 63157
uses FR941206-1-00134 3 63158 63370 64873
s FR941206-1-00134 2 63174 64824
situations FR941206-1-00134 2 63181 63552
were FR941206-1-00134 11 63185 63510 64171 64214 64980 64995 65168 65266 65402 66915 67493
publication FR941206-1-00134 1 63193
additional FR941206-1-00134 2 63199 63347
requested FR941206-1-00134 1 63202
why FR941206-1-00134 3 63205 63217 63277
substitutes FR941206-1-00134 2 63206 63278
otherwise FR941206-1-00134 2 63211 65602
presents FR941206-1-00134 1 63223
unreasonable FR941206-1-00134 1 63225
risk FR941206-1-00134 1 63226
health FR941206-1-00134 1 63228
environment FR941206-1-00134 1 63231
order FR941206-1-00134 1 63234
applications FR941206-1-00134 2 63262 63372
explanations FR941206-1-00134 1 63274
can FR941206-1-00134 2 63279 66826
application FR941206-1-00134 4 63287 67343 67354 67378
descriptions FR941206-1-00134 1 63320
how FR941206-1-00134 3 63322 65556 67050
releases FR941206-1-00134 1 63323
exposures FR941206-1-00134 1 63325
minimized FR941206-1-00134 1 63329
during FR941206-1-00134 1 63330
preparation FR941206-1-00134 1 63331
operation FR941206-1-00134 2 63333 64173
disassembly FR941206-1-00134 1 63336
testing FR941206-1-00134 1 63339
6 FR941206-1-00134 1 63344
unauthorized FR941206-1-00134 1 63368
contaminated FR941206-1-00134 3 63383 64666 66714
fully FR941206-1-00134 1 63386
s. FR941206-1-00134 1 63391
remove FR941206-1-00134 3 63392 63401 63415
outdated FR941206-1-00134 2 63393 63402
material FR941206-1-00134 12 63394 63403 66497 66507 66531 66564 66594 66629 66650 66710 66730 66785
request FR941206-1-00134 1 63399
code FR941206-1-00134 1 63406
proposing FR941206-1-00134 10 63413 63569 63769 63865 64116 65680 65997 67224 67254 67284
761.20 FR941206-1-00134 3 63419 63487 66746
submission FR941206-1-00134 3 63429 66064 67214
notice FR941206-1-00134 3 63434 63497 65024
least FR941206-1-00134 1 63436
prior FR941206-1-00134 2 63439 64067
export FR941206-1-00134 2 63442 63455
items FR941206-1-00134 10 63449 64340 64934 65016 65857 66193 66203 66241 66309 66346
until FR941206-1-00134 6 63458 63557 64925 65368 67336 67352
deleting FR941206-1-00134 2 63462 63780
retain FR941206-1-00134 1 63470
prohibition FR941206-1-00134 1 63472
against FR941206-1-00134 2 63473 65384
exporting FR941206-1-00134 1 63474
1980 FR941206-1-00134 1 63482
reflected FR941206-1-00134 1 63485
likewise FR941206-1-00134 1 63499
several FR941206-1-00134 1 63501
specified FR941206-1-00134 1 63504
deadlines FR941206-1-00134 2 63505 66047
cease FR941206-1-00134 1 63512
iii FR941206-1-00134 8 63523 63609 63637 63656 63674 63681 63894 64328
prohibits FR941206-1-00134 1 63527
installation FR941206-1-00134 3 63529 63546 63583
contains FR941206-1-00134 4 63541 64685 64820 66458
reclassification FR941206-1-00134 1 63555
up FR941206-1-00134 1 63556
since FR941206-1-00134 4 63560 63954 64950 66849
now FR941206-1-00134 7 63564 64311 65153 65630 65649 66452 67108
obsolete FR941206-1-00134 2 63565 64111
removal FR941206-1-00134 12 63571 64145 64404 64459 64525 64588 64636 65792 65893 65922 65957 66170
exception FR941206-1-00134 10 63575 63624 65676 65713 65731 65805 65867 65988 66027 66147
indefinite FR941206-1-00134 1 63582
mineral FR941206-1-00134 1 63585
oil FR941206-1-00134 1 63586
still FR941206-1-00134 1 63592
valid FR941206-1-00134 1 63593
retained FR941206-1-00134 2 63597 63662
d FR941206-1-00134 13 63616 64041 64048 64077 64097 64104 64153 65694 66011 66126 66585 66610 67364
deleted FR941206-1-00134 2 63620 63707
ii FR941206-1-00134 3 63646 63876 63908
redesignated FR941206-1-00134 1 63664
respectively FR941206-1-00134 1 63687
definition FR941206-1-00134 6 63690 64748 65121 65240 65486 65531
`` FR941206-1-00134 15 63692 63809 63878 63922 64920 65123 65134 65142 65155 65488 66565 66821 66876 66994 67001
situation FR941206-1-00134 1 63694
'' FR941206-1-00134 15 63695 63813 63882 63930 64923 65129 65136 65148 65163 65494 66568 66825 66880 66999 67014
761.3 FR941206-1-00134 3 63697 65536 66991
rendered FR941206-1-00134 1 63701
unnecessary FR941206-1-00134 1 63702
railroad FR941206-1-00134 3 63725 63744 63835
procedures FR941206-1-00134 4 63729 67301 67319 67407
phasing FR941206-1-00134 1 63731
reduction FR941206-1-00134 1 63734
fluids FR941206-1-00134 4 63741 63833 64226 64265
essentially FR941206-1-00134 1 63747
greater FR941206-1-00134 6 63752 64004 64066 66472 66509 66675
1000 FR941206-1-00134 2 63754 63839
prohibited FR941206-1-00134 1 63761
amend FR941206-1-00134 5 63771 65682 65999 66417 67286
paragraph FR941206-1-00134 5 63772 63814 63982 64075 67292
paragraphs FR941206-1-00134 4 63781 63940 64095 64149
i FR941206-1-00134 1 63789
restrictions FR941206-1-00134 2 63811 63880
amended FR941206-1-00134 3 63823 63991 64162
restrict FR941206-1-00134 1 63825
< FR941206-1-00134 2 63838 66410
further FR941206-1-00134 1 63861
delete FR941206-1-00134 3 63867 63935 63993
redesignate FR941206-1-00134 1 63885
mining FR941206-1-00134 3 63928 63966 64010
revised FR941206-1-00134 2 63933 64021
conditions FR941206-1-00134 4 63937 63974 64054 67492
listed FR941206-1-00134 3 63938 66204 66267
timeframe FR941206-1-00134 1 63956
lapsed FR941206-1-00134 1 63971
longer FR941206-1-00134 3 63977 64937 67130
relevant FR941206-1-00134 1 63978
introductory FR941206-1-00134 2 63981 64148
distribution FR941206-1-00134 1 63997
commerce FR941206-1-00134 3 63999 64705 66727
expired FR941206-1-00134 2 64013 64082
level FR941206-1-00134 4 64031 64179 64193 66663
sections FR941206-1-00134 4 64038 65064 65964 67037
concentrations FR941206-1-00134 1 64061
recordkeeping FR941206-1-00134 6 64072 64279 64293 64306 64337 64894
years FR941206-1-00134 1 64087
deadline FR941206-1-00134 1 64090
effectively FR941206-1-00134 1 64110
deletion FR941206-1-00134 1 64118
hydraulic FR941206-1-00134 5 64123 64168 64211 64258 64860
systems FR941206-1-00134 6 64124 64169 64212 64253 64259 64745
e FR941206-1-00134 3 64128 64135 64158
being FR941206-1-00134 4 64142 64204 64988 65019
heat FR941206-1-00134 3 64165 64208 64255
serviced FR941206-1-00134 3 64188 64230 64263
maintain FR941206-1-00134 2 64190 64232
action FR941206-1-00134 2 64202 65380
so FR941206-1-00134 3 64206 65149 65244
levels FR941206-1-00134 2 64234 64243
rise FR941206-1-00134 1 64244
above FR941206-1-00134 2 64245 64325
leaching FR941206-1-00134 1 64250
t. FR941206-1-00134 1 64274
chart FR941206-1-00134 2 64275 64283
marking FR941206-1-00134 7 64277 64291 64304 64335 64342 64654 64721
prepared FR941206-1-00134 1 64286
help FR941206-1-00134 2 64288 67216
clarify FR941206-1-00134 4 64289 65119 66182 67067
discussed FR941206-1-00134 2 64295 64324
summarizes FR941206-1-00134 1 64302
exist FR941206-1-00134 1 64310
40 FR941206-1-00134 4 64313 65066 66744 67435
cfr FR941206-1-00134 4 64314 65067 66745 67436
761 FR941206-1-00134 2 64316 66607
changes FR941206-1-00134 8 64323 64353 65060 65603 67033 67153 67183 67206
preamble FR941206-1-00134 1 64331
table FR941206-1-00134 1 64333
1._pcb FR941206-1-00134 1 64334
1regulated FR941206-1-00134 1 64339
1existing FR941206-1-00134 3 64341 64344 64347
ine FR941206-1-00134 3 64345 64544 64653
records§§1 FR941206-1-00134 1 64346
storagefordisposal FR941206-1-00134 1 64350
records1 FR941206-1-00134 1 64351
1proposed FR941206-1-00134 1 64352
resulting FR941206-1-00134 1 64354
containers FR941206-1-00134 4 64358 64380 64429 64438
lml FR941206-1-00134 13 64359 64430 64477 64556 64612 64695 64736 64752 64780 64816 64850 64864 64877
item FR941206-1-00134 10 64361 64432 64479 64614 64697 64738 64866 66280 66384 66403
ml FR941206-1-00134 3 64363 64481 64492
transport FR941206-1-00134 12 64365 64406 64418 64461 64494 64527 64590 64638 64814 66897 66933 67114
vehicle FR941206-1-00134 4 64366 64419 64495 64818
carrying FR941206-1-00134 3 64368 64420 64838
45 FR941206-1-00134 5 64369 64422 64827 64839 65831
kg FR941206-1-00134 17 64370 64376 64393 64415 64423 64434 64448 64470 64503 64517 64536 64580 64599 64647 64775 64828 64840
ltotal FR941206-1-00134 5 64375 64433 64496 64563 64619
weight FR941206-1-00134 11 64377 64394 64416 64435 64449 64471 64504 64537 64600 64648 64776
description FR941206-1-00134 4 64382 64398 64440 64453
contents FR941206-1-00134 4 64384 64400 64442 64455
ldate FR941206-1-00134 5 64385 64472 64510 64572 64622
container FR941206-1-00134 3 64386 64474 64754
serial FR941206-1-00134 4 64388 64513 64575 64625
id FR941206-1-00134 10 64390 64445 64577 64627 66834 66872 66894 66947 67047 67055
dates FR941206-1-00134 9 64402 64457 64523 64586 64634 64759 66189 66238 66258
total FR941206-1-00134 7 64411 64466 64502 64532 64595 64643 64774
& FR941206-1-00134 18 64414 64469 64507 64535 64598 64646 64729 64742 64758 64889 64961 65041 65085 65110 65204 66907 66973 67398
lmark FR941206-1-00134 1 64417
over FR941206-1-00134 1 64421
solids FR941206-1-00134 5 64426 65094 65349 65392 65510
article FR941206-1-00134 5 64428 64473 64511 64573 64623
lserial FR941206-1-00134 1 64443
no. FR941206-1-00134 2 64446 64578
access FR941206-1-00134 2 64483 64846
doors FR941206-1-00134 1 64487
etc FR941206-1-00134 1 64489
inspection FR941206-1-00134 1 64506
maintenance FR941206-1-00134 1 64508
records FR941206-1-00134 6 64509 64568 64785 64795 64806 64881
idno FR941206-1-00134 1 64515
lrecord FR941206-1-00134 5 64538 64601 64649 64679 64869
record FR941206-1-00134 4 64542 64723 66925 66981
voltage FR941206-1-00134 4 64551 64607 64688 64908
lhv FR941206-1-00134 4 64553 64690 64709 64716
-protected FR941206-1-00134 1 64566
applicable FR941206-1-00134 3 64570 65451 66737
low FR941206-1-00134 2 64606 64907
llv FR941206-1-00134 1 64609
removed FR941206-1-00134 3 64616 64699 65762
use.2 FR941206-1-00134 1 64618
nokg FR941206-1-00134 1 64628
l FR941206-1-00134 19 64658 64662 64663 64664 64739 64740 64755 64777 64783 64833 64845 64854 64855 64856 64867 64868 64874 64875 64876
lnot FR941206-1-00134 3 64669 64671 64673
once FR941206-1-00134 1 64676
drained FR941206-1-00134 1 64677
distributed FR941206-1-00134 2 64703 66725
lrecords FR941206-1-00134 2 64706 64713
linservice FR941206-1-00134 1 64720
natural FR941206-1-00134 1 64726
gas FR941206-1-00134 1 64727
pipelines FR941206-1-00134 1 64728
compressors FR941206-1-00134 1 64730
lappurtenances FR941206-1-00134 1 64741
air FR941206-1-00134 2 64743 64886
compressor FR941206-1-00134 1 64744
added FR941206-1-00134 2 64746 65138
bulk FR941206-1-00134 1 64749
waste FR941206-1-00134 43 64751 65011 65128 65181 65194 65277 65299 65334 65415 65434 65493 65554 65571 65590 65625 65634 65641 65662 65745 65760 65784 65837 65863 65880 65942 66099 66115 66366 66457 66479 66784 66859 66899 66936 66985 66998 67012 67026 67080 67117 67140 67161 67181
lkg FR941206-1-00134 1 64756
weight/quantity FR941206-1-00134 1 64757
batch FR941206-1-00134 2 64762 64771
out FR941206-1-00134 2 64765 64772
disposition FR941206-1-00134 1 64768
areas FR941206-1-00134 1 64779
area FR941206-1-00134 1 64782
lannual FR941206-1-00134 1 64784
lmaintain FR941206-1-00134 1 64790
inventory FR941206-1-00134 1 64791
site FR941206-1-00134 1 64793
inspections FR941206-1-00134 1 64797
generators FR941206-1-00134 1 64799
must FR941206-1-00134 10 64800 65325 65710 65864 66860 66884 67043 67145 67163 67373
file FR941206-1-00134 1 64802
reports FR941206-1-00134 2 64804 65714
attempts FR941206-1-00134 1 64808
dispose FR941206-1-00134 2 64810 65780
1year FR941206-1-00134 3 64813 66220 66276
vehicles FR941206-1-00134 1 64815
lmarking FR941206-1-00134 1 64834
approved FR941206-1-00134 2 64852 67357
mark FR941206-1-00134 2 64853 64904
motors FR941206-1-00134 1 64858
heattransfer FR941206-1-00134 1 64862
systems§3 FR941206-1-00134 1 64863
prea FR941206-1-00134 1 64872
facility FR941206-1-00134 14 64879 65386 65583 65646 65825 66103 67035 67071 67100 67185 67208 67242 67314 67415
monitoring FR941206-1-00134 1 64887
wipe FR941206-1-00134 1 64890
sampling FR941206-1-00134 1 64891
bolded FR941206-1-00134 1 64897
manufacturers FR941206-1-00134 1 64900
nonb FR941206-1-00134 2 64905 66696
fluorescent FR941206-1-00134 1 64915
light FR941206-1-00134 1 64916
ballasts FR941206-1-00134 1 64917
label FR941206-1-00134 1 64924
iv FR941206-1-00134 1 64940
amendments FR941206-1-00134 2 64943 65078
manifesting FR941206-1-00134 4 64948 64958 66447 66484
promulgation FR941206-1-00134 1 64952
n FR941206-1-00134 8 64960 65040 65084 65109 65203 66906 66972 67397
54 FR941206-1-00134 1 64968
fr FR941206-1-00134 2 64969 65099
52716 FR941206-1-00134 1 64970
issues FR941206-1-00134 3 64975 64994 65048
raised FR941206-1-00134 2 64978 64996
contemplated FR941206-1-00134 1 64982
drafted FR941206-1-00134 1 64989
some FR941206-1-00134 4 64991 65045 66202 66808
litigants FR941206-1-00134 1 64998
handling FR941206-1-00134 5 65012 65285 67027 67081 67179
associations FR941206-1-00134 1 65013
previously FR941206-1-00134 2 65027 67073
promulgated FR941206-1-00134 2 65028 65376
rcra FR941206-1-00134 2 65030 67433
seem FR941206-1-00134 1 65033
appropriate FR941206-1-00134 3 65034 65521 66377
inclusion FR941206-1-00134 1 65036
below FR941206-1-00134 5 65049 66533 66570 66597 66664
simply FR941206-1-00134 1 65051
clarifications FR941206-1-00134 2 65052 65080
intended FR941206-1-00134 1 65056
result FR941206-1-00134 2 65058 66717
codified FR941206-1-00134 1 65063
761. FR941206-1-00134 1 65069
a. FR941206-1-00134 1 65089
quantity FR941206-1-00134 4 65091 65319 65346 65356
55 FR941206-1-00134 1 65098
26204 FR941206-1-00134 1 65100
issued FR941206-1-00134 2 65104 66837
correction FR941206-1-00134 1 65106
sought FR941206-1-00134 1 65117
storer FR941206-1-00134 17 65125 65191 65243 65490 65534 65568 65622 65632 65671 65706 65851 65911 65979 66020 66142 67106 67127
761.3. FR941206-1-00134 2 65131 65496
word FR941206-1-00134 1 65133
phrase FR941206-1-00134 2 65141 65152
exceeds FR941206-1-00134 2 65143 65156
gallons FR941206-1-00134 5 65145 65159 65177 65258 65442
reads FR941206-1-00134 1 65154
excluded FR941206-1-00134 1 65165
facilities FR941206-1-00134 6 65166 67281 67323 67334 67470 67487
storing FR941206-1-00134 3 65169 65387 65659
one FR941206-1-00134 4 65172 66133 66294 66775
time FR941206-1-00134 5 65173 65424 66221 66327 66613
need FR941206-1-00134 2 65184 66209
seek FR941206-1-00134 1 65186
approval FR941206-1-00134 6 65187 65328 65397 67329 67421 67483
filed FR941206-1-00134 1 65208
district FR941206-1-00134 1 65211
columbia FR941206-1-00134 1 65213
circuit FR941206-1-00134 1 65214
court FR941206-1-00134 1 65215
appeals FR941206-1-00134 1 65217
september FR941206-1-00134 1 65219
25 FR941206-1-00134 1 65220
1990 FR941206-1-00134 1 65222
petitioner FR941206-1-00134 2 65225 65366
claimed FR941206-1-00134 1 65226
acted FR941206-1-00134 1 65229
arbitrarily FR941206-1-00134 1 65230
narrowed FR941206-1-00134 1 65233
storers FR941206-1-00134 2 65247 65331
wastes FR941206-1-00134 2 65251 66427
amounts FR941206-1-00134 1 65253
qualify FR941206-1-00134 2 65260 65313
agreed FR941206-1-00134 2 65263 65337
there FR941206-1-00134 9 65265 65338 66184 66233 66247 66303 66525 66806 67236
classes FR941206-1-00134 1 65268
businesses FR941206-1-00134 1 65270
eg FR941206-1-00134 3 65272 65592 67092
companies FR941206-1-00134 3 65274 65286 65310
performing FR941206-1-00134 1 65275
treatability FR941206-1-00134 1 65278
laboratories FR941206-1-00134 1 65281
affiliated FR941206-1-00134 1 65282
occasion FR941206-1-00134 1 65290
possess FR941206-1-00134 1 65292
relatively FR941206-1-00134 1 65293
quantities FR941206-1-00134 2 65295 65389
generated FR941206-1-00134 3 65300 65635 66365
others FR941206-1-00134 2 65302 66216
do FR941206-1-00134 2 65311 65968
apply FR941206-1-00134 5 65326 66627 66866 66943 67321
reasons FR941206-1-00134 1 65341
establishing FR941206-1-00134 1 65343
complement FR941206-1-00134 1 65351
liquids FR941206-1-00134 1 65359
indicated FR941206-1-00134 4 65363 65768 65899 66089
formal FR941206-1-00134 1 65370
amendment FR941206-1-00134 4 65371 65528 66516 66762
taken FR941206-1-00134 1 65383
without FR941206-1-00134 1 65393
met FR941206-1-00134 2 65403 67494
70 FR941206-1-00134 3 65428 65478 65516
cubic FR941206-1-00134 3 65429 65479 65517
feet FR941206-1-00134 3 65430 65480 65518
approximate FR941206-1-00134 1 65437
volumetric FR941206-1-00134 1 65438
equivalent FR941206-1-00134 1 65439
forth FR941206-1-00134 1 65455
nond FR941206-1-00134 1 65482
appropriateness FR941206-1-00134 2 65503 66054
particular FR941206-1-00134 1 65513
cutoff FR941206-1-00134 1 65522
clarifying FR941206-1-00134 1 65540
point FR941206-1-00134 1 65542
change FR941206-1-00134 4 65545 67090 67239 67270
ownership FR941206-1-00134 6 65547 65604 67277 67309 67412 67466
release FR941206-1-00134 1 65549
title FR941206-1-00134 3 65551 65601 65615
relates FR941206-1-00134 1 65558
person FR941206-1-00134 3 65561 66851 67004
becoming FR941206-1-00134 2 65562 65565
example FR941206-1-00134 2 65575 66492
illustrates FR941206-1-00134 1 65576
clarification FR941206-1-00134 2 65579 65674
generates FR941206-1-00134 1 65585
stores FR941206-1-00134 1 65587
sold FR941206-1-00134 1 65597
holder FR941206-1-00134 1 65612
become FR941206-1-00134 1 65619
someone FR941206-1-00134 1 65637
else FR941206-1-00134 1 65638
along FR941206-1-00134 1 65643
owned FR941206-1-00134 1 65650
purchaser FR941206-1-00134 3 65653 65657 65666
b. FR941206-1-00134 1 65673
reporting FR941206-1-00134 1 65677
761.215 FR941206-1-00134 3 65683 66000 66124
discuss FR941206-1-00134 3 65698 67041 67406
times FR941206-1-00134 1 65700
generator FR941206-1-00134 11 65703 65799 65848 65908 65982 66023 66088 66139 66288 66336 66350
disposer FR941206-1-00134 8 65709 65724 65777 65860 65885 65976 66017 66162
submit FR941206-1-00134 9 65711 65728 65803 65865 65985 66024 66144 66291 67340
oneyear FR941206-1-00134 5 65712 65730 65987 66026 66146
administrator FR941206-1-00134 4 65719 65993 66032 66152
whenever FR941206-1-00134 1 65733
both FR941206-1-00134 2 65734 65870
9 FR941206-1-00134 2 65753 65887
months FR941206-1-00134 4 65754 65888 65917 66165
service FR941206-1-00134 5 65764 65794 65895 65959 66172
manifest FR941206-1-00134 15 65771 65812 65902 66092 66119 66197 66207 66245 66270 66295 66387 66407 66528 66623 66782
year FR941206-1-00134 2 65787 65952
copy FR941206-1-00134 1 65809
handwritten FR941206-1-00134 1 65815
designated FR941206-1-00134 1 65824
accepted FR941206-1-00134 1 65839
original FR941206-1-00134 3 65842 66592 66616
transporter FR941206-1-00134 4 65843 66847 66995 67123
manifests FR941206-1-00134 1 65853
13 FR941206-1-00134 2 65916 66164
certificate FR941206-1-00134 3 65926 66067 66078
cd FR941206-1-00134 6 65930 65936 66082 66156 66340 66399
indicates FR941206-1-00134 2 65939 66131
disposed FR941206-1-00134 4 65944 66212 66272 66687
regulation FR941206-1-00134 2 65967 67431
however FR941206-1-00134 2 65971 67404
indicate FR941206-1-00134 1 65973
discovery FR941206-1-00134 1 66040
passage FR941206-1-00134 1 66043
regulatory FR941206-1-00134 2 66046 66572
30day FR941206-1-00134 1 66058
period FR941206-1-00134 1 66059
c. FR941206-1-00134 1 66061
timing FR941206-1-00134 3 66062 67303 67317
761.218 FR941206-1-00134 1 66071
requires FR941206-1-00134 2 66075 67017
sent FR941206-1-00134 1 66085
accompanied FR941206-1-00134 1 66094
shipment FR941206-1-00134 4 66096 66266 66297 66312
completed FR941206-1-00134 2 66121 67342
occasions FR941206-1-00134 1 66136
dorfsfd FR941206-1-00134 4 66176 66188 66284 66391
wishes FR941206-1-00134 3 66180 67065 67131
individual FR941206-1-00134 1 66192
given FR941206-1-00134 1 66196
means FR941206-1-00134 1 66200
earlier FR941206-1-00134 1 66214
meet FR941206-1-00134 1 66218
limit FR941206-1-00134 1 66222
due FR941206-1-00134 1 66228
fact FR941206-1-00134 1 66231
same FR941206-1-00134 1 66244
cds FR941206-1-00134 1 66252
associated FR941206-1-00134 2 66253 67304
unless FR941206-1-00134 1 66260
course FR941206-1-00134 1 66262
entire FR941206-1-00134 1 66265
anniversary FR941206-1-00134 1 66277
earliest FR941206-1-00134 1 66283
per FR941206-1-00134 1 66296
based FR941206-1-00134 4 66298 66400 66429 67204
dorfsfds FR941206-1-00134 2 66306 66322
attach FR941206-1-00134 1 66314
continuation FR941206-1-00134 1 66316
sheet FR941206-1-00134 1 66317
reflect FR941206-1-00134 2 66319 67151
consuming FR941206-1-00134 1 66328
initially FR941206-1-00134 1 66329
ensure FR941206-1-00134 1 66333
receives FR941206-1-00134 1 66337
proper FR941206-1-00134 1 66339
identifies FR941206-1-00134 1 66342
noting FR941206-1-00134 1 66348
identifying FR941206-1-00134 1 66352
assigned FR941206-1-00134 1 66356
close FR941206-1-00134 1 66359
loop FR941206-1-00134 1 66362
wants FR941206-1-00134 2 66369 67109
clear FR941206-1-00134 2 66372 66771
base FR941206-1-00134 1 66379
latest FR941206-1-00134 1 66390
correspondingly FR941206-1-00134 1 66394
send FR941206-1-00134 1 66397
d. FR941206-1-00134 1 66405
761.207 FR941206-1-00134 3 66418 66518 66764
j FR941206-1-00134 4 66420 66520 66766 67294
describes FR941206-1-00134 2 66425 67369
what FR941206-1-00134 1 66426
factoring FR941206-1-00134 1 66434
dilution FR941206-1-00134 1 66439
occurred FR941206-1-00134 1 66441
subject FR941206-1-00134 4 66444 66481 66578 66600
states FR941206-1-00134 1 66453
comes FR941206-1-00134 1 66466
source FR941206-1-00134 1 66469
contained FR941206-1-00134 2 66471 66674
cited FR941206-1-00134 1 66489
spill FR941206-1-00134 6 66495 66505 66617 66642 66720 66738
cleanup FR941206-1-00134 3 66496 66643 66739
involved FR941206-1-00134 1 66506
specify FR941206-1-00134 1 66523
derives FR941206-1-00134 1 66537
pre- FR941206-1-00134 2 66539 66549
threshold FR941206-1-00134 1 66573
subpart FR941206-1-00134 2 66584 66609
spilled FR941206-1-00134 1 66593
derived FR941206-1-00134 1 66630
decontaminated FR941206-1-00134 3 66636 66656 66732
accordance FR941206-1-00134 2 66638 66734
policies FR941206-1-00134 2 66644 66740
words FR941206-1-00134 1 66648
policy FR941206-1-00134 1 66659
treated FR941206-1-00134 1 66670
purposes FR941206-1-00134 1 66682
municipal FR941206-1-00134 1 66691
landfill FR941206-1-00134 1 66692
methods FR941206-1-00134 1 66698
position FR941206-1-00134 1 66701
permit FR941206-1-00134 1 66709
e. FR941206-1-00134 1 66793
transporters FR941206-1-00134 2 66796 67020
confusion FR941206-1-00134 1 66809
subcontractor FR941206-1-00134 2 66818 66883
permanently FR941206-1-00134 3 66822 66877 66956
leased FR941206-1-00134 3 66823 66878 66957
unrelated FR941206-1-00134 1 66840
company FR941206-1-00134 3 66841 66941 67177
notified FR941206-1-00134 4 66844 67074 67101 67120
engaged FR941206-1-00134 2 66852 67005
transportation FR941206-1-00134 2 66855 67008
761.205 FR941206-1-00134 4 66864 67016 67040 67247
notify FR941206-1-00134 2 66885 67021
separately FR941206-1-00134 1 66886
separate FR941206-1-00134 1 66890
distinct FR941206-1-00134 1 66892
subverted FR941206-1-00134 1 66912
doing FR941206-1-00134 1 66929
actual FR941206-1-00134 1 66931
physical FR941206-1-00134 1 66932
theoretically FR941206-1-00134 1 66938
master FR941206-1-00134 1 66946
operators FR941206-1-00134 1 66958
subcontractors FR941206-1-00134 1 66960
clearly FR941206-1-00134 1 66965
contrary FR941206-1-00134 1 66966
handler FR941206-1-00134 2 66986 67162
define FR941206-1-00134 1 66992
... FR941206-1-00134 2 67002 67013
f. FR941206-1-00134 1 67030
renotification FR941206-1-00134 1 67031
operations FR941206-1-00134 2 67036 67209
761.202 FR941206-1-00134 1 67038
obtain FR941206-1-00134 2 67044 67052
form FR941206-1-00134 5 67062 67085 67148 67197 67233
771053. FR941206-1-00134 1 67063
771053 FR941206-1-00134 2 67086 67234
engage FR941206-1-00134 2 67111 67133
activity FR941206-1-00134 1 67136
transporting FR941206-1-00134 1 67138
notifier FR941206-1-00134 1 67144
resubmit FR941206-1-00134 1 67146
77103 FR941206-1-00134 1 67149
examples FR941206-1-00134 1 67156
renotify FR941206-1-00134 1 67164
limited FR941206-1-00134 1 67172
stops FR941206-1-00134 1 67178
indication FR941206-1-00134 1 67189
cover FR941206-1-00134 1 67192
letter FR941206-1-00134 1 67193
itself FR941206-1-00134 1 67198
resubmission FR941206-1-00134 3 67203 67230 67257
process FR941206-1-00134 1 67220
status FR941206-1-00134 4 67244 67349 67418 67480
f FR941206-1-00134 1 67249
work FR941206-1-00134 1 67266
g. FR941206-1-00134 1 67274
761.65 FR941206-1-00134 2 67287 67362
adding FR941206-1-00134 1 67289
language FR941206-1-00134 1 67298
interim FR941206-1-00134 4 67326 67348 67417 67479
existing FR941206-1-00134 1 67331
operate FR941206-1-00134 2 67351 67423
formally FR941206-1-00134 1 67356
denied FR941206-1-00134 1 67359
closure FR941206-1-00134 3 67383 67386 67394
plan FR941206-1-00134 1 67384
cost FR941206-1-00134 1 67387
estimate FR941206-1-00134 1 67388
financial FR941206-1-00134 1 67391
assurance FR941206-1-00134 1 67392
did FR941206-1-00134 1 67401
criteria FR941206-1-00134 1 67409
transferring FR941206-1-00134 1 67411
implementing FR941206-1-00134 1 67432
270.72 FR941206-1-00134 1 67437
procedure FR941206-1-00134 1 67455
way FR941206-1-00134 1 67458
issue FR941206-1-00134 1 67462
recognize FR941206-1-00134 1 67475
transferee FR941206-1-00134 1 67500
demonstrated FR941206-1-00134 1 67501
