extraction FR941206-1-00134 2 72225 72647
( FR941206-1-00134 77 72226 72259 72278 72285 72294 72316 72326 72339 72349 72378 72422 72468 72504 72532 72540 72561 72584 72625 72678 72737 72795 72830 72834 72853 72911 72942 72984 73008 73039 73089 73139 73196 73257 73291 73296 73342 73401 73440 73491 73539 73578 73616 73664 73703 73720 73727 73762 73783 73804 73872 73949 74005 74050 74207 74250 74274 74293 74325 74339 74359 74411 74422 74441 74470 74571 74812 74851 75406 75485 75721 75880 75883 75886 75890 75929 75932 75935
7pp FR941206-1-00134 1 72227
. FR941206-1-00134 207 72228 72230 72242 72255 72275 72282 72288 72310 72320 72329 72382 72387 72410 72426 72431 72472 72479 72508 72515 72543 72550 72558 72566 72573 72581 72589 72595 72612 72624 72629 72634 72640 72685 72690 72717 72741 72746 72772 72781 72799 72809 72838 72845 72859 72865 72872 72879 72894 72915 72922 72932 72946 72951 72970 72989 72996 73013 73020 73049 73053 73055 73062 73093 73108 73130 73143 73153 73182 73200 73210 73261 73273 73290 73301 73307 73349 73368 73371 73389 73406 73411 73429 73445 73450 73473 73479 73496 73526 73544 73550 73568 73583 73589 73607 73621 73649 73669 73672 73708 73715 73732 73738 73744 73750 73767 73792 73795 73811 73817 73833 73875 73885 73938 73952 73983 74008 74013 74053 74059 74072 74076 74082 74092 74137 74149 74160 74165 74170 74212 74217 74236 74255 74262 74279 74281 74335 74499 74531 74559 74577 74579 74602 74620 74648 74678 74700 74725 74727 74731 74751 74760 74781 74801 74869 74879 74895 74914 74919 74925 74935 74968 74991 75019 75036 75063 75072 75104 75132 75147 75169 75205 75230 75242 75255 75266 75289 75318 75350 75381 75412 75415 75437 75450 75471 75491 75546 75548 75553 75579 75613 75643 75661 75690 75713 75735 75737 75742 75762 75782 75800 75824 75849 75869 75906 75919 75945 75966
) FR941206-1-00134 77 72229 72261 72280 72287 72306 72318 72328 72341 72351 72380 72424 72470 72506 72535 72542 72564 72587 72627 72683 72739 72797 72832 72836 72857 72913 72944 72986 73010 73047 73091 73141 73198 73259 73294 73299 73347 73403 73442 73493 73541 73580 73618 73666 73705 73722 73729 73764 73788 73808 73874 73951 74007 74052 74209 74252 74276 74299 74327 74341 74361 74420 74424 74443 74472 74583 74814 74868 75411 75490 75728 75882 75885 75888 75892 75931 75934 75937
10. FR941206-1-00134 1 72231
us FR941206-1-00134 6 72232 72266 73657 73662 74139 75407
court FR941206-1-00134 1 72233
of FR941206-1-00134 130 72234 72239 72246 72250 72302 72337 72416 72439 72599 72672 72700 72722 72729 72756 72765 72774 72847 72892 72900 72949 72998 73064 73073 73110 73119 73162 73172 73175 73186 73219 73229 73238 73247 73393 73433 73483 73574 73613 73653 73752 73800 73830 73856 73868 73897 73922 73934 73972 73996 74035 74047 74078 74089 74096 74117 74120 74141 74215 74264 74321 74331 74369 74383 74449 74465 74481 74504 74519 74566 74612 74637 74660 74696 74712 74719 74743 74840 74864 74882 74885 74898 74910 74927 74981 74995 75015 75033 75114 75134 75137 75155 75182 75195 75201 75214 75244 75250 75261 75287 75291 75299 75303 75358 75368 75389 75393 75439 75448 75488 75556 75584 75606 75621 75639 75685 75694 75711 75717 75739 75785 75821 75827 75839 75852 75874 75900 75903 75916 75941 75955
appeals FR941206-1-00134 1 72235
for FR941206-1-00134 56 72236 72244 72298 72307 72403 72414 72444 72453 72656 72715 73076 73122 73331 73427 73460 73723 73798 73819 73844 73910 73987 74000 74122 74179 74202 74541 74554 74592 74741 74770 74843 74902 74929 75012 75030 75166 75180 75192 75199 75225 75284 75315 75325 75336 75347 75356 75372 75445 75501 75562 75571 75708 75747 75808 75833 75862
the FR941206-1-00134 149 72237 72251 72333 72343 72417 72485 72597 72723 72727 72786 73001 73005 73030 73070 73116 73173 73336 73357 73660 73845 73911 73943 74045 74097 74110 74118 74123 74267 74271 74301 74306 74319 74329 74332 74343 74367 74384 74393 74446 74461 74485 74491 74502 74520 74528 74557 74567 74603 74610 74613 74649 74653 74666 74682 74688 74697 74705 74744 74748 74752 74772 74782 74802 74832 74865 74873 74876 74883 74886 74899 74907 74961 74970 74992 74996 75001 75016 75028 75034 75040 75045 75066 75069 75082 75085 75101 75112 75115 75119 75126 75135 75138 75148 75156 75170 75212 75248 75259 75300 75307 75322 75352 75369 75378 75386 75394 75397 75420 75431 75446 75466 75472 75492 75502 75510 75557 75566 75572 75576 75580 75585 75595 75599 75632 75647 75659 75662 75665 75695 75714 75743 75752 75783 75790 75801 75806 75812 75819 75828 75837 75840 75853 75870 75898 75939 75947 75953 75959 75967
district FR941206-1-00134 1 72238
columbia FR941206-1-00134 1 72240
circuit FR941206-1-00134 1 72241
petition FR941206-1-00134 8 72243 72413 72452 72793 73818 73947 73986 74003
review FR941206-1-00134 7 72245 72415 72454 73482 74317 74542 74555
a FR941206-1-00134 24 72247 72516 72823 73287 74104 74346 74381 74594 74625 74630 74634 74658 74694 74710 75052 75285 75332 75514 75532 75603 75691 75736 75778 75881
final FR941206-1-00134 2 72248 72615
decision FR941206-1-00134 2 72249 72616
environmental FR941206-1-00134 7 72252 72257 72267 72346 73031 73632 73770
protection FR941206-1-00134 4 72253 72268 72347 73032
agency FR941206-1-00134 6 72254 72269 72348 73033 74302 74439
rollins FR941206-1-00134 2 72256 73769
services FR941206-1-00134 2 72258 73771
nj FR941206-1-00134 1 72260
inc. FR941206-1-00134 10 72262 72449 73100 73137 73243 73861 73927 73964 73977 74040
, FR941206-1-00134 352 72263 72270 72272 72277 72279 72315 72317 72323 72352 72365 72367 72369 72371 72375 72377 72379 72385 72392 72396 72399 72401 72421 72423 72429 72442 72448 72466 72467 72469 72475 72477 72487 72499 72503 72505 72511 72513 72527 72531 72546 72548 72560 72569 72571 72583 72592 72605 72609 72614 72620 72626 72632 72642 72645 72648 72650 72658 72663 72665 72670 72677 72681 72688 72695 72698 72705 72709 72713 72736 72738 72744 72751 72754 72761 72767 72771 72776 72778 72789 72794 72796 72807 72833 72835 72841 72843 72852 72855 72870 72875 72877 72887 72901 72910 72912 72918 72920 72930 72941 72943 72961 72964 72966 72968 72983 72985 72992 72994 73009 73016 73018 73038 73040 73041 73046 73052 73058 73060 73081 73086 73088 73090 73101 73104 73106 73128 73138 73140 73146 73148 73151 73158 73160 73165 73170 73178 73195 73197 73203 73205 73208 73215 73217 73225 73227 73232 73236 73242 73256 73258 73264 73266 73268 73271 73277 73295 73304 73312 73315 73319 73321 73325 73345 73352 73365 73380 73383 73385 73387 73400 73402 73409 73417 73420 73424 73439 73441 73448 73456 73466 73469 73471 73481 73490 73492 73499 73506 73508 73512 73516 73520 73522 73524 73538 73540 73547 73559 73562 73564 73566 73577 73579 73586 73598 73601 73603 73605 73614 73615 73617 73631 73635 73639 73643 73645 73647 73663 73665 73678 73680 73685 73687 73692 73700 73702 73704 73711 73713 73728 73748 73761 73763 73772 73786 73803 73806 73841 73850 73854 73860 73862 73866 73873 73883 73891 73895 73902 73907 73916 73920 73926 73928 73932 73944 73948 73950 73961 73963 73970 73976 74006 74011 74019 74033 74039 74048 74049 74051 74056 74063 74069 74107 74131 74134 74143 74156 74162 74168 74176 74184 74188 74190 74194 74206 74208 74227 74230 74232 74234 74249 74251 74258 74260 74275 74297 74298 74300 74342 74375 74386 74388 74390 74392 74395 74400 74403 74405 74451 74453 74456 74484 74489 74508 74534 74582 74584 74622 74624 74640 74764 74835 74853 74905 74939 74959 74978 75004 75051 75088 75092 75188 75232 75272 75274 75297 75310 75331 75391 75409 75419 75462 75523 75588 75601 75635 75650 75723 75794 75796 75893 75938 75958
petitioner FR941206-1-00134 1 72264
v. FR941206-1-00134 1 72265
respondent FR941206-1-00134 2 72271 72606
case FR941206-1-00134 2 72273 75062
no FR941206-1-00134 9 72274 72611 72639 72864 73478 73737 74081 74159 74641
901508 FR941206-1-00134 1 72276
:5pp FR941206-1-00134 2 72281 72798
11. FR941206-1-00134 1 72283
usdoe FR941206-1-00134 2 72284 72325
energy FR941206-1-00134 5 72286 72327 72338 72501 74079
oak FR941206-1-00134 3 72289 72311 72373
ridge FR941206-1-00134 3 72290 72312 72374
incinerator FR941206-1-00134 1 72291
burn FR941206-1-00134 1 72292
plans FR941206-1-00134 1 72293
material FR941206-1-00134 2 72295 73726
in FR941206-1-00134 44 72296 72358 72596 72938 72974 73067 73113 73189 73250 73282 73397 73436 73757 74152 74240 74495 74525 74547 74556 74598 74761 74798 74831 74858 74912 74936 74946 75037 75060 75090 75097 75185 75239 75247 75256 75306 75377 75416 75430 75526 75646 75699 75751 75774
storage FR941206-1-00134 2 72297 75194
incineration FR941206-1-00134 1 72299
and FR941206-1-00134 64 72300 72324 72342 72372 72407 72459 72537 72651 72674 72702 72711 72758 72770 72908 73023 73043 73149 73166 73206 73222 73269 73279 73533 73681 73776 73863 73899 73929 73998 74112 74128 74146 74181 74313 74323 74328 74378 74463 74543 74589 74662 74669 74675 74685 74717 74722 74737 74791 74875 74892 74960 75044 75058 75068 75084 75144 75198 75220 75504 75529 75636 75729 75889 75897
estimates FR941206-1-00134 9 72301 74754 74767 74796 74983 75011 75075 75367 75552
annual FR941206-1-00134 4 72303 74364 75457 75913
waste FR941206-1-00134 16 72304 72309 72446 72828 73284 73655 73802 73814 73847 73913 74061 75252 75263 75278 75326 75375
production FR941206-1-00134 1 72305
pcb/radioactive FR941206-1-00134 1 72308
operations FR941206-1-00134 5 72313 72962 73560 73599 74228
office FR941206-1-00134 10 72314 72671 72699 72755 73161 73174 73218 73228 73896 74320
:25pp FR941206-1-00134 1 72319
12. FR941206-1-00134 1 72321
usepa FR941206-1-00134 46 72322 72384 72428 72474 72510 72545 72568 72591 72631 72687 72743 72806 72840 72874 72917 72969 72991 73015 73057 73103 73145 73150 73202 73207 73263 73270 73303 73351 73388 73408 73447 73472 73525 73567 73606 73648 73671 73710 73794 73836 73882 74010 74055 74167 74235 74257
compliance FR941206-1-00134 28 72330 72636 72667 72999 73176 73230 73633 74265 74683 74735 74841 74871 74903 74957 75064 75080 75099 75124 75337 75421 75637 75677 75706 75719 75749 75792 75802 75914
agreement FR941206-1-00134 1 72331
between FR941206-1-00134 2 72332 75664
united FR941206-1-00134 2 72334 72344
states FR941206-1-00134 2 72335 72345
department FR941206-1-00134 2 72336 74077
doe FR941206-1-00134 4 72340 72361 72498 74074
epa FR941206-1-00134 26 72350 72862 73096 73133 73292 73398 73437 73484 73735 73979 74064 74195 74586 74789 74849 74933 74941 74953 74975 75021 75042 75382 75408 75592 75596 75671
toxic FR941206-1-00134 10 72353 72675 72703 72759 73163 73220 73716 73900 74098 74182
substances FR941206-1-00134 9 72354 72676 72704 72760 73164 73221 73901 74099 74183
control FR941206-1-00134 2 72355 74100
act FR941206-1-00134 4 72356 74101 74563 74570
_ FR941206-1-00134 3 72357 72494 72607
re FR941206-1-00134 3 72359 72455 72902
: FR941206-1-00134 52 72360 72363 72412 72451 72456 72489 72529 72554 72577 72600 72719 72783 72896 72903 72934 72972 72987 73184 73245 73286 73327 73391 73404 73431 73443 73475 73494 73528 73542 73570 73581 73609 73619 73651 73667 73697 73706 73730 73754 73765 73789 73809 73940 73985 74042 74087 74199 74210 74238 74253 74808 74837
facilities FR941206-1-00134 4 72362 74091 75229 75863
paducah FR941206-1-00134 1 72364
ky FR941206-1-00134 1 72366
portsmouth FR941206-1-00134 1 72368
oh FR941206-1-00134 1 72370
tn FR941206-1-00134 1 72376
:23pp FR941206-1-00134 1 72381
13. FR941206-1-00134 1 72383
ogc FR941206-1-00134 3 72386 72430 73410
letter FR941206-1-00134 23 72388 72432 72691 72747 72880 72899 72952 73154 73211 73372 73412 73501 73551 73590 73612 73626 73673 73701 73886 73965 74014 74046 74218
from FR941206-1-00134 32 72389 72433 72481 72692 72732 72748 72881 72924 72955 73155 73212 73309 73373 73413 73452 73502 73552 73591 73627 73656 73674 73779 73887 73966 74015 74172 74221 74778 74787 74974 75294 75361
jc FR941206-1-00134 2 72390 72434
nelson FR941206-1-00134 2 72391 72435
to FR941206-1-00134 64 72393 72436 72484 72706 72762 72785 72817 72822 72884 72898 72927 72936 72958 73004 73069 73115 73179 73233 73316 73354 73377 73421 73462 73513 73556 73595 73611 73636 73659 73688 73699 73821 73835 73903 73942 73978 73989 74029 74044 74185 74224 74270 74316 74358 74414 74501 74539 74549 74587 74652 74747 74948 75008 75110 75122 75209 75216 75313 75543 75625 75725 75757 75846 75973
fs FR941206-1-00134 1 72394
blake FR941206-1-00134 1 72395
swidler FR941206-1-00134 1 72397
berlin FR941206-1-00134 1 72398
chartered FR941206-1-00134 1 72400
counsel FR941206-1-00134 6 72402 72443 72714 73419 73426 73634
general FR941206-1-00134 5 72404 73425 73459 73623 73693
motors FR941206-1-00134 1 72405
corporation FR941206-1-00134 2 72406 72409
chrysler FR941206-1-00134 1 72408
subject FR941206-1-00134 26 72411 72450 72488 72718 72782 72895 72933 72971 73183 73244 73326 73390 73430 73474 73527 73569 73608 73650 73696 73939 73984 74041 74086 74198 74237 74315
pcb FR941206-1-00134 39 72418 72457 72490 72525 72724 72814 72849 73006 73034 73077 73123 73187 73248 73337 73358 73487 73510 73654 73755 73780 74203 74272 74654 74673 74706 74720 74723 74749 75167 75183 75251 75262 75359 75573 75686 75697 75865 75904 75943
manifest FR941206-1-00134 1 72419
rule FR941206-1-00134 9 72420 72461 72492 73364 73485 74513 74536 74615 74963
:3pp FR941206-1-00134 3 72425 73199 73260
14. FR941206-1-00134 1 72427
m. FR941206-1-00134 1 72437
edgar FR941206-1-00134 1 72438
piper FR941206-1-00134 2 72440 72710
marbury FR941206-1-00134 2 72441 72712
chemical FR941206-1-00134 6 72445 72827 73322 73517 73640 75186
management FR941206-1-00134 3 72447 72850 74322
notification FR941206-1-00134 1 72458
manifesting FR941206-1-00134 1 72460
; FR941206-1-00134 10 72462 72464 73011 74277 74421 74440 74468 75118 75513 75531
correction FR941206-1-00134 1 72463
dated FR941206-1-00134 2 72465 74084
:2pp FR941206-1-00134 2 72471 72507
15. FR941206-1-00134 1 72473
oppts FR941206-1-00134 11 72476 72967 72993 73470 73565 73604 73712 73884 74012 74233 74259
eed FR941206-1-00134 10 72478 72878 72921 72931 73019 73061 73107 73267 73521 73644
note FR941206-1-00134 1 72480
d. FR941206-1-00134 6 72482 72928 73852 73918 73968 74031
hannemann FR941206-1-00134 1 72483
file FR941206-1-00134 1 72486
disposal FR941206-1-00134 25 72491 72728 72815 73078 73124 73338 74062 74200 74676 74890 74893 75142 75145 75161 75164 75181 75203 75226 75254 75290 75327 75357 75940 75954 75964
amendment FR941206-1-00134 1 72493
criticality FR941206-1-00134 1 72495
meeting FR941206-1-00134 1 72496
with FR941206-1-00134 15 72497 72524 73000 74103 74266 74431 74527 74600 74872 75065 75081 75100 75125 75268 75864
[ FR941206-1-00134 7 72500 72800 73826 73876 73953 73994 74022
] FR941206-1-00134 7 72502 72804 73832 73880 73957 74004 74028
16. FR941206-1-00134 1 72509
oswer FR941206-1-00134 3 72512 72547 72570
hscd FR941206-1-00134 1 72514
guide FR941206-1-00134 1 72517
on FR941206-1-00134 20 72518 72726 72812 73045 73335 73356 73531 74126 74366 74616 74633 74665 74889 74987 75141 75159 75366 75396 75618 75789
remedial FR941206-1-00134 1 72519
actions FR941206-1-00134 2 72520 75120
at FR941206-1-00134 4 72521 75227 75385 75480
superfund FR941206-1-00134 4 72522 72551 72574 75379
sites FR941206-1-00134 5 72523 75296 75363 75376 75395
contamination FR941206-1-00134 2 72526 75687
directive FR941206-1-00134 1 72528
9355.401 FR941206-1-00134 1 72530
august FR941206-1-00134 2 72533 72679
1990 FR941206-1-00134 2 72534 72790
:136pp FR941206-1-00134 1 72536
fact FR941206-1-00134 1 72538
sheet FR941206-1-00134 1 72539
9355.401fs FR941206-1-00134 1 72541
17. FR941206-1-00134 1 72544
oerr FR941206-1-00134 2 72549 72572
national FR941206-1-00134 3 72552 72575 75398
results FR941206-1-00134 4 72553 72576 73753 73778
cerclis FR941206-1-00134 1 72555
characterization FR941206-1-00134 2 72556 72579
project FR941206-1-00134 3 72557 72580 73274
epa/540/891/080 FR941206-1-00134 1 72559
october FR941206-1-00134 2 72562 72585
1991 FR941206-1-00134 4 72563 72586 72856 73298
:89pp FR941206-1-00134 1 72565
18. FR941206-1-00134 1 72567
npl FR941206-1-00134 1 72578
epa/540/891/069 FR941206-1-00134 1 72582
:109pp FR941206-1-00134 1 72588
19. FR941206-1-00134 1 72590
region FR941206-1-00134 4 72593 73305 73332 74196
5 FR941206-1-00134 2 72594 75478
matter FR941206-1-00134 1 72598
standard FR941206-1-00134 2 72601 74793
scrap FR941206-1-00134 2 72602 73239
metal FR941206-1-00134 1 72603
company FR941206-1-00134 1 72604
tscavc288 FR941206-1-00134 1 72608
appeal FR941206-1-00134 1 72610
874 FR941206-1-00134 1 72613
by FR941206-1-00134 18 72617 72660 72867 73029 73051 73079 73098 73125 73135 73740 73837 74024 74109 74318 74437 74672 74952 75927
rl FR941206-1-00134 1 72618
mccallum FR941206-1-00134 1 72619
chief FR941206-1-00134 2 72621 73320
judicial FR941206-1-00134 1 72622
officer FR941206-1-00134 1 72623
:20pp FR941206-1-00134 1 72628
20. FR941206-1-00134 1 72630
opts FR941206-1-00134 20 72633 72689 72745 72801 72808 72842 72876 72919 73017 73059 73084 73105 73147 73204 73265 73523 73646 73877 73954 74169
tsca FR941206-1-00134 3 72635 73831 75217
program FR941206-1-00134 3 72637 74068 75380
policy FR941206-1-00134 12 72638 73037 74115 74477 74850 74934 74942 75022 75043 75593 75672 75949
6pcb2 FR941206-1-00134 1 72641
- FR941206-1-00134 1 72643
distillation FR941206-1-00134 1 72644
solvent FR941206-1-00134 1 72646
filtration FR941206-1-00134 1 72649
other FR941206-1-00134 1 72652
physical FR941206-1-00134 3 72653 72975 74241
separation FR941206-1-00134 1 72654
methods FR941206-1-00134 3 72655 72816 74918
pcbs FR941206-1-00134 4 72657 72937 74911 75712
signed FR941206-1-00134 2 72659 74023
ae FR941206-1-00134 3 72661 73167 73223
conroy FR941206-1-00134 3 72662 73168 73224
ii FR941206-1-00134 3 72664 73169 75936
director FR941206-1-00134 9 72666 73159 73171 73216 73226 73382 73843 73909 74189
monitoring FR941206-1-00134 3 72668 73177 73231
staff FR941206-1-00134 1 72669
pesticides FR941206-1-00134 5 72673 72701 72757 73898 74180
16 FR941206-1-00134 1 72680
1983 FR941206-1-00134 1 72682
:4pp FR941206-1-00134 2 72684 72740
21. FR941206-1-00134 1 72686
ja FR941206-1-00134 1 72693
moore FR941206-1-00134 2 72694 74175
assistant FR941206-1-00134 7 72696 72752 73457 73467 73893 74020 74177
administrator FR941206-1-00134 7 72697 72753 73468 73894 73980 74021 74178
tk FR941206-1-00134 1 72707
allen FR941206-1-00134 1 72708
uswag FR941206-1-00134 1 72716
an FR941206-1-00134 8 72720 74353 74363 74432 74788 74847 74940 75901
interpretation FR941206-1-00134 2 72721 75693
regulations FR941206-1-00134 23 72725 73007 73399 73438 74273 74655 74750 74972 74998 75018 75047 75071 75087 75103 75117 75128 75309 75441 75574 75698 75754 75855 75961
drained FR941206-1-00134 2 72730 75942
carcasses FR941206-1-00134 1 72731
mineral FR941206-1-00134 1 72733
oil FR941206-1-00134 1 72734
transformers FR941206-1-00134 2 72735 75449
22. FR941206-1-00134 1 72742
lj FR941206-1-00134 2 72749 72885
fisher FR941206-1-00134 2 72750 73465
wj FR941206-1-00134 1 72763
walsh FR941206-1-00134 1 72764
pepper FR941206-1-00134 1 72766
hamilton FR941206-1-00134 1 72768
scheetz FR941206-1-00134 1 72769
hyatt FR941206-1-00134 1 72773
pitney FR941206-1-00134 1 72775
hardin FR941206-1-00134 1 72777
kipp FR941206-1-00134 1 72779
szuch FR941206-1-00134 1 72780
response FR941206-1-00134 9 72784 73068 73114 73353 73698 73941 74043 74548 74947
february FR941206-1-00134 2 72787 72854
2 FR941206-1-00134 3 72788 74423 75547
section FR941206-1-00134 10 72791 73314 73828 73945 74001 74337 74564 74680 74733 75649
21 FR941206-1-00134 4 72792 73829 73946 74002
docket FR941206-1-00134 5 72802 73082 73878 73955 74558
210025 FR941206-1-00134 1 72803
23. FR941206-1-00134 1 72805
interim FR941206-1-00134 1 72810
guidance FR941206-1-00134 1 72811
nond FR941206-1-00134 1 72813
be FR941206-1-00134 8 72818 75282 75427 75469 75544 75758 75925 75974
used FR941206-1-00134 6 72819 74769 74797 74806 75007 75026
as FR941206-1-00134 15 72820 72981 73027 74247 74352 74415 74532 74693 75000 75027 75190 75498 75525 75598 75644
alternatives FR941206-1-00134 2 72821 75215
40 FR941206-1-00134 3 72824 73823 73991
cfr FR941206-1-00134 3 72825 73824 73992
761.75 FR941206-1-00134 1 72826
landfill FR941206-1-00134 1 72829
cwl FR941206-1-00134 1 72831
:16pp FR941206-1-00134 1 72837
24. FR941206-1-00134 1 72839
ead FR941206-1-00134 2 72844 73384
summary FR941206-1-00134 5 72846 73063 73109 73275 73751
state FR941206-1-00134 3 72848 73180 74402
programs FR941206-1-00134 2 72851 74459
:193pp FR941206-1-00134 1 72858
prepared FR941206-1-00134 9 72860 73050 73094 73131 73733 74108 74985 75057 75077
under FR941206-1-00134 10 72861 73095 73132 73734 73827 74289 74336 75575 75631 75878
contract FR941206-1-00134 4 72863 73097 73134 73736
68d00020 FR941206-1-00134 1 72866
abt FR941206-1-00134 1 72868
associates FR941206-1-00134 1 72869
inc FR941206-1-00134 2 72871 73749
25. FR941206-1-00134 1 72873
mp FR941206-1-00134 1 72882
halper FR941206-1-00134 1 72883
ogden FR941206-1-00134 1 72886
interstate FR941206-1-00134 2 72888 74127
natural FR941206-1-00134 3 72889 72904 74113
gas FR941206-1-00134 2 72890 72905
association FR941206-1-00134 2 72891 74526
america FR941206-1-00134 1 72893
responses FR941206-1-00134 1 72897
pipeline FR941206-1-00134 1 72906
removal FR941206-1-00134 1 72907
retirement FR941206-1-00134 1 72909
:12pp FR941206-1-00134 1 72914
26. FR941206-1-00134 1 72916
memorandum FR941206-1-00134 3 72923 73451 74171
ka FR941206-1-00134 1 72925
hammerstrom FR941206-1-00134 1 72926
keenher FR941206-1-00134 1 72929
exposure FR941206-1-00134 1 72935
recycled FR941206-1-00134 1 72939
pipe FR941206-1-00134 1 72940
:8pp FR941206-1-00134 2 72945 73348
27. FR941206-1-00134 1 72947
university FR941206-1-00134 2 72948 74214
wisconsinmadison FR941206-1-00134 2 72950 74216
via FR941206-1-00134 2 72953 74219
facsimile FR941206-1-00134 2 72954 74220
peter FR941206-1-00134 2 72956 74222
reinhardt FR941206-1-00134 2 72957 74223
john FR941206-1-00134 3 72959 74173 74225
smith FR941206-1-00134 3 72960 73054 74226
branch FR941206-1-00134 7 72963 73324 73519 73561 73600 73642 74229
cmd FR941206-1-00134 4 72965 73563 73602 74231
research FR941206-1-00134 3 72973 73742 74239
chemistry FR941206-1-00134 2 72976 74242
since FR941206-1-00134 4 72977 74243 75451 75811
1947 FR941206-1-00134 2 72978 74244
using FR941206-1-00134 3 72979 74245 75589
aroclors FR941206-1-00134 2 72980 74246
solvents FR941206-1-00134 2 72982 74248
5pp FR941206-1-00134 3 72988 73582 74254
28. FR941206-1-00134 1 72990
eetd FR941206-1-00134 2 72995 74261
costs FR941206-1-00134 22 72997 74263 74684 74736 74774 74842 74904 74928 75113 75165 75224 75338 75422 75458 75638 75707 75720 75746 75793 75848 75915 75970
proposed FR941206-1-00134 26 73002 73074 73120 73363 74268 74530 74614 74650 74698 74745 74877 74887 74962 75017 75070 75086 75116 75139 75157 75171 75308 75586 75753 75841 75854 75960
amendments FR941206-1-00134 12 73003 73339 74269 74651 74699 74707 74888 75035 75140 75158 75172 75587
241pp FR941206-1-00134 2 73012 74278
29. FR941206-1-00134 1 73014
wipe FR941206-1-00134 1 73021
sampling FR941206-1-00134 1 73022
double FR941206-1-00134 1 73024
wash/rinse FR941206-1-00134 1 73025
cleanup FR941206-1-00134 3 73026 73036 75390
recommended FR941206-1-00134 1 73028
spill FR941206-1-00134 1 73035
revised FR941206-1-00134 1 73042
clarified FR941206-1-00134 1 73044
:22pp FR941206-1-00134 1 73048
30. FR941206-1-00134 1 73056
comments FR941206-1-00134 5 73065 73111 73334 73355 74551
received FR941206-1-00134 3 73066 73112 74951
advanced FR941206-1-00134 2 73071 73117
notice FR941206-1-00134 2 73072 73118
rulemaking FR941206-1-00134 7 73075 73121 73820 73988 74601 75564 75835
submitter FR941206-1-00134 1 73080
number FR941206-1-00134 3 73083 74636 75286
66009 FR941206-1-00134 1 73085
draft FR941206-1-00134 4 73087 73129 73340 73796
:213pp FR941206-1-00134 1 73092
versar FR941206-1-00134 2 73099 73136
31. FR941206-1-00134 1 73102
topic FR941206-1-00134 2 73126 74921
area FR941206-1-00134 1 73127
:179pp FR941206-1-00134 1 73142
32. FR941206-1-00134 1 73144
ocm FR941206-1-00134 3 73152 73209 73686
cl FR941206-1-00134 2 73156 73213
elkins FR941206-1-00134 2 73157 73214
colleagues FR941206-1-00134 1 73181
use FR941206-1-00134 7 73185 73246 73392 73432 74755 74913 75200
capacitors FR941206-1-00134 3 73188 73249 74205
household FR941206-1-00134 2 73190 73251
`` FR941206-1-00134 6 73191 73252 74310 74347 74416 74515
white FR941206-1-00134 2 73192 73253
goods FR941206-1-00134 1 73193
'' FR941206-1-00134 6 73194 73255 74312 74351 74419 74517
33. FR941206-1-00134 1 73201
h. FR941206-1-00134 1 73234
cutler FR941206-1-00134 1 73235
institute FR941206-1-00134 2 73237 73743
recycling FR941206-1-00134 1 73240
industries FR941206-1-00134 2 73241 74670
good FR941206-1-00134 1 73254
34. FR941206-1-00134 1 73262
osw FR941206-1-00134 1 73272
-pcb FR941206-1-00134 1 73276
lead FR941206-1-00134 2 73278 75845
cadmium FR941206-1-00134 1 73280
levels FR941206-1-00134 2 73281 73756
shredder FR941206-1-00134 1 73283
materials FR941206-1-00134 1 73285
pilot FR941206-1-00134 1 73288
study FR941206-1-00134 6 73289 73782 74790 75106 75241 75349
560/590008a FR941206-1-00134 1 73293
april FR941206-1-00134 1 73297
:14pp FR941206-1-00134 1 73300
35. FR941206-1-00134 1 73302
viii FR941206-1-00134 2 73306 73333
memo FR941206-1-00134 1 73308
tc FR941206-1-00134 1 73310
pauling FR941206-1-00134 1 73311
toxics FR941206-1-00134 2 73313 74192
tony FR941206-1-00134 3 73317 73514 73637
baney FR941206-1-00134 3 73318 73515 73638
regulation FR941206-1-00134 8 73323 73518 73641 74626 74867 74878 75597 75842
follow FR941206-1-00134 1 73328
up FR941206-1-00134 1 73329
documentation FR941206-1-00134 1 73330
proposal FR941206-1-00134 1 73341
may FR941206-1-00134 3 73343 73805 74163
27 FR941206-1-00134 1 73344
1992 FR941206-1-00134 1 73346
36. FR941206-1-00134 1 73350
wet FR941206-1-00134 1 73359
weight/dry FR941206-1-00134 1 73360
weight FR941206-1-00134 1 73361
clarification FR941206-1-00134 1 73362
june FR941206-1-00134 1 73366
1993 FR941206-1-00134 4 73367 73787 73807 75410
37. FR941206-1-00134 1 73369
astm FR941206-1-00134 4 73370 73395 73428 73434
robert FR941206-1-00134 1 73374
l. FR941206-1-00134 2 73375 74580
meltzer FR941206-1-00134 1 73376
david FR941206-1-00134 1 73378
kling FR941206-1-00134 1 73379
acting FR941206-1-00134 2 73381 73892
oppt FR941206-1-00134 2 73386 74799
copyrighted FR941206-1-00134 1 73394
standards FR941206-1-00134 2 73396 73435
1p FR941206-1-00134 2 73405 73543
38. FR941206-1-00134 1 73407
thomas FR941206-1-00134 1 73414
w. FR941206-1-00134 4 73415 73504 73554 73593
gorman FR941206-1-00134 1 73416
patent FR941206-1-00134 1 73418
morris FR941206-1-00134 1 73422
brooke FR941206-1-00134 1 73423
2pp FR941206-1-00134 3 73444 73620 73707
39. FR941206-1-00134 1 73446
oig FR941206-1-00134 1 73449
kenneth FR941206-1-00134 1 73453
a. FR941206-1-00134 3 73454 74174 74285
konz FR941206-1-00134 1 73455
inspector FR941206-1-00134 1 73458
audit FR941206-1-00134 1 73461
linda FR941206-1-00134 1 73463
j. FR941206-1-00134 4 73464 73676 73889 74026
special FR941206-1-00134 1 73476
report FR941206-1-00134 2 73477 73530
e1epg21160002500065 FR941206-1-00134 1 73480
regulating FR941206-1-00134 1 73486
transformer FR941206-1-00134 1 73488
fires FR941206-1-00134 1 73489
24pp FR941206-1-00134 1 73495
40. FR941206-1-00134 1 73497
monsanto FR941206-1-00134 1 73498
co. FR941206-1-00134 2 73500 73625
gary FR941206-1-00134 2 73503 74186
mappes FR941206-1-00134 1 73505
chairman FR941206-1-00134 1 73507
cma FR941206-1-00134 1 73509
panel FR941206-1-00134 1 73511
sab FR941206-1-00134 1 73529
leachability FR941206-1-00134 2 73532 73536
ansi/ans FR941206-1-00134 1 73534
16.1 FR941206-1-00134 1 73535
test FR941206-1-00134 1 73537
41. FR941206-1-00134 1 73545
kelly FR941206-1-00134 2 73546 73585
stansfield FR941206-1-00134 2 73548 73587
o'donnell FR941206-1-00134 2 73549 73588
lloyd FR941206-1-00134 2 73553 73592
landreth FR941206-1-00134 2 73555 73594
tom FR941206-1-00134 2 73557 73596
simons FR941206-1-00134 2 73558 73597
manufacturers FR941206-1-00134 1 73571
' FR941206-1-00134 1 73572
certification FR941206-1-00134 1 73573
oilfilled FR941206-1-00134 1 73575
equipment FR941206-1-00134 4 73576 75530 75866 75905
42. FR941206-1-00134 1 73584
followup FR941206-1-00134 1 73610
43. FR941206-1-00134 1 73622
electric FR941206-1-00134 2 73624 73694
marion FR941206-1-00134 2 73628 73689
p. FR941206-1-00134 2 73629 73690
herrington FR941206-1-00134 2 73630 73691
import FR941206-1-00134 1 73652
territories FR941206-1-00134 1 73658
continental FR941206-1-00134 1 73661
3pp FR941206-1-00134 1 73668
44. FR941206-1-00134 1 73670
michael FR941206-1-00134 2 73675 73682
walker FR941206-1-00134 1 73677
oe FR941206-1-00134 1 73679
f. FR941206-1-00134 1 73683
wood FR941206-1-00134 1 73684
co.. FR941206-1-00134 1 73695
45. FR941206-1-00134 1 73709
opb FR941206-1-00134 1 73714
characteristic FR941206-1-00134 1 73717
leaching FR941206-1-00134 1 73718
procedure FR941206-1-00134 1 73719
tclp FR941206-1-00134 1 73721
galbestos FR941206-1-00134 1 73724
siding FR941206-1-00134 1 73725
35pp FR941206-1-00134 1 73731
68do0137 FR941206-1-00134 1 73739
midwest FR941206-1-00134 1 73741
46. FR941206-1-00134 1 73745
sd FR941206-1-00134 1 73746
myers FR941206-1-00134 1 73747
light FR941206-1-00134 1 73758
ballast FR941206-1-00134 4 73759 73781 73870 73936
compound FR941206-1-00134 1 73760
31pp FR941206-1-00134 1 73766
47. FR941206-1-00134 1 73768
inc.. FR941206-1-00134 1 73773
analytical FR941206-1-00134 2 73774 73777
protocol FR941206-1-00134 1 73775
september FR941206-1-00134 1 73784
20 FR941206-1-00134 1 73785
112 FR941206-1-00134 1 73790
pp FR941206-1-00134 1 73791
48. FR941206-1-00134 1 73793
strategy FR941206-1-00134 1 73797
combustion FR941206-1-00134 1 73799
hazardous FR941206-1-00134 5 73801 73813 73846 73912 75374
14pp FR941206-1-00134 1 73810
49. FR941206-1-00134 1 73812
treatment FR941206-1-00134 7 73815 73848 73914 74839 74881 74926 75133
council FR941206-1-00134 3 73816 73849 73915
amend FR941206-1-00134 2 73822 73990
761.60 FR941206-1-00134 3 73825 73993 75928
submitted FR941206-1-00134 2 73834 74538
richard FR941206-1-00134 2 73838 73904
c. FR941206-1-00134 2 73839 73905
fortuna FR941206-1-00134 2 73840 73906
executive FR941206-1-00134 7 73842 73908 74286 74290 74333 74497 74506
franklin FR941206-1-00134 4 73851 73917 73967 74030
sales FR941206-1-00134 4 73853 73919 73969 74032
president FR941206-1-00134 5 73855 73921 73971 74034 74486
salesco FR941206-1-00134 5 73857 73923 73959 73973 74036
systems FR941206-1-00134 5 73858 73924 73960 73974 74037
usa FR941206-1-00134 5 73859 73925 73962 73975 74038
brin FR941206-1-00134 2 73864 73930
mccagg FR941206-1-00134 2 73865 73931
vicepresident FR941206-1-00134 2 73867 73933
fulcircle FR941206-1-00134 2 73869 73935
recyclers FR941206-1-00134 2 73871 73937
non1 FR941206-1-00134 2 73879 73956
50. FR941206-1-00134 1 73881
victor FR941206-1-00134 2 73888 74025
kimm FR941206-1-00134 2 73890 74027
51. FR941206-1-00134 1 73958
carol FR941206-1-00134 1 73981
browner FR941206-1-00134 1 73982
withdrawal FR941206-1-00134 1 73995
name FR941206-1-00134 1 73997
support FR941206-1-00134 1 73999
52. FR941206-1-00134 1 74009
lynn FR941206-1-00134 1 74016
r. FR941206-1-00134 1 74017
goldman FR941206-1-00134 1 74018
53. FR941206-1-00134 1 74054
green FR941206-1-00134 2 74057 74066
lights FR941206-1-00134 2 74058 74067
lighting FR941206-1-00134 1 74060
's FR941206-1-00134 3 74065 74487 74976
january FR941206-1-00134 1 74070
1994 FR941206-1-00134 1 74071
54. FR941206-1-00134 1 74073
order FR941206-1-00134 8 74075 74080 74287 74291 74334 74344 74498 74507
5480.5 FR941206-1-00134 1 74083
92386. FR941206-1-00134 1 74085
safety FR941206-1-00134 3 74088 74145 74399
nuclear FR941206-1-00134 1 74090
55. FR941206-1-00134 1 74093
legislative FR941206-1-00134 1 74094
history FR941206-1-00134 1 74095
together FR941206-1-00134 1 74102
sectionbysection FR941206-1-00134 1 74105
index FR941206-1-00134 1 74106
environment FR941206-1-00134 3 74111 74394 75815
resources FR941206-1-00134 1 74114
division FR941206-1-00134 2 74116 74193
library FR941206-1-00134 1 74119
congress FR941206-1-00134 1 74121
house FR941206-1-00134 1 74124
committee FR941206-1-00134 1 74125
foreign FR941206-1-00134 1 74129
commerce FR941206-1-00134 1 74130
december FR941206-1-00134 1 74132
1976 FR941206-1-00134 1 74133
pages FR941206-1-00134 1 74135
616618 FR941206-1-00134 1 74136
56. FR941206-1-00134 1 74138
bureau FR941206-1-00134 1 74140
mines FR941206-1-00134 2 74142 74155
mine FR941206-1-00134 1 74144
health FR941206-1-00134 2 74147 74397
administration FR941206-1-00134 1 74148
electrical FR941206-1-00134 1 74150
accidents FR941206-1-00134 1 74151
bituminous FR941206-1-00134 1 74153
coal FR941206-1-00134 1 74154
miners FR941206-1-00134 1 74157
circular FR941206-1-00134 1 74158
59 FR941206-1-00134 1 74161
1959 FR941206-1-00134 1 74164
57. FR941206-1-00134 1 74166
o'neal FR941206-1-00134 1 74187
air FR941206-1-00134 1 74191
x. FR941206-1-00134 1 74197
requirements FR941206-1-00134 11 74201 74284 74330 74677 75444 75512 75540 75750 75823 75861 75876
small FR941206-1-00134 4 74204 74617 74638 74713
8pp FR941206-1-00134 1 74211
58. FR941206-1-00134 1 74213
59. FR941206-1-00134 1 74256
vi FR941206-1-00134 1 74280
regulatory FR941206-1-00134 15 74282 74307 74349 74561 74568 74595 74605 74643 74661 74779 75435 75539 75558 75814 75829
assessment FR941206-1-00134 1 74283
12866 FR941206-1-00134 2 74288 74292
58 FR941206-1-00134 1 74294
fr FR941206-1-00134 1 74295
51735 FR941206-1-00134 1 74296
must FR941206-1-00134 2 74303 74608
determine FR941206-1-00134 1 74304
whether FR941206-1-00134 1 74305
action FR941206-1-00134 4 74308 74350 74354 74433
is FR941206-1-00134 11 74309 74356 74646 74922 75107 75207 75311 75364 75602 75797 75805
significant FR941206-1-00134 5 74311 74348 74418 74516 74631
therefore FR941206-1-00134 1 74314
budget FR941206-1-00134 1 74324
omb FR941206-1-00134 4 74326 74509 74540 74550
3 FR941206-1-00134 3 74338 74442 75481
f FR941206-1-00134 1 74340
defines FR941206-1-00134 1 74345
that FR941206-1-00134 17 74355 74511 74715 74845 74855 74931 75176 75211 75276 75321 75384 75465 75541 75679 75771 75776 75843
likely FR941206-1-00134 3 74357 75312 75655
1 FR941206-1-00134 6 74360 74726 74809 75319 75351 75884
have FR941206-1-00134 4 74362 74629 75519 75703
effect FR941206-1-00134 5 74365 74859 74884 75136 75784
economy FR941206-1-00134 2 74368 74385
$ FR941206-1-00134 9 74370 74816 75608 75622 75626 75640 75759 75917 75975
100 FR941206-1-00134 1 74371
million FR941206-1-00134 3 74372 75642 75761
or FR941206-1-00134 23 74373 74376 74398 74401 74406 74409 74428 74435 74457 74460 74469 74476 74490 74775 74954 75023 75163 75339 75423 75459 75594 75859 75867
more FR941206-1-00134 2 74374 75404
adversely FR941206-1-00134 1 74377
materially FR941206-1-00134 2 74379 74444
affecting FR941206-1-00134 1 74380
sector FR941206-1-00134 1 74382
productivity FR941206-1-00134 1 74387
competition FR941206-1-00134 1 74389
jobs FR941206-1-00134 1 74391
public FR941206-1-00134 1 74396
local FR941206-1-00134 1 74404
tribal FR941206-1-00134 1 74407
governments FR941206-1-00134 1 74408
communities FR941206-1-00134 1 74410
also FR941206-1-00134 2 74412 74702
referred FR941206-1-00134 1 74413
economically FR941206-1-00134 1 74417
create FR941206-1-00134 2 74425 75455
serious FR941206-1-00134 1 74426
inconsistency FR941206-1-00134 1 74427
otherwise FR941206-1-00134 1 74429
interfering FR941206-1-00134 1 74430
taken FR941206-1-00134 2 74434 75344
planned FR941206-1-00134 1 74436
another FR941206-1-00134 2 74438 75920
alter FR941206-1-00134 1 74445
budgetary FR941206-1-00134 1 74447
impacts FR941206-1-00134 2 74448 74664
entitlements FR941206-1-00134 1 74450
grants FR941206-1-00134 1 74452
user FR941206-1-00134 1 74454
fees FR941206-1-00134 1 74455
loan FR941206-1-00134 1 74458
rights FR941206-1-00134 1 74462
obligations FR941206-1-00134 1 74464
recipients FR941206-1-00134 1 74466
thereof FR941206-1-00134 1 74467
4 FR941206-1-00134 2 74471 75609
raise FR941206-1-00134 1 74473
novel FR941206-1-00134 1 74474
legal FR941206-1-00134 3 74475 74482 74822
issues FR941206-1-00134 1 74478
arising FR941206-1-00134 1 74479
out FR941206-1-00134 1 74480
mandates FR941206-1-00134 1 74483
priorities FR941206-1-00134 1 74488
principles FR941206-1-00134 1 74492
set FR941206-1-00134 1 74493
forth FR941206-1-00134 1 74494
this FR941206-1-00134 14 74496 74505 74512 74535 74679 74732 75105 75240 75277 75348 75563 75614 75763 75834
pursuant FR941206-1-00134 1 74500
terms FR941206-1-00134 1 74503
determined FR941206-1-00134 1 74510
was FR941206-1-00134 8 74514 74537 75006 75025 75056 75342 75496 75616
because FR941206-1-00134 3 74518 74969 75669
substantial FR941206-1-00134 3 74521 74635 75283
cost FR941206-1-00134 29 74522 74686 74728 74738 74753 74776 74833 74916 74982 75010 75054 75074 75340 75413 75424 75460 75551 75569 75582 75604 75619 75652 75730 75741 75769 75780 75803 75820 75922
savings FR941206-1-00134 13 74523 74687 74739 74777 75341 75425 75461 75570 75605 75620 75653 75731 75781
estimated FR941206-1-00134 7 74524 74740 75353 75383 75756 75912 75972
changes FR941206-1-00134 4 74529 74545 74780 75235
such FR941206-1-00134 5 74533 74642 75189 75440 75524
any FR941206-1-00134 1 74544
made FR941206-1-00134 1 74546
are FR941206-1-00134 11 74552 74785 74807 74856 74861 75095 75129 75732 75772 75877 75971
available FR941206-1-00134 2 74553 74591
b. FR941206-1-00134 1 74560
flexibility FR941206-1-00134 4 74562 74569 74596 74606
603 FR941206-1-00134 1 74565
15 FR941206-1-00134 1 74572
usc FR941206-1-00134 1 74573
8091 FR941206-1-00134 1 74574
et FR941206-1-00134 1 74575
seq FR941206-1-00134 1 74576
pub FR941206-1-00134 1 74578
96534. FR941206-1-00134 1 74581
requires FR941206-1-00134 1 74585
prepare FR941206-1-00134 1 74588
make FR941206-1-00134 1 74590
comment FR941206-1-00134 1 74593
analysis FR941206-1-00134 7 74597 74607 74645 74834 75149 75560 75831
connection FR941206-1-00134 1 74599
initial FR941206-1-00134 1 74604
describe FR941206-1-00134 2 74609 75856
impact FR941206-1-00134 6 74611 74632 74644 75559 75583 75830
business FR941206-1-00134 1 74618
entities FR941206-1-00134 3 74619 74639 74668
if FR941206-1-00134 1 74621
however FR941206-1-00134 3 74623 75273 75795
will FR941206-1-00134 8 74627 74656 74691 74708 75222 75264 75401 75844
not FR941206-1-00134 11 74628 74862 75049 75096 75130 75151 75237 75343 75766 75817 75951
required FR941206-1-00134 2 74647 75464
generate FR941206-1-00134 3 74657 75009 75911
variety FR941206-1-00134 2 74659 74711
deregulatory FR941206-1-00134 1 74663
diverse FR941206-1-00134 1 74667
affected FR941206-1-00134 1 74671
handling FR941206-1-00134 1 74674
examines FR941206-1-00134 1 74681
regulated FR941206-1-00134 1 74689
community FR941206-1-00134 1 74690
experience FR941206-1-00134 1 74692
result FR941206-1-00134 1 74695
it FR941206-1-00134 2 74701 75206
assesses FR941206-1-00134 1 74703
how FR941206-1-00134 1 74704
affect FR941206-1-00134 1 74709
businesses FR941206-1-00134 1 74714
handle FR941206-1-00134 1 74716
dispose FR941206-1-00134 1 74718
items FR941206-1-00134 4 74721 75474 75770 75788
wastes FR941206-1-00134 7 74724 75168 75184 75197 75304 75360 75868
estimation FR941206-1-00134 1 74729
methodology FR941206-1-00134 1 74730
describes FR941206-1-00134 1 74734
each FR941206-1-00134 2 74742 74920
revisions FR941206-1-00134 1 74746
various FR941206-1-00134 3 74756 75269 75709
economic FR941206-1-00134 1 74757
data FR941206-1-00134 1 74758
inputs FR941206-1-00134 1 74759
several FR941206-1-00134 6 74762 74826 74937 75174 75316 75417
cases FR941206-1-00134 3 74763 75038 75418
wage FR941206-1-00134 4 74765 74783 74794 74804
rate FR941206-1-00134 3 74766 74795 75388
were FR941206-1-00134 8 74768 74829 74984 75076 75236 75475 75688 75755
estimating FR941206-1-00134 1 74771
labor FR941206-1-00134 1 74773
rates FR941206-1-00134 3 74784 74805 74811
derived FR941206-1-00134 1 74786
represent FR941206-1-00134 1 74792
studies FR941206-1-00134 1 74800
hourly FR941206-1-00134 2 74803 74813
1wage FR941206-1-00134 1 74810
managerial FR941206-1-00134 1 74815
60.42 FR941206-1-00134 1 74817
scientific FR941206-1-00134 1 74818
52.39 FR941206-1-00134 1 74819
technical/foreman FR941206-1-00134 1 74820
43.80 FR941206-1-00134 1 74821
80.69 FR941206-1-00134 1 74823
clerical FR941206-1-00134 1 74824
21.73 FR941206-1-00134 1 74825
additional FR941206-1-00134 6 74827 75718 75740 75787 75847 75969
factors FR941206-1-00134 1 74828
considered FR941206-1-00134 2 74830 75131
including FR941206-1-00134 1 74836
• FR941206-1-00134 5 74838 74870 74880 74896 74915
paragraphs FR941206-1-00134 2 74844 75775
codify FR941206-1-00134 3 74846 74932 74965
existing FR941206-1-00134 13 74848 74866 74874 74971 74997 75046 75067 75083 75102 75127 75696 75813 75948
ie FR941206-1-00134 2 74852 75722
elements FR941206-1-00134 4 74854 75175 75454 75468
presently FR941206-1-00134 1 74857
but FR941206-1-00134 1 74860
part FR941206-1-00134 1 74863
capacity FR941206-1-00134 3 74891 75143 75162
prices FR941206-1-00134 2 74894 75146
consideration FR941206-1-00134 2 74897 75243
time FR941206-1-00134 6 74900 75323 75334 75354 75370 75494
horizon FR941206-1-00134 4 74901 75324 75335 75495
given FR941206-1-00134 2 74906 75320
declining FR941206-1-00134 2 74908 75333
quantities FR941206-1-00134 1 74909
annualization FR941206-1-00134 5 74917 75414 75486 75516 75535
discussed FR941206-1-00134 2 74923 75733
below FR941206-1-00134 2 74924 75734
provisions FR941206-1-00134 3 74930 75032 75851
instances FR941206-1-00134 1 74938
has FR941206-1-00134 1 74943
been FR941206-1-00134 1 74944
developed FR941206-1-00134 3 74945 75561 75832
new FR941206-1-00134 5 74949 75453 75748 75822 75857
information FR941206-1-00134 1 74950
concerns FR941206-1-00134 1 74955
about FR941206-1-00134 1 74956
problems FR941206-1-00134 1 74958
would FR941206-1-00134 9 74964 75281 75426 75518 75537 75654 75702 75910 75924
these FR941206-1-00134 8 74966 75233 75651 75700 75786 75875 75907 75956
policies FR941206-1-00134 2 74967 74977
differ FR941206-1-00134 2 74973 75050
two FR941206-1-00134 6 74979 74988 75577 75666 75871 75908
sets FR941206-1-00134 1 74980
based FR941206-1-00134 3 74986 75365 75617
different FR941206-1-00134 1 74989
baselines FR941206-1-00134 4 74990 75578 75634 75667
strict FR941206-1-00134 2 74993 75692
language FR941206-1-00134 1 74994
served FR941206-1-00134 1 74999
first FR941206-1-00134 2 75002 75432
baseline FR941206-1-00134 5 75003 75029 75600 75726 75810
which FR941206-1-00134 2 75005 75894
all FR941206-1-00134 2 75013 75073
sections FR941206-1-00134 3 75014 75838 75909
actual FR941206-1-00134 1 75020
practice FR941206-1-00134 1 75024
29 FR941206-1-00134 1 75031
where FR941206-1-00134 1 75039
current FR941206-1-00134 4 75041 75387 75591 75670
do FR941206-1-00134 1 75048
single FR941206-1-00134 1 75053
estimate FR941206-1-00134 4 75055 75111 75764 75804
applied FR941206-1-00134 1 75059
either FR941206-1-00134 4 75061 75160 75590 75809
assuming FR941206-1-00134 1 75078
full FR941206-1-00134 2 75079 75098
although FR941206-1-00134 1 75089
reality FR941206-1-00134 1 75091
many FR941206-1-00134 1 75093
companies FR941206-1-00134 1 75094
designed FR941206-1-00134 1 75108
only FR941206-1-00134 1 75109
necessary FR941206-1-00134 1 75121
achieve FR941206-1-00134 1 75123
does FR941206-1-00134 3 75150 75765 75816
reflect FR941206-1-00134 1 75152
possible FR941206-1-00134 1 75153
effects FR941206-1-00134 1 75154
include FR941206-1-00134 3 75173 75442 75767
could FR941206-1-00134 1 75177
reduce FR941206-1-00134 1 75178
demand FR941206-1-00134 1 75179
landfills FR941206-1-00134 2 75187 75219
allowing FR941206-1-00134 1 75191
longer FR941206-1-00134 2 75193 75515
some FR941206-1-00134 1 75196
alternative FR941206-1-00134 2 75202 75633
technologies FR941206-1-00134 1 75204
reasonable FR941206-1-00134 1 75208
anticipate FR941206-1-00134 1 75210
availability FR941206-1-00134 1 75213
permitted FR941206-1-00134 1 75218
incinerators FR941206-1-00134 1 75221
lower FR941206-1-00134 1 75223
those FR941206-1-00134 1 75228
nevertheless FR941206-1-00134 1 75231
market FR941206-1-00134 1 75234
modeled FR941206-1-00134 1 75238
future FR941206-1-00134 3 75245 75257 75660
declines FR941206-1-00134 1 75246
volume FR941206-1-00134 1 75249
requiring FR941206-1-00134 1 75253
years FR941206-1-00134 4 75258 75288 75405 75479
amount FR941206-1-00134 1 75260
decline FR941206-1-00134 1 75265
discussions FR941206-1-00134 1 75267
industry FR941206-1-00134 1 75270
representatives FR941206-1-00134 1 75271
indicated FR941206-1-00134 1 75275
stream FR941206-1-00134 1 75279
still FR941206-1-00134 1 75280
pcbcontaminated FR941206-1-00134 1 75292
soils FR941206-1-00134 1 75293
remediation FR941206-1-00134 3 75295 75362 75392
one FR941206-1-00134 1 75298
major FR941206-1-00134 2 75301 75921
categories FR941206-1-00134 1 75302
addressed FR941206-1-00134 1 75305
continue FR941206-1-00134 1 75314
decades FR941206-1-00134 1 75317
remains FR941206-1-00134 1 75328
so FR941206-1-00134 1 75329
long FR941206-1-00134 1 75330
into FR941206-1-00134 3 75345 75658 75674
account FR941206-1-00134 2 75346 75675
horion FR941206-1-00134 1 75355
needed FR941206-1-00134 1 75371
remediating FR941206-1-00134 1 75373
priority FR941206-1-00134 1 75399
list FR941206-1-00134 1 75400
take FR941206-1-00134 1 75402
48 FR941206-1-00134 1 75403
incurred FR941206-1-00134 1 75428
solely FR941206-1-00134 1 75429
year FR941206-1-00134 4 75433 75484 75612 75630
after FR941206-1-00134 1 75434
implementation FR941206-1-00134 1 75436
examples FR941206-1-00134 1 75438
onetime FR941206-1-00134 3 75443 75467 75473
registration FR941206-1-00134 1 75447
most FR941206-1-00134 4 75452 75499 75507 75872
recurring FR941206-1-00134 1 75456
consistency FR941206-1-00134 1 75463
annualized FR941206-1-00134 2 75470 75476
over FR941206-1-00134 2 75477 75607
percent FR941206-1-00134 1 75482
per FR941206-1-00134 3 75483 75611 75629
factor FR941206-1-00134 1 75487
0.2184 FR941206-1-00134 1 75489
5year FR941206-1-00134 1 75493
chosen FR941206-1-00134 1 75497
appropriate FR941206-1-00134 1 75500
administrative FR941206-1-00134 1 75503
recordkeeping FR941206-1-00134 3 75505 75858 75896
tasks FR941206-1-00134 1 75506
numerous FR941206-1-00134 1 75508
among FR941206-1-00134 1 75509
firstyear FR941206-1-00134 1 75511
schedule FR941206-1-00134 2 75517 75536
suggested FR941206-1-00134 1 75520
longterm FR941206-1-00134 1 75521
investments FR941206-1-00134 1 75522
durable FR941206-1-00134 1 75527
assets FR941206-1-00134 1 75528
shorter FR941206-1-00134 1 75533
term FR941206-1-00134 1 75534
suggest FR941206-1-00134 1 75538
need FR941206-1-00134 1 75542
renewed FR941206-1-00134 1 75545
aggregate FR941206-1-00134 2 75549 75567
net FR941206-1-00134 4 75550 75568 75581 75779
table FR941206-1-00134 2 75554 75825
41 FR941206-1-00134 1 75555
presents FR941206-1-00134 1 75565
billion FR941206-1-00134 3 75610 75624 75628
figure FR941206-1-00134 1 75615
4.2 FR941206-1-00134 1 75623
4.8 FR941206-1-00134 1 75627
11.6 FR941206-1-00134 2 75641 75760
noted FR941206-1-00134 1 75645
previous FR941206-1-00134 1 75648
extend FR941206-1-00134 1 75656
indefinitely FR941206-1-00134 1 75657
difference FR941206-1-00134 1 75663
occurs FR941206-1-00134 1 75668
took FR941206-1-00134 1 75673
exceptional FR941206-1-00134 1 75676
difficulties FR941206-1-00134 1 75678
arose FR941206-1-00134 1 75680
when FR941206-1-00134 1 75681
previously FR941206-1-00134 1 75682
unknown FR941206-1-00134 1 75683
sources FR941206-1-00134 1 75684
discovered FR941206-1-00134 1 75689
areas FR941206-1-00134 3 75701 75716 75738
generated FR941206-1-00134 2 75704 75926
large FR941206-1-00134 1 75705
users FR941206-1-00134 1 75710
specific FR941206-1-00134 1 75715
incremental FR941206-1-00134 2 75724 75745
conditions FR941206-1-00134 1 75727
total FR941206-1-00134 3 75744 75791 75968
certain FR941206-1-00134 1 75768
included FR941206-1-00134 1 75773
show FR941206-1-00134 1 75777
quite FR941206-1-00134 1 75798
modest FR941206-1-00134 1 75799
same FR941206-1-00134 1 75807
influence FR941206-1-00134 1 75818
42 FR941206-1-00134 1 75826
lists FR941206-1-00134 1 75836
six FR941206-1-00134 1 75850
reporting FR941206-1-00134 1 75860
costly FR941206-1-00134 1 75873
761.180 FR941206-1-00134 1 75879
iii FR941206-1-00134 1 75887
iv FR941206-1-00134 1 75891
require FR941206-1-00134 1 75895
preparation FR941206-1-00134 1 75899
inventory FR941206-1-00134 1 75902
3771180 FR941206-1-00134 1 75918
increment FR941206-1-00134 1 75923
b FR941206-1-00134 1 75930
6 FR941206-1-00134 1 75933
articles FR941206-1-00134 2 75944 75957
while FR941206-1-00134 1 75946
did FR941206-1-00134 1 75950
regulate FR941206-1-00134 1 75952
specify FR941206-1-00134 1 75962
acceptable FR941206-1-00134 1 75963
means FR941206-1-00134 1 75965
3.5 FR941206-1-00134 1 75976
