, FR940810-0-00039 83 870 873 876 878 931 935 937 941 945 951 988 991 994 997 1001 1003 1007 1012 1167 1171 1174 1176 1182 1186 1192 1334 1338 1340 1348 1415 1419 1421 1429 1464 1469 1471 1479 1601 1607 1609 1617 1685 1687 2064 2070 2072 2076 2080 2086 2150 2155 2160 2162 2170 2205 2209 2211 2219 2254 2258 2261 2263 2272 2309 2314 2317 2325 2358 2364 2368 2370 3035 3039 3044 3047 3055 3084 3126 3130 3132 3144 3153 3158
2nd FR940810-0-00039 1 871
floor FR940810-0-00039 2 872 993
suite FR940810-0-00039 3 874 1172 2259
202 FR940810-0-00039 1 875
batavia FR940810-0-00039 1 877
ohio FR940810-0-00039 2 879 938
. FR940810-0-00039 42 880 894 939 958 1005 1024 1180 1199 1342 1355 1423 1436 1473 1486 1611 1624 1689 1701 1772 1780 2074 2094 2118 2164 2178 2213 2228 2265 2280 2319 2333 2372 2384 2960 3049 3063 3134 3142 3148 3154 3163 3166
___ FR940810-0-00039 12 881 1343 1424 1474 1612 1690 2165 2214 2266 2320 2373 3050
milford FR940810-0-00039 2 882 936
( FR940810-0-00039 39 883 890 948 954 1016 1020 1189 1195 1345 1351 1426 1432 1476 1482 1614 1620 1693 1697 2083 2090 2167 2174 2216 2223 2269 2276 2322 2329 2380 2516 2556 2580 2681 2737 2759 3052 3059 3068 3135
city FR940810-0-00039 15 884 929 949 986 1190 1427 1477 1597 1615 1683 2217 2250 2270 2307 2906
) FR940810-0-00039 39 885 896 950 960 1019 1026 1191 1201 1347 1357 1428 1478 1488 1616 1626 1696 1703 2085 2096 2169 2180 2218 2225 2230 2271 2282 2324 2335 2386 2519 2560 2583 2684 2741 2763 3054 3065 3072 3150
clermont FR940810-0-00039 1 886
and FR940810-0-00039 6 887 1164 2377 2703 3086 3110
hamilton FR940810-0-00039 2 888 999
counties FR940810-0-00039 1 889
fema FR940810-0-00039 16 891 955 1021 1196 1352 1433 1483 1621 1698 2091 2175 2224 2277 2330 2381 3060
docket FR940810-0-00039 16 892 956 1022 1197 1353 1434 1484 1622 1699 2092 2176 2226 2278 2331 2382 3061
no FR940810-0-00039 23 893 957 1023 1068 1091 1198 1354 1435 1485 1623 1700 1771 1779 2093 2117 2177 2227 2279 2332 2383 2959 3062 3141
7073 FR940810-0-00039 1 895
east FR940810-0-00039 3 897 2818 3096
fork FR940810-0-00039 7 898 1452 1662 1755 2182 2663 2783
little FR940810-0-00039 8 899 910 971 1132 2443 2562 2585 3070
miami FR940810-0-00039 2 900 911
river FR940810-0-00039 38 901 912 1028 1033 1057 1073 1080 1096 1103 1113 1123 1143 1153 1392 1439 1574 1587 1816 1834 1867 1882 1897 1913 2337 2394 2409 2687 2696 2712 2728 2773 2864 2941 2993 3011 3067 3077 3091
: FR940810-0-00039 92 902 963 1029 1051 1074 1097 1117 1138 1204 1227 1241 1256 1270 1289 1303 1360 1380 1395 1442 1491 1506 1519 1535 1547 1563 1577 1631 1651 1664 1708 1718 1728 1743 1757 1789 1803 1817 1837 1855 1870 1885 1900 1916 1922 1940 1959 1974 1986 2010 2024 2040 2099 2123 2185 2233 2287 2338 2389 2404 2424 2439 2457 2484 2501 2523 2541 2565 2587 2604 2623 2646 2666 2690 2724 2745 2767 2791 2810 2826 2840 2859 2877 2898 2917 2936 2954 2967 2994 3006 3073 3092 3152
approximately FR940810-0-00039 44 903 914 964 1041 1059 1082 1105 1125 1145 1987 1998 2105 2130 2293 2411 2447 2458 2474 2491 2508 2530 2548 2572 2594 2605 2613 2624 2633 2653 2673 2714 2730 2751 2775 2847 2866 2884 2924 2943 2968 2980 3013 3093 3101
1003 FR940810-0-00039 1 904
feet FR940810-0-00039 51 905 966 1043 1084 1127 1147 1207 1247 1314 1386 1448 1497 1525 1634 1643 1734 1795 1809 1840 1906 1949 1965 1989 2000 2030 2046 2107 2132 2295 2413 2449 2460 2476 2493 2510 2596 2607 2635 2675 2716 2753 2777 2800 2849 2886 2926 2945 2970 2982 3095 3103
upstream FR940810-0-00039 68 906 917 967 1044 1085 1108 1148 1218 1232 1248 1261 1272 1280 1315 1364 1387 1498 1511 1568 1644 1735 1776 1810 1819 1827 1841 1848 1862 1877 1892 1924 1942 1950 1966 1979 2001 2047 2133 2192 2240 2296 2345 2414 2461 2468 2477 2494 2511 2533 2551 2575 2597 2616 2636 2656 2676 2717 2733 2754 2778 2850 2869 2887 2927 2946 2971 2983 3075
of FR940810-0-00039 115 907 918 968 1045 1063 1086 1109 1129 1131 1149 1209 1211 1219 1233 1249 1262 1273 1281 1295 1316 1331 1365 1372 1388 1401 1412 1450 1462 1499 1512 1527 1541 1553 1555 1569 1583 1585 1599 1636 1645 1657 1672 1736 1746 1762 1769 1777 1811 1820 1828 1842 1849 1863 1878 1893 1908 1925 1931 1943 1951 1967 1980 1991 1993 2002 2032 2048 2060 2109 2113 2134 2297 2360 2415 2451 2462 2470 2478 2495 2512 2534 2552 2576 2598 2609 2617 2628 2637 2657 2677 2700 2718 2734 2755 2779 2802 2834 2851 2870 2888 2907 2928 2947 2972 2984 3000 3017 3032 3076 3082 3097 3105 3108 3121 3137
confluence FR940810-0-00039 54 908 969 1054 1077 1100 1110 1120 1130 1140 1150 1210 1305 1317 1554 1584 1992 2125 2136 2391 2406 2427 2441 2463 2486 2503 2543 2567 2589 2648 2668 2692 2699 2708 2725 2746 2769 2780 2793 2812 2828 2842 2852 2861 2871 2879 2889 2900 2919 2929 2938 2973 2985 2999 3008
with FR940810-0-00039 47 909 970 1055 1078 1101 1111 1121 1141 1151 1306 1318 2126 2137 2392 2407 2428 2442 2464 2487 2504 2526 2544 2568 2590 2649 2669 2693 2709 2726 2747 2770 2781 2794 2813 2829 2843 2853 2862 2880 2890 2901 2920 2930 2939 2974 2986 3009
*512 FR940810-0-00039 1 913
0.4 FR940810-0-00039 3 915 2531 2614
mile FR940810-0-00039 19 916 1061 1107 1279 1363 1670 1760 1826 1847 1861 1891 2016 2532 2550 2615 2626 2732 2868 3015
interstate FR940810-0-00039 2 919 1046
route FR940810-0-00039 17 920 1638 1674 1764 1933 2417 2434 2514 2536 2554 2578 2630 2659 2679 2739 2757 2949
275 FR940810-0-00039 1 921
*518 FR940810-0-00039 1 922
maps FR940810-0-00039 16 923 980 1155 1324 1405 1455 1591 1677 2051 2141 2196 2244 2301 2349 3022 3114
available FR940810-0-00039 16 924 981 1156 1325 1406 1456 1592 1678 2052 2142 2197 2245 2302 2350 3023 3115
for FR940810-0-00039 17 925 982 1157 1326 1407 1457 1593 1679 2053 2143 2198 2246 2303 2351 3024 3116 3161
inspection FR940810-0-00039 16 926 983 1158 1327 1408 1458 1594 1680 2054 2144 2199 2247 2304 2352 3025 3117
at FR940810-0-00039 98 927 975 984 1030 1052 1075 1098 1118 1139 1159 1228 1242 1257 1290 1304 1328 1381 1396 1409 1443 1459 1492 1507 1520 1536 1548 1564 1578 1595 1652 1665 1681 1709 1712 1719 1722 1729 1750 1783 1790 1804 1856 1871 1886 1901 1960 1975 2011 2025 2041 2055 2100 2124 2145 2186 2191 2200 2234 2239 2248 2288 2305 2339 2344 2353 2390 2396 2405 2425 2432 2440 2467 2485 2502 2524 2542 2566 2588 2647 2667 2691 2698 2707 2768 2792 2811 2817 2827 2841 2860 2878 2899 2905 2918 2937 3007 3026 3118
the FR940810-0-00039 29 928 985 1031 1053 1076 1099 1119 1160 1329 1410 1460 1596 1682 2056 2110 2135 2146 2201 2249 2306 2354 2361 2426 2694 2710 2771 3027 3106 3119
hall FR940810-0-00039 8 930 987 1684 2149 2204 2308 2357 2761
29 FR940810-0-00039 1 932
high FR940810-0-00039 1 933
street FR940810-0-00039 12 934 978 1000 1418 2159 2208 2257 2367 2804 2836 3112 3129
s FR940810-0-00039 8 940 944 1006 1011 1181 1185 2075 2079
n FR940810-0-00039 8 942 946 1008 1013 1183 1187 2077 2081
pennsylvania FR940810-0-00039 2 943 1004
allentown FR940810-0-00039 2 947 1002
lehigh FR940810-0-00039 2 952 972
county FR940810-0-00039 22 953 1015 1162 1194 1350 1431 1481 1619 1692 1713 1723 1751 1784 2058 2089 2173 2222 2275 2328 2376 3030 3058
7093 FR940810-0-00039 8 959 2095 2179 2229 2281 2334 2385 3064
trout FR940810-0-00039 1 961
creek FR940810-0-00039 63 962 973 1050 1070 1093 1116 1134 1137 1203 1213 1224 1238 1253 1267 1286 1300 1308 1320 1359 1377 1490 1505 1518 1546 1557 1562 1628 1650 1663 1705 1717 1727 1742 1756 1788 1800 1854 1921 1937 1956 1971 1985 2007 2021 2037 2098 2122 2128 2139 2438 2466 2586 2592 2603 2622 2643 2651 2705 2766 2785 3002 3005 3071
1180 FR940810-0-00039 1 965
*252 FR940810-0-00039 1 974
south FR940810-0-00039 6 976 1009 1177 1466 2157 2782
albert FR940810-0-00039 1 977
*354 FR940810-0-00039 1 979
engineering FR940810-0-00039 3 989 1463 1600
department FR940810-0-00039 6 990 1330 1411 1461 1598 3031
4th FR940810-0-00039 1 992
room FR940810-0-00039 1 995
411 FR940810-0-00039 1 996
435 FR940810-0-00039 1 998
carolina FR940810-0-00039 2 1010 1178
aiken FR940810-0-00039 3 1014 1161 1175
unincorporated FR940810-0-00039 2 1017 1694
areas FR940810-0-00039 3 1018 1695 2379
7079 FR940810-0-00039 1 1025
savannah FR940810-0-00039 9 1027 1032 1056 1095 1102 1112 1122 1142 1152
atomic FR940810-0-00039 1 1034
energy FR940810-0-00039 1 1035
commission FR940810-0-00039 1 1036
plant FR940810-0-00039 1 1037
reservation FR940810-0-00039 1 1038
boundary FR940810-0-00039 5 1039 1714 1724 1752 1785
*107 FR940810-0-00039 1 1040
500 FR940810-0-00039 5 1042 1447 1988 1999 2606
20 FR940810-0-00039 2 1047 2969
*147 FR940810-0-00039 3 1048 1144 1154
hollow FR940810-0-00039 2 1049 1451
*116 FR940810-0-00039 1 1058
0.5 FR940810-0-00039 6 1060 1278 1669 1759 1846 2015
downstream FR940810-0-00039 34 1062 1128 1208 1294 1371 1400 1449 1526 1540 1552 1582 1635 1656 1671 1745 1761 1768 1907 1930 1990 2031 2101 2108 2187 2235 2289 2340 2450 2608 2627 2801 2833 3016 3081
silver FR940810-0-00039 1 1064
bluff FR940810-0-00039 1 1065
road FR940810-0-00039 43 1066 1221 1235 1275 1283 1337 1368 1374 1403 1453 1468 1501 1515 1530 1533 1543 1571 1659 1739 1748 1813 1822 1831 1910 1927 1945 1953 1982 1995 2004 2453 2472 2480 2559 2582 2600 2611 2683 2720 2736 2762 2820 3078
*120 FR940810-0-00039 1 1067
name FR940810-0-00039 2 1069 1092
to FR940810-0-00039 5 1071 1094 2120 2962 2998
dead FR940810-0-00039 2 1072 1079
*129 FR940810-0-00039 1 1081
1200 FR940810-0-00039 2 1083 1808
seaboard FR940810-0-00039 1 1087
coastline FR940810-0-00039 1 1088
railroad FR940810-0-00039 4 1089 1297 2497 3088
*132 FR940810-0-00039 4 1090 1104 2942 2951
0.95 FR940810-0-00039 1 1106
*138 FR940810-0-00039 1 1114
horse FR940810-0-00039 2 1115 1133
*133 FR940810-0-00039 1 1124
700 FR940810-0-00039 2 1126 2045
*139 FR940810-0-00039 1 1135
fox FR940810-0-00039 1 1136
100 FR940810-0-00039 6 1146 2131 2412 2448 2752 2981
planning FR940810-0-00039 1 1163
development FR940810-0-00039 1 1165
office FR940810-0-00039 6 1166 2059 2154 2253 2359 3125
1680 FR940810-0-00039 1 1168
richland FR940810-0-00039 1 1169
avenue FR940810-0-00039 3 1170 2619 3099
130 FR940810-0-00039 1 1173
29801 FR940810-0-00039 1 1179
tennessee FR940810-0-00039 7 1184 1341 1422 1472 1610 1688 2073
bartlett FR940810-0-00039 3 1188 1263 1339
shelby FR940810-0-00039 9 1193 1349 1430 1480 1618 1658 1691 1747 2033
7058 FR940810-0-00039 6 1200 1356 1437 1487 1625 1702
harrington FR940810-0-00039 7 1202 1212 1223 1237 1252 1545 1556
about FR940810-0-00039 28 1205 1245 1277 1312 1361 1384 1446 1495 1523 1632 1641 1668 1732 1758 1793 1807 1824 1838 1845 1859 1874 1889 1904 1947 1963 2014 2028 2044
600 FR940810-0-00039 2 1206 2885
lateral FR940810-0-00039 27 1214 1225 1239 1254 1268 1287 1301 1309 1321 1378 1393 1440 1558 1575 1588 1801 1835 1868 1883 1898 1914 1938 1957 1972 2008 2022 2038
a FR940810-0-00039 10 1215 1240 1269 1559 1576 1802 1973 2645 2790 2876
*253 FR940810-0-00039 6 1216 1244 1251 1522 1560 2721
just FR940810-0-00039 23 1217 1231 1260 1271 1293 1370 1399 1510 1539 1551 1567 1581 1655 1744 1767 1775 1818 1923 1929 1941 1978 3074 3080
yale FR940810-0-00039 2 1220 1234
*272 FR940810-0-00039 2 1222 1851
f FR940810-0-00039 2 1226 1836
mouth FR940810-0-00039 41 1229 1243 1250 1258 1291 1382 1389 1397 1444 1493 1508 1521 1537 1549 1565 1579 1653 1666 1710 1720 1730 1791 1797 1805 1843 1850 1857 1864 1872 1879 1887 1894 1902 1961 1968 1976 2012 2018 2026 2042 2049
*270 FR940810-0-00039 6 1230 1265 1276 1516 1648 1814
*273 FR940810-0-00039 4 1236 1292 1792 1858
900 FR940810-0-00039 2 1246 2029
e FR940810-0-00039 1 1255
*268 FR940810-0-00039 4 1259 1676 1766 1977
boulevard FR940810-0-00039 1 1264
fletcher FR940810-0-00039 10 1266 1285 1299 1307 1319 1561 1920 1936 1955 1970
stage FR940810-0-00039 1 1274
appling FR940810-0-00039 1 1282
*295 FR940810-0-00039 1 1284
c FR940810-0-00039 7 1288 1310 1322 1379 2825 2916 3128
csx FR940810-0-00039 1 1296
*297 FR940810-0-00039 2 1298 1502
d FR940810-0-00039 2 1302 2423
*277 FR940810-0-00039 1 1311
1250 FR940810-0-00039 1 1313
*284 FR940810-0-00039 4 1323 1880 1903 2013
public FR940810-0-00039 3 1332 1413 3033
works FR940810-0-00039 2 1333 3034
3585 FR940810-0-00039 1 1335
altruria FR940810-0-00039 1 1336
collierville FR940810-0-00039 3 1344 1420 1829
town FR940810-0-00039 10 1346 2084 2148 2168 2203 2323 2356 2362 3053 3120
nonconnah FR940810-0-00039 7 1358 1376 1489 1984 2006 2020 2036
0.9 FR940810-0-00039 3 1362 1825 3014
bailey FR940810-0-00039 1 1366
station FR940810-0-00039 1 1367
*324 FR940810-0-00039 2 1369 2190
quinn FR940810-0-00039 1 1373
*362 FR940810-0-00039 1 1375
*342 FR940810-0-00039 1 1383
950 FR940810-0-00039 3 1385 2509 2634
*345 FR940810-0-00039 1 1390
wolf FR940810-0-00039 10 1391 1438 1573 1586 1815 1833 1866 1881 1896 1912
j FR940810-0-00039 2 1394 2009
*288 FR940810-0-00039 1 1398
shelton FR940810-0-00039 2 1402 1909
*292 FR940810-0-00039 4 1404 1753 2672 2957
services FR940810-0-00039 1 1414
167 FR940810-0-00039 1 1416
washington FR940810-0-00039 2 1417 2207
germantown FR940810-0-00039 5 1425 1467 1470 1821 1981
b FR940810-0-00039 9 1441 1939 2023 2286 2809 2897 2966 2978 2990
*261 FR940810-0-00039 4 1445 1454 1946 2498
1930 FR940810-0-00039 1 1465
memphis FR940810-0-00039 3 1475 1608 2071
*225 FR940810-0-00039 1 1494
2900 FR940810-0-00039 1 1496
winchester FR940810-0-00039 1 1500
john FR940810-0-00039 1 1503
's FR940810-0-00039 5 1504 1853 2153 2252 3124
*262 FR940810-0-00039 2 1509 1823
knight FR940810-0-00039 2 1513 1528
arnold FR940810-0-00039 2 1514 1529
tenmile FR940810-0-00039 1 1517
1850 FR940810-0-00039 1 1524
*255 FR940810-0-00039 2 1531 1654
howard FR940810-0-00039 2 1532 1994
outfall FR940810-0-00039 2 1534 1996
*278 FR940810-0-00039 1 1538
quince FR940810-0-00039 1 1542
*280 FR940810-0-00039 1 1544
*241 FR940810-0-00039 1 1550
*245 FR940810-0-00039 1 1566
whitten FR940810-0-00039 3 1570 1926 1944
*264 FR940810-0-00039 3 1572 1928 2446
*258 FR940810-0-00039 2 1580 1590
aa FR940810-0-00039 1 1589
125 FR940810-0-00039 1 1602
north FR940810-0-00039 7 1603 1661 1754 2066 2181 2662 3104
mid FR940810-0-00039 2 1604 2067
america FR940810-0-00039 2 1605 2068
mall FR940810-0-00039 2 1606 2069
millington FR940810-0-00039 2 1613 1686
big FR940810-0-00039 2 1627 1704
drainage FR940810-0-00039 2 1629 1706
canal FR940810-0-00039 2 1630 1707
2300 FR940810-0-00039 1 1633
us FR940810-0-00039 5 1637 1673 1763 1932 2629
51 FR940810-0-00039 3 1639 1675 1765
*254 FR940810-0-00039 1 1640
3400 FR940810-0-00039 1 1642
singleton FR940810-0-00039 1 1646
parkway FR940810-0-00039 1 1647
royster FR940810-0-00039 2 1649 1741
*259 FR940810-0-00039 2 1660 1749
*260 FR940810-0-00039 1 1667
*234 FR940810-0-00039 1 1711
*320 FR940810-0-00039 1 1715
bear FR940810-0-00039 2 1716 1799
*249 FR940810-0-00039 2 1721 1731
*307 FR940810-0-00039 1 1725
jakes FR940810-0-00039 1 1726
1500 FR940810-0-00039 1 1733
shake FR940810-0-00039 1 1737
rag FR940810-0-00039 1 1738
*250 FR940810-0-00039 2 1740 2401
dam FR940810-0-00039 3 1770 1778 2400
5 FR940810-0-00039 2 1773 1781
*279 FR940810-0-00039 3 1774 1873 1997
*296 FR940810-0-00039 1 1782
*304 FR940810-0-00039 1 1786
casper FR940810-0-00039 1 1787
1400 FR940810-0-00039 1 1794
above FR940810-0-00039 2 1796 2017
*274 FR940810-0-00039 1 1798
*265 FR940810-0-00039 1 1806
chambers FR940810-0-00039 1 1812
arlington FR940810-0-00039 1 1830
*293 FR940810-0-00039 1 1832
1000 FR940810-0-00039 3 1839 1964 2944
*271 FR940810-0-00039 1 1844
gray FR940810-0-00039 1 1852
0.6 FR940810-0-00039 2 1860 2549
*276 FR940810-0-00039 1 1865
h FR940810-0-00039 1 1869
1.25 FR940810-0-00039 1 1875
miles FR940810-0-00039 3 1876 2574 2655
i FR940810-0-00039 1 1884
*281 FR940810-0-00039 1 1888
1 FR940810-0-00039 4 1890 2119 2631 2731
*294 FR940810-0-00039 2 1895 1911
1a FR940810-0-00039 1 1899
1100 FR940810-0-00039 1 1905
k FR940810-0-00039 1 1915
within FR940810-0-00039 1 1917
community FR940810-0-00039 1 1918
*291 FR940810-0-00039 2 1919 1969
64 FR940810-0-00039 1 1934
*364 FR940810-0-00039 1 1935
300 FR940810-0-00039 1 1948
macon FR940810-0-00039 1 1952
*301 FR940810-0-00039 1 1954
bb FR940810-0-00039 1 1958
*287 FR940810-0-00039 1 1962
*308 FR940810-0-00039 1 1983
field FR940810-0-00039 1 2003
*256 FR940810-0-00039 1 2005
*286 FR940810-0-00039 1 2019
*317 FR940810-0-00039 2 2027 2043
drive FR940810-0-00039 3 2034 2640 3043
*319 FR940810-0-00039 2 2035 2050
ba FR940810-0-00039 1 2039
memphisshelby FR940810-0-00039 1 2057
construction FR940810-0-00039 1 2061
code FR940810-0-00039 2 2062 3175
enforcement FR940810-0-00039 1 2063
160 FR940810-0-00039 1 2065
virginia FR940810-0-00039 8 2078 2163 2212 2264 2318 2371 3048 3133
dumfries FR940810-0-00039 3 2082 2147 2161
prince FR940810-0-00039 10 2087 2171 2220 2273 2326 2374 2638 3028 3045 3056
william FR940810-0-00039 9 2088 2172 2221 2274 2327 2375 3029 3046 3057
quantico FR940810-0-00039 10 2097 2121 2127 2138 2591 2765 2784 3051 3122 3131
corporate FR940810-0-00039 10 2102 2188 2193 2236 2241 2290 2298 2341 2346 2910
limits FR940810-0-00039 10 2103 2189 2194 2237 2242 2291 2299 2342 2347 2911
*8 FR940810-0-00039 13 2104 2473 2593 2697 2713 2774 3003 3012 3021 3079 3089 3100 3113
200 FR940810-0-00039 3 2106 2294 2776
northbound FR940810-0-00039 1 2111
lane FR940810-0-00039 2 2112 2518
i95 FR940810-0-00039 1 2114
*28 FR940810-0-00039 1 2115
tributary FR940810-0-00039 14 2116 2285 2422 2644 2789 2808 2824 2875 2896 2915 2958 2965 2977 2989
*27 FR940810-0-00039 2 2129 2140
zoning FR940810-0-00039 1 2151
administrator FR940810-0-00039 1 2152
101 FR940810-0-00039 1 2156
main FR940810-0-00039 1 2158
haymarket FR940810-0-00039 3 2166 2202 2210
broad FR940810-0-00039 9 2183 2231 2387 2488 2664 2688 2748 2844 2854
run FR940810-0-00039 29 2184 2232 2388 2403 2421 2430 2445 2489 2506 2528 2540 2546 2558 2564 2570 2665 2689 2702 2749 2788 2796 2807 2815 2823 2831 2845 2855 2858 2935
*340 FR940810-0-00039 1 2195
15025 FR940810-0-00039 1 2206
manassas FR940810-0-00039 6 2215 2262 2267 2315 2671 2953
*175 FR940810-0-00039 3 2238 2846 2856
*178 FR940810-0-00039 1 2243
engineer FR940810-0-00039 1 2251
9027 FR940810-0-00039 1 2255
center FR940810-0-00039 3 2256 2312 3042
203 FR940810-0-00039 1 2260
park FR940810-0-00039 4 2268 2311 2316 2909
flat FR940810-0-00039 13 2283 2499 2873 2881 2891 2894 2902 2913 2921 2931 2963 2975 2987
branch FR940810-0-00039 19 2284 2456 2483 2500 2522 2723 2744 2839 2874 2882 2892 2895 2903 2914 2922 2932 2964 2976 2988
*165 FR940810-0-00039 6 2292 2300 2904 2912 2979 2991
one FR940810-0-00039 1 2310
court FR940810-0-00039 1 2313
occoquan FR940810-0-00039 10 2321 2336 2355 2369 2393 2408 2686 2727 2863 2940
*13 FR940810-0-00039 1 2343
*18 FR940810-0-00039 1 2348
clerk FR940810-0-00039 1 2363
314 FR940810-0-00039 1 2365
mill FR940810-0-00039 1 2366
incorporated FR940810-0-00039 1 2378
*173 FR940810-0-00039 4 2395 2706 2865 2872
t. FR940810-0-00039 2 2397 3156
nelson FR940810-0-00039 1 2398
elliott FR940810-0-00039 1 2399
bull FR940810-0-00039 15 2402 2420 2429 2444 2505 2527 2545 2563 2569 2787 2795 2806 2814 2822 2830
*137 FR940810-0-00039 1 2410
state FR940810-0-00039 11 2416 2433 2513 2535 2553 2577 2658 2678 2738 2756 2948
615 FR940810-0-00039 1 2418
*412 FR940810-0-00039 1 2419
*166 FR940810-0-00039 1 2431
234 FR940810-0-00039 2 2435 2537
*217 FR940810-0-00039 1 2436
catharpin FR940810-0-00039 1 2437
lighter FR940810-0-00039 1 2452
*309 FR940810-0-00039 1 2454
cow FR940810-0-00039 1 2455
1150 FR940810-0-00039 1 2459
neabsco FR940810-0-00039 4 2465 2621 2642 2650
side FR940810-0-00039 1 2469
nippon FR940810-0-00039 1 2471
2000 FR940810-0-00039 1 2475
telegraph FR940810-0-00039 1 2479
*161 FR940810-0-00039 2 2481 2816
dawkins FR940810-0-00039 1 2482
*204 FR940810-0-00039 1 2490
75 FR940810-0-00039 1 2492
southern FR940810-0-00039 1 2496
*164 FR940810-0-00039 3 2507 2821 2832
668 FR940810-0-00039 1 2515
rixlew FR940810-0-00039 1 2517
*219 FR940810-0-00039 1 2520
holkums FR940810-0-00039 1 2521
conflence FR940810-0-00039 1 2525
*174 FR940810-0-00039 2 2529 2547
*246 FR940810-0-00039 1 2538
kettle FR940810-0-00039 2 2539 2557
656 FR940810-0-00039 1 2555
*224 FR940810-0-00039 1 2561
*193 FR940810-0-00039 1 2571
1.6 FR940810-0-00039 1 2573
704 FR940810-0-00039 1 2579
artemus FR940810-0-00039 1 2581
*374 FR940810-0-00039 1 2584
40 FR940810-0-00039 1 2595
inn FR940810-0-00039 1 2599
*135 FR940810-0-00039 1 2601
marumsco FR940810-0-00039 1 2602
featherstone FR940810-0-00039 1 2610
*9 FR940810-0-00039 2 2612 2632
hylton FR940810-0-00039 1 2618
*108 FR940810-0-00039 1 2620
0.64 FR940810-0-00039 1 2625
dale FR940810-0-00039 1 2639
*189 FR940810-0-00039 2 2641 2652
1.8 FR940810-0-00039 1 2654
784 FR940810-0-00039 1 2660
*326 FR940810-0-00039 1 2661
lake FR940810-0-00039 2 2670 2952
50 FR940810-0-00039 1 2674
1701 FR940810-0-00039 1 2680
gaines FR940810-0-00039 1 2682
*434 FR940810-0-00039 1 2685
potomac FR940810-0-00039 9 2695 2711 2772 2992 3010 3066 3087 3090 3098
cedar FR940810-0-00039 2 2701 2857
powells FR940810-0-00039 1 2704
1070 FR940810-0-00039 1 2715
minnieville FR940810-0-00039 1 2719
purcell FR940810-0-00039 2 2722 2735
*149 FR940810-0-00039 1 2729
634 FR940810-0-00039 1 2740
*239 FR940810-0-00039 1 2742
rocky FR940810-0-00039 1 2743
*220 FR940810-0-00039 1 2750
619 FR940810-0-00039 1 2758
linton FR940810-0-00039 1 2760
*312 FR940810-0-00039 1 2764
*61 FR940810-0-00039 1 2786
*159 FR940810-0-00039 1 2797
d*approximately FR940810-0-00039 1 2798
580 FR940810-0-00039 1 2799
oak FR940810-0-00039 1 2803
163 FR940810-0-00039 1 2805
rugby FR940810-0-00039 1 2819
parkland FR940810-0-00039 1 2835
*168 FR940810-0-00039 1 2837
cannon FR940810-0-00039 1 2838
3250 FR940810-0-00039 1 2848
0.7 FR940810-0-00039 1 2867
*170 FR940810-0-00039 1 2883
*172 FR940810-0-00039 1 2893
masassas FR940810-0-00039 1 2908
*182 FR940810-0-00039 2 2923 2933
770 FR940810-0-00039 1 2925
hooes FR940810-0-00039 1 2934
641 FR940810-0-00039 1 2950
entire FR940810-0-00039 1 2955
shoreline FR940810-0-00039 1 2956
3 FR940810-0-00039 1 2961
from FR940810-0-00039 1 2995
freestone FR940810-0-00039 1 2996
point FR940810-0-00039 1 2997
chopawamsic FR940810-0-00039 2 3001 3004
jefferson FR940810-0-00039 1 3018
davis FR940810-0-00039 1 3019
highway FR940810-0-00039 1 3020
watershed FR940810-0-00039 1 3036
management FR940810-0-00039 1 3037
division FR940810-0-00039 1 3038
4379 FR940810-0-00039 1 3040
ridgewood FR940810-0-00039 1 3041
formerly FR940810-0-00039 1 3069
richmond FR940810-0-00039 1 3083
fredericksburg FR940810-0-00039 1 3085
250 FR940810-0-00039 1 3094
400 FR940810-0-00039 1 3102
intersection FR940810-0-00039 1 3107
broadway FR940810-0-00039 1 3109
third FR940810-0-00039 1 3111
treasurer/clerk FR940810-0-00039 1 3123
507 FR940810-0-00039 1 3127
catalog FR940810-0-00039 1 3136
federal FR940810-0-00039 1 3138
domestic FR940810-0-00039 1 3139
assistance FR940810-0-00039 1 3140
83.100 FR940810-0-00039 1 3143
`` FR940810-0-00039 1 3145
flood FR940810-0-00039 1 3146
insurance FR940810-0-00039 1 3147
'' FR940810-0-00039 1 3149
dated FR940810-0-00039 1 3151
richard FR940810-0-00039 1 3155
moore FR940810-0-00039 1 3157
associate FR940810-0-00039 1 3159
director FR940810-0-00039 1 3160
mitigation FR940810-0-00039 1 3162
fr FR940810-0-00039 1 3164
doc FR940810-0-00039 1 3165
9419507 FR940810-0-00039 1 3167
filed FR940810-0-00039 1 3168
8994 FR940810-0-00039 1 3169
; FR940810-0-00039 1 3170
8:45 FR940810-0-00039 1 3171
am FR940810-0-00039 1 3172
] FR940810-0-00039 1 3173
billing FR940810-0-00039 1 3174
671803p FR940810-0-00039 1 3176
federal FR940810-0-00040 3 0 25 1141
communications FR940810-0-00040 5 1 21 26 71 1142
commission FR940810-0-00040 5 2 27 123 1138 1143
47 FR940810-0-00040 1 3
cfr FR940810-0-00040 1 4
parts FR940810-0-00040 1 5
2 FR940810-0-00040 2 6 377
, FR940810-0-00040 98 7 9 46 51 52 77 86 92 106 134 138 143 153 167 179 184 187 192 231 243 249 276 281 286 304 309 314 336 340 345 348 350 354 374 378 386 389 420 425 432 600 604 609 615 633 637 642 648 666 670 675 681 703 707 712 715 719 737 741 746 751 770 774 779 784 802 806 811 814 832 836 841 844 862 866 871 874 894 898 903 906 926 930 935 938 956 960 965 968 986 990 995 1000 1024 1028 1048 1125 1148
14 FR940810-0-00040 2 8 843
and FR940810-0-00040 15 10 65 90 188 210 352 408 451 466 579 717 749 782 998 1058
24 FR940810-0-00040 2 11 431
[ FR940810-0-00040 8 12 160 269 329 367 696 1017 1152
gen FR940810-0-00040 1 13
docket FR940810-0-00040 1 14
no FR940810-0-00040 2 15 510
. FR940810-0-00040 39 16 28 35 58 73 78 97 129 151 226 267 299 327 365 415 496 532 562 590 628 661 694 732 765 797 827 857 889 921 951 981 1015 1046 1085 1105 1139 1144 1151 1155
90314 FR940810-0-00040 1 17
] FR940810-0-00040 8 18 162 271 331 369 698 1019 1162
broadband FR940810-0-00040 2 19 69
personal FR940810-0-00040 2 20 70
services FR940810-0-00040 2 22 72
agency FR940810-0-00040 1 23
: FR940810-0-00040 10 24 30 37 76 83 100 158 439 482 1062
action FR940810-0-00040 1 29
final FR940810-0-00040 4 31 44 108 141
rule FR940810-0-00040 1 32
; FR940810-0-00040 2 33 1159
correction FR940810-0-00040 3 34 103 130
summary FR940810-0-00040 1 36
this FR940810-0-00040 4 38 544 560 1066
document FR940810-0-00040 1 39
contains FR940810-0-00040 1 40
corrections FR940810-0-00040 1 41
to FR940810-0-00040 30 42 62 114 119 201 219 258 294 322 360 413 457 478 549 623 656 689 727 759 792 822 852 883 915 946 976 1009 1040 1094 1122
the FR940810-0-00040 57 43 59 63 107 122 135 140 146 174 181 193 204 211 221 238 245 250 261 278 306 390 403 410 422 427 433 467 492 541 551 583 588 616 649 682 720 752 785 815 845 875 907 939 969 1001 1033 1050 1055 1060 1071 1095 1102 1109 1115 1119 1132 1137
regulations FR940810-0-00040 4 45 60 109 142
which FR940810-0-00040 2 47 144
were FR940810-0-00040 2 48 145
published FR940810-0-00040 2 49 105
friday FR940810-0-00040 1 50
( FR940810-0-00040 32 53 93 170 234 283 311 342 380 383 443 446 460 463 473 502 506 556 568 606 639 672 709 743 776 808 838 868 900 932 962 992 1030
59 FR940810-0-00040 1 54
fr FR940810-0-00040 3 55 149 1153
32830 FR940810-0-00040 1 56
) FR940810-0-00040 32 57 95 172 236 285 313 344 382 385 445 448 462 465 475 504 508 558 570 608 641 674 711 745 778 810 840 870 902 934 964 994 1032
related FR940810-0-00040 1 61
allocation FR940810-0-00040 1 64
service FR940810-0-00040 2 66 762
rules FR940810-0-00040 1 67
for FR940810-0-00040 7 68 79 102 393 429 487 587
effective FR940810-0-00040 1 74
date FR940810-0-00040 1 75
further FR940810-0-00040 1 80
information FR940810-0-00040 2 81 99
contact FR940810-0-00040 1 82
tom FR940810-0-00040 1 84
mooring FR940810-0-00040 1 85
office FR940810-0-00040 1 87
of FR940810-0-00040 20 88 131 139 148 173 176 237 240 396 470 514 521 543 554 559 612 645 678 1073 1080
engineering FR940810-0-00040 1 89
technology FR940810-0-00040 1 91
202 FR940810-0-00040 1 94
6538114 FR940810-0-00040 1 96
supplementary FR940810-0-00040 1 98
need FR940810-0-00040 2 101 113
as FR940810-0-00040 7 104 156 203 260 480 1092 1101
contain FR940810-0-00040 1 110
errors FR940810-0-00040 1 111
that FR940810-0-00040 6 112 121 538 613 646 679
be FR940810-0-00040 4 115 574 1090 1129
corrected FR940810-0-00040 28 116 155 161 200 218 257 270 293 321 330 359 368 622 655 688 697 726 758 791 821 851 882 914 945 975 1008 1018 1039
in FR940810-0-00040 27 117 168 180 232 244 277 305 337 375 421 491 534 576 601 634 667 704 738 771 803 833 863 895 927 957 987 1025
order FR940810-0-00040 1 118
ensure FR940810-0-00040 1 120
's FR940810-0-00040 3 124 1097 1111
decision FR940810-0-00040 1 125
is FR940810-0-00040 29 126 154 199 217 256 292 320 358 400 437 449 455 476 621 654 687 725 757 790 820 850 881 913 944 974 1007 1038 1068 1134
properly FR940810-0-00040 1 127
implemented FR940810-0-00040 1 128
publication FR940810-0-00040 2 132 136
accordingly FR940810-0-00040 1 133
on FR940810-0-00040 23 137 164 228 273 301 333 371 417 597 630 663 700 734 767 799 829 859 891 923 953 983 1021 1070
subject FR940810-0-00040 1 147
doc FR940810-0-00040 2 150 1154
9415263 FR940810-0-00040 1 152
follows FR940810-0-00040 2 157 481
§2.106 FR940810-0-00040 1 159
1. FR940810-0-00040 1 163
page FR940810-0-00040 24 165 229 274 302 334 372 418 598 614 631 647 664 680 701 735 768 800 830 860 892 924 954 984 1022
32851 FR940810-0-00040 2 166 230
column FR940810-0-00040 21 169 233 280 308 338 376 424 602 635 668 705 739 772 804 834 864 896 928 958 988 1026
5 FR940810-0-00040 6 171 235 349 447 464 507
table FR940810-0-00040 2 175 239
frequency FR940810-0-00040 5 177 241 1088 1098 1112
allocations FR940810-0-00040 2 178 242
18501990 FR940810-0-00040 1 182
mhz FR940810-0-00040 7 183 186 190 247 494 530 1082
21102150 FR940810-0-00040 1 185
21602200 FR940810-0-00040 1 189
bands FR940810-0-00040 1 191
lowercase FR940810-0-00040 2 194 212
word FR940810-0-00040 19 195 206 213 252 263 404 411 617 721 753 786 816 846 876 908 940 970 1002 1034
`` FR940810-0-00040 43 196 207 214 223 253 264 289 296 317 324 355 362 392 405 412 618 625 651 658 684 691 722 729 754 787 794 817 824 847 854 877 885 909 917 941 948 971 978 1003 1011 1035 1042 1063
fixed FR940810-0-00040 4 197 208 254 265
'' FR940810-0-00040 44 198 209 216 225 255 266 291 298 319 326 357 364 399 407 414 620 627 653 660 686 693 724 731 756 764 789 796 819 826 849 856 880 888 912 920 943 950 973 980 1006 1014 1037 1045 1140
read FR940810-0-00040 21 202 220 259 295 323 361 479 624 657 690 728 760 793 823 853 884 916 947 977 1010 1041
uppercase FR940810-0-00040 3 205 222 262
mobile FR940810-0-00040 2 215 224
2. FR940810-0-00040 1 227
21502160 FR940810-0-00040 1 246
band FR940810-0-00040 1 248
lowcase FR940810-0-00040 1 251
§15.319 FR940810-0-00040 1 268
3. FR940810-0-00040 1 272
32852 FR940810-0-00040 2 275 303
third FR940810-0-00040 2 279 307
paragraph FR940810-0-00040 21 282 310 341 379 458 471 555 605 638 671 708 742 775 807 837 867 899 931 961 991 1029
a FR940810-0-00040 5 284 312 394 1031 1077
line FR940810-0-00040 12 287 315 387 610 643 676 812 842 872 904 936 966
4 FR940810-0-00040 3 288 347 388
15.323 FR940810-0-00040 6 290 325 442 459 472 484
15.321 FR940810-0-00040 2 297 318
4. FR940810-0-00040 1 300
6 FR940810-0-00040 2 316 611
§15.321 FR940810-0-00040 1 328
5. FR940810-0-00040 1 332
32853 FR940810-0-00040 2 335 373
1 FR940810-0-00040 18 339 384 519 603 636 669 706 740 773 805 835 865 897 929 959 989 1027 1081
d FR940810-0-00040 4 343 607 640 673
lines FR940810-0-00040 5 346 713 747 780 996
7 FR940810-0-00040 2 351 714
8 FR940810-0-00040 1 353
channel FR940810-0-00040 1 356
subd FR940810-0-00040 2 363 495
§15.323 FR940810-0-00040 1 366
6. FR940810-0-00040 1 370
c FR940810-0-00040 4 381 444 461 503
phrase FR940810-0-00040 1 391
period FR940810-0-00040 2 395 585
10 FR940810-0-00040 2 397 716
milliseconds FR940810-0-00040 1 398
inserted FR940810-0-00040 1 401
after FR940810-0-00040 2 402 1054
transmit FR940810-0-00040 1 406
before FR940810-0-00040 3 409 426 1059
7. FR940810-0-00040 1 416
32854 FR940810-0-00040 4 419 599 632 665
first FR940810-0-00040 2 423 1056
heading FR940810-0-00040 1 428
part FR940810-0-00040 1 430
following FR940810-0-00040 2 434 1051
instruction FR940810-0-00040 1 435
10. FR940810-0-00040 3 436 440 662
added FR940810-0-00040 2 438 456
section FR940810-0-00040 4 441 483 545 561
revised FR940810-0-00040 2 450 477
an FR940810-0-00040 2 452 535
additional FR940810-0-00040 1 453
sentence FR940810-0-00040 3 454 469 1057
last FR940810-0-00040 1 468
e FR940810-0-00040 2 474 569
specific FR940810-0-00040 1 485
requirements FR940810-0-00040 1 486
isochronous FR940810-0-00040 1 488
devices FR940810-0-00040 3 489 516 533
operating FR940810-0-00040 1 490
19201930 FR940810-0-00040 1 493
* FR940810-0-00040 15 497 498 499 500 501 563 564 565 566 567 591 592 593 594 595
*** FR940810-0-00040 3 505 509 571
device FR940810-0-00040 2 511 589
or FR940810-0-00040 2 512 1083
group FR940810-0-00040 1 513
cooperating FR940810-0-00040 1 515
located FR940810-0-00040 1 517
within FR940810-0-00040 2 518 1108
meter FR940810-0-00040 1 520
each FR940810-0-00040 1 522
other FR940810-0-00040 1 523
shall FR940810-0-00040 3 524 573 1089
occupy FR940810-0-00040 1 525
more FR940810-0-00040 1 526
than FR940810-0-00040 1 527
three FR940810-0-00040 1 528
1.25 FR940810-0-00040 1 529
channels FR940810-0-00040 1 531
operational FR940810-0-00040 1 536
state FR940810-0-00040 1 537
are FR940810-0-00040 2 539 546
utilizing FR940810-0-00040 1 540
provision FR940810-0-00040 2 542 1067
not FR940810-0-00040 1 547
required FR940810-0-00040 1 548
use FR940810-0-00040 2 550 1072
search FR940810-0-00040 1 552
provisions FR940810-0-00040 1 553
b FR940810-0-00040 12 557 685 710 744 777 809 839 869 901 933 963 993
transmission FR940810-0-00040 1 572
continuous FR940810-0-00040 1 575
every FR940810-0-00040 1 577
time FR940810-0-00040 1 578
spectrum FR940810-0-00040 1 580
window FR940810-0-00040 1 581
during FR940810-0-00040 1 582
frame FR940810-0-00040 1 584
defined FR940810-0-00040 1 586
8. FR940810-0-00040 1 596
mission FR940810-0-00040 1 619
emission FR940810-0-00040 1 626
9. FR940810-0-00040 1 629
11 FR940810-0-00040 2 644 748
number FR940810-0-00040 1 650
40 FR940810-0-00040 1 652
30 FR940810-0-00040 1 659
13 FR940810-0-00040 2 677 813
symbol FR940810-0-00040 1 683
2b FR940810-0-00040 1 692
§24.202 FR940810-0-00040 1 695
11. FR940810-0-00040 1 699
32855 FR940810-0-00040 10 702 736 769 801 831 861 893 925 955 985
17 FR940810-0-00040 1 718
mayaguez FR940810-0-00040 1 723
mayagüez FR940810-0-00040 1 730
12. FR940810-0-00040 1 733
21 FR940810-0-00040 1 750
bta FR940810-0-00040 1 755
btalike FR940810-0-00040 1 761
area FR940810-0-00040 1 763
13. FR940810-0-00040 1 766
12 FR940810-0-00040 1 781
22 FR940810-0-00040 1 783
municipalities FR940810-0-00040 1 788
municipios FR940810-0-00040 1 795
14. FR940810-0-00040 1 798
anasco FR940810-0-00040 1 818
añasco FR940810-0-00040 1 825
15. FR940810-0-00040 1 828
guanica FR940810-0-00040 1 848
guánica FR940810-0-00040 1 855
16. FR940810-0-00040 1 858
16 FR940810-0-00040 2 873 905
juana FR940810-0-00040 2 878 886
diaz FR940810-0-00040 1 879
díaz FR940810-0-00040 1 887
17. FR940810-0-00040 1 890
las FR940810-0-00040 2 910 918
marias FR940810-0-00040 1 911
marías FR940810-0-00040 1 919
18. FR940810-0-00040 1 922
18 FR940810-0-00040 1 937
penuelas FR940810-0-00040 1 942
peñuelas FR940810-0-00040 1 949
19. FR940810-0-00040 1 952
19 FR940810-0-00040 2 967 997
rincon FR940810-0-00040 1 972
rincón FR940810-0-00040 1 979
20. FR940810-0-00040 1 982
20 FR940810-0-00040 1 999
san FR940810-0-00040 2 1004 1012
germain FR940810-0-00040 1 1005
germán FR940810-0-00040 1 1013
§24.238 FR940810-0-00040 1 1016
21. FR940810-0-00040 1 1020
32858 FR940810-0-00040 1 1023
lesserattenuation FR940810-0-00040 1 1036
lesser FR940810-0-00040 1 1043
attenuation FR940810-0-00040 1 1044
additionally FR940810-0-00040 1 1047
add FR940810-0-00040 1 1049
sentences FR940810-0-00040 1 1052
immediately FR940810-0-00040 1 1053
note FR940810-0-00040 1 1061
compliance FR940810-0-00040 1 1064
with FR940810-0-00040 2 1065 1136
based FR940810-0-00040 1 1069
measurement FR940810-0-00040 1 1074
instrumentation FR940810-0-00040 1 1075
employing FR940810-0-00040 1 1076
resolution FR940810-0-00040 1 1078
bandwidth FR940810-0-00040 1 1079
greater FR940810-0-00040 1 1084
nominal FR940810-0-00040 1 1086
carrier FR940810-0-00040 1 1087
adjusted FR940810-0-00040 1 1091
close FR940810-0-00040 1 1093
licensee FR940810-0-00040 2 1096 1110
block FR940810-0-00040 3 1099 1113 1120
edge FR940810-0-00040 1 1100
design FR940810-0-00040 1 1103
permits FR940810-0-00040 1 1104
where FR940810-0-00040 1 1106
emissions FR940810-0-00040 1 1107
influence FR940810-0-00040 1 1114
levels FR940810-0-00040 1 1116
measured FR940810-0-00040 1 1117
outside FR940810-0-00040 1 1118
sufficiently FR940810-0-00040 1 1121
show FR940810-0-00040 1 1123
none FR940810-0-00040 1 1124
alternative FR940810-0-00040 1 1126
techniques FR940810-0-00040 1 1127
may FR940810-0-00040 1 1128
used FR940810-0-00040 1 1130
provided FR940810-0-00040 1 1131
technique FR940810-0-00040 1 1133
coordinated FR940810-0-00040 1 1135
william FR940810-0-00040 1 1145
f. FR940810-0-00040 1 1146
caton FR940810-0-00040 1 1147
acting FR940810-0-00040 1 1149
secretary FR940810-0-00040 1 1150
9419491 FR940810-0-00040 1 1156
filed FR940810-0-00040 1 1157
8994 FR940810-0-00040 1 1158
8:45 FR940810-0-00040 1 1160
am FR940810-0-00040 1 1161
billing FR940810-0-00040 1 1163
code FR940810-0-00040 1 1164
671201m FR940810-0-00040 1 1165
wednesday FR940810-0-00041 1 0
, FR940810-0-00041 30 1 16 32 36 37 53 55 72 103 109 113 114 124 129 140 155 193 213 228 245 283 292 297 303 313 335 340 341 343 346
part FR940810-0-00041 1 2
ii FR940810-0-00041 1 3
department FR940810-0-00041 4 4 41 73 288
of FR940810-0-00041 11 5 42 74 177 249 258 272 275 280 362 365
labor FR940810-0-00041 3 6 43 75
occupational FR940810-0-00041 8 7 20 44 61 67 89 117 147
safety FR940810-0-00041 4 8 45 68 90
and FR940810-0-00041 13 9 39 46 56 69 91 125 201 246 253 285 344 371
health FR940810-0-00041 4 10 47 70 92
administration FR940810-0-00041 4 11 48 71 93
29 FR940810-0-00041 5 12 49 110 130 157
cfr FR940810-0-00041 5 13 50 111 131 158
parts FR940810-0-00041 2 14 51
1910 FR940810-0-00041 2 15 52
et FR940810-0-00041 1 17
al FR940810-0-00041 1 18
. FR940810-0-00041 12 19 30 34 76 81 137 161 256 290 322 352 383
exposure FR940810-0-00041 5 21 62 118 148 172
to FR940810-0-00041 8 22 63 119 149 210 269 330 374
asbestos FR940810-0-00041 9 23 64 120 150 188 199 216 224 242
; FR940810-0-00041 1 24
final FR940810-0-00041 5 25 79 85 267 357
rule FR940810-0-00041 2 26 80
federal FR940810-0-00041 1 27
register FR940810-0-00041 1 28
/vol FR940810-0-00041 1 29
59 FR940810-0-00041 1 31
no FR940810-0-00041 1 33
153/wednesday FR940810-0-00041 1 35
/rules FR940810-0-00041 1 38
regulations FR940810-0-00041 1 40
1915 FR940810-0-00041 1 54
1926 FR940810-0-00041 1 57
rin FR940810-0-00041 1 58
: FR940810-0-00041 4 59 66 78 83
1218ab25 FR940810-0-00041 1 60
agency FR940810-0-00041 1 65
action FR940810-0-00041 1 77
summary FR940810-0-00041 1 82
these FR940810-0-00041 4 84 165 262 356
standards FR940810-0-00041 6 86 99 166 264 309 358
amend FR940810-0-00041 1 87
the FR940810-0-00041 12 88 126 152 259 266 273 278 307 331 363 366 379
's FR940810-0-00041 2 94 97
( FR940810-0-00041 9 95 105 133 156 174 183 298 336 347
osha FR940810-0-00041 3 96 323 353
) FR940810-0-00041 9 98 115 136 160 176 185 302 342 351
issued FR940810-0-00041 1 100
june FR940810-0-00041 1 101
17 FR940810-0-00041 1 102
1986 FR940810-0-00041 2 104 308
51 FR940810-0-00041 1 106
fr FR940810-0-00041 3 107 338 349
22612 FR940810-0-00041 1 108
1910.1001 FR940810-0-00041 1 112
for FR940810-0-00041 9 116 186 198 219 232 251 277 320 381
in FR940810-0-00041 10 121 138 151 164 190 239 261 310 328 368
general FR940810-0-00041 1 122
industry FR940810-0-00041 4 123 128 154 203
construction FR940810-0-00041 3 127 200 286
1926.1101 FR940810-0-00041 1 132
previously FR940810-0-00041 1 134
1926.58 FR940810-0-00041 1 135
addition FR940810-0-00041 1 139
they FR940810-0-00041 1 141
include FR940810-0-00041 2 142 167
a FR940810-0-00041 4 143 168 194 214
separate FR940810-0-00041 1 144
standard FR940810-0-00041 1 145
covering FR940810-0-00041 1 146
shipyard FR940810-0-00041 2 153 202
1915.1001 FR940810-0-00041 1 159
major FR940810-0-00041 2 162 311
revisions FR940810-0-00041 2 163 260
reduced FR940810-0-00041 1 169
timeweightedaverage FR940810-0-00041 1 170
permissible FR940810-0-00041 1 171
limit FR940810-0-00041 1 173
pel FR940810-0-00041 1 175
0.1 FR940810-0-00041 1 178
fiber FR940810-0-00041 1 179
per FR940810-0-00041 1 180
cubic FR940810-0-00041 1 181
centimeter FR940810-0-00041 1 182
f/cc FR940810-0-00041 1 184
all FR940810-0-00041 4 187 191 361 375
work FR940810-0-00041 5 189 204 208 211 244
industries FR940810-0-00041 1 192
new FR940810-0-00041 1 195
classification FR940810-0-00041 2 196 212
scheme FR940810-0-00041 1 197
which FR940810-0-00041 3 205 304 315
ties FR940810-0-00041 1 206
mandatory FR940810-0-00041 2 207 247
practices FR940810-0-00041 1 209
presumptive FR940810-0-00041 1 215
identification FR940810-0-00041 1 217
requirement FR940810-0-00041 1 218
`` FR940810-0-00041 1 220
high FR940810-0-00041 2 221 240
hazard FR940810-0-00041 1 222
'' FR940810-0-00041 1 223
containing FR940810-0-00041 1 225
building FR940810-0-00041 2 226 284
materials FR940810-0-00041 1 227
limited FR940810-0-00041 1 229
notification FR940810-0-00041 1 230
requirements FR940810-0-00041 1 231
employers FR940810-0-00041 1 233
who FR940810-0-00041 1 234
use FR940810-0-00041 1 235
unlisted FR940810-0-00041 1 236
compliance FR940810-0-00041 1 237
methods FR940810-0-00041 2 238 248
risk FR940810-0-00041 1 241
abatement FR940810-0-00041 1 243
control FR940810-0-00041 1 250
brake FR940810-0-00041 1 252
clutch FR940810-0-00041 1 254
repair FR940810-0-00041 1 255
most FR940810-0-00041 1 257
amended FR940810-0-00041 1 263
are FR940810-0-00041 2 265 372
response FR940810-0-00041 2 268 329
an FR940810-0-00041 1 270
order FR940810-0-00041 2 271 333
court FR940810-0-00041 3 274 332 380
appeals FR940810-0-00041 1 276
district FR940810-0-00041 1 279
columbia FR940810-0-00041 1 281
circuit FR940810-0-00041 1 282
trades FR940810-0-00041 1 287
v FR940810-0-00041 1 289
brock FR940810-0-00041 1 291
838 FR940810-0-00041 1 293
f. FR940810-0-00041 1 294
2d FR940810-0-00041 1 295
1258 FR940810-0-00041 1 296
dc FR940810-0-00041 1 299
cir FR940810-0-00041 1 300
1988 FR940810-0-00041 1 301
had FR940810-0-00041 3 305 316 324
upheld FR940810-0-00041 1 306
respects FR940810-0-00041 1 312
but FR940810-0-00041 1 314
remanded FR940810-0-00041 2 317 377
certain FR940810-0-00041 1 318
issues FR940810-0-00041 2 319 376
reconsideration FR940810-0-00041 2 321 382
made FR940810-0-00041 1 325
earlier FR940810-0-00041 1 326
changes FR940810-0-00041 1 327
on FR940810-0-00041 2 334 345
54 FR940810-0-00041 1 337
52024 FR940810-0-00041 1 339
55 FR940810-0-00041 1 348
3724 FR940810-0-00041 1 350
believes FR940810-0-00041 1 354
that FR940810-0-00041 1 355
fully FR940810-0-00041 1 359
address FR940810-0-00041 1 360
concerns FR940810-0-00041 1 364
participants FR940810-0-00041 1 367
this FR940810-0-00041 1 369
rulemaking FR940810-0-00041 1 370
responsive FR940810-0-00041 1 373
by FR940810-0-00041 1 378
dates FR940810-0-00042 2 0 13
: FR940810-0-00042 2 1 24
the FR940810-0-00042 2 2 17
effective FR940810-0-00042 1 3
date FR940810-0-00042 1 4
of FR940810-0-00042 3 5 31 45
these FR940810-0-00042 1 6
amendments FR940810-0-00042 1 7
is FR940810-0-00042 1 8
, FR940810-0-00042 6 9 29 36 42 47 50
. FR940810-0-00042 2 10 19
various FR940810-0-00042 1 11
startup FR940810-0-00042 1 12
are FR940810-0-00042 1 14
specified FR940810-0-00042 1 15
in FR940810-0-00042 1 16
standards FR940810-0-00042 1 18
for FR940810-0-00042 1 20
further FR940810-0-00042 1 21
information FR940810-0-00042 2 22 32
contact FR940810-0-00042 1 23
mr. FR940810-0-00042 1 25
james FR940810-0-00042 1 26
f. FR940810-0-00042 1 27
foster FR940810-0-00042 1 28
director FR940810-0-00042 1 30
and FR940810-0-00042 2 33 39
consumer FR940810-0-00042 1 34
affairs FR940810-0-00042 1 35
occupational FR940810-0-00042 1 37
safety FR940810-0-00042 1 38
health FR940810-0-00042 1 40
administration FR940810-0-00042 1 41
us FR940810-0-00042 1 43
department FR940810-0-00042 1 44
labor FR940810-0-00042 1 46
room FR940810-0-00042 1 48
n3647 FR940810-0-00042 1 49
200 FR940810-0-00042 1 51
constitution FR940810-0-00042 1 52
