f. FR940104-0-00034 5 36199 36705 37189 39516 39562
supp FR940104-0-00034 5 36200 36706 37190 39517 39563
. FR940104-0-00034 187 36201 36219 36222 36261 36275 36302 36308 36331 36336 36356 36384 36471 36477 36493 36515 36529 36586 36621 36633 36638 36656 36658 36679 36690 36697 36702 36707 36715 36727 36737 36742 36754 36802 36846 36855 36874 36901 36933 36988 37000 37035 37046 37077 37090 37112 37129 37136 37138 37186 37191 37201 37203 37213 37255 37259 37275 37315 37353 37396 37428 37468 37471 37489 37499 37530 37540 37571 37604 37652 37676 37713 37733 37738 37792 37796 37822 37826 37869 37872 37895 37916 37946 37989 38000 38005 38015 38051 38060 38082 38093 38097 38102 38138 38189 38250 38267 38311 38313 38326 38336 38356 38358 38393 38397 38437 38452 38492 38503 38513 38541 38565 38590 38623 38640 38676 38680 38697 38715 38732 38760 38805 38863 38866 38871 38883 38925 38932 38947 38976 38981 39039 39086 39095 39128 39134 39139 39156 39172 39209 39225 39230 39273 39308 39311 39325 39329 39361 39366 39377 39392 39429 39439 39487 39503 39510 39512 39518 39525 39533 39536 39538 39547 39554 39559 39564 39576 39598 39616 39654 39686 39691 39693 39704 39709 39719 39743 39764 39786 39810 39824 39837 39907 39933 39969 39989 40017 40044
548 FR940104-0-00034 1 36202
, FR940104-0-00034 208 36203 36209 36212 36230 36265 36269 36277 36296 36298 36319 36323 36423 36466 36468 36535 36561 36639 36643 36662 36666 36681 36685 36700 36703 36709 36730 36732 36740 36743 36748 36775 36809 36849 36851 36865 36869 36905 36909 36946 36978 37004 37049 37079 37124 37134 37140 37159 37193 37199 37205 37219 37237 37261 37278 37280 37286 37324 37369 37400 37450 37502 37507 37535 37543 37581 37589 37595 37611 37678 37691 37703 37706 37709 37736 37739 37747 37755 37768 37831 37851 37880 37888 37897 37911 37913 37918 37927 37948 37969 37991 37995 38003 38007 38065 38069 38084 38088 38107 38117 38162 38172 38200 38218 38235 38238 38256 38264 38280 38287 38289 38317 38321 38368 38427 38429 38431 38433 38440 38456 38479 38505 38545 38557 38570 38592 38612 38617 38642 38668 38681 38686 38699 38703 38721 38725 38735 38770 38779 38788 38808 38846 38875 38885 38906 38923 38937 38941 38952 38986 39020 39033 39035 39045 39062 39089 39109 39117 39137 39140 39150 39186 39211 39316 39320 39338 39343 39367 39371 39421 39458 39460 39477 39489 39505 39507 39514 39520 39528 39540 39557 39560 39566 39587 39591 39600 39604 39620 39633 39643 39674 39681 39689 39695 39699 39707 39711 39773 39778 39800 39827 39833 39888 39920 39954 39971 40010 40067 40071
555 FR940104-0-00034 2 36204 36213
( FR940104-0-00034 82 36205 36216 36255 36271 36304 36325 36412 36428 36443 36456 36577 36623 36629 36645 36669 36687 36711 36728 36750 36847 36871 36877 36911 36916 37195 37210 37253 37276 37285 37288 37294 37323 37326 37332 37391 37425 37537 37568 37790 37820 37866 37982 37997 38011 38049 38052 38071 38090 38286 38323 38354 38391 38438 38608 38619 38672 38688 38691 38705 38727 38867 38879 38928 38943 38977 39147 39255 39322 39374 39423 39444 39447 39464 39479 39522 39544 39568 39593 39701 39716 39811 39901
ddc FR940104-0-00034 2 36206 37196
1976 FR940104-0-00034 2 36207 38072
) FR940104-0-00034 83 36208 36221 36273 36274 36329 36330 36414 36430 36445 36458 36585 36647 36648 36671 36672 36692 36714 36752 36753 36876 36896 36915 36931 36932 37198 37212 37258 37287 37293 37317 37325 37331 37351 37352 37395 37427 37539 37570 37795 37825 37873 38002 38013 38014 38073 38074 38095 38096 38288 38325 38357 38396 38454 38621 38622 38690 38707 38729 38730 38731 38881 38882 38945 38946 38982 39155 39263 39327 39328 39376 39428 39446 39466 39481 39486 39527 39549 39571 39597 39706 39718 39823 39906
aff FR940104-0-00034 2 36210 39529
'd FR940104-0-00034 2 36211 39530
f.2d FR940104-0-00034 8 36214 36683 36867 37993 38086 39318 39542 39697
1059 FR940104-0-00034 1 36215
dc FR940104-0-00034 1 36217
cir FR940104-0-00034 8 36218 36689 36873 37999 38092 39324 39546 39703
1977 FR940104-0-00034 2 36220 38001
contrary FR940104-0-00034 4 36223 36803 37605 37874
to FR940104-0-00034 97 36224 36240 36287 36351 36420 36435 36498 36513 36524 36548 36568 36572 36771 36796 36804 36823 36827 37020 37024 37070 37100 37120 37144 37148 37167 37175 37180 37229 37268 37271 37299 37301 37378 37443 37485 37511 37519 37551 37606 37619 37637 37673 37697 37759 37811 37844 37875 37893 37964 38132 38186 38211 38231 38332 38387 38418 38535 38579 38585 38635 38752 38832 38851 38902 38910 38919 39050 39059 39082 39102 39113 39123 39177 39183 39189 39198 39264 39280 39294 39334 39610 39630 39639 39651 39666 39738 39757 39769 39779 39857 39980 39998 40028 40036 40062 40078 40085
the FR940104-0-00034 219 36225 36228 36232 36238 36285 36289 36293 36381 36385 36389 36407 36433 36460 36475 36478 36483 36486 36489 36503 36516 36530 36556 36608 36755 36793 36805 36815 36825 36935 36951 36955 36979 36983 36989 37005 37012 37027 37041 37052 37058 37065 37091 37101 37107 37114 37118 37141 37149 37155 37162 37216 37227 37263 37272 37308 37345 37357 37370 37380 37406 37429 37433 37462 37465 37472 37477 37491 37505 37508 37520 37544 37553 37602 37607 37612 37621 37627 37640 37660 37666 37714 37720 37748 37753 37770 37797 37816 37828 37845 37847 37859 37876 37881 37898 37905 37922 37932 37974 38017 38024 38030 38036 38122 38134 38160 38168 38190 38195 38206 38212 38215 38221 38232 38246 38260 38268 38299 38333 38372 38398 38403 38445 38457 38461 38466 38472 38476 38506 38510 38514 38521 38531 38539 38546 38567 38571 38575 38596 38637 38643 38648 38657 38660 38736 38743 38762 38789 38796 38814 38818 38828 38833 38838 38849 38855 38887 38904 38953 38958 38974 38987 38994 39001 39010 39022 39027 39046 39075 39096 39114 39125 39157 39179 39184 39192 39201 39212 39259 39274 39303 39330 39393 39397 39434 39449 39500 39605 39612 39625 39645 39667 39728 39732 39760 39765 39780 39797 39804 39829 39838 39849 39863 39872 39880 39894 39909 39917 39926 39935 39942 39963 39972 39999 40008 40041 40053 40059 40073 40080
view FR940104-0-00034 1 36226
of FR940104-0-00034 99 36227 36245 36257 36280 36292 36310 36367 36418 36440 36452 36463 36488 36508 36558 36610 36722 36734 36781 36857 36892 36903 36923 36950 36998 37014 37032 37043 37051 37067 37109 37113 37154 37290 37305 37310 37328 37422 37456 37464 37549 37584 37623 37662 37730 37804 37835 37863 37884 37908 37924 37934 37941 38026 38038 38057 38198 38208 38214 38293 38298 38465 38520 38538 38577 38694 38718 38745 38774 38820 38836 38840 38899 39131 39181 39195 39203 39219 39223 39238 39258 39283 39305 39313 39356 39358 39414 39472 39578 39670 39679 39731 39807 39876 39896 39916 39950 40001 40019 40046
comments FR940104-0-00034 7 36229 38104 38399 38458 39996 40021 40048
`` FR940104-0-00034 25 36231 36278 36393 36573 36592 36798 37150 37163 37220 37295 37333 37634 37970 38016 38145 38450 38602 38649 38792 38826 39110 39120 39412 39448 39655
first FR940104-0-00034 12 36233 36353 36408 36526 36545 36917 37917 37956 38123 39289 39347 39501
amendment FR940104-0-00034 13 36234 36354 36409 36527 36546 36918 37957 38124 39290 39348 39502 39722 39851
does FR940104-0-00034 10 36235 36282 36538 36757 37599 37616 37630 38756 39300 39648
not FR940104-0-00034 44 36236 36283 36344 36512 36539 36552 36758 36779 36832 36881 36920 36969 37247 37452 37517 37560 37564 37600 37617 37631 37707 37785 37891 37938 37977 38183 38225 38348 38401 38435 38562 38665 38757 38847 39037 39175 39301 39352 39497 39649 39893 39957 39966 39978
guarantee FR940104-0-00034 1 36237
right FR940104-0-00034 2 36239 36434
employ FR940104-0-00034 2 36241 39262
every FR940104-0-00034 1 36242
conceivable FR940104-0-00034 1 36243
method FR940104-0-00034 1 36244
communication FR940104-0-00034 5 36246 36419 36453 36999 39224
at FR940104-0-00034 20 36247 36581 36627 37256 37493 37793 37823 37857 37870 38284 38394 38566 38812 38926 39093 39144 39153 39426 39815 39904
all FR940104-0-00034 5 36248 36252 37343 39340 39453
times FR940104-0-00034 1 36249
and FR940104-0-00034 65 36250 36299 36348 36375 36401 36405 36450 36455 36469 36511 36614 36776 36947 36966 37341 37458 37562 37586 37596 37646 37669 37710 37766 37774 37784 37813 37861 37914 37937 38029 38152 38155 38219 38350 38380 38434 38480 38490 38555 38558 38604 38659 38843 38896 38960 39005 39015 39021 39036 39043 39119 39167 39256 39270 39285 39350 39399 39417 39436 39455 39819 39882 39889 40072 40082
in FR940104-0-00034 68 36251 36346 36380 36402 36506 36607 36784 36821 36954 37030 37061 37074 37130 37214 37235 37241 37250 37307 37356 37365 37398 37495 37541 37626 37658 37665 37683 37689 37728 37744 37764 37838 37959 38032 38149 38156 38159 38248 38276 38296 38304 38408 38542 38600 38733 38767 38777 38859 38894 38965 38984 38996 39006 39024 39041 39063 39084 39111 39200 39288 39292 39339 39408 39433 39617 39879 39948 39985
places FR940104-0-00034 1 36253
'' FR940104-0-00034 25 36254 36303 36397 36575 36622 36800 37152 37187 37252 37316 37350 37653 37981 38047 38163 38453 38607 38671 38806 38864 39118 39129 39422 39485 39687
members FR940104-0-00034 1 36256
city FR940104-0-00034 6 36258 36733 37729 37798 39130 39312
council FR940104-0-00034 2 36259 38064
v FR940104-0-00034 29 36260 36307 36632 36657 36678 36696 36736 36854 36900 37137 37498 37732 37988 38059 38081 38312 38675 38696 38714 38870 38931 39133 39310 39360 39511 39537 39553 39575 39692
taxpayers FR940104-0-00034 1 36262
for FR940104-0-00034 19 36263 36543 36602 36763 36975 37040 37047 37085 37342 37363 37555 37575 38274 38517 38784 39268 39762 40004 40055
vincent FR940104-0-00034 1 36264
466 FR940104-0-00034 1 36266
us FR940104-0-00034 14 36267 36641 36664 37300 38009 38067 38319 38701 38723 38877 38939 39152 39369 39425
789 FR940104-0-00034 1 36268
812 FR940104-0-00034 1 36270
1984 FR940104-0-00034 2 36272 39375
indeed FR940104-0-00034 3 36276 38439 39210
freedom FR940104-0-00034 2 36279 36286
speech FR940104-0-00034 35 36281 36334 36396 36560 36570 36576 36717 36726 36774 36801 36836 36879 36945 36961 36965 37111 37169 37185 37251 37415 37776 38100 38116 38202 38209 38262 38342 38359 38651 39240 39391 39642 39653 39660 39680
include FR940104-0-00034 1 36284
violate FR940104-0-00034 3 36288 36406 38121
labeling FR940104-0-00034 15 36290 36507 36554 36562 36930 37031 37690 37839 37933 39008 39085 39161 39202 39430 39451
provisions FR940104-0-00034 2 36291 37153
federal FR940104-0-00034 2 36294 38740
food FR940104-0-00034 16 36295 36311 36553 36599 36794 37059 37273 37311 37367 37381 37390 37889 38278 39495 39579 39881
drug FR940104-0-00034 4 36297 36635 36858 36904
cosmetic FR940104-0-00034 1 36300
act FR940104-0-00034 7 36301 37158 37218 38975 39398 39435 39919
united FR940104-0-00034 8 36305 36694 36852 36898 38673 39551 39573 39733
states FR940104-0-00034 10 36306 36695 36853 36899 38339 38674 38845 39552 39574 39734
articles FR940104-0-00034 3 36309 36902 39577
* FR940104-0-00034 15 36312 36313 36314 36859 36860 36861 37312 37313 37314 38798 38799 38800 39580 39581 39582
clover FR940104-0-00034 2 36315 39583
club FR940104-0-00034 2 36316 39584
potato FR940104-0-00034 2 36317 39585
chips FR940104-0-00034 2 36318 39586
67 FR940104-0-00034 2 36320 39588
frd FR940104-0-00034 3 36321 36907 39589
419 FR940104-0-00034 2 36322 39590
424 FR940104-0-00034 2 36324 39592
d. FR940104-0-00034 2 36326 39594
idaho FR940104-0-00034 2 36327 39595
1975 FR940104-0-00034 2 36328 39596
2. FR940104-0-00034 1 36332
pure FR940104-0-00034 6 36333 36394 36574 36773 36799 37110
31a FR940104-0-00034 1 36335
one FR940104-0-00034 9 36337 37125 37597 38139 38441 38804 39231 39724 40018
comment FR940104-0-00034 24 36338 36358 36386 36476 36484 36756 36806 36956 36984 37119 37430 37506 37587 37608 37877 38140 38192 38442 39232 39725 39766 39936 40006 40057
asserted FR940104-0-00034 8 36339 36387 37850 38105 38193 39233 39726 40022
that FR940104-0-00034 76 36340 36388 36482 36519 36534 36591 36811 36938 36992 37054 37094 37177 37374 37409 37432 37481 37598 37614 37685 37745 37752 37806 37901 37973 38019 38106 38142 38166 38175 38194 38220 38242 38253 38294 38327 38340 38343 38360 38389 38414 38423 38444 38495 38549 38559 38581 38627 38647 38663 38755 38795 38817 38957 39026 39074 39098 39191 39234 39257 39296 39337 39380 39386 39493 39624 39727 39746 39753 39841 39890 39938 39962 39975 40012 40023 40050
health FR940104-0-00034 28 36341 36360 36425 36499 36520 36765 36939 37087 37348 37361 37487 37514 37579 37624 37686 37836 38020 38109 38213 38237 38272 38411 38528 38550 39069 39406 39899 40068
claims FR940104-0-00034 21 36342 36361 36426 36500 36521 36766 36940 37362 37488 37625 37687 37837 37865 38110 38154 38174 38273 38551 39070 39162 39407
are FR940104-0-00034 20 36343 36349 36522 37403 37435 37695 37704 38113 38127 38176 38265 38381 38552 38630 39079 39107 39174 39383 39607 39637
commercial FR940104-0-00034 19 36345 36559 36569 36612 36716 36819 36964 37243 37724 37773 37782 38039 38099 38115 38261 38341 38650 39641 39652
nature FR940104-0-00034 1 36347
entitled FR940104-0-00034 4 36350 36523 38909 39049
full FR940104-0-00034 2 36352 36525
protection FR940104-0-00034 4 36355 36528 36723 39737
this FR940104-0-00034 6 36357 37122 37919 38543 39064 39825
described FR940104-0-00034 1 36359
as FR940104-0-00034 13 36362 36890 36929 37001 37354 37397 38043 38045 38371 38983 39040 39601 39683
typically FR940104-0-00034 1 36363
being FR940104-0-00034 2 36364 38033
mere FR940104-0-00034 1 36365
recitations FR940104-0-00034 1 36366
scientific FR940104-0-00034 12 36368 36395 37015 37044 37479 37663 38180 38523 38961 39193 39239 40074
findings FR940104-0-00034 2 36369 39267
made FR940104-0-00034 3 36370 36501 37688
by FR940104-0-00034 22 36371 36377 36410 36817 36842 37117 37453 37461 37504 37777 37971 38244 38412 38748 38827 38848 38914 39054 39066 39245 39867 39945
independent FR940104-0-00034 2 36372 36844
medical FR940104-0-00034 2 36373 36382
authorities FR940104-0-00034 1 36374
backed FR940104-0-00034 1 36376
substantial FR940104-0-00034 4 36378 38377 38406 39105
agreement FR940104-0-00034 1 36379
community FR940104-0-00034 2 36383 40075
proposed FR940104-0-00034 6 36390 37486 37578 38527 40042 40060
regulations FR940104-0-00034 30 36391 36495 36977 37096 37402 37434 37903 37926 37950 38120 38255 38473 38497 38507 38515 38547 38594 38629 38967 39158 39213 39382 39606 39632 39792 39809 39927 39947 40043 40061
reach FR940104-0-00034 1 36392
placed FR940104-0-00034 3 36398 36813 37008
on FR940104-0-00034 34 36399 36502 36598 36767 36792 36814 37011 37026 37057 37106 37184 37360 37414 37447 37527 37692 37723 37827 37962 37985 38111 38170 38178 38271 38460 38525 39000 39241 39252 39759 39930 40007 40040 40058
labels FR940104-0-00034 4 36400 36770 38112 39454
product FR940104-0-00034 2 36403 39205
advertisements FR940104-0-00034 2 36404 38783
: FR940104-0-00034 3 36411 38470 38993
1 FR940104-0-00034 2 36413 39465
denying FR940104-0-00034 3 36415 36431 36459
speakers FR940104-0-00034 5 36416 36432 36449 36996 37645
channels FR940104-0-00034 3 36417 36997 37038
present FR940104-0-00034 2 36421 38334
truthful FR940104-0-00034 5 36422 37705 38171 38199 38428
nonmisleading FR940104-0-00034 3 36424 38201 38782
; FR940104-0-00034 13 36427 36442 36454 36649 36673 36693 36897 37246 37318 38075 38708 39550 39572
2 FR940104-0-00034 2 36429 39480
communicate FR940104-0-00034 2 36436 39265
a FR940104-0-00034 50 36437 36611 36619 36719 36760 36786 36818 36829 36971 37068 37075 37086 37233 37239 37242 37248 37513 37577 37591 37802 37841 37966 38146 38228 38376 38484 38526 38601 38654 38739 38749 38753 38765 38772 38802 38821 38891 38916 39056 39204 39216 39248 39335 39411 39853 39869 39877 39883 39994 40031
particular FR940104-0-00034 2 36438 37644
kind FR940104-0-00034 1 36439
content FR940104-0-00034 2 36441 37108
3 FR940104-0-00034 1 36444
discriminating FR940104-0-00034 1 36446
against FR940104-0-00034 4 36447 37643 37801 38873
certain FR940104-0-00034 3 36448 37022 39750
forms FR940104-0-00034 2 36451 39678
4 FR940104-0-00034 1 36457
constitutional FR940104-0-00034 2 36461 37906
rights FR940104-0-00034 3 36462 37907 39307
willing FR940104-0-00034 2 36464 37909
listeners FR940104-0-00034 3 36465 37910 38776
viewers FR940104-0-00034 2 36467 37912
readers FR940104-0-00034 2 36470 37915
fda FR940104-0-00034 23 36472 36777 37375 37469 37572 37615 37654 37832 37885 38118 38143 38251 38493 38518 38624 39099 39378 39754 39768 39801 39939 40024 40051
disagrees FR940104-0-00034 11 36473 36518 36937 36991 37093 37470 37900 38252 38494 38626 39379
with FR940104-0-00034 6 36474 36958 37262 37719 38204 38771
agency FR940104-0-00034 23 36479 36490 36517 36531 36936 36980 36990 37006 37092 37473 37521 37715 37848 37899 38222 38532 38954 39047 39076 39839 39910 39964 39973
notes FR940104-0-00034 1 36480
initially FR940104-0-00034 1 36481
misinterprets FR940104-0-00034 1 36485
scope FR940104-0-00034 2 36487 37883
's FR940104-0-00034 26 36491 36807 36886 36894 36926 36985 37376 37522 37547 37573 37609 37716 37762 37833 37878 37886 38119 38136 38223 38405 38447 38598 38786 38857 39614 39782
action FR940104-0-00034 4 36492 36994 37717 38224
these FR940104-0-00034 17 36494 36976 37095 37401 37864 37925 37944 37949 38254 38593 38628 38966 39381 39400 39631 40020 40047
apply FR940104-0-00034 6 36496 37145 37484 39333 39629 39650
only FR940104-0-00034 6 36497 37779 37931 38226 38362 39068
label FR940104-0-00034 7 36504 36795 36816 37028 37060 37382 39004
or FR940104-0-00034 15 36505 36551 37029 37171 37557 37979 39017 39169 39385 39461 39470 39475 39478 39874 39885
dietary FR940104-0-00034 10 36509 36768 37033 37935 38421 38588 39002 39402 39739 39931
supplements FR940104-0-00034 6 36510 37034 37936 38422 39403 39932
advertising FR940104-0-00034 2 36514 38747
has FR940104-0-00034 19 36532 36588 36788 37007 37018 37410 37474 37655 37670 37849 38144 38889 38955 38989 39077 39100 39206 39755 39965
stated FR940104-0-00034 8 36533 36590 38443 38501 38646 38816 38971 39937
although FR940104-0-00034 5 36536 36934 36948 38761 39934
it FR940104-0-00034 19 36537 36541 36587 36839 37296 37482 37818 37853 38205 38830 38853 38907 39621 39744 39788 39921 39955 39976 40013
consider FR940104-0-00034 1 36540
necessary FR940104-0-00034 5 36542 38131 38386 38634 39979
its FR940104-0-00034 20 36544 36993 37223 37385 37679 37902 38496 38500 38775 38912 38970 39007 39052 39104 39341 39473 39790 39859 39912 39946
analysis FR940104-0-00034 4 36547 38292 39832 39913
determine FR940104-0-00034 1 36549
whether FR940104-0-00034 5 36550 37510 38471 38481 38534
fits FR940104-0-00034 1 36555
definition FR940104-0-00034 1 36557
should FR940104-0-00034 5 36563 36831 36941 37097 38823
certainly FR940104-0-00034 1 36564
be FR940104-0-00034 10 36565 36772 36797 36833 36942 37098 38352 38366 38824 39844
considered FR940104-0-00034 9 36566 36789 36834 36943 38114 38258 39638 39663 39968
closer FR940104-0-00034 1 36567
than FR940104-0-00034 10 36571 36724 36963 37650 37815 38130 38385 38633 39672 40035
58 FR940104-0-00034 6 36578 36624 37392 38281 39813 39902
fr FR940104-0-00034 6 36579 36625 37393 38282 39814 39903
2478 FR940104-0-00034 3 36580 36626 38283
2525 FR940104-0-00034 2 36582 37394
through FR940104-0-00034 3 36583 39817 39821
2526 FR940104-0-00034 1 36584
also FR940104-0-00034 4 36589 36675 38077 38625
[ FR940104-0-00034 4 36593 37334 37639 39656
l FR940104-0-00034 1 36594
] FR940104-0-00034 4 36595 37336 37641 39658
abeling FR940104-0-00034 1 36596
statements FR940104-0-00034 2 36597 36887
products FR940104-0-00034 4 36600 36636 37945 38080
intended FR940104-0-00034 3 36601 37758 39176
sale FR940104-0-00034 1 36603
would FR940104-0-00034 4 36604 36615 39628 39843
clearly FR940104-0-00034 2 36605 38042
appear FR940104-0-00034 4 36606 37025 37056 39083
context FR940104-0-00034 1 36609
transaction FR940104-0-00034 2 36613 36620
`propose FR940104-0-00034 1 36616
' FR940104-0-00034 4 36617 37955 38048 39928
such FR940104-0-00034 5 36618 36790 39483 39682 40030
2527 FR940104-0-00034 1 36628
citing FR940104-0-00034 5 36630 38053 38692 38868 38929
bolger FR940104-0-00034 1 36631
youngs FR940104-0-00034 1 36634
corp FR940104-0-00034 3 36637 36655 38310
463 FR940104-0-00034 1 36640
60 FR940104-0-00034 1 36642
66 FR940104-0-00034 1 36644
1983 FR940104-0-00034 1 36646
central FR940104-0-00034 4 36650 38305 38337 38467
hudson FR940104-0-00034 4 36651 38306 38338 38468
gas FR940104-0-00034 2 36652 38307
& FR940104-0-00034 2 36653 38308
electric FR940104-0-00034 2 36654 38309
public FR940104-0-00034 12 36659 38031 38236 38247 38314 38410 38905 39185 39269 40005 40038 40056
service FR940104-0-00034 2 36660 38315
commission FR940104-0-00034 3 36661 37984 38316
447 FR940104-0-00034 3 36663 38318 38940
557 FR940104-0-00034 2 36665 38320
562 FR940104-0-00034 3 36667 36710 39567
n.5 FR940104-0-00034 1 36668
1980 FR940104-0-00034 2 36670 38324
see FR940104-0-00034 11 36674 36729 36848 37277 37867 38076 38978 39087 39440 39504 39812
adolph FR940104-0-00034 1 36676
coors FR940104-0-00034 1 36677
brady FR940104-0-00034 1 36680
944 FR940104-0-00034 1 36682
1543 FR940104-0-00034 1 36684
1546 FR940104-0-00034 1 36686
10th FR940104-0-00034 1 36688
1991 FR940104-0-00034 3 36691 39526 39548
general FR940104-0-00034 4 36698 38834 39060 39555
nutrition FR940104-0-00034 3 36699 37987 39556
inc FR940104-0-00034 7 36701 36741 37135 37737 39138 39558 39690
638 FR940104-0-00034 2 36704 39561
556 FR940104-0-00034 2 36708 39565
wdny FR940104-0-00034 2 36712 39569
1986 FR940104-0-00034 3 36713 38728 39570
receives FR940104-0-00034 1 36718
lesser FR940104-0-00034 1 36720
degree FR940104-0-00034 1 36721
noncommercial FR940104-0-00034 3 36725 36944 37775
eg FR940104-0-00034 4 36731 36850 37279 39506
cincinnati FR940104-0-00034 4 36735 37731 37761 39132
discovery FR940104-0-00034 3 36738 37734 39135
network FR940104-0-00034 3 36739 37735 39136
113 FR940104-0-00034 8 36744 37740 38613 38682 38809 39090 39141 39712
s. FR940104-0-00034 10 36745 37207 37532 37741 38614 38683 38810 39091 39142 39713
ct. FR940104-0-00034 10 36746 37208 37533 37742 38615 38684 38811 39092 39143 39714
1505 FR940104-0-00034 1 36747
1513 FR940104-0-00034 1 36749
1993 FR940104-0-00034 6 36751 37197 37211 38620 38689 39717
make FR940104-0-00034 3 36759 36828 37302
persuasive FR940104-0-00034 1 36761
argument FR940104-0-00034 3 36762 37123 37920
considering FR940104-0-00034 2 36764 38949
supplement FR940104-0-00034 3 36769 39003 39740
is FR940104-0-00034 34 36778 36812 37126 37178 37297 37516 37525 37682 37854 37976 38021 38182 38329 38344 38347 38361 38424 38449 38483 38664 38908 39030 39048 39277 39286 39351 39431 39496 39622 39661 39834 39855 39892 39977
aware FR940104-0-00034 1 36780
any FR940104-0-00034 7 36782 37080 39468 39471 39618 39959 39986
circumstance FR940104-0-00034 1 36783
which FR940104-0-00034 6 36785 37693 37756 37928 37963 38852
court FR940104-0-00034 7 36787 37142 37750 38645 38737 38790 38815
information FR940104-0-00034 19 36791 36810 37016 37023 37045 37053 37664 37942 37961 37975 38040 38419 38578 38998 39028 39182 39196 39961 40081
assertion FR940104-0-00034 3 36808 37610 37879
enterprise FR940104-0-00034 1 36820
order FR940104-0-00034 7 36822 37231 37270 37303 39293 39776 39952
encourage FR940104-0-00034 1 36824
consumer FR940104-0-00034 3 36826 38063 40064
purchase FR940104-0-00034 1 36830
protected FR940104-0-00034 6 36835 36960 38349 39306 39346 39498
simply FR940104-0-00034 1 36837
because FR940104-0-00034 6 36838 37438 37852 38125 39644 39908
was FR940104-0-00034 7 36840 36880 37559 37757 37807 38801 40014
generated FR940104-0-00034 1 36841
an FR940104-0-00034 9 36843 37566 37633 38291 38860 39235 39278 39297 39897
source FR940104-0-00034 1 36845
article FR940104-0-00034 2 36856 39469
bcomplex FR940104-0-00034 1 36862
cholinos FR940104-0-00034 1 36863
capsules FR940104-0-00034 1 36864
362 FR940104-0-00034 1 36866
923 FR940104-0-00034 1 36868
927 FR940104-0-00034 1 36870
3d FR940104-0-00034 2 36872 38091
1966 FR940104-0-00034 1 36875
free FR940104-0-00034 2 36878 39390
implicated FR940104-0-00034 1 36882
when FR940104-0-00034 4 36883 37699 39787 39862
third FR940104-0-00034 2 36884 36924
party FR940104-0-00034 2 36885 36925
were FR940104-0-00034 1 36888
taken FR940104-0-00034 1 36889
evidence FR940104-0-00034 3 36891 38181 38524
manufacturer FR940104-0-00034 2 36893 39854
intent FR940104-0-00034 1 36895
32 FR940104-0-00034 3 36906 36908 37192
3435 FR940104-0-00034 1 36910
sd FR940104-0-00034 1 36912
ill. FR940104-0-00034 1 36913
1963 FR940104-0-00034 1 36914
did FR940104-0-00034 3 36919 37563 39956
prohibit FR940104-0-00034 2 36921 37620
seizure FR940104-0-00034 1 36922
book FR940104-0-00034 1 36927
used FR940104-0-00034 2 36928 39244
many FR940104-0-00034 1 36949
cases FR940104-0-00034 4 36952 37115 38652 39291
cited FR940104-0-00034 3 36953 37116 37503
deal FR940104-0-00034 1 36957
fully FR940104-0-00034 3 36959 39802 39922
rather FR940104-0-00034 6 36962 37649 37677 38455 38504 39188
thus FR940104-0-00034 3 36967 37799 38591
do FR940104-0-00034 3 36968 37674 38400
provide FR940104-0-00034 3 36970 38516 39958
useful FR940104-0-00034 1 36972
analytical FR940104-0-00034 1 36973
framework FR940104-0-00034 1 36974
will FR940104-0-00034 10 36981 37339 37463 37483 37929 37951 38498 38561 38582 39388
address FR940104-0-00034 3 36982 39941 39981
arguments FR940104-0-00034 1 36986
individually FR940104-0-00034 1 36987
denies FR940104-0-00034 1 36995
discussed FR940104-0-00034 4 37002 37355 39602 39803
above FR940104-0-00034 2 37003 39603
no FR940104-0-00034 9 37009 37062 37656 37671 37808 38382 38793 39845 40026
limits FR940104-0-00034 1 37010
dissemination FR940104-0-00034 3 37013 37042 37661
but FR940104-0-00034 8 37017 37238 37460 37524 38164 38239 38669 39187
acted FR940104-0-00034 1 37019
permit FR940104-0-00034 1 37021
adequate FR940104-0-00034 2 37036 40076
alternative FR940104-0-00034 1 37037
remain FR940104-0-00034 2 37039 39758
example FR940104-0-00034 1 37048
regulation FR940104-0-00034 9 37050 37089 37170 37309 37834 38295 39336 39671 39781
may FR940104-0-00034 5 37055 37083 38351 38365 39332
way FR940104-0-00034 3 37063 38544 38606
affects FR940104-0-00034 1 37064
ability FR940104-0-00034 1 37066
scientist FR940104-0-00034 1 37069
publish FR940104-0-00034 1 37071
experimental FR940104-0-00034 1 37072
results FR940104-0-00034 1 37073
journal FR940104-0-00034 1 37076
moreover FR940104-0-00034 3 37078 38884 39488
interested FR940104-0-00034 1 37081
person FR940104-0-00034 1 37082
petition FR940104-0-00034 1 37084
claim FR940104-0-00034 6 37088 37515 37580 38529 38540 39900
subjected FR940104-0-00034 1 37099
close FR940104-0-00034 1 37102
scrutiny FR940104-0-00034 3 37103 37147 37408
afforded FR940104-0-00034 2 37104 37412
restraints FR940104-0-00034 1 37105
advance FR940104-0-00034 8 37121 37760 37953 38375 38475 38509 38595 38969
particularly FR940104-0-00034 2 37127 39634
instructive FR940104-0-00034 1 37128
turner FR940104-0-00034 2 37131 37399
broadcasting FR940104-0-00034 2 37132 38678
system FR940104-0-00034 1 37133
fcc FR940104-0-00034 1 37139
declined FR940104-0-00034 1 37143
strict FR940104-0-00034 1 37146
mustcarry FR940104-0-00034 1 37151
1992 FR940104-0-00034 3 37156 37538 39705
cable FR940104-0-00034 2 37157 37217
applying FR940104-0-00034 3 37160 38915 39055
instead FR940104-0-00034 1 37161
interestbalancing FR940104-0-00034 1 37164
traditionally FR940104-0-00034 2 37165 39676
applied FR940104-0-00034 1 37166
contentneutral FR940104-0-00034 1 37168
legislation FR940104-0-00034 1 37172
ostensibly FR940104-0-00034 1 37173
unrelated FR940104-0-00034 1 37174
expression FR940104-0-00034 1 37176
discovered FR940104-0-00034 1 37179
impose FR940104-0-00034 2 37181 37230
incidental FR940104-0-00034 1 37182
burdens FR940104-0-00034 1 37183
819 FR940104-0-00034 1 37188
39 FR940104-0-00034 1 37194
prob FR940104-0-00034 1 37200
juris FR940104-0-00034 1 37202
noted FR940104-0-00034 1 37204
114 FR940104-0-00034 1 37206
38 FR940104-0-00034 1 37209
passing FR940104-0-00034 1 37215
congress FR940104-0-00034 2 37221 37266
employed FR940104-0-00034 1 37222
regulatory FR940104-0-00034 6 37224 37387 37418 38488 38572 39846
powers FR940104-0-00034 2 37225 37388
over FR940104-0-00034 2 37226 37389
economy FR940104-0-00034 1 37228
upon FR940104-0-00034 2 37232 39467
market FR940104-0-00034 5 37234 37240 37249 37274 39761
dysfunction FR940104-0-00034 1 37236
commodity FR940104-0-00034 1 37244
nevertheless FR940104-0-00034 1 37245
id FR940104-0-00034 11 37254 37426 37569 37791 37821 37868 38050 38355 38392 38865 38924
40 FR940104-0-00034 1 37257
similarly FR940104-0-00034 1 37260
1990 FR940104-0-00034 3 37264 39326 39798
amendments FR940104-0-00034 2 37265 39799
sought FR940104-0-00034 1 37267
bring FR940104-0-00034 1 37269
136 FR940104-0-00034 2 37281 37319
congressional FR940104-0-00034 2 37282 37320
record FR940104-0-00034 2 37283 37321
s16611 FR940104-0-00034 1 37284
statement FR940104-0-00034 2 37289 37327
sen. FR940104-0-00034 1 37291
hatch FR940104-0-00034 1 37292
up FR940104-0-00034 1 37298
out FR940104-0-00034 3 37304 38303 38964
chaos FR940104-0-00034 1 37306
h12953 FR940104-0-00034 1 37322
rep. FR940104-0-00034 1 37329
waxman FR940104-0-00034 1 37330
t FR940104-0-00034 1 37335
he FR940104-0-00034 1 37337
bill FR940104-0-00034 1 37338
once FR940104-0-00034 2 37340 38886
settle FR940104-0-00034 1 37344
confusion FR940104-0-00034 1 37346
surrounding FR940104-0-00034 1 37347
claims. FR940104-0-00034 1 37349
final FR940104-0-00034 3 37358 38269 39791
rule FR940104-0-00034 4 37359 38270 38918 39058
foods FR940104-0-00034 3 37364 38275 39795
conventional FR940104-0-00034 3 37366 38277 39794
form FR940104-0-00034 2 37368 38279
case FR940104-0-00034 4 37371 37746 38862 39065
law FR940104-0-00034 4 37372 37457 37642 38763
establishes FR940104-0-00034 1 37373
power FR940104-0-00034 1 37377
regulate FR940104-0-00034 2 37379 39640
derives FR940104-0-00034 1 37383
from FR940104-0-00034 2 37384 38780
broad FR940104-0-00034 2 37386 39217
valid FR940104-0-00034 6 37404 37712 38426 38554 39032 39081
under FR940104-0-00034 9 37405 37416 38259 38973 39396 39499 39774 39796 39848
limited FR940104-0-00034 2 37407 37882
been FR940104-0-00034 2 37411 39207
restrictions FR940104-0-00034 2 37413 38373
extensive FR940104-0-00034 3 37417 38384 38632
schemes FR940104-0-00034 1 37419
involving FR940104-0-00034 1 37420
areas FR940104-0-00034 1 37421
economic FR940104-0-00034 1 37423
activity FR940104-0-00034 3 37424 39349 39394
argued FR940104-0-00034 3 37431 38165 39745
impermissibly FR940104-0-00034 1 37436
discriminatory FR940104-0-00034 1 37437
they FR940104-0-00034 7 37439 38126 38560 39173 39261 39387 39636
require FR940104-0-00034 3 37440 37565 38653
government FR940104-0-00034 11 37441 38135 38404 38446 38597 38638 38661 38856 38888 38988 39613
regulators FR940104-0-00034 1 37442
exercise FR940104-0-00034 3 37444 37548 39304
judgment FR940104-0-00034 1 37445
based FR940104-0-00034 3 37446 37526 38177
subjective FR940104-0-00034 1 37448
linedrawing FR940104-0-00034 1 37449
guided FR940104-0-00034 1 37451
rational FR940104-0-00034 2 37454 38229
principles FR940104-0-00034 1 37455
science FR940104-0-00034 1 37459
censorship FR940104-0-00034 1 37466
authority FR940104-0-00034 2 37467 37672
carefully FR940104-0-00034 1 37475
articulated FR940104-0-00034 1 37476
appropriate FR940104-0-00034 1 37478
standard FR940104-0-00034 2 37480 38962
unlike FR940104-0-00034 1 37490
ordinance FR940104-0-00034 1 37492
issue FR940104-0-00034 1 37494
forsyth FR940104-0-00034 2 37496 37542
county FR940104-0-00034 2 37497 37545
nationalist FR940104-0-00034 1 37500
movement FR940104-0-00034 1 37501
decision FR940104-0-00034 2 37509 37968
authorize FR940104-0-00034 2 37512 38536
left FR940104-0-00034 1 37518
whim FR940104-0-00034 1 37523
objective FR940104-0-00034 2 37528 39127
factors FR940104-0-00034 1 37529
112 FR940104-0-00034 1 37531
2395 FR940104-0-00034 1 37534
2403 FR940104-0-00034 1 37536
administrator FR940104-0-00034 1 37546
discretion FR940104-0-00034 1 37550
vary FR940104-0-00034 1 37552
fee FR940104-0-00034 1 37554
assembling FR940104-0-00034 1 37556
parading FR940104-0-00034 1 37558
reviewable FR940104-0-00034 1 37561
explanation FR940104-0-00034 1 37567
procedure FR940104-0-00034 1 37574
evaluating FR940104-0-00034 1 37576
including FR940104-0-00034 2 37582 39828
use FR940104-0-00034 4 37583 37803 37817 38537
notice FR940104-0-00034 1 37585
rulemaking FR940104-0-00034 2 37588 38335
presents FR940104-0-00034 1 37590
far FR940104-0-00034 1 37592
different FR940104-0-00034 1 37593
situation FR940104-0-00034 1 37594
offend FR940104-0-00034 1 37601
constitution FR940104-0-00034 2 37603 39735
fact FR940104-0-00034 2 37613 38018
presume FR940104-0-00034 1 37618
publication FR940104-0-00034 1 37622
popular FR940104-0-00034 2 37628 37667
media FR940104-0-00034 3 37629 37668 39243
show FR940104-0-00034 1 37632
arbitrary FR940104-0-00034 1 37635
predilection FR940104-0-00034 1 37636
enforce FR940104-0-00034 1 37638
forum FR940104-0-00034 1 37647
owners FR940104-0-00034 1 37648
others FR940104-0-00034 1 37651
interest FR940104-0-00034 22 37657 37681 37763 37958 38148 38379 38390 38407 38448 38478 38512 38599 38639 38662 38858 38893 38913 38995 39023 39053 39106 39115
regulating FR940104-0-00034 1 37659
so FR940104-0-00034 2 37675 38369
strong FR940104-0-00034 2 37680 38892
ensuring FR940104-0-00034 4 37684 37858 38413 39025
consumers FR940104-0-00034 7 37694 37954 38028 38415 38564 38580 39199
likely FR940104-0-00034 1 37696
rely FR940104-0-00034 1 37698
making FR940104-0-00034 2 37700 38997
purchasing FR940104-0-00034 2 37701 37967
decisions FR940104-0-00034 1 37702
misleading FR940104-0-00034 6 37708 38153 38346 38364 38436 39038
scientifically FR940104-0-00034 5 37711 38425 38553 39031 39080
contrasts FR940104-0-00034 1 37718
categorical FR940104-0-00034 1 37721
ban FR940104-0-00034 1 37722
newsracks FR940104-0-00034 3 37725 37780 37805
struck FR940104-0-00034 1 37726
down FR940104-0-00034 1 37727
1505. FR940104-0-00034 1 37743
supreme FR940104-0-00034 2 37749 38644
held FR940104-0-00034 2 37751 39492
restriction FR940104-0-00034 3 37754 38658 38822
safety FR940104-0-00034 2 37765 37812
esthetics FR940104-0-00034 2 37767 37814
overemphasized FR940104-0-00034 1 37769
distinction FR940104-0-00034 1 37771
between FR940104-0-00034 6 37772 38487 38656 39012 39165 39871
prohibiting FR940104-0-00034 2 37778 38742
holding FR940104-0-00034 2 37781 37787
handbills FR940104-0-00034 1 37783
those FR940104-0-00034 4 37786 38187 38920 39808
ordinary FR940104-0-00034 1 37788
newspapers FR940104-0-00034 1 37789
1514 FR940104-0-00034 2 37794 37871
discriminated FR940104-0-00034 1 37800
more FR940104-0-00034 6 37809 38128 38383 38631 39675 39771
harmful FR940104-0-00034 1 37810
permitted FR940104-0-00034 1 37819
1511 FR940104-0-00034 1 37824
other FR940104-0-00034 8 37829 37939 38191 39220 39456 39673 39991 40034
hand FR940104-0-00034 1 37830
bears FR940104-0-00034 2 37840 38831
specific FR940104-0-00034 1 37842
relationship FR940104-0-00034 5 37843 38230 39011 39870 39891
interests FR940104-0-00034 5 37846 38025 38188 38972 38992
directed FR940104-0-00034 1 37855
specifically FR940104-0-00034 2 37856 39159
reliability FR940104-0-00034 1 37860
validity FR940104-0-00034 3 37862 38819 39194
regulations_i.e. FR940104-0-00034 1 37887
labeling_does FR940104-0-00034 1 37890
amount FR940104-0-00034 1 37892
discrimination FR940104-0-00034 1 37894
finally FR940104-0-00034 2 37896 39599
deny FR940104-0-00034 1 37904
overstates FR940104-0-00034 1 37921
impact FR940104-0-00034 2 37923 39929
affect FR940104-0-00034 1 37930
sources FR940104-0-00034 1 37940
about FR940104-0-00034 5 37943 38420 39009 39071 39163
second FR940104-0-00034 1 37947
actually FR940104-0-00034 2 37952 38240
obtaining FR940104-0-00034 1 37960
base FR940104-0-00034 1 37965
insuring FR940104-0-00034 1 37972
false FR940104-0-00034 2 37978 38151
deceptive FR940104-0-00034 1 37980
national FR940104-0-00034 1 37983
egg FR940104-0-00034 1 37986
ftc FR940104-0-00034 3 37990 38083 39694
570 FR940104-0-00034 1 37992
157 FR940104-0-00034 1 37994
162 FR940104-0-00034 1 37996
7th FR940104-0-00034 2 37998 39702
cert FR940104-0-00034 2 38004 39708
denied FR940104-0-00034 2 38006 39710
439 FR940104-0-00034 1 38008
821 FR940104-0-00034 1 38010
1978 FR940104-0-00034 2 38012 38944
involved FR940104-0-00034 1 38022
enhances FR940104-0-00034 1 38023
both FR940104-0-00034 2 38027 38841
assured FR940104-0-00034 1 38034
`that FR940104-0-00034 1 38035
stream FR940104-0-00034 1 38037
flow FR940104-0-00034 2 38041 39180
well FR940104-0-00034 1 38044
freely FR940104-0-00034 1 38046
virginia FR940104-0-00034 4 38054 38061 38778 38785
state FR940104-0-00034 4 38055 38754 38934 39357
board FR940104-0-00034 2 38056 38693
pharmacy FR940104-0-00034 1 38058
citizens FR940104-0-00034 1 38062
425 FR940104-0-00034 1 38066
748 FR940104-0-00034 1 38068
772 FR940104-0-00034 1 38070
american FR940104-0-00034 2 38078 38216
home FR940104-0-00034 1 38079
695 FR940104-0-00034 1 38085
681 FR940104-0-00034 1 38087
714 FR940104-0-00034 1 38089
1982 FR940104-0-00034 1 38094
3. FR940104-0-00034 1 38098
31b FR940104-0-00034 1 38101
two FR940104-0-00034 2 38103 38463
if FR940104-0-00034 4 38108 38257 39635 39852
restrictive FR940104-0-00034 1 38129
achieve FR940104-0-00034 2 38133 39124
goals FR940104-0-00034 3 38137 38502 39615
recognized FR940104-0-00034 2 38141 39677
great FR940104-0-00034 2 38147 38451
preventing FR940104-0-00034 2 38150 38157
fraud FR940104-0-00034 1 38158
marketplace FR940104-0-00034 1 38161
closing FR940104-0-00034 1 38167
door FR940104-0-00034 1 38169
qualified FR940104-0-00034 1 38173
significant FR940104-0-00034 1 38179
reasonably FR940104-0-00034 1 38184
responsive FR940104-0-00034 1 38185
wholesale FR940104-0-00034 1 38196
suppression FR940104-0-00034 2 38197 39237
carries FR940104-0-00034 1 38203
silencing FR940104-0-00034 1 38207
indispensable FR940104-0-00034 1 38210
people FR940104-0-00034 1 38217
lacks FR940104-0-00034 1 38227
end FR940104-0-00034 1 38233
chosen FR940104-0-00034 2 38234 39101
undercuts FR940104-0-00034 1 38241
goal FR940104-0-00034 1 38243
shrouding FR940104-0-00034 1 38245
ignorance FR940104-0-00034 1 38249
doctrine FR940104-0-00034 5 38263 39276 39331 39627 39647
unconstitutional FR940104-0-00034 1 38266
25262527 FR940104-0-00034 1 38285
contains FR940104-0-00034 1 38290
light FR940104-0-00034 2 38297 39949
fourpart FR940104-0-00034 1 38300
test FR940104-0-00034 2 38301 38469
set FR940104-0-00034 2 38302 38963
563564 FR940104-0-00034 1 38322
discussion FR940104-0-00034 3 38328 38979 39826
equally FR940104-0-00034 1 38330
applicable FR940104-0-00034 2 38331 39287
inherently FR940104-0-00034 1 38345
prohibited FR940104-0-00034 2 38353 39395
potentially FR940104-0-00034 1 38363
restricted FR940104-0-00034 1 38367
long FR940104-0-00034 1 38370
directly FR940104-0-00034 4 38374 38474 38508 39344
governmental FR940104-0-00034 3 38378 38477 38511
serve FR940104-0-00034 2 38388 38636
566 FR940104-0-00034 1 38395
dispute FR940104-0-00034 1 38402
promoting FR940104-0-00034 1 38409
have FR940104-0-00034 2 38416 39491
access FR940104-0-00034 1 38417
reliable FR940104-0-00034 2 38430 38556
informative FR940104-0-00034 2 38432 39034
focus FR940104-0-00034 1 38459
last FR940104-0-00034 1 38462
parts FR940104-0-00034 1 38464
there FR940104-0-00034 2 38482 39842
reasonable FR940104-0-00034 4 38485 38670 38803 39108
fit FR940104-0-00034 3 38486 38655 38797
ends FR940104-0-00034 1 38489
means FR940104-0-00034 3 38491 39097 39452
undercut FR940104-0-00034 1 38499
review FR940104-0-00034 1 38519
relevant FR940104-0-00034 1 38522
before FR940104-0-00034 2 38530 39914
decides FR940104-0-00034 1 38533
ensure FR940104-0-00034 3 38548 39190 39295
mislead FR940104-0-00034 1 38563
same FR940104-0-00034 1 38568
time FR940104-0-00034 3 38569 40002 40077
scheme FR940104-0-00034 1 38573
encourages FR940104-0-00034 1 38574
provision FR940104-0-00034 1 38576
enable FR940104-0-00034 1 38583
them FR940104-0-00034 1 38584
maintain FR940104-0-00034 1 38586
healthful FR940104-0-00034 1 38587
practices FR940104-0-00034 1 38589
direct FR940104-0-00034 1 38603
material FR940104-0-00034 1 38605
edenfield FR940104-0-00034 1 38609
v. FR940104-0-00034 2 38610 39990
fane FR940104-0-00034 1 38611
1792 FR940104-0-00034 1 38616
1798 FR940104-0-00034 1 38618
recently FR940104-0-00034 1 38641
necessarily FR940104-0-00034 1 38666
perfect FR940104-0-00034 1 38667
edge FR940104-0-00034 6 38677 38734 38807 38985 39044 39088
co FR940104-0-00034 4 38679 39365 39509 39535
2696 FR940104-0-00034 1 38685
2705 FR940104-0-00034 1 38687
trustees FR940104-0-00034 1 38695
fox FR940104-0-00034 2 38698 39149
492 FR940104-0-00034 2 38700 39151
469 FR940104-0-00034 1 38702
480 FR940104-0-00034 2 38704 39154
1989 FR940104-0-00034 2 38706 38880
posadas FR940104-0-00034 1 38709
de FR940104-0-00034 1 38710
puerto FR940104-0-00034 2 38711 38719
rico FR940104-0-00034 2 38712 38720
associates FR940104-0-00034 1 38713
tourism FR940104-0-00034 1 38716
co. FR940104-0-00034 1 38717
478 FR940104-0-00034 1 38722
328 FR940104-0-00034 1 38724
344 FR940104-0-00034 1 38726
upheld FR940104-0-00034 1 38738
statute FR940104-0-00034 2 38741 39299
broadcast FR940104-0-00034 1 38744
lottery FR940104-0-00034 3 38746 38787 38842
broadcaster FR940104-0-00034 2 38750 38766
licensed FR940104-0-00034 1 38751
allow FR940104-0-00034 1 38758
lotteries FR940104-0-00034 1 38759
prevented FR940104-0-00034 1 38764
north FR940104-0-00034 1 38768
carolina FR940104-0-00034 1 38769
majority FR940104-0-00034 1 38773
airing FR940104-0-00034 1 38781
had FR940104-0-00034 2 38791 40025
doubt FR940104-0-00034 1 38794
2705. FR940104-0-00034 1 38813
judged FR940104-0-00034 1 38825
relation FR940104-0-00034 1 38829
problem FR940104-0-00034 1 38835
accommodating FR940104-0-00034 1 38837
policies FR940104-0-00034 1 38839
nonlottery FR940104-0-00034 1 38844
extent FR940104-0-00034 1 38850
furthers FR940104-0-00034 1 38854
individual FR940104-0-00034 1 38861
ward FR940104-0-00034 1 38869
rock FR940104-0-00034 1 38872
racism FR940104-0-00034 1 38874
491 FR940104-0-00034 1 38876
781 FR940104-0-00034 1 38878
established FR940104-0-00034 2 38890 39208
adopting FR940104-0-00034 1 38895
enforcing FR940104-0-00034 1 38897
rules FR940104-0-00034 2 38898 39282
conduct FR940104-0-00034 2 38900 39420
designed FR940104-0-00034 1 38901
protect FR940104-0-00034 3 38903 38911 39051
prophylactic FR940104-0-00034 2 38917 39057
circumstances FR940104-0-00034 2 38921 39061
generally FR940104-0-00034 2 38922 39662
2706 FR940104-0-00034 2 38927 39094
ohralik FR940104-0-00034 2 38930 39042
ohio FR940104-0-00034 1 38933
bar FR940104-0-00034 1 38935
association FR940104-0-00034 1 38936
436 FR940104-0-00034 1 38938
464 FR940104-0-00034 1 38942
after FR940104-0-00034 1 38948
alternate FR940104-0-00034 1 38950
approaches FR940104-0-00034 1 38951
concluded FR940104-0-00034 2 38956 39840
procedures FR940104-0-00034 1 38959
best FR940104-0-00034 1 38968
supra FR940104-0-00034 1 38980
weighed FR940104-0-00034 1 38990
competing FR940104-0-00034 1 38991
available FR940104-0-00034 1 38999
nutritional FR940104-0-00034 1 39013
substances FR940104-0-00034 2 39014 39166
disease FR940104-0-00034 3 39016 39168 39884
healthrelated FR940104-0-00034 3 39018 39170 39886
conditions FR940104-0-00034 2 39019 39171
provided FR940104-0-00034 3 39029 39197 40003
permitting FR940104-0-00034 1 39067
substancedisease FR940104-0-00034 1 39072
relationships FR940104-0-00034 2 39073 39164
determined FR940104-0-00034 1 39078
further FR940104-0-00034 1 39103
proportion FR940104-0-00034 1 39112
served FR940104-0-00034 1 39116
narrowly FR940104-0-00034 3 39121 39353 39608
tailored FR940104-0-00034 3 39122 39354 39609
desired FR940104-0-00034 1 39126
1510 FR940104-0-00034 1 39145
n.12 FR940104-0-00034 1 39146
quoting FR940104-0-00034 1 39148
target FR940104-0-00034 1 39160
restrict FR940104-0-00034 1 39178
leave FR940104-0-00034 1 39214
open FR940104-0-00034 1 39215
range FR940104-0-00034 1 39218
possible FR940104-0-00034 2 39221 39783
methods FR940104-0-00034 1 39222
4. FR940104-0-00034 1 39226
chilling FR940104-0-00034 3 39227 39250 39668
effect FR940104-0-00034 3 39228 39251 39669
31c FR940104-0-00034 1 39229
overbroad FR940104-0-00034 3 39236 39298 39384
communications FR940104-0-00034 1 39242
manufacturers FR940104-0-00034 1 39246
creates FR940104-0-00034 1 39247
pervasive FR940104-0-00034 1 39249
their FR940104-0-00034 3 39253 39266 39409
willingness FR940104-0-00034 1 39254
scientists FR940104-0-00034 1 39260
professional FR940104-0-00034 1 39271
consideration FR940104-0-00034 1 39272
overbreadth FR940104-0-00034 3 39275 39626 39646
exception FR940104-0-00034 1 39279
traditional FR940104-0-00034 1 39281
standing FR940104-0-00034 1 39284
chill FR940104-0-00034 2 39302 39389
leonardson FR940104-0-00034 1 39309
e. FR940104-0-00034 1 39314
lansing FR940104-0-00034 1 39315
896 FR940104-0-00034 1 39317
190 FR940104-0-00034 1 39319
195 FR940104-0-00034 1 39321
6th FR940104-0-00034 1 39323
applications FR940104-0-00034 1 39342
restricts FR940104-0-00034 1 39345
secretary FR940104-0-00034 1 39355
maryland FR940104-0-00034 1 39359
joseph FR940104-0-00034 1 39362
h. FR940104-0-00034 1 39363
munson FR940104-0-00034 1 39364
467 FR940104-0-00034 2 39368 39424
947 FR940104-0-00034 1 39370
965 FR940104-0-00034 1 39372
n.13 FR940104-0-00034 1 39373
regulations_marketing FR940104-0-00034 1 39401
bearing FR940104-0-00034 1 39404
unapproved FR940104-0-00034 1 39405
labeling_constitutes FR940104-0-00034 1 39410
core FR940104-0-00034 1 39413
easily FR940104-0-00034 2 39415 39437
identifiable FR940104-0-00034 2 39416 39438
constitutionally FR940104-0-00034 1 39418
proscribable FR940104-0-00034 1 39419
965966 FR940104-0-00034 1 39427
defined FR940104-0-00034 1 39432
21 FR940104-0-00034 1 39441
usc FR940104-0-00034 1 39442
321 FR940104-0-00034 2 39443 39700
m FR940104-0-00034 1 39445
term FR940104-0-00034 1 39450
written FR940104-0-00034 1 39457
printed FR940104-0-00034 1 39459
graphic FR940104-0-00034 1 39462
matter FR940104-0-00034 1 39463
containers FR940104-0-00034 1 39474
wrappers FR940104-0-00034 1 39476
accompanying FR940104-0-00034 1 39482
article. FR940104-0-00034 1 39484
courts FR940104-0-00034 1 39490
misbranding FR940104-0-00034 1 39494
kellogg FR940104-0-00034 2 39508 39534
mattox FR940104-0-00034 1 39513
763 FR940104-0-00034 1 39515
1369 FR940104-0-00034 1 39519
1381 FR940104-0-00034 1 39521
nd FR940104-0-00034 1 39523
tex FR940104-0-00034 1 39524
sub FR940104-0-00034 1 39531
nom FR940104-0-00034 1 39532
morales FR940104-0-00034 1 39539
940 FR940104-0-00034 1 39541
1530 FR940104-0-00034 1 39543
5th FR940104-0-00034 1 39545
accomplish FR940104-0-00034 1 39611
event FR940104-0-00034 1 39619
doubtful FR940104-0-00034 1 39623
c FR940104-0-00034 1 39657
ommercial FR940104-0-00034 1 39659
less FR940104-0-00034 1 39664
susceptible FR940104-0-00034 1 39665
political FR940104-0-00034 1 39684
discourse FR940104-0-00034 1 39685
kraft FR940104-0-00034 1 39688
970 FR940104-0-00034 1 39696
311 FR940104-0-00034 1 39698
1254 FR940104-0-00034 1 39715
b. FR940104-0-00034 1 39720
fifth FR940104-0-00034 2 39721 39850
32. FR940104-0-00034 1 39723
takings FR940104-0-00034 5 39729 39784 39805 39831 39983
clause FR940104-0-00034 1 39730
provides FR940104-0-00034 1 39736
trade FR940104-0-00034 2 39741 39751
names FR940104-0-00034 2 39742 39752
ยง101.14 FR940104-0-00034 1 39747
might FR940104-0-00034 1 39748
proscribe FR940104-0-00034 1 39749
allowed FR940104-0-00034 1 39756
years FR940104-0-00034 1 39763
urged FR940104-0-00034 1 39767
give FR940104-0-00034 2 39770 40063
attention FR940104-0-00034 1 39772
executive FR940104-0-00034 2 39775 39951
12630 FR940104-0-00034 2 39777 39953
implications FR940104-0-00034 2 39785 39806
issued FR940104-0-00034 1 39789
governing FR940104-0-00034 1 39793
2397 FR940104-0-00034 1 39816
2400 FR940104-0-00034 1 39818
2528 FR940104-0-00034 1 39820
2529 FR940104-0-00034 2 39822 39905
underlying FR940104-0-00034 1 39830
incorporated FR940104-0-00034 1 39835
herein FR940104-0-00034 1 39836
taking FR940104-0-00034 1 39847
required FR940104-0-00034 1 39856
alter FR940104-0-00034 1 39858
brand FR940104-0-00034 2 39860 39864
name FR940104-0-00034 2 39861 39865
asserts FR940104-0-00034 1 39866
implication FR940104-0-00034 1 39868
presence FR940104-0-00034 1 39873
level FR940104-0-00034 1 39875
substance FR940104-0-00034 1 39878
condition FR940104-0-00034 1 39887
subject FR940104-0-00034 1 39895
approved FR940104-0-00034 1 39898
conducted FR940104-0-00034 1 39911
passage FR940104-0-00034 1 39915
ds FR940104-0-00034 1 39918
took FR940104-0-00034 1 39923
into FR940104-0-00034 1 39924
account FR940104-0-00034 1 39925
must FR940104-0-00034 1 39940
issues FR940104-0-00034 3 39943 39984 39992
raised FR940104-0-00034 1 39944
additional FR940104-0-00034 1 39960
already FR940104-0-00034 1 39967
therefore FR940104-0-00034 1 39970
concludes FR940104-0-00034 1 39974
potential FR940104-0-00034 1 39982
greater FR940104-0-00034 1 39987
detail FR940104-0-00034 1 39988
33. FR940104-0-00034 1 39993
few FR940104-0-00034 1 39995
objected FR940104-0-00034 1 39997
period FR940104-0-00034 2 40000 40054
proposal FR940104-0-00034 1 40009
stating FR940104-0-00034 1 40011
too FR940104-0-00034 1 40015
short FR940104-0-00034 2 40016 40032
reason FR940104-0-00034 1 40027
establish FR940104-0-00034 1 40029
deadline FR940104-0-00034 1 40033
curtail FR940104-0-00034 1 40037
input FR940104-0-00034 1 40039
another FR940104-0-00034 1 40045
requested FR940104-0-00034 1 40049
extend FR940104-0-00034 1 40052
advocacy FR940104-0-00034 1 40065
groups FR940104-0-00034 1 40066
care FR940104-0-00034 1 40069
professionals FR940104-0-00034 1 40070
prepare FR940104-0-00034 1 40079
opinions FR940104-0-00034 1 40083
needed FR940104-0-00034 1 40084
fairly FR940104-0-00034 1 40086
resolve FR940104-0-00034 1 40087
