, FR940525-0-00014 18 60 62 77 87 97 111 126 139 153 167 178 191 205 216 229 242 255 259
mls/dme FR940525-0-00014 1 61
mls/rnav FR940525-0-00014 1 63
; FR940525-0-00014 4 64 68 72 277
§97.31 FR940525-0-00014 1 65
radar FR940525-0-00014 1 66
siaps FR940525-0-00014 3 67 71 76
§97.33 FR940525-0-00014 1 69
rnav FR940525-0-00014 1 70
and FR940525-0-00014 1 73
§97.35 FR940525-0-00014 1 74
copter FR940525-0-00014 1 75
identified FR940525-0-00014 1 78
as FR940525-0-00014 1 79
follows FR940525-0-00014 1 80
: FR940525-0-00014 1 81
*** FR940525-0-00014 1 82
effective FR940525-0-00014 1 83
date FR940525-0-00014 1 84
june FR940525-0-00014 1 85
23 FR940525-0-00014 2 86 267
1994 FR940525-0-00014 1 88
1 FR940525-0-00014 2 89 214
1state FR940525-0-00014 1 90
1city FR940525-0-00014 1 91
1airport FR940525-0-00014 1 92
1fdc FR940525-0-00014 1 93
no FR940525-0-00014 1 94
. FR940525-0-00014 2 95 273
1siap FR940525-0-00014 1 96
ak FR940525-0-00014 5 98 112 127 140 154
cold FR940525-0-00014 10 99 101 113 115 128 130 141 143 155 157
bay FR940525-0-00014 10 100 102 114 116 129 131 142 144 156 158
fdc FR940525-0-00014 13 103 117 132 145 159 173 185 197 210 221 234 248 263
4/1592 FR940525-0-00014 1 104
ils FR940525-0-00014 2 105 199
rwy FR940525-0-00014 9 106 121 148 162 200 224 237 253 266
14 FR940525-0-00014 4 107 109 149 163
amdt FR940525-0-00014 10 108 123 150 164 188 202 213 226 239 256
... FR940525-0-00014 13 110 125 138 152 166 177 190 204 215 228 241 258 269
4/1593 FR940525-0-00014 1 118
loc/dme FR940525-0-00014 1 119
bc FR940525-0-00014 1 120
32 FR940525-0-00014 1 122
6 FR940525-0-00014 3 124 227 240
4/1594 FR940525-0-00014 1 133
vor/dme FR940525-0-00014 1 134
or FR940525-0-00014 2 135 251
tacana FR940525-0-00014 1 136
orig FR940525-0-00014 3 137 176 268
4/1595 FR940525-0-00014 1 146
vor FR940525-0-00014 2 147 250
12 FR940525-0-00014 1 151
4/1596 FR940525-0-00014 1 160
ndb FR940525-0-00014 3 161 223 265
10 FR940525-0-00014 1 165
me FR940525-0-00014 1 168
fryeburg FR940525-0-00014 1 169
eastern FR940525-0-00014 1 170
slopes FR940525-0-00014 1 171
regional FR940525-0-00014 1 172
4/1624 FR940525-0-00014 1 174
ndbb FR940525-0-00014 1 175
mn FR940525-0-00014 1 179
winona FR940525-0-00014 2 180 181
munimax FR940525-0-00014 1 182
conrad FR940525-0-00014 1 183
field FR940525-0-00014 1 184
4/1627 FR940525-0-00014 1 186
vora FR940525-0-00014 1 187
11a FR940525-0-00014 1 189
oh FR940525-0-00014 1 192
columbus FR940525-0-00014 2 193 195
port FR940525-0-00014 1 194
intl FR940525-0-00014 1 196
4/1654 FR940525-0-00014 1 198
28l FR940525-0-00014 1 201
26 FR940525-0-00014 1 203
nv FR940525-0-00014 1 206
winnemucca FR940525-0-00014 2 207 208
muni FR940525-0-00014 1 209
4/1669 FR940525-0-00014 1 211
ndba FR940525-0-00014 1 212
ma FR940525-0-00014 2 217 230
norwood FR940525-0-00014 4 218 219 231 232
memorial FR940525-0-00014 2 220 233
4/1676 FR940525-0-00014 1 222
35 FR940525-0-00014 2 225 238
4/1677 FR940525-0-00014 1 235
loc FR940525-0-00014 1 236
ct FR940525-0-00014 1 243
winsor FR940525-0-00014 1 244
locks FR940525-0-00014 1 245
bradley FR940525-0-00014 1 246
international FR940525-0-00014 1 247
4/1731 FR940525-0-00014 1 249
tacan FR940525-0-00014 1 252
15 FR940525-0-00014 1 254
2 FR940525-0-00014 1 257
mt FR940525-0-00014 1 260
choteau FR940525-0-00014 2 261 262
4/1769 FR940525-0-00014 1 264
[ FR940525-0-00014 1 270
fr FR940525-0-00014 1 271
doc FR940525-0-00014 1 272
9412778 FR940525-0-00014 1 274
filed FR940525-0-00014 1 275
52494 FR940525-0-00014 1 276
8:45 FR940525-0-00014 1 278
am FR940525-0-00014 1 279
] FR940525-0-00014 1 280
billing FR940525-0-00014 1 281
code FR940525-0-00014 1 282
491013m FR940525-0-00014 1 283
department FR940525-0-00015 1 0
of FR940525-0-00015 172 1 59 70 92 111 125 137 152 174 177 200 269 313 379 417 432 455 496 505 511 531 550 565 574 586 596 619 631 642 654 686 751 802 820 831 855 875 901 908 918 924 935 976 997 1005 1019 1069 1104 1117 1123 1152 1197 1214 1242 1293 1299 1322 1337 1396 1446 1448 1455 1486 1516 1530 1544 1583 1656 1669 1753 1794 1838 1850 1861 1870 1916 1948 1985 2002 2036 2073 2171 2186 2280 2295 2318 2350 2402 2436 2452 2462 2476 2533 2546 2631 2662 2674 2701 2714 2722 2759 2802 2844 2852 2883 2889 2921 2942 2956 2964 2994 3024 3043 3065 3111 3126 3133 3140 3155 3188 3191 3219 3249 3263 3293 3313 3335 3365 3387 3417 3445 3498 3537 3578 3590 3615 3622 3645 3662 3667 3678 3691 3698 3722 3764 3786 3806 3824 3856 3898 3940 3961 4014 4122 4155 4175 4188 4209 4219 4249 4292 4316 4372 4389 4432 4439 4470 4579 4630 4718 4728 4774
health FR940525-0-00015 11 2 316 572 781 1388 1986 2003 3215 3788 3907 4497
and FR940525-0-00015 105 3 7 34 49 118 130 195 236 244 276 344 405 422 478 498 527 533 554 624 696 706 710 793 834 883 905 963 967 998 1047 1083 1132 1157 1377 1463 1527 1548 1626 1699 1704 1749 1762 1788 1854 1918 2017 2078 2080 2250 2301 2404 2485 2548 2628 2636 2779 2800 2934 2983 3232 3261 3289 3300 3311 3356 3403 3444 3463 3487 3491 3535 3570 3576 3656 3817 3830 3933 3944 3974 3986 4004 4021 4023 4035 4055 4073 4101 4251 4355 4370 4420 4447 4468 4474 4498 4501 4508 4525 4551 4669 4686 4696 4788 4804 4807
human FR940525-0-00015 3 4 4352 4417
services FR940525-0-00015 2 5 4278
food FR940525-0-00015 14 6 33 48 234 243 272 2441 2457 3135 3172 3904 4668 4786 4800
drug FR940525-0-00015 7 8 35 50 245 274 4670 4802
administration FR940525-0-00015 5 9 36 51 246 4671
21 FR940525-0-00015 10 10 204 219 284 356 939 2810 3159 3223 4777
cfr FR940525-0-00015 6 11 197 205 357 2811 4778
part FR940525-0-00015 7 12 198 2807 2812 3268 3565 4779
103 FR940525-0-00015 2 13 4780
[ FR940525-0-00015 1 14
docket FR940525-0-00015 1 15
no FR940525-0-00015 13 16 25 1596 1691 2327 2359 4164 4373 4396 4412 4590 4607 4642
. FR940525-0-00015 149 17 39 44 83 100 142 166 171 222 251 260 374 436 461 536 580 636 667 724 763 806 860 895 912 946 979 993 995 1003 1017 1052 1059 1093 1101 1120 1138 1140 1169 1227 1256 1283 1312 1318 1359 1383 1403 1429 1467 1497 1511 1523 1568 1619 1680 1683 1734 1776 1818 1875 1885 1925 1967 2030 2060 2100 2137 2157 2200 2274 2334 2369 2411 2425 2458 2495 2517 2530 2562 2590 2622 2676 2709 2738 2786 2871 2891 2911 2969 2997 3034 3091 3118 3179 3194 3252 3324 3377 3412 3448 3502 3541 3582 3611 3632 3658 3686 3712 3754 3774 3811 3834 3847 3882 3908 3950 3991 4042 4045 4089 4091 4119 4132 4168 4235 4266 4282 4304 4306 4333 4364 4392 4429 4454 4458 4511 4532 4562 4585 4633 4647 4649 4674 4703 4713 4735 4737 4752 4772 4794
92n0059 FR940525-0-00015 1 18
] FR940525-0-00015 1 19
quality FR940525-0-00015 33 20 60 110 124 609 919 958 1087 1164 1347 2193 2928 2967 3007 3032 3053 3064 3113 3141 3177 3193 3251 3298 3447 3465 3500 3536 3575 3700 3748 3982 4105 4221
standards FR940525-0-00015 6 21 27 3008 3033 4760 4789
for FR940525-0-00015 119 22 62 78 95 223 233 349 369 402 420 425 476 552 557 611 622 634 645 657 757 773 813 890 961 1077 1089 1155 1160 1166 1180 1200 1245 1265 1290 1349 1366 1398 1495 1564 1598 1614 1659 1672 1694 1726 1747 1813 1831 1895 1907 1993 2041 2055 2119 2174 2189 2195 2215 2235 2245 2342 2379 2393 2510 2524 2586 2612 2692 2697 2704 2725 2739 2755 2762 2775 2782 2797 2827 2849 2886 2930 2976 3009 3019 3145 3259 3352 3374 3390 3398 3406 3431 3456 3477 3514 3542 3554 3599 3629 3702 3710 3724 3741 3767 3852 3872 3930 3984 4002 4019 4032 4070 4080 4107 4246 4269 4299 4376 4726
foods FR940525-0-00015 1 23
with FR940525-0-00015 30 24 114 148 188 342 583 718 807 1315 1355 1379 1451 1555 1666 1955 2087 2567 2580 2926 2936 3114 3307 3495 3935 3953 3967 4011 4025 4287 4521
identity FR940525-0-00015 3 26 3723 3870
; FR940525-0-00015 5 28 3291 3299 4504 4507
bottled FR940525-0-00015 83 29 63 81 98 112 132 350 612 648 715 797 824 878 956 1090 1167 1183 1222 1268 1281 1350 1369 1498 1517 1552 1591 1617 1662 1729 1816 2122 2196 2218 2313 2345 2513 2615 2663 2702 2723 2735 2748 2760 2803 2853 2884 2922 2957 3010 3045 3066 3073 3101 3204 3243 3264 3277 3366 3440 3471 3539 3557 3579 3603 3630 3646 3669 3703 3725 3743 3832 3845 3873 3989 4007 4038 4108 4182 4214 4731 4742 4747 4783
water FR940525-0-00015 139 30 64 82 99 113 128 133 161 304 323 352 410 439 482 513 579 613 649 661 693 716 762 798 825 859 879 894 957 1091 1168 1184 1204 1269 1282 1339 1351 1370 1402 1420 1440 1450 1460 1490 1499 1518 1553 1567 1592 1618 1663 1677 1698 1713 1730 1742 1796 1817 1908 2085 2123 2178 2197 2219 2239 2248 2272 2283 2314 2346 2382 2394 2418 2479 2514 2540 2589 2616 2664 2703 2724 2736 2749 2761 2805 2855 2885 2916 2923 2958 3011 3046 3052 3067 3070 3074 3102 3205 3244 3266 3274 3337 3367 3441 3452 3472 3540 3558 3580 3604 3624 3631 3651 3654 3670 3674 3685 3704 3726 3744 3753 3773 3810 3816 3833 3846 3874 3918 3990 4008 4039 4109 4183 4215 4709 4732 4743 4748 4759 4784
agency FR940525-0-00015 20 31 293 1134 2627 3316 3586 3778 3795 3849 4094 4127 4142 4160 4289 4310 4339 4366 4405 4513 4613
: FR940525-0-00015 6 32 41 46 168 227 263
, FR940525-0-00015 244 37 129 170 216 220 231 242 247 253 255 258 273 275 288 336 380 386 517 539 589 597 603 701 703 705 709 726 765 815 847 862 897 898 948 950 985 986 1014 1015 1029 1031 1034 1038 1042 1046 1074 1080 1082 1109 1114 1127 1131 1172 1174 1217 1325 1391 1408 1424 1431 1472 1500 1502 1526 1561 1570 1574 1587 1593 1622 1641 1700 1719 1739 1755 1757 1759 1761 1767 1783 1798 1843 1940 1980 2005 2016 2018 2021 2050 2075 2077 2097 2098 2124 2139 2160 2179 2206 2220 2249 2251 2257 2292 2300 2320 2322 2325 2330 2352 2354 2357 2362 2366 2373 2376 2383 2427 2442 2497 2519 2542 2555 2564 2576 2592 2596 2602 2653 2681 2694 2711 2741 2816 2822 2826 2830 2833 2873 2897 2907 2913 2933 2981 3002 3012 3036 3055 3058 3076 3120 3169 3181 3196 3239 3286 3288 3296 3327 3344 3351 3355 3379 3458 3468 3484 3486 3490 3504 3522 3547 3584 3648 3652 3655 3664 3688 3705 3714 3731 3732 3734 3760 3784 3793 3819 3836 3890 3892 3964 3994 4047 4052 4054 4057 4065 4116 4117 4134 4148 4153 4158 4170 4178 4179 4180 4319 4330 4331 4337 4354 4419 4475 4480 4493 4495 4500 4535 4611 4635 4641 4667 4672 4676 4680 4682 4685 4699 4711 4720 4733 4734 4744 4750 4757 4762 4764 4770 4771 4782 4785 4790 4796 4801 4803
hhs FR940525-0-00015 1 38
action FR940525-0-00015 9 40 739 2432 2952 3238 3801 3889 4343 4544
final FR940525-0-00015 9 42 102 144 390 2651 4441 4517 4537 4617
rule FR940525-0-00015 14 43 103 145 391 2234 2652 4177 4318 4325 4442 4518 4538 4581 4618
summary FR940525-0-00015 5 45 996 1004 1122 2159
the FR940525-0-00015 263 47 57 88 108 123 163 172 175 178 182 270 280 290 314 320 364 376 458 503 508 525 529 567 570 587 593 608 627 679 730 744 752 770 810 816 852 867 881 899 902 922 925 936 952 955 977 990 1013 1053 1057 1067 1070 1086 1118 1124 1128 1133 1148 1163 1177 1218 1228 1232 1239 1257 1284 1291 1300 1323 1342 1346 1364 1380 1386 1449 1487 1528 1562 1637 1645 1667 1670 1715 1723 1735 1768 1777 1792 1805 1819 1835 1844 1847 1855 1871 1892 1902 1929 1933 1945 1960 1971 1978 1983 2008 2013 2023 2044 2053 2071 2102 2113 2163 2192 2211 2253 2275 2290 2296 2309 2316 2339 2348 2377 2385 2450 2453 2456 2473 2504 2507 2559 2568 2572 2584 2600 2632 2640 2643 2647 2677 2688 2712 2715 2734 2788 2798 2887 2892 2903 2927 2937 2943 2965 2991 3031 3037 3051 3060 3063 3072 3089 3124 3131 3156 3175 3186 3189 3220 3242 3256 3273 3308 3314 3388 3396 3496 3499 3523 3533 3538 3543 3551 3561 3574 3585 3591 3620 3626 3637 3660 3665 3696 3699 3707 3739 3747 3761 3777 3787 3794 3804 3848 3903 3925 3938 3962 3977 3981 4012 4026 4066 4093 4097 4104 4120 4123 4126 4130 4138 4141 4156 4159 4172 4194 4210 4213 4243 4247 4267 4274 4288 4309 4313 4323 4338 4342 4351 4365 4377 4382 4387 4390 4404 4416 4437 4440 4448 4512 4522 4529 4536 4548 4559 4563 4602 4612 4616 4637 4651 4660 4723 4798
( FR940525-0-00015 74 52 75 192 207 210 213 239 279 283 294 306 319 325 328 353 355 381 472 515 546 598 699 748 844 910 932 938 942 973 1072 1521 1632 1678 1841 1937 1992 2091 2488 2793 2806 2809 2862 2864 2867 2979 3149 3152 3158 3162 3165 3198 3222 3267 3321 3329 3358 3381 3564 3727 3875 4040 4112 4203 4206 4226 4229 4232 4257 4260 4263 4326 4452 4489 4664
fda FR940525-0-00015 56 53 84 149 337 590 637 668 735 766 863 947 1007 1306 1313 1326 1360 1512 1599 1629 1650 1720 1876 2180 2221 2335 2412 2443 2498 2520 2565 2593 2603 2914 3004 3092 3121 3182 3253 3413 3449 3548 3735 3756 3820 3923 3954 3965 3998 4030 4059 4236 4393 4434 4587 4705 4715
) FR940525-0-00015 74 54 77 194 209 212 215 241 282 287 296 309 327 334 335 359 360 385 475 535 549 602 708 750 846 915 934 944 945 975 1092 1525 1640 1682 1863 1939 2015 2099 2494 2795 2814 2815 2866 2869 2870 2985 3151 3154 3164 3167 3168 3200 3226 3270 3323 3331 3360 3383 3567 3733 3881 4044 4118 4205 4208 4228 4231 4234 4259 4262 4265 4332 4457 4510 4666
is FR940525-0-00015 55 55 86 146 338 501 826 835 849 1237 1270 1276 1295 1374 1576 1588 1595 1664 1690 1770 1789 1828 1873 1883 1889 1942 1963 2198 2332 2364 2367 2515 2527 2620 2706 3049 3142 3227 3414 3435 3442 3525 3605 3796 4009 4095 4285 4361 4411 4426 4478 4519 4539 4553 4606 4645
amending FR940525-0-00015 3 56 1345 1363
standard FR940525-0-00015 31 58 610 917 959 1088 1165 1252 1264 1348 1365 1382 1848 1856 2194 2225 2291 2691 2929 2968 3054 3139 3178 3501 3628 3639 3701 3721 3749 3871 3983 4106
regulation FR940525-0-00015 4 61 992 1294 4477
to FR940525-0-00015 89 65 116 122 157 162 340 448 493 606 614 625 743 786 809 837 865 871 954 987 1000 1012 1108 1113 1142 1209 1331 1333 1352 1371 1468 1579 1600 1651 1709 1765 1807 1975 2083 2115 2131 2150 2242 2307 2428 2447 2606 2658 2665 2820 2879 3026 3040 3081 3099 3107 3116 3214 3229 3236 3275 3429 3437 3527 3531 3572 3594 3642 3718 3737 3750 3771 3798 3802 3814 3826 3867 3887 3906 3937 3958 3979 4061 4147 4152 4464 4481 4556 4569 4766
establish FR940525-0-00015 7 66 615 1652 1722 2449 3719 3868
an FR940525-0-00015 15 67 616 1210 1394 1611 1653 2145 2183 2430 2609 3281 3869 4186 4357 4422
allowable FR940525-0-00015 23 68 90 617 629 771 811 818 869 1075 1150 1178 1612 1654 1724 2184 2213 2310 2340 2508 2610 3708 3762 4195
level FR940525-0-00015 42 69 91 544 618 630 641 653 728 732 772 812 819 843 870 1179 1196 1207 1213 1219 1255 1573 1608 1613 1655 1718 1725 1733 2064 2185 2214 2311 2341 2435 2451 2475 2509 2611 3211 3709 3763 3805 3897
0.005 FR940525-0-00015 25 71 620 643 722 776 1153 1215 1235 1372 1559 1657 1774 2058 2172 2187 2323 2355 2374 2423 2463 2537 2618 2672 2689 3765
milligrams FR940525-0-00015 1 72
per FR940525-0-00015 2 73 3520
liter FR940525-0-00015 1 74
mg/l FR940525-0-00015 43 76 94 419 424 556 621 633 644 656 723 777 822 833 1154 1159 1199 1216 1236 1373 1494 1560 1606 1658 1717 1764 1775 1810 2039 2059 2118 2173 2188 2270 2324 2356 2375 2424 2464 2538 2619 2673 2690 3766
lead FR940525-0-00015 95 79 119 140 158 404 421 450 477 497 553 623 646 658 681 719 759 774 804 962 1156 1181 1201 1212 1246 1266 1274 1367 1399 1417 1436 1452 1496 1508 1546 1556 1565 1615 1660 1673 1695 1711 1727 1748 1751 1814 1996 2042 2056 2089 2120 2175 2190 2216 2236 2246 2264 2281 2329 2343 2361 2380 2415 2477 2511 2534 2587 2613 2675 2693 2705 2726 2763 2832 2890 2982 3117 3432 3515 3627 3638 3711 3768 3792 3807 3899 3932 3985 4003 4020 4034 4072 4100 4189 4250 4729
in FR940525-0-00015 103 80 97 159 186 203 363 375 408 427 457 480 519 528 537 577 581 592 647 659 761 823 857 877 892 929 1085 1162 1182 1202 1267 1280 1368 1400 1411 1418 1437 1458 1464 1519 1566 1590 1609 1616 1620 1623 1636 1661 1674 1696 1712 1728 1791 1815 2121 2158 2176 2191 2217 2226 2237 2247 2271 2282 2312 2344 2381 2417 2439 2455 2478 2512 2539 2588 2614 2642 2834 2902 2909 3302 3325 3556 3560 3602 3715 3746 3808 3812 3864 3951 3988 3992 4006 4037 4048 4103 4254 4322 4528 4533 4601 4659 4730 4776
also FR940525-0-00015 2 85 1927
retaining FR940525-0-00015 1 87
existing FR940525-0-00015 4 89 628 817 868
1 FR940525-0-00015 9 93 196 632 821 1158 1524 3153 3166 4207
copper FR940525-0-00015 24 96 117 406 426 479 499 558 635 814 856 876 891 964 1161 2984 3934 3987 4005 4022 4036 4074 4102 4191 4252
this FR940525-0-00015 18 101 143 727 1206 1316 1406 1470 1572 2063 2140 2224 3609 3782 3946 4176 4283 4317 4516
will FR940525-0-00015 10 104 134 1096 2604 2655 2875 3769 4197 4272 4619
ensure FR940525-0-00015 8 105 795 872 2666 3027 3438 3532 3573
both FR940525-0-00015 1 106
that FR940525-0-00015 111 107 131 395 486 500 662 672 688 711 768 787 796 873 886 1064 1176 1231 1234 1254 1261 1287 1362 1414 1434 1531 1534 1541 1644 1688 1732 1738 1780 1802 1823 1878 1898 1951 1959 1997 2069 2105 2133 2182 2205 2278 2302 2337 2388 2414 2481 2501 2522 2570 2595 2645 2667 2680 2718 2752 2769 2894 2918 2974 3001 3028 3048 3057 3094 3103 3123 3171 3202 3255 3272 3333 3362 3385 3423 3425 3439 3451 3469 3492 3510 3550 3588 3636 3758 3843 3900 3922 3997 4029 4125 4140 4144 4163 4184 4192 4335 4341 4356 4401 4409 4421 4485 4515 4573 4595 4604 4615
minimum FR940525-0-00015 3 109 2938 2993
respect FR940525-0-00015 4 115 808 3115 3936
remains FR940525-0-00015 1 120
comparable FR940525-0-00015 1 121
public FR940525-0-00015 12 126 315 409 512 568 692 780 1438 1459 1675 3917 4496
drinking FR940525-0-00015 23 127 160 303 322 351 481 578 660 858 893 1203 1338 1401 1419 1439 1676 1697 2177 2238 2804 2854 3265 4758
be FR940525-0-00015 32 135 1098 1187 1422 1427 1443 1808 1953 2116 2289 2305 2420 2445 2483 2656 2877 2987 3105 3230 3234 3276 3278 3292 3301 3338 3369 3393 3404 3827 4198 4273 4688
free FR940525-0-00015 3 136 801 1543
any FR940525-0-00015 12 138 1188 2129 2954 2962 3017 3203 3418 3506 3676 4181 4576
significant FR940525-0-00015 13 139 680 803 1309 1507 1545 2730 4348 4374 4413 4542 4577 4623
contamination FR940525-0-00015 8 141 495 682 805 1447 1471 1509 1547
consistent FR940525-0-00015 6 147 1378 1665 4010 4286 4520
's FR940525-0-00015 36 150 308 394 474 548 652 669 791 829 839 1135 1192 1327 1335 1357 1581 1604 1630 1825 1880 1887 2034 2135 2155 2232 2460 2860 3850 3955 3972 3999 4016 4018 4290 4367 4406
goal FR940525-0-00015 1 151
reducing FR940525-0-00015 1 153
consumers FR940525-0-00015 2 154 1030
' FR940525-0-00015 1 155
exposure FR940525-0-00015 1 156
extent FR940525-0-00015 1 164
practicable FR940525-0-00015 1 165
dates FR940525-0-00015 1 167
effective FR940525-0-00015 3 169 217 4173
director FR940525-0-00015 1 173
office FR940525-0-00015 1 176
federal FR940525-0-00015 8 179 271 365 377 594 1035 1638 4799
register FR940525-0-00015 5 180 366 378 595 1639
approves FR940525-0-00015 1 181
incorporation FR940525-0-00015 2 183 4791
by FR940525-0-00015 28 184 524 691 789 1304 1344 1404 1649 1901 1905 1989 2025 2043 2065 2109 2166 2468 3071 3137 3146 3791 3841 3969 4063 4224 4547 4690 4792
reference FR940525-0-00015 3 185 4064 4793
accordance FR940525-0-00015 3 187 582 3952
5 FR940525-0-00015 3 189 1974 2011
usc FR940525-0-00015 6 190 285 330 940 3160 3224
552 FR940525-0-00015 1 191
a FR940525-0-00015 65 193 389 453 604 639 974 1002 1048 1102 1121 1251 1263 1278 1296 1514 1800 1851 1859 1896 1949 1990 1999 2037 2106 2169 2227 2437 2440 2624 2629 2650 2695 2729 2753 2776 2783 2835 2839 2842 2845 2858 2948 3044 3083 3109 3128 3134 3138 3207 3210 3246 3294 3330 3613 3716 3720 3896 3913 4081 4217 4347 4541 4580 4622 4627
51 FR940525-0-00015 1 199
certain FR940525-0-00015 1 201
publications FR940525-0-00015 1 202
103.35 FR940525-0-00015 2 206 358
d FR940525-0-00015 2 208 4258
3 FR940525-0-00015 3 211 4261 4736
v FR940525-0-00015 2 214 4264
november FR940525-0-00015 1 218
1994 FR940525-0-00015 1 221
further FR940525-0-00015 4 224 1259 1821 4643
information FR940525-0-00015 7 225 262 1390 3422 4277 4398 4592
contact FR940525-0-00015 1 226
henry FR940525-0-00015 2 228 4767
s. FR940525-0-00015 2 229 4768
kim FR940525-0-00015 2 230 4769
center FR940525-0-00015 1 232
safety FR940525-0-00015 6 235 882 1832 3534 3577 4499
applied FR940525-0-00015 1 237
nutrition FR940525-0-00015 2 238 903
hfs306 FR940525-0-00015 1 240
200 FR940525-0-00015 1 248
c FR940525-0-00015 1 249
st FR940525-0-00015 1 250
sw. FR940525-0-00015 1 252
washington FR940525-0-00015 1 254
dc FR940525-0-00015 1 256
20204 FR940525-0-00015 1 257
2022054681 FR940525-0-00015 1 259
supplementary FR940525-0-00015 1 261
i. FR940525-0-00015 1 264
background FR940525-0-00015 1 265
under FR940525-0-00015 17 266 310 970 1319 1341 1920 2406 2550 2787 3216 3659 4200 4443 4558 4636 4797 4808
section FR940525-0-00015 10 267 311 584 930 971 1320 3147 3217 3959 4201
410 FR940525-0-00015 4 268 585 1321 3960
cosmetic FR940525-0-00015 2 277 4805
act FR940525-0-00015 17 278 281 318 324 588 907 937 978 1324 3157 3221 3963 4211 4451 4566 4640 4806
349 FR940525-0-00015 1 286
whenever FR940525-0-00015 1 289
environmental FR940525-0-00015 7 291 4307 4314 4358 4368 4423 4494
protection FR940525-0-00015 2 292 782
epa FR940525-0-00015 48 295 343 387 462 540 651 790 828 838 887 1191 1334 1356 1381 1392 1409 1432 1473 1580 1603 1642 1766 1824 1866 1879 1886 1906 1926 1968 2006 2033 2051 2061 2074 2154 2167 2231 2459 2581 2598 3927 3968 3971 3995 4015 4049 4281 4763
prescribes FR940525-0-00015 1 297
interim FR940525-0-00015 1 298
or FR940525-0-00015 20 299 361 1024 1110 1904 2268 2326 2358 2390 2841 3022 3317 3420 3475 3675 4084 4149 4190 4399 4593
revised FR940525-0-00015 1 300
national FR940525-0-00015 2 301 4275
primary FR940525-0-00015 1 302
regulations FR940525-0-00015 12 305 348 960 1289 1340 1358 2796 3258 3312 3563 3593 3842
npdwr FR940525-0-00015 5 307 393 792 1671 4017
1412 FR940525-0-00015 1 312
service FR940525-0-00015 2 317 520
safe FR940525-0-00015 5 321 1692 3295 3443 3483
sdwa FR940525-0-00015 2 326 1343
42 FR940525-0-00015 1 329
300f FR940525-0-00015 1 331
through FR940525-0-00015 3 332 3459 4701
300j9 FR940525-0-00015 1 333
required FR940525-0-00015 10 339 2657 2819 2878 2992 3106 3526 4363 4428 4646
consult FR940525-0-00015 2 341 2579
either FR940525-0-00015 1 345
amend FR940525-0-00015 3 346 607 3980
its FR940525-0-00015 6 347 367 1624 1868 3865 4598
§103.35 FR940525-0-00015 5 354 3197 3663 4225 4256
publish FR940525-0-00015 1 362
reasons FR940525-0-00015 3 368 3544 3851
not FR940525-0-00015 33 370 522 676 1097 1186 1225 1248 1271 1277 1442 1505 1790 2127 2143 2707 2876 2946 2960 3015 3079 3097 3184 3415 3606 3780 3831 3839 4345 4362 4427 4540 4554 4620
making FR940525-0-00015 1 371
such FR940525-0-00015 3 372 3127 3529
amendments FR940525-0-00015 2 373 953
56 FR940525-0-00015 3 382 2092 2489
fr FR940525-0-00015 8 383 600 2093 2490 3729 3877 4114 4328
26460 FR940525-0-00015 3 384 2094 2491
published FR940525-0-00015 3 388 591 1635
promulgating FR940525-0-00015 1 392
established FR940525-0-00015 7 396 463 541 889 1393 1474 3006
corrosion FR940525-0-00015 6 397 456 518 685 1193 1454
control FR940525-0-00015 5 398 494 510 1469 3466
treatment FR940525-0-00015 6 399 464 487 664 1194 1475
technique FR940525-0-00015 5 400 465 488 665 1476
requirements FR940525-0-00015 8 401 466 489 666 1477 2941 3018 3553
controlling FR940525-0-00015 1 403
levels FR940525-0-00015 16 407 416 471 720 760 874 1076 1151 1557 1752 2090 2265 2286 2416 2535 4196
systems FR940525-0-00015 6 411 460 514 526 695 1462
when FR940525-0-00015 5 412 1481 1811 4302 4476
these FR940525-0-00015 10 413 575 1020 1094 2285 3391 3689 3822 3854 4270
contaminants FR940525-0-00015 10 414 576 1994 2829 2932 2978 3354 3376 3555 3601
exceed FR940525-0-00015 2 415 1226
0.015 FR940525-0-00015 5 418 655 1198 1493 1605
1.3 FR940525-0-00015 3 423 555 832
more FR940525-0-00015 8 428 491 1025 1482 2988 3433 3516 3596
than FR940525-0-00015 11 429 468 650 1190 1483 1773 1965 2671 2990 3518 4280
10 FR940525-0-00015 3 430 1484 1976
percent FR940525-0-00015 3 431 1485 1957
targeted FR940525-0-00015 3 433 437 1488
tap FR940525-0-00015 4 434 438 1489 3069
samples FR940525-0-00015 9 435 440 442 1491 2086 2273 2480 2541 3334
represent FR940525-0-00015 1 441
collected FR940525-0-00015 1 443
from FR940525-0-00015 16 444 569 684 921 1027 1308 1453 2634 2743 2838 2950 3280 3617 3625 3695 3912
residences FR940525-0-00015 2 445 532
most FR940525-0-00015 7 446 673 1145 1221 1535 2045 2683
likely FR940525-0-00015 4 447 3080 3098 3797
have FR940525-0-00015 6 449 1506 1744 4346 4621 4654
problems FR940525-0-00015 3 451 683 1510
as FR940525-0-00015 17 452 1577 1585 1944 2370 2472 2506 3340 3342 3683 3858 3948 4075 4110 4222 4320 4545
result FR940525-0-00015 2 454 504
distribution FR940525-0-00015 4 459 694 1461 3042
rather FR940525-0-00015 2 467 4279
maximum FR940525-0-00015 3 469 542 841
contaminant FR940525-0-00015 7 470 543 842 1897 1991 2438 2454
mcl FR940525-0-00015 1 473
because FR940525-0-00015 14 483 740 1205 1273 1298 1445 1571 1701 1740 1834 2230 2682 3785 4586
it FR940525-0-00015 11 484 741 1425 1634 1707 2125 2208 2303 2577 2668 3013
believed FR940525-0-00015 1 485
are FR940525-0-00015 20 490 560 689 800 1065 1479 1537 1542 2685 2818 3078 3096 3454 3482 3568 3693 3838 3861 3885 4166
appropriate FR940525-0-00015 8 492 2199 2306 2368 2516 2621 3460 3569
largely FR940525-0-00015 1 502
circumstances FR940525-0-00015 2 506 3509
beyond FR940525-0-00015 1 507
direct FR940525-0-00015 1 509
ie FR940525-0-00015 4 516 1842 2321 2353
lines FR940525-0-00015 1 521
owned FR940525-0-00015 1 523
plumbing FR940525-0-00015 3 530 698 1466
buildings FR940525-0-00015 1 534
addition FR940525-0-00015 3 538 3326 4534
goals FR940525-0-00015 1 545
mclg FR940525-0-00015 5 547 830 1395 1407 1582
zero FR940525-0-00015 6 551 1397 1416 1435 1584 1966
which FR940525-0-00015 12 559 734 848 1220 1478 1575 1784 1865 1941 2149 2898 4058
based FR940525-0-00015 7 561 850 1384 1931 2031 2161 2433
solely FR940525-0-00015 1 562
on FR940525-0-00015 25 563 851 896 989 1385 1602 1628 1932 1982 2032 2162 2434 2503 2733 3062 3088 3130 3976 4294 4350 4415 4582 4626 4657 4722
considerations FR940525-0-00015 1 564
protecting FR940525-0-00015 1 566
adverse FR940525-0-00015 1 571
effects FR940525-0-00015 4 573 854 1389 4315
58 FR940525-0-00015 3 599 4113 4327
389 FR940525-0-00015 3 601 4115 4329
proposal FR940525-0-00015 17 605 1016 1058 1071 1119 1631 2644 2648 3717 3759 3866 3978 4131 4157 4378 4391 4603
retain FR940525-0-00015 2 626 866
proposed FR940525-0-00015 10 638 864 951 991 1149 2212 3736 4060 4111 4324
lower FR940525-0-00015 4 640 1189 1240 1772
triggers FR940525-0-00015 1 663
data FR940525-0-00015 3 670 2130 3419
showed FR940525-0-00015 1 671
bottlers FR940525-0-00015 13 674 712 1536 2654 2684 2817 2874 2917 3029 3077 3095 3428 3453
do FR940525-0-00015 3 675 1224 3528
normally FR940525-0-00015 1 677
experience FR940525-0-00015 1 678
materials FR940525-0-00015 3 687 1457 4301
presented FR940525-0-00015 1 690
residential FR940525-0-00015 2 697 1465
eg FR940525-0-00015 3 700 1073 2980
pipes FR940525-0-00015 1 702
faucets FR940525-0-00015 1 704
solder FR940525-0-00015 1 707
can FR940525-0-00015 11 713 736 1421 1549 1910 1952 2260 2396 2419 2482 3183
produce FR940525-0-00015 2 714 1551
products FR940525-0-00015 8 717 799 1554 3473 3581 3692 3825 3857
below FR940525-0-00015 8 721 827 1558 2422 2536 2617 3050 3174
furthermore FR940525-0-00015 4 725 2710 4046 4133
represents FR940525-0-00015 2 729 2384
lowest FR940525-0-00015 5 731 1893 1946 2386 2474
at FR940525-0-00015 31 733 775 783 1238 1253 1714 1731 1891 1973 2010 2057 2095 2266 2284 2315 2347 2492 2772 2823 3209 3304 3346 3371 3395 3399 3409 3608 3879 4334 4381 4386
take FR940525-0-00015 3 737 2429 3799
enforcement FR940525-0-00015 2 738 2431
corresponds FR940525-0-00015 2 742 1208
practical FR940525-0-00015 1 745
quantitation FR940525-0-00015 1 746
limit FR940525-0-00015 5 747 1241 1936 2317 2349
pql FR940525-0-00015 21 749 1563 1769 1806 1826 1872 1881 1888 1930 1972 2009 2024 2054 2114 2156 2170 2378 2461 2505 2585 2601
best FR940525-0-00015 2 753 2254
available FR940525-0-00015 7 754 1387 2049 2255 3405 4296 4471
analytical FR940525-0-00015 7 755 2047 2525 3928 4027 4244 4724
methods FR940525-0-00015 7 756 2048 4028 4050 4245 4271 4725
determining FR940525-0-00015 3 758 3931 4033
finally FR940525-0-00015 1 764
noted FR940525-0-00015 2 767 3000
establishing FR940525-0-00015 4 769 1610 2168 2338
would FR940525-0-00015 12 778 794 2304 2727 2764 2896 3104 3511 4344 4402 4574 4596
provide FR940525-0-00015 2 779 2128
least FR940525-0-00015 5 784 2824 3347 3372 3400
equivalent FR940525-0-00015 2 785 836
provided FR940525-0-00015 4 788 2144 3144 4223
secondary FR940525-0-00015 1 840
smcl FR940525-0-00015 1 845
aesthetic FR940525-0-00015 2 853 884
thus FR940525-0-00015 3 861 2496 3583
meet FR940525-0-00015 3 880 2961 3030
criteria FR940525-0-00015 1 885
has FR940525-0-00015 14 888 1329 1785 1803 2142 2240 2465 2499 3005 4161 4237 4394 4435 4588
enactment FR940525-0-00015 1 900
labeling FR940525-0-00015 1 904
education FR940525-0-00015 1 906
1990 FR940525-0-00015 4 909 1520 4712 4751
pub FR940525-0-00015 2 911 4453
l. FR940525-0-00015 2 913 4455
101535 FR940525-0-00015 1 914
removed FR940525-0-00015 1 916
rulemakings FR940525-0-00015 1 920
coverage FR940525-0-00015 1 923
formal FR940525-0-00015 1 926
rulemaking FR940525-0-00015 2 927 969
procedures FR940525-0-00015 3 928 3467 4069
701 FR940525-0-00015 2 931 972
e FR940525-0-00015 2 933 943
371 FR940525-0-00015 1 941
therefore FR940525-0-00015 9 949 2138 2563 2872 3180 3503 4169 4634 4795
using FR940525-0-00015 3 965 1538 2252
notice FR940525-0-00015 1 966
comment FR940525-0-00015 22 968 988 1171 1229 1258 1285 1317 1627 1686 1736 1778 1820 2103 2141 2203 2276 2569 2999 3038 3634 3911 3975
interested FR940525-0-00015 2 980 4691
persons FR940525-0-00015 2 981 4692
were FR940525-0-00015 4 982 1111 4150 4379
given FR940525-0-00015 2 983 3059
until FR940525-0-00015 1 984
ii FR940525-0-00015 2 994 4233
response FR940525-0-00015 3 999 1141 3993
comments FR940525-0-00015 19 1001 1006 1026 1054 1061 1095 1105 1130 1143 1146 2633 2678 2716 2742 2972 4124 4139 4400 4594
received FR940525-0-00015 5 1008 4128 4143 4395 4589
approximately FR940525-0-00015 1 1009
130 FR940525-0-00015 1 1010
responses FR940525-0-00015 4 1011 1021 1136 3616
each FR940525-0-00015 10 1018 2660 2699 2720 2757 2850 2881 2919 3349 3363
contained FR940525-0-00015 2 1022 3559
one FR940525-0-00015 6 1023 1170 1685 2998 3910 4239
industry FR940525-0-00015 5 1028 2635 2737 3075 3618
trade FR940525-0-00015 4 1032 2637 2745 3914
associations FR940525-0-00015 3 1033 2638 2746
government FR940525-0-00015 4 1036 1040 2626 3315
officials FR940525-0-00015 1 1037
state FR940525-0-00015 5 1039 2076 2081 2294 2625
agencies FR940525-0-00015 5 1041 3318 3920 4463 4568
consumer FR940525-0-00015 1 1043
advocacy FR940525-0-00015 1 1044
organizations FR940525-0-00015 1 1045
private FR940525-0-00015 1 1049
research FR940525-0-00015 1 1050
foundation FR940525-0-00015 1 1051
generally FR940525-0-00015 3 1055 1503 1969
supported FR940525-0-00015 3 1056 1147 4129
many FR940525-0-00015 2 1060 2258
addressed FR940525-0-00015 1 1062
issues FR940525-0-00015 1 1063
outside FR940525-0-00015 1 1066
scope FR940525-0-00015 1 1068
total FR940525-0-00015 2 1078 4076
trihalomethanes FR940525-0-00015 1 1079
chlorine FR940525-0-00015 1 1081
fluoride FR940525-0-00015 1 1084
discussed FR940525-0-00015 3 1099 2371 3863
here FR940525-0-00015 1 1100
number FR940525-0-00015 2 1103 4629
suggested FR940525-0-00015 3 1106 1125 4145
modifications FR940525-0-00015 2 1107 4146
opposed FR940525-0-00015 4 1112 2639 3619 4151
various FR940525-0-00015 1 1115
provisions FR940525-0-00015 5 1116 3497 3661 3697 4098
changes FR940525-0-00015 2 1126 4165
opposing FR940525-0-00015 1 1129
follows FR940525-0-00015 1 1137
b FR940525-0-00015 1 1139
1. FR940525-0-00015 2 1144 4704
however FR940525-0-00015 8 1173 1430 1501 2426 2912 3119 3713 3891
stated FR940525-0-00015 8 1175 1643 1779 2104 2204 3545 3635 3996
should FR940525-0-00015 10 1185 1426 1721 2222 2578 2597 2986 3505 3640 3755
trigger FR940525-0-00015 2 1195 1607
average FR940525-0-00015 1 1211
waters FR940525-0-00015 2 1223 1540
argued FR940525-0-00015 5 1230 1260 1822 2679 2717
fact FR940525-0-00015 2 1233 1621
reliable FR940525-0-00015 2 1243 2531
measurement FR940525-0-00015 4 1244 1853 2279 2532
does FR940525-0-00015 5 1247 1504 2945 2959 3779
justify FR940525-0-00015 1 1249
setting FR940525-0-00015 2 1250 1262
necessary FR940525-0-00015 6 1272 2708 3343 3436 3607 4479
content FR940525-0-00015 1 1275
problem FR940525-0-00015 2 1279 1297
maintained FR940525-0-00015 4 1286 2277 2751 3394
imposing FR940525-0-00015 1 1288
sake FR940525-0-00015 1 1292
high FR940525-0-00015 2 1301 2000
costs FR940525-0-00015 3 1302 2768 4467
incurred FR940525-0-00015 1 1303
diverting FR940525-0-00015 1 1305
resources FR940525-0-00015 3 1307 1703 1787
regulatory FR940525-0-00015 14 1310 1646 2951 3237 3888 4000 4449 4472 4483 4523 4543 4564 4571 4638
concerns FR940525-0-00015 2 1311 3789
disagrees FR940525-0-00015 3 1314 1877 2336
approach FR940525-0-00015 3 1328 1647 4001
been FR940525-0-00015 4 1330 1745 2466 4655
respond FR940525-0-00015 1 1332
promulgation FR940525-0-00015 1 1336
maintain FR940525-0-00015 1 1353
compatibility FR940525-0-00015 1 1354
concludes FR940525-0-00015 2 1361 3549
fully FR940525-0-00015 2 1375 3862
compatible FR940525-0-00015 1 1376
adopting FR940525-0-00015 2 1405 4096
was FR940525-0-00015 3 1410 2899 2908
effect FR940525-0-00015 1 1412
saying FR940525-0-00015 1 1413
if FR940525-0-00015 8 1415 2019 2646 2953 3170 3241 3776 3893
achieved FR940525-0-00015 3 1423 1428 1444
concluded FR940525-0-00015 3 1433 2500 4340
could FR940525-0-00015 1 1441
leadcontaining FR940525-0-00015 1 1456
triggered FR940525-0-00015 1 1480
exceeds FR940525-0-00015 2 1492 4193
conducted FR940525-0-00015 2 1513 2165
survey FR940525-0-00015 3 1515 1532 4710
ref FR940525-0-00015 3 1522 1679 4041
findings FR940525-0-00015 1 1529
show FR940525-0-00015 1 1533
source FR940525-0-00015 3 1539 3283 3336
readily FR940525-0-00015 2 1550 4295
consequently FR940525-0-00015 3 1569 3687 3835
close FR940525-0-00015 1 1578
possible FR940525-0-00015 3 1586 2020 4303
achievable FR940525-0-00015 1 1589
there FR940525-0-00015 4 1594 1689 4410 4605
reason FR940525-0-00015 1 1597
rely FR940525-0-00015 1 1601
review FR940525-0-00015 6 1625 2223 3408 3924 3973 4557
before FR940525-0-00015 1 1633
taken FR940525-0-00015 1 1648
intent FR940525-0-00015 2 1668 4013
4 FR940525-0-00015 3 1681 4043 4697
2. FR940525-0-00015 2 1684 4714
asserted FR940525-0-00015 1 1687
threshold FR940525-0-00015 1 1693
technological FR940525-0-00015 1 1702
knowledge FR940525-0-00015 1 1705
make FR940525-0-00015 1 1706
feasible FR940525-0-00015 1 1708
measure FR940525-0-00015 4 1710 1912 2263 2398
0.002 FR940525-0-00015 5 1716 1758 1809 2117 2269
contended FR940525-0-00015 1 1737
large FR940525-0-00015 2 1741 2784
companies FR940525-0-00015 1 1743
testing FR940525-0-00015 12 1746 1812 2698 2719 2756 2940 2975 2996 3513 3530 3552 3598
reporting FR940525-0-00015 1 1750
0 FR940525-0-00015 1 1754
0.001 FR940525-0-00015 3 1756 2038 2267
0.003 FR940525-0-00015 1 1760
0.004 FR940525-0-00015 1 1763
substantially FR940525-0-00015 1 1771
another FR940525-0-00015 4 1781 2110 2202 3633
organization FR940525-0-00015 2 1782 2111
limited FR940525-0-00015 1 1786
business FR940525-0-00015 1 1793
supplying FR940525-0-00015 1 1795
commercially FR940525-0-00015 1 1797
uses FR940525-0-00015 1 1799
laboratory FR940525-0-00015 7 1801 1839 1922 2107 2134 2408 2552
found FR940525-0-00015 2 1804 2112
concept FR940525-0-00015 2 1827 1882
theoretically FR940525-0-00015 1 1829
inappropriate FR940525-0-00015 2 1830 1884
determinations FR940525-0-00015 1 1833
error FR940525-0-00015 4 1836 1849 1857 2910
theory FR940525-0-00015 1 1837
measurements FR940525-0-00015 2 1840 1862
distinction FR940525-0-00015 1 1845
between FR940525-0-00015 2 1846 4693
single FR940525-0-00015 1 1852
among FR940525-0-00015 1 1858
group FR940525-0-00015 1 1860
upon FR940525-0-00015 3 1864 2148 4171
bases FR940525-0-00015 1 1867
determination FR940525-0-00015 5 1869 2136 4248 4408 4727
misleading FR940525-0-00015 1 1874
set FR940525-0-00015 4 1890 2052 2308 3016
concentration FR940525-0-00015 3 1894 1947 2387
laboratories FR940525-0-00015 4 1899 2082 2259 2392
certified FR940525-0-00015 1 1900
states FR940525-0-00015 1 1903
analyses FR940525-0-00015 2 1909 2395
reliably FR940525-0-00015 4 1911 2397 2448 2484
within FR940525-0-00015 4 1913 2399 2543 2571
specified FR940525-0-00015 3 1914 2400 2544
limits FR940525-0-00015 3 1915 2401 2545
precision FR940525-0-00015 3 1917 2403 2547
accuracy FR940525-0-00015 3 1919 2405 2549
routine FR940525-0-00015 3 1921 2407 2551
operating FR940525-0-00015 3 1923 2409 2553
conditions FR940525-0-00015 3 1924 2410 2554
determines FR940525-0-00015 1 1928
method FR940525-0-00015 1 1934
detection FR940525-0-00015 3 1935 2319 2351
mdl FR940525-0-00015 4 1938 1979 2014 2040
defined FR940525-0-00015 2 1943 4546
substance FR940525-0-00015 2 1950 3208
measured FR940525-0-00015 3 1954 2421 2487
99 FR940525-0-00015 1 1956
confidence FR940525-0-00015 1 1958
true FR940525-0-00015 1 1961
value FR940525-0-00015 1 1962
greater FR940525-0-00015 1 1964
sets FR940525-0-00015 2 1970 2007
times FR940525-0-00015 4 1977 2012 3306 3411
depending FR940525-0-00015 1 1981
degree FR940525-0-00015 2 1984 2001
risk FR940525-0-00015 2 1987 2004
posed FR940525-0-00015 1 1988
like FR940525-0-00015 1 1995
pose FR940525-0-00015 1 1998
confirms FR940525-0-00015 1 2022
interlaboratory FR940525-0-00015 1 2026
performance FR940525-0-00015 3 2027 2066 2469
evaluation FR940525-0-00015 3 2028 2067 2470
studies FR940525-0-00015 4 2029 2068 2164 2471
calculation FR940525-0-00015 1 2035
sensitive FR940525-0-00015 1 2046
confirmed FR940525-0-00015 2 2062 2467
evaluated FR940525-0-00015 1 2070
ability FR940525-0-00015 1 2072
nona FR940525-0-00015 1 2079
analyze FR940525-0-00015 3 2084 2821 4570
low FR940525-0-00015 1 2088
26511 FR940525-0-00015 2 2096 2493
although FR940525-0-00015 3 2101 2207 3003
used FR940525-0-00015 1 2108
did FR940525-0-00015 2 2126 3014
support FR940525-0-00015 1 2132
adequate FR940525-0-00015 1 2146
basis FR940525-0-00015 1 2147
call FR940525-0-00015 2 2151 4079
into FR940525-0-00015 2 2152 3479
question FR940525-0-00015 1 2153
finds FR940525-0-00015 2 2181 3587
3. FR940525-0-00015 1 2201
strongly FR940525-0-00015 1 2209
endorsed FR940525-0-00015 1 2210
few FR940525-0-00015 2 2228 2574
years FR940525-0-00015 3 2229 2575 3402
1991 FR940525-0-00015 1 2233
led FR940525-0-00015 1 2241
increased FR940525-0-00015 1 2243
analysis FR940525-0-00015 4 2244 2906 4431 4644
methodology FR940525-0-00015 2 2256 2526
now FR940525-0-00015 1 2261
routinely FR940525-0-00015 2 2262 2686
may FR940525-0-00015 5 2287 2556 3233 3901 4687
soon FR940525-0-00015 2 2288 2557
`` FR940525-0-00015 5 2293 3084 3668 3742 4738
art FR940525-0-00015 1 2297
'' FR940525-0-00015 5 2298 3086 3671 3745 4745
technology FR940525-0-00015 2 2299 2523
detectable FR940525-0-00015 2 2328 2360
whichever FR940525-0-00015 2 2331 2363
less FR940525-0-00015 3 2333 2365 2670
above FR940525-0-00015 2 2372 3546
state- FR940525-0-00015 1 2389
epacertified FR940525-0-00015 1 2391
recognizes FR940525-0-00015 2 2413 2594
must FR940525-0-00015 2 2444 2924
able FR940525-0-00015 1 2446
consistently FR940525-0-00015 1 2486
reliance FR940525-0-00015 1 2502
nevertheless FR940525-0-00015 1 2518
agrees FR940525-0-00015 3 2521 2566 3093
constantly FR940525-0-00015 1 2528
advancing FR940525-0-00015 1 2529
become FR940525-0-00015 1 2558
general FR940525-0-00015 1 2560
norm FR940525-0-00015 1 2561
next FR940525-0-00015 1 2573
about FR940525-0-00015 1 2582
reevaluating FR940525-0-00015 1 2583
moreover FR940525-0-00015 3 2591 3035 3378
revise FR940525-0-00015 2 2599 3738
need FR940525-0-00015 1 2605
consider FR940525-0-00015 1 2607
whether FR940525-0-00015 1 2608
4. FR940525-0-00015 2 2623 4753
majority FR940525-0-00015 4 2630 2713 3614 4121
statement FR940525-0-00015 10 2641 2893 3087 3110 3129 3190 3248 4218 4360 4425
becomes FR940525-0-00015 1 2649
test FR940525-0-00015 3 2659 2880 3430
lot FR940525-0-00015 7 2661 2700 2721 2758 2882 2920 2955
contains FR940525-0-00015 2 2669 4185
meeting FR940525-0-00015 2 2687 4719
requirement FR940525-0-00015 2 2696 2754
impose FR940525-0-00015 2 2728 2765
financial FR940525-0-00015 1 2731
burden FR940525-0-00015 1 2732
example FR940525-0-00015 1 2740
two FR940525-0-00015 1 2744
representing FR940525-0-00015 2 2747 3916
manufacturers FR940525-0-00015 1 2750
additional FR940525-0-00015 1 2766
annual FR940525-0-00015 3 2767 2939 2995
they FR940525-0-00015 5 2770 2895 3493 3837 3894
estimated FR940525-0-00015 1 2771
$ FR940525-0-00015 2 2773 2780
15000 FR940525-0-00015 1 2774
small FR940525-0-00015 3 2777 4583 4631
bottler FR940525-0-00015 4 2778 2785 3507 3524
300000 FR940525-0-00015 1 2781
current FR940525-0-00015 1 2789
good FR940525-0-00015 1 2790
manufacturing FR940525-0-00015 2 2791 3461
practice FR940525-0-00015 2 2792 4291
cgmp FR940525-0-00015 5 2794 2944 3257 3562 3592
processing FR940525-0-00015 2 2799 3260
bottling FR940525-0-00015 2 2801 3262
129 FR940525-0-00015 4 2808 2813 3269 3566
annually FR940525-0-00015 2 2825 3373
chemical FR940525-0-00015 7 2828 2931 2966 2977 3353 3375 3600
including FR940525-0-00015 4 2831 3649 3706 4490
representative FR940525-0-00015 1 2836
sample FR940525-0-00015 2 2837 4067
batch FR940525-0-00015 1 2840
segment FR940525-0-00015 1 2843
continuous FR940525-0-00015 1 2846
production FR940525-0-00015 2 2847 2861
run FR940525-0-00015 1 2848
type FR940525-0-00015 3 2851 3364 3677
produced FR940525-0-00015 1 2856
during FR940525-0-00015 1 2857
day FR940525-0-00015 1 2859
§129.80 FR940525-0-00015 3 2863 3357 3380
g FR940525-0-00015 3 2865 3199 3359
2 FR940525-0-00015 3 2868 3401 4230
presence FR940525-0-00015 1 2888
inadvertently FR940525-0-00015 1 2900
included FR940525-0-00015 1 2901
economic FR940525-0-00015 4 2904 4492 4609 4624
impact FR940525-0-00015 9 2905 4308 4349 4359 4375 4414 4424 4578 4625
reminds FR940525-0-00015 1 2915
comply FR940525-0-00015 2 2925 3494
compliance FR940525-0-00015 2 2935 3303
exempt FR940525-0-00015 2 2947 3694
firm FR940525-0-00015 1 2949
provision FR940525-0-00015 1 2963
5. FR940525-0-00015 1 2970
several FR940525-0-00015 1 2971
recommended FR940525-0-00015 2 2973 3921
frequent FR940525-0-00015 2 2989 3597
monitoring FR940525-0-00015 1 3020
timeframes FR940525-0-00015 1 3021
submission FR940525-0-00015 1 3023
results FR940525-0-00015 2 3025 3389
objected FR940525-0-00015 1 3039
allowing FR940525-0-00015 1 3041
product FR940525-0-00015 2 3047 3368
arguing FR940525-0-00015 1 3056
emphasis FR940525-0-00015 1 3061
verses FR940525-0-00015 1 3068
print FR940525-0-00015 1 3082
substandard FR940525-0-00015 5 3085 3112 3192 3250 4220
label FR940525-0-00015 3 3090 3132 3247
market FR940525-0-00015 1 3100
bear FR940525-0-00015 1 3108
notes FR940525-0-00015 2 3122 3254
use FR940525-0-00015 3 3125 3187 3939
covered FR940525-0-00015 2 3136 3840
specifically FR940525-0-00015 1 3143
403 FR940525-0-00015 2 3148 4202
h FR940525-0-00015 4 3150 3163 3382 4204
343 FR940525-0-00015 1 3161
falls FR940525-0-00015 1 3173
prescribed FR940525-0-00015 1 3176
preclude FR940525-0-00015 1 3185
nonetheless FR940525-0-00015 1 3195
provides FR940525-0-00015 1 3201
containing FR940525-0-00015 1 3206
considered FR940525-0-00015 2 3212 4312
injurious FR940525-0-00015 2 3213 3905
402 FR940525-0-00015 1 3218
342 FR940525-0-00015 1 3225
deemed FR940525-0-00015 1 3228
adulterated FR940525-0-00015 1 3231
subject FR940525-0-00015 3 3235 3886 4555
even FR940525-0-00015 2 3240 3775
bears FR940525-0-00015 2 3245 4216
require FR940525-0-00015 2 3271 3595
obtained FR940525-0-00015 1 3279
approved FR940525-0-00015 1 3282
properly FR940525-0-00015 1 3284
located FR940525-0-00015 1 3285
protected FR940525-0-00015 1 3287
operated FR940525-0-00015 1 3290
sanitary FR940525-0-00015 1 3297
all FR940525-0-00015 4 3305 3427 3470 4466
applicable FR940525-0-00015 2 3309 3949
laws FR940525-0-00015 1 3310
having FR940525-0-00015 1 3319
jurisdiction FR940525-0-00015 1 3320
§129.35 FR940525-0-00015 2 3322 3328
requires FR940525-0-00015 4 3332 3361 3384 4567
analyzed FR940525-0-00015 2 3339 3370
often FR940525-0-00015 1 3341
but FR940525-0-00015 1 3345
once FR940525-0-00015 2 3348 3519
year FR940525-0-00015 2 3350 3521
records FR940525-0-00015 1 3386
tests FR940525-0-00015 1 3392
plant FR940525-0-00015 1 3397
official FR940525-0-00015 1 3407
reasonable FR940525-0-00015 1 3410
aware FR940525-0-00015 1 3416
other FR940525-0-00015 3 3421 3643 4502
suggests FR940525-0-00015 1 3424
requiring FR940525-0-00015 1 3426
frequently FR940525-0-00015 2 3434 3517
acceptable FR940525-0-00015 1 3446
emphasizes FR940525-0-00015 1 3450
responsible FR940525-0-00015 1 3455
ensuring FR940525-0-00015 1 3457
techniques FR940525-0-00015 2 3462 3929
sufficient FR940525-0-00015 2 3464 3571
introduced FR940525-0-00015 1 3474
delivered FR940525-0-00015 1 3476
introduction FR940525-0-00015 1 3478
interstate FR940525-0-00015 1 3480
commerce FR940525-0-00015 1 3481
wholesome FR940525-0-00015 1 3485
truthfully FR940525-0-00015 1 3488
labeled FR940525-0-00015 1 3489
encounter FR940525-0-00015 1 3508
warrant FR940525-0-00015 1 3512
revision FR940525-0-00015 1 3589
time FR940525-0-00015 3 3610 4336 4388
6. FR940525-0-00015 1 3612
exemption FR940525-0-00015 1 3621
mineral FR940525-0-00015 6 3623 3650 3673 3752 3772 3809
apply FR940525-0-00015 2 3641 3770
types FR940525-0-00015 4 3644 3690 3823 3855
beverages FR940525-0-00015 2 3647 4781
soda FR940525-0-00015 3 3653 3684 3815
seltzer FR940525-0-00015 2 3657 3818
definition FR940525-0-00015 2 3666 3740
excludes FR940525-0-00015 1 3672
soft FR940525-0-00015 4 3679 3828 3859 3883
drink FR940525-0-00015 1 3680
commonly FR940525-0-00015 1 3681
known FR940525-0-00015 1 3682
57 FR940525-0-00015 2 3728 3876
393 FR940525-0-00015 2 3730 3878
include FR940525-0-00015 1 3751
adopt FR940525-0-00015 2 3757 3781
change FR940525-0-00015 3 3783 4241 4284
raised FR940525-0-00015 1 3790
some FR940525-0-00015 1 3800
regulate FR940525-0-00015 1 3803
regard FR940525-0-00015 1 3813
considers FR940525-0-00015 1 3821
drinks FR940525-0-00015 3 3829 3860 3884
address FR940525-0-00015 1 3844
considering FR940525-0-00015 2 3853 4137
395 FR940525-0-00015 1 3880
contain FR940525-0-00015 1 3895
render FR940525-0-00015 1 3902
7. FR940525-0-00015 1 3909
association FR940525-0-00015 2 3915 4749
supply FR940525-0-00015 1 3919
latest FR940525-0-00015 1 3926
nitric FR940525-0-00015 3 3941 4082 4085
acid FR940525-0-00015 3 3942 4083 4087
digestion FR940525-0-00015 2 3943 4088
incorporate FR940525-0-00015 2 3945 4062
procedure FR940525-0-00015 1 3947
responsibilities FR940525-0-00015 1 3956
pursuant FR940525-0-00015 1 3957
consulted FR940525-0-00015 1 3966
requesting FR940525-0-00015 1 3970
concurred FR940525-0-00015 1 4024
cited FR940525-0-00015 2 4031 4253
200.7 FR940525-0-00015 1 4051
200.8 FR940525-0-00015 1 4053
200.9 FR940525-0-00015 1 4056
preparation FR940525-0-00015 1 4068
measuring FR940525-0-00015 1 4071
recoverable FR940525-0-00015 1 4077
metals FR940525-0-00015 1 4078
acidhydrochloric FR940525-0-00015 1 4086
iii FR940525-0-00015 1 4090
conclusions FR940525-0-00015 1 4092
concerning FR940525-0-00015 3 4099 4242 4741
after FR940525-0-00015 1 4135
carefully FR940525-0-00015 1 4136
aspects FR940525-0-00015 1 4154
determined FR940525-0-00015 1 4162
warranted FR940525-0-00015 1 4167
date FR940525-0-00015 1 4174
amount FR940525-0-00015 1 4187
misbranded FR940525-0-00015 1 4199
unless FR940525-0-00015 1 4212
f FR940525-0-00015 1 4227
made FR940525-0-00015 1 4238
minor FR940525-0-00015 1 4240
new FR940525-0-00015 3 4255 4397 4591
sources FR940525-0-00015 2 4268 4298
technical FR940525-0-00015 1 4276
relying FR940525-0-00015 1 4293
commercial FR940525-0-00015 1 4297
incorporated FR940525-0-00015 1 4300
iv FR940525-0-00015 1 4305
previously FR940525-0-00015 1 4311
announced FR940525-0-00015 1 4321
environment FR940525-0-00015 2 4353 4418
assessment FR940525-0-00015 1 4369
finding FR940525-0-00015 2 4371 4600
displayed FR940525-0-00015 1 4380
dockets FR940525-0-00015 2 4383 4661
management FR940525-0-00015 2 4384 4662
branch FR940525-0-00015 2 4385 4663
affect FR940525-0-00015 1 4403
previous FR940525-0-00015 1 4407
v. FR940525-0-00015 1 4430
impacts FR940525-0-00015 3 4433 4438 4506
examined FR940525-0-00015 1 4436
executive FR940525-0-00015 5 4444 4459 4530 4549 4560
order FR940525-0-00015 5 4445 4460 4531 4550 4561
12866 FR940525-0-00015 2 4446 4461
flexibility FR940525-0-00015 3 4450 4565 4639
96354 FR940525-0-00015 1 4456
directs FR940525-0-00015 1 4462
assess FR940525-0-00015 1 4465
benefits FR940525-0-00015 2 4469 4488
alternatives FR940525-0-00015 1 4473
select FR940525-0-00015 1 4482
approaches FR940525-0-00015 1 4484
maximize FR940525-0-00015 1 4486
net FR940525-0-00015 1 4487
potential FR940525-0-00015 1 4491
advantages FR940525-0-00015 1 4503
distributive FR940525-0-00015 1 4505
equity FR940525-0-00015 1 4509
believes FR940525-0-00015 1 4514
philosophy FR940525-0-00015 1 4524
principles FR940525-0-00015 1 4526
identified FR940525-0-00015 1 4527
so FR940525-0-00015 1 4552
options FR940525-0-00015 1 4572
minimize FR940525-0-00015 1 4575
entities FR940525-0-00015 2 4584 4632
alter FR940525-0-00015 1 4597
tentative FR940525-0-00015 1 4599
substantive FR940525-0-00015 1 4608
issue FR940525-0-00015 1 4610
certifies FR940525-0-00015 1 4614
substantial FR940525-0-00015 1 4628
vi FR940525-0-00015 1 4648
references FR940525-0-00015 2 4650 4653
following FR940525-0-00015 1 4652
placed FR940525-0-00015 1 4656
display FR940525-0-00015 1 4658
hfa305 FR940525-0-00015 1 4665
rm FR940525-0-00015 1 4673
123 FR940525-0-00015 1 4675
12420 FR940525-0-00015 1 4677
parklawn FR940525-0-00015 1 4678
dr. FR940525-0-00015 1 4679
rockville FR940525-0-00015 1 4681
md FR940525-0-00015 1 4683
20857 FR940525-0-00015 1 4684
seen FR940525-0-00015 1 4689
9 FR940525-0-00015 1 4694
am FR940525-0-00015 1 4695
pm FR940525-0-00015 1 4698
monday FR940525-0-00015 1 4700
friday FR940525-0-00015 1 4702
fy FR940525-0-00015 1 4706
90 FR940525-0-00015 1 4707
bottle FR940525-0-00015 1 4708
internal FR940525-0-00015 1 4716
memorandum FR940525-0-00015 1 4717
discussions FR940525-0-00015 1 4721
twenty FR940525-0-00015 1 4739
questions FR940525-0-00015 1 4740
international FR940525-0-00015 1 4746
james FR940525-0-00015 1 4754
m. FR940525-0-00015 1 4755
conlon FR940525-0-00015 1 4756
division FR940525-0-00015 1 4761
letter FR940525-0-00015 1 4765
list FR940525-0-00015 1 4773
subjects FR940525-0-00015 1 4775
grades FR940525-0-00015 1 4787
authority FR940525-0-00015 1 4809
