of FR941206-1-00134 175 10199 10217 10243 10253 10266 10278 10291 10307 10312 10335 10372 10430 10462 10661 10664 10692 10719 10725 10765 10778 10815 10842 10909 10926 10953 10959 10970 10984 11008 11036 11048 11084 11104 11122 11289 11336 11375 11396 11402 11447 11484 11522 11534 11545 11659 11673 11692 11699 11732 11734 11765 11791 11801 11828 11860 11879 11886 11987 12014 12041 12047 12061 12068 12086 12106 12120 12124 12131 12135 12146 12153 12171 12193 12199 12276 12288 12322 12349 12396 12430 12511 12554 12573 12611 12623 12651 12657 12684 12712 12715 12744 12809 12853 12887 12906 12908 12912 13119 13137 13157 13202 13218 13233 13258 13290 13373 13384 13387 13396 13399 13424 13470 13511 13527 13565 13639 13672 13695 13798 13825 13829 13901 13955 13966 14016 14054 14105 14150 14170 14172 14235 14262 14268 14322 14333 14351 14388 14404 14411 14428 14480 14553 14558 14563 14570 14573 14590 14616 14636 14685 14829 14888 14908 14986 15000 15052 15056 15081 15116 15119 15128 15143 15161 15172 15202 15221 15231 15247 15276 15326 15353 15377 15385 15402 15416
pcbs FR941206-1-00134 53 10200 10215 10259 10344 10484 10620 10721 10895 10923 10960 11039 11123 11320 11471 11660 11708 12000 12351 12631 12633 12640 12653 12953 12964 13009 13341 13354 13361 13528 13617 13783 14140 14173 14269 14347 14383 14583 14593 14713 14736 14832 14834 14909 15066 15120 15129 15162 15222 15298 15301 15308 15364 15395
in FR941206-1-00134 71 10201 10220 10244 10287 10341 10440 10445 10562 10611 10686 10803 10881 11014 11078 11234 11272 11322 11561 11712 11721 11906 11965 11979 12304 12352 12380 12508 12562 12616 12659 12765 12817 12865 13028 13068 13161 13168 13221 13246 13267 13359 13441 13539 13549 13594 13647 13732 13784 13906 13964 13971 13989 14013 14079 14146 14161 14295 14361 14567 14614 14630 14728 14799 14910 14970 15067 15104 15164 15193 15224 15373
the FR941206-1-00134 306 10202 10232 10258 10288 10318 10354 10377 10380 10388 10405 10422 10431 10446 10463 10471 10494 10501 10516 10552 10622 10641 10653 10659 10665 10689 10699 10708 10716 10720 10723 10729 10732 10748 10769 10776 10779 10785 10804 10816 10834 10840 10843 10855 10867 10873 10877 10884 10889 10912 10920 10922 10940 10947 10965 10971 10977 10982 10994 11006 11062 11082 11100 11120 11134 11214 11218 11223 11230 11285 11294 11302 11332 11343 11350 11366 11371 11376 11386 11394 11411 11424 11439 11459 11465 11491 11523 11543 11577 11583 11611 11639 11655 11663 11666 11688 11697 11700 11706 11718 11722 11730 11735 11758 11766 11772 11789 11796 11806 11813 11826 11840 11854 11875 11880 11884 11984 12012 12015 12034 12039 12045 12052 12057 12062 12083 12100 12139 12144 12151 12167 12176 12189 12201 12225 12229 12274 12286 12294 12308 12313 12338 12353 12489 12494 12546 12559 12564 12592 12617 12621 12635 12639 12642 12647 12652 12660 12685 12710 12723 12742 12784 12825 12835 12882 12900 12919 12948 12956 13019 13039 13056 13069 13086 13096 13102 13117 13125 13130 13135 13142 13146 13150 13158 13162 13172 13184 13196 13214 13231 13256 13268 13277 13343 13349 13370 13374 13382 13385 13394 13422 13429 13434 13464 13468 13499 13524 13531 13566 13610 13619 13635 13643 13648 13657 13668 13693 13696 13714 13733 13754 13772 13778 13785 13801 13816 13834 13837 13850 13853 13887 13893 13899 13907 13910 13913 13916 13925 13953 13967 13977 13987 13994 14014 14020 14033 14045 14071 14080 14095 14109 14147 14175 14182 14195 14220 14297 14307 14331 14365 14369 14382 14426 14439 14460 14470 14478 14497 14529 14534 14547 14568 14617 14621 14633 14637 14719 14722 14741 14752 14763 14776 14779 14824 14858 14879 14886 14900 14905 14920 14924 14938 14953 14965 15042 15054 15114 15125 15141 15200 15233 15244 15274 15284 15322 15380 15383
environment FR941206-1-00134 9 10203 10233 10553 10730 11664 12560 13779 13835 14825
through FR941206-1-00134 6 10204 10588 10897 14377 14542 15312
a FR941206-1-00134 104 10205 10221 10245 10251 10271 10276 10361 10370 10441 10576 10580 10589 10597 10602 10612 10615 10645 10738 11139 11149 11167 11172 11237 11383 11432 11474 11500 11514 11546 11555 11564 11726 11748 11780 11818 11857 11939 11957 11973 12042 12073 12121 12132 12271 12282 12394 12418 12509 12584 12614 12734 12738 12755 12766 12818 12830 12855 12866 12879 12904 13029 13050 13178 13200 13234 13238 13247 13295 13365 13442 13485 13520 13552 13560 13586 13843 13859 13974 14005 14027 14088 14136 14162 14353 14481 14487 14588 14680 14683 14686 14758 14788 14803 14807 14842 14865 14972 14982 15005 15069 15117 15144 15313 15400
flexible FR941206-1-00134 1 10206
, FR941206-1-00134 217 10207 10218 10225 10227 10236 10257 10382 10466 10528 10532 10554 10595 10676 10685 10697 10706 10754 10763 10767 10783 10797 10813 10883 10933 10946 11013 11017 11024 11033 11071 11077 11080 11130 11144 11156 11161 11239 11264 11278 11325 11389 11392 11408 11427 11430 11472 11481 11593 11597 11616 11631 11648 11668 11670 11812 11882 11893 11923 11938 11950 11968 11997 12065 12128 12203 12205 12224 12252 12255 12293 12316 12373 12405 12474 12475 12488 12513 12521 12527 12543 12561 12566 12572 12576 12578 12637 12644 12677 12701 12747 12792 12800 12804 12824 12845 12860 12927 12937 12975 12976 12981 12984 12993 13015 13021 13034 13044 13073 13078 13080 13082 13084 13171 13252 13406 13504 13518 13568 13675 13679 13683 13703 13705 13711 13794 13796 13804 13807 13892 13915 13919 13927 13929 13998 14061 14063 14066 14074 14091 14159 14165 14199 14201 14203 14206 14208 14211 14227 14229 14231 14233 14242 14250 14253 14256 14260 14264 14285 14328 14336 14338 14342 14364 14376 14380 14393 14402 14406 14423 14468 14476 14528 14541 14545 14551 14575 14576 14584 14679 14688 14701 14744 14751 14761 14774 14778 14783 14791 14843 14881 14895 14914 14936 14946 14961 15027 15034 15041 15091 15094 15099 15133 15135 15151 15153 15183 15205 15223 15229 15293 15311 15328 15333 15340 15347 15349 15375
tiered FR941206-1-00134 1 10208
approach FR941206-1-00134 5 10209 11059 13992 14902 14926
. FR941206-1-00134 164 10210 10295 10324 10340 10363 10395 10414 10427 10449 10480 10509 10537 10565 10621 10640 10679 10731 10737 10747 10781 10845 10854 10880 10931 10961 10999 11053 11086 11108 11178 11197 11227 11259 11305 11321 11342 11349 11385 11423 11452 11493 11511 11533 11538 11571 11573 11576 11609 11629 11680 11709 11729 11754 11794 11831 11862 11909 11935 11964 11995 12011 12033 12054 12082 12107 12141 12183 12209 12260 12291 12327 12337 12357 12438 12477 12537 12586 12620 12654 12694 12728 12769 12781 12820 12875 12894 12917 12954 12988 13055 13092 13124 13165 13195 13224 13282 13305 13337 13369 13390 13433 13463 13536 13562 13585 13600 13624 13651 13653 13656 13722 13738 13748 13750 13753 13788 13815 13836 13864 13880 13924 13945 14019 14044 14094 14108 14129 14174 14274 14299 14318 14320 14326 14360 14391 14435 14504 14526 14592 14608 14645 14676 14690 14718 14737 14772 14806 14833 14857 14912 14944 14974 15011 15039 15072 15074 15078 15169 15237 15239 15243 15261 15396 15410
epa FR941206-1-00134 46 10211 10269 10296 10375 10510 10587 11004 11087 11131 11179 11240 11260 11326 11355 12480 12538 12587 12627 12702 12730 12770 12876 12895 12928 13100 13253 13318 13625 13697 13921 13938 13948 13999 14300 14343 14394 14436 14646 14815 14915 14947 14979 15012 15186 15206 15397
is FR941206-1-00134 53 10212 10275 10511 10712 10761 10789 10820 10858 10870 11205 11210 11261 11317 11327 11393 11431 11468 11580 11643 11715 11737 11838 11970 11978 12018 12029 12310 12400 12457 12493 12703 12725 12827 12840 12877 12896 12929 13228 13263 13412 13450 13597 13947 14367 14463 14610 14628 14647 14724 15049 15187 15207 15398
proposing FR941206-1-00134 8 10213 10513 11328 12897 12930 15188 15208 15399
that FR941206-1-00134 36 10214 10273 10300 10387 10684 10894 10916 11003 11029 11044 11057 11181 11244 11354 11621 11644 11674 11839 12828 12998 13099 13199 13255 13353 13688 14030 14312 14346 14362 14381 14546 14793 14919 14978 15016 15209
disposed FR941206-1-00134 12 10216 10242 10265 10908 10958 12105 12852 13510 14350 14387 14562 14572
placed FR941206-1-00134 2 10219 12864
land FR941206-1-00134 4 10222 14038 14106 14126
disposal FR941206-1-00134 69 10223 10311 10518 10610 10617 10874 10890 10905 10913 11103 11191 11195 11225 11257 11335 11391 11400 11429 11516 11793 11800 11830 11842 12046 12119 12142 12164 12181 12192 12202 12344 12486 12503 12886 13027 13046 13053 13289 13469 13481 13659 13670 13709 13720 13736 13765 13802 13818 13862 13996 14107 14120 14127 14412 14503 14509 14559 14669 14808 14844 14859 14887 14989 14999 15007 15044 15063 15367 15386
facility FR941206-1-00134 3 10224 10613 13054
spilled FR941206-1-00134 5 10226 10930 10954 11693 11707
or FR941206-1-00134 68 10228 10555 10671 10830 10902 10928 10955 11096 11102 11128 11162 11249 11280 11287 11482 11486 11560 11567 11751 11888 12115 12129 12160 12166 12169 12206 12426 12499 12579 12736 12910 13002 13045 13085 13121 13380 13583 13976 14102 14117 14131 14166 14239 14310 14339 14372 14409 14430 14519 14537 14556 14603 14668 14670 14773 14869 15101 15105 15154 15166 15227 15271 15289 15324 15334 15350 15363 15390
otherwise FR941206-1-00134 5 10229 10956 12841 13333 15371
released FR941206-1-00134 2 10230 11661
into FR941206-1-00134 2 10231 10728
prior FR941206-1-00134 4 10234 12535 12608 14501
to FR941206-1-00134 112 10235 10240 10262 10348 10478 10504 10514 10633 10792 10859 10964 10975 10980 11093 11111 11201 11251 11370 11410 11662 11705 11739 11805 11847 11869 11900 11921 11928 12003 12072 12096 12155 12188 12214 12216 12235 12247 12273 12285 12297 12320 12332 12345 12413 12531 12550 12556 12581 12595 12609 12667 12850 12881 12898 13007 13038 13065 13077 13095 13115 13141 13190 13212 13261 13298 13414 13420 13436 13508 13546 13573 13576 13581 13616 13622 13775 13800 13822 13831 13937 13951 13983 13985 14025 14050 14155 14237 14306 14374 14396 14450 14502 14539 14599 14665 14726 14740 14757 14820 14850 14885 14899 14923 14951 15022 15037 15177 15195 15198 15255 15304 15392
would FR941206-1-00134 58 10237 10330 10366 10385 10418 10437 10455 10468 10487 10548 10629 10656 11030 11045 11346 11359 11455 11496 11541 11844 12001 12186 12212 12360 12377 13022 13061 13427 13474 13571 13820 13847 13867 13883 13904 13934 14023 14048 14092 14098 14112 14133 14185 14289 14301 14437 14506 14531 14693 14705 14810 14846 14863 14940 14948 14963 15174 15252
be FR941206-1-00134 69 10238 10241 10263 10303 10331 10346 10367 10391 10401 10419 10438 10470 10541 10549 10573 10631 10682 10864 10907 11031 11046 11310 11347 11361 11456 11497 11627 11651 11740 11948 11962 12004 12104 12110 12245 12361 12378 12532 12750 12851 12863 13023 13048 13063 13210 13509 13543 13574 13823 13848 13868 13884 13935 14024 14049 14099 14113 14135 14303 14316 14532 14755 14812 14848 14864 14949 15020 15175 15253
presumed FR941206-1-00134 2 10239 10261
manner FR941206-1-00134 1 10246
which FR941206-1-00134 15 10247 10647 11316 11467 11598 11725 11778 11894 12243 12456 13259 13426 14577 14962 15366
does FR941206-1-00134 8 10248 11241 11815 12832 12847 13187 14916 15013
not FR941206-1-00134 37 10249 10826 11242 11360 11437 11816 11845 11917 11953 11971 12019 12103 12264 12280 12732 12833 12842 12848 13075 13188 13356 13378 13604 14134 14302 14385 14507 14586 14611 14641 14648 14664 14694 14917 15014 15122 15370
present FR941206-1-00134 3 10250 13357 13363
risk FR941206-1-00134 15 10252 10277 10996 11475 11502 11859 12553 13828 14191 14216 14427 14589 14644 14828 14984
exposure FR941206-1-00134 14 10254 10279 10998 11022 11117 11704 11851 11861 11905 11927 12366 12371 13615 14429
( FR941206-1-00134 83 10255 10280 10321 10360 10411 10452 10490 10523 10568 10673 10694 10795 10824 11138 11145 11163 11236 11382 11420 11449 11508 11529 11588 11982 12114 12162 12179 12393 12428 12468 12519 12569 12583 12613 12691 12718 12754 12762 12789 12793 12838 12870 12935 12955 12959 12970 13111 13148 13328 13364 13484 13487 13490 13502 13516 13551 13554 13559 13664 13761 13877 13890 13973 14083 14087 14188 14197 14213 14225 14413 14447 14474 14486 14489 14492 14518 14748 14840 14958 15111 15291 15309 15338
ie FR941206-1-00134 7 10256 10796 12520 12936 13517 13891 15339
are FR941206-1-00134 22 10260 10847 10872 11184 12239 12386 12433 12444 13134 13355 13362 13612 13689 13725 13742 14010 14348 14384 14560 14578 14597 15369
safely FR941206-1-00134 1 10264
) FR941206-1-00134 83 10267 10294 10323 10362 10413 10454 10492 10525 10570 10675 10696 10807 10832 11140 11147 11165 11238 11384 11422 11451 11510 11537 11596 11994 12117 12165 12182 12404 12437 12476 12526 12571 12585 12615 12693 12720 12756 12764 12791 12803 12844 12874 12946 12961 12986 12987 13114 13155 13330 13368 13486 13489 13492 13507 13535 13553 13556 13561 13666 13763 13879 13903 13975 14089 14090 14190 14210 14215 14273 14420 14449 14488 14491 14494 14495 14525 14750 14845 14960 15130 15299 15318 15343
unless FR941206-1-00134 2 10268 14469
makes FR941206-1-00134 1 10270
finding FR941206-1-00134 1 10272
there FR941206-1-00134 5 10274 10846 11209 11649 12238
see FR941206-1-00134 6 10281 11530 11983 12469 12971 14414
761.60 FR941206-1-00134 3 10282 14419 15374
proposed FR941206-1-00134 41 10283 10319 10338 10357 10408 10521 10593 10669 11233 11311 11380 11417 11506 11618 11640 11985 12387 12401 12434 12446 12966 13087 13098 13285 13548 13599 13661 13744 13758 13875 13962 13970 13980 14085 14221 14257 14415 14516 14746 14861 15060
revised FR941206-1-00134 1 10284
introductory FR941206-1-00134 2 10285 14416
text FR941206-1-00134 2 10286 14417
codified FR941206-1-00134 1 10289
portion FR941206-1-00134 2 10290 12085
this FR941206-1-00134 28 10292 10364 10415 10538 10735 11015 11058 11323 11535 11539 11617 11713 11755 11966 12087 12258 12289 12305 12779 13226 13391 13629 13956 14276 14609 14691 15170 15189
document FR941206-1-00134 4 10293 11436 11570 13905
could FR941206-1-00134 20 10297 10345 10400 10540 10571 11060 11309 11518 11895 11947 11961 12233 12244 13047 13542 13603 13645 13791 14754 14782
then FR941206-1-00134 3 10298 10707 14811
require FR941206-1-00134 6 10299 10386 10950 14311 14356 14706
an FR941206-1-00134 11 10301 10703 11632 11743 11783 12020 13991 14612 14794 15028 15057
application FR941206-1-00134 12 10302 11177 13372 13838 13857 13997 14009 14615 14739 14785 14809 15201
submitted FR941206-1-00134 1 10304
for FR941206-1-00134 81 10305 10526 10619 10644 10650 10876 10904 10915 10935 11020 11027 11034 11040 11099 11115 11119 11229 11284 11312 11331 11601 11645 11742 11747 11760 11771 11786 11788 11823 11825 11856 11936 12158 12228 12303 12364 12369 12454 12629 12695 12740 12807 12885 12922 12951 12963 13026 13180 13216 13288 13315 13323 13467 13479 13589 13591 13701 13717 13745 13767 13842 13856 13858 13912 13932 13993 14003 14032 14100 14114 14139 14178 14266 14511 14521 14677 14709 14712 14875 15065 15365
approval FR941206-1-00134 19 10306 10591 10618 11356 11412 11517 11526 12536 12768 13840 13846 13863 13908 13914 13917 14008 14708 15008 15045
remediation FR941206-1-00134 66 10308 10315 10328 10381 10398 10546 10557 10606 10710 10759 10818 10985 11035 11074 11106 11121 11338 11368 11488 11802 12016 12049 12070 12090 12126 12136 12148 12173 12196 12340 12355 12663 12890 12915 12996 13059 13292 13304 13344 13405 13449 13455 13472 13532 13540 13756 13769 13845 13902 13941 14007 14324 14357 14400 14456 14513 14549 14600 14766 14890 14901 15032 15076 15152 15181 15211
and FR941206-1-00134 115 10309 10351 10376 10424 10435 10475 10533 10755 10808 10866 10993 11050 11076 11124 11175 11193 11222 11256 11293 11334 11373 11404 11414 11434 11445 11477 11624 11638 11657 11665 11671 11676 11690 11702 11763 11850 12044 12059 12102 12191 12231 12307 12424 12464 12528 12558 12645 12674 12682 12688 12757 12774 12839 12967 12977 13004 13145 13186 13206 13270 13313 13331 13351 13419 13447 13459 13557 13618 13631 13637 13684 13706 13712 13777 13808 13811 13833 13839 13886 13920 13930 13959 14037 14067 14212 14244 14270 14293 14355 14496 14566 14640 14704 14733 14762 14786 14823 14854 14871 14896 14904 14927 14991 14998 15062 15136 15148 15163 15185 15197 15216 15278 15330 15355 15358
proper FR941206-1-00134 1 10310
those FR941206-1-00134 8 10313 10936 11270 11512 11907 11933 12268 13607
pcb FR941206-1-00134 72 10314 10327 10397 10545 10625 10709 10741 10758 10787 10802 10886 10917 10942 10991 11105 11337 11515 11584 11612 11930 12048 12063 12069 12076 12094 12125 12147 12172 12195 12354 12466 12485 12502 12662 12913 12995 13058 13070 13278 13291 13300 13400 13471 13480 13735 13768 13861 14006 14323 14399 14455 14461 14512 14522 14548 14624 14638 14765 14876 14889 15006 15043 15075 15084 15180 15210 15240 15250 15258 15263 15361 15404
wastes FR941206-1-00134 26 10316 10329 10986 11037 11107 12149 12197 12812 12891 12916 13496 14151 14550 14571 14891 15077 15085 15173 15182 15212 15242 15251 15260 15270 15320 15412
under FR941206-1-00134 48 10317 10353 10404 10433 10443 10485 10497 10520 10592 10652 10668 10822 11091 11340 11357 11550 12452 12567 12670 12680 12760 12821 12892 12991 13274 13280 13317 13451 13874 13943 14358 14389 14421 14484 14515 14564 14601 14606 14626 14653 14674 14696 14745 14775 14852 14878 15009 15047
761.61 FR941206-1-00134 28 10320 10359 10410 10451 10489 10522 10567 10670 11235 11381 11419 11507 12185 12329 12568 12582 12612 13483 13558 13663 13760 13876 13972 14086 14422 14517 14747 14957
c FR941206-1-00134 12 10322 10412 10453 10491 11164 11509 12570 12763 13762 13878 14749 14959
all FR941206-1-00134 14 10325 10481 10544 10756 11041 11298 12194 12671 13066 14398 14987 15029 15087 15359
other FR941206-1-00134 21 10326 10828 11125 11276 12240 12574 12672 12696 13243 13339 13640 13809 14340 14655 14993 15137 15245 15279 15335 15351 15360
addressed FR941206-1-00134 4 10332 10938 11221 13266
by FR941206-1-00134 15 10333 10586 10892 10939 11011 11266 11458 12112 13018 13498 13692 13713 14769 14814 15294
one FR941206-1-00134 8 10334 10663 13093 13476 13824 14975 15051 15079
several FR941206-1-00134 4 10336 11000 11306 13397
alternatives FR941206-1-00134 3 10337 10666 11330
today FR941206-1-00134 6 10339 11910 12023 13283 14392 14862
certain FR941206-1-00134 6 10342 11848 11866 12122 12133 12888
scenarios FR941206-1-00134 7 10343 10937 11023 11118 11192 11232 11852
remediated FR941206-1-00134 1 10347
specified FR941206-1-00134 7 10349 10389 12074 12093 12346 14759 15372
levels FR941206-1-00134 23 10350 10432 10558 11010 11495 11626 11868 11915 11931 12095 12348 12359 12392 12412 12415 12656 12669 12926 14078 14169 14711 14836 14929
treated FR941206-1-00134 6 10352 11485 12661 12889 13057 14768
selfimplementing FR941206-1-00134 19 10355 11254 11348 11352 11574 11578 11641 11797 11841 12025 12035 12339 12383 12605 13286 13465 13649 13968 14081
provisions FR941206-1-00134 7 10356 10407 10691 11026 13547 13969 14921
at FR941206-1-00134 48 10358 10409 10722 10744 10775 10839 10919 11213 11379 11418 11490 11505 11774 11992 12078 12099 12138 12175 12402 12435 12516 13010 13049 13342 13460 13482 13512 13519 13530 13662 13759 14041 14084 14352 14418 14445 14594 14714 14721 14835 14841 14892 14956 15158 15191 15218 15382 15408
activity FR941206-1-00134 1 10365
conducted FR941206-1-00134 4 10368 11549 12533 12726
with FR941206-1-00134 34 10369 10421 10614 10688 10851 11025 11068 11109 11153 11171 11189 11319 11470 11563 11904 11959 12022 12030 12092 12312 12318 12459 12483 12545 12813 13242 13348 14194 14219 14282 14883 14897 15300 15307
minimum FR941206-1-00134 1 10371
interaction FR941206-1-00134 1 10373
between FR941206-1-00134 5 10374 11635 12038 13129 14730
party FR941206-1-00134 6 10378 10642 12226 12272 12284 14681
conducting FR941206-1-00134 2 10379 13609
but FR941206-1-00134 7 10383 10825 11157 11924 11951 13074 15121
it FR941206-1-00134 12 10384 10467 10680 11245 11977 12028 12846 12861 13946 14142 14657 14661
conditions FR941206-1-00134 3 10390 13208 13918
followed FR941206-1-00134 2 10392 12111
without FR941206-1-00134 2 10393 12534
variance FR941206-1-00134 1 10394
any FR941206-1-00134 14 10396 10428 10852 11313 11478 11677 12994 13191 14595 14654 15107 15159 15219 15225
waste FR941206-1-00134 53 10399 10535 10547 10711 10760 10819 11339 11406 11489 11803 11807 12050 12071 12091 12127 12137 12174 12356 12463 12467 12636 12664 12816 12831 12857 12868 12997 13032 13042 13060 13245 13250 13272 13293 13326 13473 13533 13681 13770 13787 14157 14196 14222 14271 14401 14457 14514 14524 14767 15157 15234 15265 15406
cleaned FR941206-1-00134 3 10402 10865 14756
up FR941206-1-00134 2 10403 11603
riskbased FR941206-1-00134 11 10406 11428 11622 12601 12767 13751 13755 13817 13844 13995 14954
new FR941206-1-00134 6 10416 11752 12598 13477 13865 14124
provision FR941206-1-00134 4 10417 11528 11773 14444
harmonized FR941206-1-00134 1 10420
rcra FR941206-1-00134 14 10423 10434 11556 12453 12461 12681 12782 12822 12883 12901 12920 13275 14607 14853
cercla FR941206-1-00134 10 10425 10436 11565 13944 14602 14855 14880 14893 14934 15026
programs FR941206-1-00134 3 10426 11043 14325
changes FR941206-1-00134 6 10429 12242 12262 12296 12315 13741
reflected FR941206-1-00134 1 10439
change FR941206-1-00134 1 10442
tsca FR941206-1-00134 22 10444 10498 10616 10624 10823 10941 11092 11341 11358 12465 12893 12992 13051 13281 14359 14390 14565 14627 14675 15010 15017 15048
target FR941206-1-00134 4 10447 11154 14072 14183
standards FR941206-1-00134 14 10448 11019 11114 11143 11155 11183 11374 11415 11600 13105 13747 13931 14073 14184
while FR941206-1-00134 5 10450 11795 12649 13448 14275
provide FR941206-1-00134 4 10456 14093 14291 14941
flexibility FR941206-1-00134 2 10457 10502
based FR941206-1-00134 15 10458 10714 10910 10987 11498 11695 11716 11873 11916 12478 13726 13872 14329 14424 14629
on FR941206-1-00134 26 10459 10715 10911 10988 11297 11499 11696 11717 11874 11919 12479 12591 12778 13089 13230 13628 13634 13727 13771 14330 14368 14425 14533 14632 14643 14816
sitespecific FR941206-1-00134 9 10460 10506 10995 11159 11176 11199 11501 14179 14789
assessment FR941206-1-00134 3 10461 11476 11503
risks FR941206-1-00134 2 10464 13774
posed FR941206-1-00134 1 10465
also FR941206-1-00134 7 10469 10512 10572 10657 11519 11925 13598
most FR941206-1-00134 4 10472 10962 11185 11206
resource FR941206-1-00134 3 10473 13960 14254
intensive FR941206-1-00134 2 10474 13961
time FR941206-1-00134 9 10476 10724 10777 10841 10921 11667 13445 13957 15384
consuming FR941206-1-00134 2 10477 13958
implement FR941206-1-00134 2 10479 10505
actions FR941206-1-00134 4 10482 10508 11274 11291
addressing FR941206-1-00134 3 10483 11687 12741
superfund FR941206-1-00134 2 10486 11440
use FR941206-1-00134 15 10488 10705 11395 11878 12899 13079 13101 13262 13316 13395 13564 13954 14039 14249 14667
as FR941206-1-00134 34 10493 10579 10900 11363 11365 11416 11554 11976 12027 12374 12604 12699 12709 12854 12903 12947 13016 13166 13177 13409 13730 13852 13870 13981 14058 14076 14477 14798 14996 15113 15140 15178 15256 15302
relevant FR941206-1-00134 2 10495 14870
requirement FR941206-1-00134 5 10496 11759 12549 13588 14873
thus FR941206-1-00134 2 10499 12859
providing FR941206-1-00134 1 10500
necessary FR941206-1-00134 2 10503 11362
remedial FR941206-1-00134 7 10507 11273 11290 11307 11441 14672 14925
retain FR941206-1-00134 2 10515 14451
traditional FR941206-1-00134 3 10517 11398 13669
options FR941206-1-00134 9 10519 11136 11196 11226 11258 12385 12607 14943 15064
b FR941206-1-00134 7 10524 10569 10695 11146 11421 13665 14448
incineration FR941206-1-00134 3 10527 11403 13674
alternate FR941206-1-00134 2 10529 13685
treatment FR941206-1-00134 9 10530 11480 11494 12130 12602 12606 13641 15001 15097
technologies FR941206-1-00134 10 10531 11401 12443 12487 12580 12603 13123 13642 13671 13724
chemical FR941206-1-00134 6 10534 11405 13680 13698 14156 14770
landfilling FR941206-1-00134 2 10536 11407
section FR941206-1-00134 5 10539 10566 11324 12184 12328
used FR941206-1-00134 7 10542 10574 13336 13413 13538 13621 15021
where FR941206-1-00134 8 10543 10556 10575 10596 10677 14459 15283 15379
removed FR941206-1-00134 2 10550 12005
from FR941206-1-00134 27 10551 10637 10702 10997 11269 11835 12051 12150 12219 12257 12410 12634 12641 12752 13183 13237 13614 13781 14181 14650 14826 14831 15106 15124 15273 15315 15321
were FR941206-1-00134 6 10559 10929 10967 11768 12270 15287
established FR941206-1-00134 4 10560 10582 10601 11683
elsewhere FR941206-1-00134 1 10561
these FR941206-1-00134 11 10563 11054 12261 12375 12431 12439 12541 13723 13746 14286 15203
rules FR941206-1-00134 7 10564 10887 10949 10979 12884 13071 13279
mechanism FR941206-1-00134 1 10577
such FR941206-1-00134 9 10578 10899 11553 12698 12708 13388 14057 14797 14995
state FR941206-1-00134 7 10581 10598 11049 11095 11279 14205 14408
cleanup FR941206-1-00134 32 10583 10627 10651 10853 10944 11009 11083 11101 11255 11333 11547 11586 11614 11685 11711 11872 12040 12055 12084 12108 12177 12190 12232 12347 12358 13500 14077 14684 14710 14851 15061 15146
was FR941206-1-00134 11 10584 10648 10701 10773 10837 12965 14472 14802 15035 15235 15387
recognized FR941206-1-00134 1 10585
coordinated FR941206-1-00134 2 10590 11525
761.77 FR941206-1-00134 1 10594
had FR941206-1-00134 1 10599
already FR941206-1-00134 1 10600
site FR941206-1-00134 27 10603 11315 11466 11492 11881 12043 12053 12101 12140 12152 12178 13303 13345 13534 13803 13900 13940 14043 14248 14334 14354 14370 14535 14692 14723 14753 15149
characterization FR941206-1-00134 1 10604
and/or FR941206-1-00134 2 10605 12066
plan FR941206-1-00134 1 10607
requiring FR941206-1-00134 1 10608
offsite FR941206-1-00134 6 10609 12118 12163 14119 14125 14154
current FR941206-1-00134 11 10623 10885 10948 10978 10990 11719 11809 13854 14243 14440 14554
spill FR941206-1-00134 20 10626 10646 10654 10943 11585 11613 11684 11701 11710 11727 11736 11745 11753 11767 12204 12230 14689 15118 15145 15314
policy FR941206-1-00134 5 10628 10655 10945 11587 11615
still FR941206-1-00134 4 10630 13062 13377 14847
available FR941206-1-00134 4 10632 10667 11224 12497
address FR941206-1-00134 4 10634 10888 11005 14397
recent FR941206-1-00134 3 10635 11750 12217
spills FR941206-1-00134 7 10636 11204 11604 11647 12218 12326 12336
electrical FR941206-1-00134 4 10638 12220 15316 15346
equipment FR941206-1-00134 3 10639 12221 15317
responsible FR941206-1-00134 4 10643 11283 11770 12227
eligible FR941206-1-00134 1 10649
have FR941206-1-00134 11 10658 11896 12002 12263 12279 12300 12449 13310 13332 13572 14026
option FR941206-1-00134 17 10660 11575 12036 12341 12753 12761 13287 13466 13650 13655 13660 13752 13757 13963 14082 14224 14955
using FR941206-1-00134 7 10662 11148 11166 12417 12918 14115 15295
761.79 FR941206-1-00134 2 10672 13550
decontamination FR941206-1-00134 5 10674 13595 13601 13611 13978
applicable FR941206-1-00134 2 10678 14868
should FR941206-1-00134 4 10681 13209 14980 15019
noted FR941206-1-00134 2 10683 13198
accordance FR941206-1-00134 1 10687
antin FR941206-1-00134 3 10690 14442 14505
761.1 FR941206-1-00134 2 10693 14446
if FR941206-1-00134 6 10698 10784 12729 12829 12989 14141
contamination FR941206-1-00134 4 10700 10863 12154 12207
authorized FR941206-1-00134 3 10704 14473 14498
regulated FR941206-1-00134 4 10713 10762 10774 10821
regulatory FR941206-1-00134 2 10717 14452
status FR941206-1-00134 2 10718 10794
their FR941206-1-00134 4 10726 10989 13513 13728
release FR941206-1-00134 6 10727 11675 12711 13204 13217 13232
following FR941206-1-00134 3 10733 11135 11303
illustrates FR941206-1-00134 1 10734
point FR941206-1-00134 1 10736
transformer FR941206-1-00134 3 10739 10788 14482
contains FR941206-1-00134 1 10740
dielectric FR941206-1-00134 6 10742 10752 10771 10805 10810 10835
fluid FR941206-1-00134 6 10743 10753 10772 10806 10811 10836
1000 FR941206-1-00134 1 10745
ppm FR941206-1-00134 10 10746 10801 14467 14582 14623 14717 14732 14735 14839 15394
unit FR941206-1-00134 2 10749 11531
leaks FR941206-1-00134 2 10750 10812
its FR941206-1-00134 5 10751 12079 12805 13169 14817
resulting FR941206-1-00134 6 10757 10817 12256 13780 14764 15123
regardless FR941206-1-00134 6 10764 12198 14403 14552 15230 15376
concentration FR941206-1-00134 21 10766 10918 11656 11689 11720 11811 12077 13515 13521 13526 14202 14267 14405 14462 14555 14596 14729 15160 15220 15378 15381
because FR941206-1-00134 7 10768 10833 12267 12447 14620 14660 14937
original FR941206-1-00134 1 10770
leak FR941206-1-00134 2 10780 10844
however FR941206-1-00134 5 10782 10932 11630 12223 14913
same FR941206-1-00134 2 10786 13851
first FR941206-1-00134 5 10790 10856 11344 11377 14021
reclassified FR941206-1-00134 1 10791
nonb FR941206-1-00134 2 10793 10809
less FR941206-1-00134 3 10798 13011 13522
than FR941206-1-00134 10 10799 11746 12007 12368 13012 13276 13340 13523 14070 15389
50 FR941206-1-00134 10 10800 12931 12939 13013 14466 14581 14622 14716 14838 15393
none FR941206-1-00134 2 10814 13707
necessarily FR941206-1-00134 1 10827
laws FR941206-1-00134 1 10829
regulations FR941206-1-00134 7 10831 12676 12683 12823 13273 13737 14639
unregulated FR941206-1-00134 1 10838
two FR941206-1-00134 3 10848 12441 13131
questions FR941206-1-00134 1 10849
associated FR941206-1-00134 5 10850 11067 14193 14218 14281
question FR941206-1-00134 5 10857 10869 10891 11007 13257
what FR941206-1-00134 3 10860 10871 15025
level FR941206-1-00134 6 10861 12950 12962 14625 14760 14907
must FR941206-1-00134 3 10862 10906 12665
second FR941206-1-00134 3 10868 11387 14046
requirements FR941206-1-00134 11 10875 10914 11052 11098 11686 11843 12679 13766 13790 14510 15368
contaminated FR941206-1-00134 7 10878 11318 11469 12458 15088 15112 15306
material FR941206-1-00134 2 10879 11723
general FR941206-1-00134 7 10882 11079 11173 11295 12547 13587 14001
stating FR941206-1-00134 1 10893
diluted FR941206-1-00134 1 10896
acts FR941206-1-00134 1 10898
spilling FR941206-1-00134 1 10901
processing FR941206-1-00134 1 10903
came FR941206-1-00134 1 10924
out FR941206-1-00134 1 10925
service FR941206-1-00134 1 10927
except FR941206-1-00134 2 10934 11228
complete FR941206-1-00134 2 10951 13454
removal FR941206-1-00134 3 10952 12067 15150
improperly FR941206-1-00134 1 10957
commenters FR941206-1-00134 3 10963 11001 11055
anprm FR941206-1-00134 2 10966 13097
very FR941206-1-00134 3 10968 13443 14967
supportive FR941206-1-00134 1 10969
agency FR941206-1-00134 3 10972 13644 14966
's FR941206-1-00134 13 10973 11808 11911 12024 12481 13152 13284 13319 13922 13939 13949 14000 15059
desire FR941206-1-00134 2 10974 13950
amend FR941206-1-00134 1 10976
allow FR941206-1-00134 2 10981 11542
management FR941206-1-00134 4 10983 13699 13813 14223
concentrations FR941206-1-00134 3 10992 12064 13301
asked FR941206-1-00134 1 11002
establishing FR941206-1-00134 3 11012 11112 12923
rule FR941206-1-00134 3 11016 14860 14939
national FR941206-1-00134 2 11018 13104
specific FR941206-1-00134 8 11021 11116 11142 11182 13192 13219 13740 15070
variances FR941206-1-00134 3 11028 11160 14180
binding FR941206-1-00134 1 11032
containing FR941206-1-00134 4 11038 11999 12914 15297
federal FR941206-1-00134 4 11042 11277 12618 12673
preemptive FR941206-1-00134 1 11047
local FR941206-1-00134 4 11051 11097 11281 12675
suggested FR941206-1-00134 2 11056 14977
reduce FR941206-1-00134 1 11061
`` FR941206-1-00134 14 11063 11397 11524 11988 12323 12333 12397 12406 13320 14441 14867 15179 15257 15403
transactional FR941206-1-00134 1 11064
'' FR941206-1-00134 14 11065 11399 11527 11991 12325 12335 12399 12409 13327 14443 14874 15184 15262 15407
costs FR941206-1-00134 2 11066 13462
sitebysite FR941206-1-00134 1 11069
negotiations FR941206-1-00134 1 11070
promote FR941206-1-00134 1 11072
voluntary FR941206-1-00134 1 11073
activities FR941206-1-00134 4 11075 13541 13596 13602
speed FR941206-1-00134 1 11081
sites FR941206-1-00134 3 11085 11216 14894
has FR941206-1-00134 5 11088 11132 11246 12999 14662
limited FR941206-1-00134 5 11089 11194 11231 11652 13076
authority FR941206-1-00134 4 11090 11552 14453 15018
preempt FR941206-1-00134 1 11094
regard FR941206-1-00134 1 11110
uniform FR941206-1-00134 3 11113 11150 11168
hazardous FR941206-1-00134 6 11126 12462 12811 12843 12856 13271
substances FR941206-1-00134 1 11127
constituents FR941206-1-00134 1 11129
contemplated FR941206-1-00134 1 11133
: FR941206-1-00134 6 11137 12388 13493 13909 14187 15267
setting FR941206-1-00134 1 11141
decisionmaking FR941206-1-00134 4 11151 11169 11443 13933
process FR941206-1-00134 15 11152 11170 11413 11433 11444 12422 12492 12504 12626 12724 13501 13841 13855 13926 15046
allowing FR941206-1-00134 2 11158 13494
goal FR941206-1-00134 1 11174
believes FR941206-1-00134 2 11180 13254
appropriate FR941206-1-00134 4 11186 11207 13025 14872
when FR941206-1-00134 7 11187 11208 12200 12722 13240 13358 15232
dealing FR941206-1-00134 1 11188
common FR941206-1-00134 1 11190
favoring FR941206-1-00134 1 11198
approaches FR941206-1-00134 3 11200 11300 11308
remediate FR941206-1-00134 1 11202
old FR941206-1-00134 4 11203 11744 12324 12334
little FR941206-1-00134 1 11211
commonality FR941206-1-00134 1 11212
various FR941206-1-00134 2 11215 14618
among FR941206-1-00134 1 11217
problems FR941206-1-00134 1 11219
being FR941206-1-00134 5 11220 12445 13743 14152 15305
believe FR941206-1-00134 2 11243 15015
sufficient FR941206-1-00134 1 11247
experience FR941206-1-00134 2 11248 12482
information FR941206-1-00134 5 11250 11268 11653 12777 13633
establish FR941206-1-00134 3 11252 14375 14540
additional FR941206-1-00134 2 11253 12706
seeking FR941206-1-00134 2 11262 11513
comments FR941206-1-00134 4 11263 12590 13627 15196
supported FR941206-1-00134 1 11265
technical FR941206-1-00134 5 11267 12776 13127 13632 14251
engaged FR941206-1-00134 2 11271 13593
; FR941206-1-00134 12 11275 11292 12222 12423 12858 14580 14715 15131 15147 15319 15344 15357
entities FR941206-1-00134 1 11282
implementation FR941206-1-00134 2 11286 14321
oversight FR941206-1-00134 1 11288
public FR941206-1-00134 1 11296
three FR941206-1-00134 4 11299 11329 12382 14942
including FR941206-1-00134 5 11301 11473 11883 12678 13072
proposal FR941206-1-00134 15 11304 11714 11798 11814 11912 11967 12026 12259 12290 12306 12309 13227 13392 13630 14777
given FR941206-1-00134 2 11314 13222
alternative FR941206-1-00134 10 11345 11378 11388 11426 11540 11579 11619 11642 12088 14805
term FR941206-1-00134 1 11351
means FR941206-1-00134 3 11353 12056 12143
long FR941206-1-00134 2 11364 13408
entire FR941206-1-00134 1 11367
conformed FR941206-1-00134 1 11369
procedures FR941206-1-00134 4 11372 12577 13133 13979
performancebased FR941206-1-00134 4 11390 13654 13658 13860
according FR941206-1-00134 3 11409 11804 13545
third FR941206-1-00134 2 11425 14096
decision FR941206-1-00134 3 11435 11448 11569
unlike FR941206-1-00134 1 11438
action FR941206-1-00134 9 11442 11548 11558 11785 11822 14605 14652 14673 15156
record FR941206-1-00134 1 11446
rod FR941206-1-00134 2 11450 11566
each FR941206-1-00134 4 11453 14042 14283 14313
step FR941206-1-00134 1 11454
approved FR941206-1-00134 4 11457 13052 13314 13691
regional FR941206-1-00134 6 11460 13715 13894 14707 14742 14780
administrator FR941206-1-00134 5 11461 13716 13895 14743 14781
having FR941206-1-00134 3 11462 11853 13896
jurisdiction FR941206-1-00134 2 11463 13897
over FR941206-1-00134 3 11464 13898 14454
onsite FR941206-1-00134 7 11479 12180 12343 12384 12416 13446 14116
redisposition FR941206-1-00134 1 11483
untreated FR941206-1-00134 1 11487
described FR941206-1-00134 1 11504
avail FR941206-1-00134 1 11520
themselves FR941206-1-00134 1 11521
iiik1 FR941206-1-00134 1 11532
preamble FR941206-1-00134 1 11536
recognition FR941206-1-00134 1 11544
another FR941206-1-00134 3 11551 11832 12156
corrective FR941206-1-00134 3 11557 14604 15155
permit FR941206-1-00134 1 11559
compliance FR941206-1-00134 1 11562
enforcement FR941206-1-00134 3 11568 11784 11821
i FR941206-1-00134 1 11572
patterned FR941206-1-00134 1 11581
after FR941206-1-00134 4 11582 11606 11871 13035
40 FR941206-1-00134 6 11589 11775 12248 12794 12871 14697
cfr FR941206-1-00134 6 11590 11776 12249 12795 12872 14698
part FR941206-1-00134 5 11591 12250 12796 14631 14699
761 FR941206-1-00134 3 11592 12251 14700
subpart FR941206-1-00134 12 11594 11636 11681 11836 11863 11980 12031 12210 12253 12277 12298 14702
g FR941206-1-00134 12 11595 11637 11682 11837 11864 11981 12032 12211 12254 12278 12299 14703
sets FR941206-1-00134 1 11599
cleaning FR941206-1-00134 1 11602
shortly FR941206-1-00134 1 11605
they FR941206-1-00134 3 11607 12448 14432
occur FR941206-1-00134 1 11608
like FR941206-1-00134 1 11610
requires FR941206-1-00134 1 11620
surface FR941206-1-00134 5 11623 11975 11990 13138 14238
soil FR941206-1-00134 5 11625 13582 14720 14911 15132
achieved FR941206-1-00134 1 11628
important FR941206-1-00134 1 11633
distinction FR941206-1-00134 1 11634
nont FR941206-1-00134 1 11646
may FR941206-1-00134 5 11650 12109 13346 13376 14344
concerning FR941206-1-00134 1 11654
amount FR941206-1-00134 5 11658 11691 12123 12134 13136
nature FR941206-1-00134 2 11669 13156
extent FR941206-1-00134 2 11672 11731
subsequent FR941206-1-00134 1 11678
migration FR941206-1-00134 2 11679 11733
materials FR941206-1-00134 4 11694 13620 15093 15286
location FR941206-1-00134 3 11698 12081 12157
potential FR941206-1-00134 7 11703 11855 11876 11926 13215 13773 14265
onto FR941206-1-00134 1 11724
occurred FR941206-1-00134 3 11728 12208 14500
likely FR941206-1-00134 2 11738 14950
greater FR941206-1-00134 3 11741 14052 15388
more FR941206-1-00134 4 11749 12362 13264 13457
difference FR941206-1-00134 2 11756 11834
plus FR941206-1-00134 1 11757
rapid FR941206-1-00134 1 11761
initiation FR941206-1-00134 1 11762
containment FR941206-1-00134 5 11764 12161 12170 13570 13795
partly FR941206-1-00134 1 11769
761.135 FR941206-1-00134 1 11777
creates FR941206-1-00134 1 11779
presumption FR941206-1-00134 2 11781 11819
against FR941206-1-00134 3 11782 11820 13416
penalties FR941206-1-00134 2 11787 11824
act FR941206-1-00134 2 11790 11827
illegal FR941206-1-00134 1 11792
allows FR941206-1-00134 4 11799 11865 12089 14031
existing FR941206-1-00134 5 11810 12080 13514 13734 14118
create FR941206-1-00134 1 11817
unauthorized FR941206-1-00134 1 11829
significant FR941206-1-00134 1 11833
apply FR941206-1-00134 5 11846 12187 12215 13189 14438
environmental FR941206-1-00134 3 11849 13193 15089
high FR941206-1-00134 3 11858 12365 13676
residual FR941206-1-00134 10 11867 11914 11929 12075 12350 12391 12655 13782 14906 14928
remain FR941206-1-00134 2 11870 12097
future FR941206-1-00134 2 11877 14247
imposition FR941206-1-00134 1 11885
physical FR941206-1-00134 4 11887 12500 14204 14407
institutional FR941206-1-00134 2 11889 14258
restrictions FR941206-1-00134 3 11890 13806 14040
limiting FR941206-1-00134 2 11891 14304
access FR941206-1-00134 6 11892 11920 11941 11960 13799 14036
been FR941206-1-00134 8 11897 12265 12281 12301 12450 13000 13311 13334
incorrectly FR941206-1-00134 1 11898
assumed FR941206-1-00134 1 11899
always FR941206-1-00134 1 11901
directly FR941206-1-00134 1 11902
correlate FR941206-1-00134 1 11903
areas FR941206-1-00134 6 11908 11922 11934 12367 12372 14069
addresses FR941206-1-00134 1 11913
only FR941206-1-00134 5 11918 12495 12758 13176 14290
within FR941206-1-00134 1 11932
example FR941206-1-00134 2 11937 14678
restricted FR941206-1-00134 1 11940
commercial FR941206-1-00134 2 11942 15100
area FR941206-1-00134 3 11943 12017 13139
might FR941206-1-00134 2 11944 11952
limit FR941206-1-00134 3 11945 11954 13952
who FR941206-1-00134 2 11946 12269
exposed FR941206-1-00134 3 11949 11963 13140
how FR941206-1-00134 1 11955
much FR941206-1-00134 1 11956
person FR941206-1-00134 1 11958
concrete FR941206-1-00134 2 11969 11998
considered FR941206-1-00134 5 11972 12505 12759 13024 14317
nons FR941206-1-00134 3 11974 11989 15217
definition FR941206-1-00134 4 11986 12395 15190 15401
761.3 FR941206-1-00134 4 11993 12403 12436 15409
consequently FR941206-1-00134 1 11996
rather FR941206-1-00134 2 12006 15040
just FR941206-1-00134 1 12008
wiped FR941206-1-00134 1 12009
off FR941206-1-00134 1 12010
size FR941206-1-00134 1 12013
issue FR941206-1-00134 3 12021 12743 12780
differentiates FR941206-1-00134 1 12037
identification FR941206-1-00134 1 12058
reduction FR941206-1-00134 1 12060
undisturbed FR941206-1-00134 1 12098
either FR941206-1-00134 1 12113
both FR941206-1-00134 4 12116 12460 14882 15214
movement FR941206-1-00134 1 12145
destruction FR941206-1-00134 6 12159 12168 12498 13686 13793 14101
continue FR941206-1-00134 2 12213 13821
choose FR941206-1-00134 1 12234
follow FR941206-1-00134 1 12236
761.61. FR941206-1-00134 1 12237
conforming FR941206-1-00134 3 12241 12295 12314
made FR941206-1-00134 2 12246 12266
negotiation FR941206-1-00134 1 12275
direct FR941206-1-00134 1 12283
development FR941206-1-00134 1 12287
nevertheless FR941206-1-00134 1 12292
accounted FR941206-1-00134 1 12302
consistent FR941206-1-00134 1 12311
especially FR941206-1-00134 2 12317 12721
respect FR941206-1-00134 3 12319 14884 14898
references FR941206-1-00134 1 12321
specifically FR941206-1-00134 3 12330 12588 12771
applies FR941206-1-00134 1 12331
proposes FR941206-1-00134 3 12342 12628 14395
stringent FR941206-1-00134 1 12363
low FR941206-1-00134 1 12370
terms FR941206-1-00134 2 12376 12432
defined FR941206-1-00134 1 12379
761.3. FR941206-1-00134 2 12381 15192
capping FR941206-1-00134 1 12389
higher FR941206-1-00134 2 12390 12411
cap FR941206-1-00134 1 12398
treating FR941206-1-00134 2 12407 12630
down FR941206-1-00134 1 12408
lower FR941206-1-00134 2 12414 13461
nond FR941206-1-00134 4 12419 13495 15167 15268
solvent FR941206-1-00134 7 12420 12490 12624 12643 12648 12658 13579
washing FR941206-1-00134 3 12421 12491 12625
microencapsulation FR941206-1-00134 4 12425 12909 13120 14130
vitrification FR941206-1-00134 7 12427 12700 12748 12911 13122 14132 14801
definitions FR941206-1-00134 1 12429
last FR941206-1-00134 1 12440
immobilization FR941206-1-00134 1 12442
promulgated FR941206-1-00134 1 12451
debris FR941206-1-00134 3 12455 15138 15272
57 FR941206-1-00134 3 12470 12972 12978
fr FR941206-1-00134 3 12471 12973 12979
37194 FR941206-1-00134 1 12472
37282 FR941206-1-00134 1 12473
approving FR941206-1-00134 2 12484 13888
currently FR941206-1-00134 3 12496 13690 14327
separation FR941206-1-00134 1 12501
generally FR941206-1-00134 2 12506 14945
effective FR941206-1-00134 1 12507
variety FR941206-1-00134 2 12510 13201
situations FR941206-1-00134 2 12512 13223
commercially FR941206-1-00134 1 12514
feasible FR941206-1-00134 1 12515
ambient FR941206-1-00134 1 12517
temperatures FR941206-1-00134 1 12518
no FR941206-1-00134 4 12522 13578 13739 13826
external FR941206-1-00134 1 12523
heat FR941206-1-00134 1 12524
source FR941206-1-00134 1 12525
safe FR941206-1-00134 1 12529
enough FR941206-1-00134 1 12530
will FR941206-1-00134 3 12539 12749 14931
consider FR941206-1-00134 1 12540
factors FR941206-1-00134 7 12542 14192 14217 14280 14288 14308 14994
along FR941206-1-00134 1 12544
statutory FR941206-1-00134 1 12548
prevent FR941206-1-00134 1 12551
unreasonable FR941206-1-00134 3 12552 13827 14827
injury FR941206-1-00134 5 12555 13830 14431 14591 14830
health FR941206-1-00134 5 12557 12689 13776 13832 14822
considering FR941206-1-00134 1 12563
addition FR941206-1-00134 1 12565
processes FR941206-1-00134 1 12575
requests FR941206-1-00134 3 12589 12772 13626
best FR941206-1-00134 1 12593
method FR941206-1-00134 2 12594 12801
expeditiously FR941206-1-00134 1 12596
include FR941206-1-00134 6 12597 13646 13792 14186 14992 15213
universally FR941206-1-00134 1 12599
acceptable FR941206-1-00134 2 12600 13438
amendment FR941206-1-00134 1 12610
register FR941206-1-00134 1 12619
kind FR941206-1-00134 1 12622
removes FR941206-1-00134 1 12632
separates FR941206-1-00134 1 12638
reuses FR941206-1-00134 1 12646
disposing FR941206-1-00134 1 12650
correspond FR941206-1-00134 1 12666
allowable FR941206-1-00134 1 12668
occupational FR941206-1-00134 1 12686
safety FR941206-1-00134 2 12687 14228
administration FR941206-1-00134 1 12690
osha FR941206-1-00134 1 12692
techniques FR941206-1-00134 2 12697 14990
concerned FR941206-1-00134 1 12704
about FR941206-1-00134 1 12705
issues FR941206-1-00134 1 12707
volatile FR941206-1-00134 2 12713 12745
products FR941206-1-00134 1 12714
incomplete FR941206-1-00134 1 12716
combustion FR941206-1-00134 1 12717
pics FR941206-1-00134 2 12719 12746
inu FR941206-1-00134 1 12727
can FR941206-1-00134 3 12731 12862 13453
devise FR941206-1-00134 1 12733
procedure FR941206-1-00134 3 12735 12788 14796
prescribe FR941206-1-00134 1 12737
technology FR941206-1-00134 2 12739 14138
deleted FR941206-1-00134 1 12751
comment FR941206-1-00134 1 12773
supporting FR941206-1-00134 1 12775
uses FR941206-1-00134 1 12783
toxicity FR941206-1-00134 4 12785 12836 12957 14207
characteristic FR941206-1-00134 3 12786 12837 12958
leaching FR941206-1-00134 5 12787 13132 13143 13159 14171
tclp FR941206-1-00134 4 12790 12902 13020 13151
261 FR941206-1-00134 1 12797
appendix FR941206-1-00134 1 12798
ii FR941206-1-00134 2 12799 13652
1311 FR941206-1-00134 1 12802
model FR941206-1-00134 2 12806 12921
col FR941206-1-00134 1 12808
potentially FR941206-1-00134 2 12810 14866
municipal FR941206-1-00134 5 12814 13030 13040 13248 15095
solid FR941206-1-00134 8 12815 12867 13031 13041 13244 13249 13269 13325
landfill FR941206-1-00134 5 12819 12869 13033 13043 13251
assumption FR941206-1-00134 1 12826
exhibit FR941206-1-00134 1 12834
need FR941206-1-00134 1 12849
261.3 FR941206-1-00134 1 12873
drawing FR941206-1-00134 1 12878
parallel FR941206-1-00134 1 12880
measure FR941206-1-00134 1 12905
effectiveness FR941206-1-00134 5 12907 13118 13638 14232 15055
toxic FR941206-1-00134 2 12924 13235
contaminant FR941206-1-00134 2 12925 13203
micrograms FR941206-1-00134 1 12932
per FR941206-1-00134 2 12933 12941
liter FR941206-1-00134 1 12934
approximately FR941206-1-00134 1 12938
parts FR941206-1-00134 1 12940
billion FR941206-1-00134 1 12942
[ FR941206-1-00134 1 12943
ppb FR941206-1-00134 2 12944 13014
] FR941206-1-00134 1 12945
treatability FR941206-1-00134 1 12949
extractable FR941206-1-00134 1 12952
tc FR941206-1-00134 1 12960
subsequently FR941206-1-00134 2 12968 13005
withdrawn FR941206-1-00134 1 12969
21520 FR941206-1-00134 1 12974
49280 FR941206-1-00134 1 12980
october FR941206-1-00134 1 12982
30 FR941206-1-00134 1 12983
1992 FR941206-1-00134 1 12985
adopted FR941206-1-00134 1 12990
microencapsulated FR941206-1-00134 1 13001
vitrified FR941206-1-00134 1 13003
shown FR941206-1-00134 1 13006
leach FR941206-1-00134 1 13008
measured FR941206-1-00134 1 13017
written FR941206-1-00134 2 13036 13881
notice FR941206-1-00134 2 13037 14292
subject FR941206-1-00134 3 13064 14598 14849
prohibitions FR941206-1-00134 1 13067
reuse FR941206-1-00134 1 13081
export FR941206-1-00134 1 13083
ban FR941206-1-00134 1 13088
open FR941206-1-00134 1 13090
burning FR941206-1-00134 1 13091
commenter FR941206-1-00134 3 13094 13197 14976
american FR941206-1-00134 1 13103
institute/american FR941206-1-00134 1 13106
nuclear FR941206-1-00134 1 13107
society FR941206-1-00134 1 13108
leachability FR941206-1-00134 1 13109
test FR941206-1-00134 4 13110 13207 13260 13321
ansi/ans FR941206-1-00134 3 13112 13163 13173
16.1 FR941206-1-00134 1 13113
determine FR941206-1-00134 2 13116 14792
major FR941206-1-00134 1 13126
differences FR941206-1-00134 1 13128
medium FR941206-1-00134 2 13144 13160
neutral FR941206-1-00134 1 13147
versus FR941206-1-00134 2 13149 14122
mildly FR941206-1-00134 1 13153
acidic FR941206-1-00134 1 13154
standard FR941206-1-00134 4 13164 13174 13819 15071
stated FR941206-1-00134 2 13167 14011
introduction FR941206-1-00134 1 13170
serves FR941206-1-00134 1 13175
basis FR941206-1-00134 1 13179
indexing FR941206-1-00134 1 13181
releases FR941206-1-00134 2 13182 13580
encapsulant FR941206-1-00134 1 13185
situation FR941206-1-00134 1 13194
tests FR941206-1-00134 5 13205 13309 13350 13375 13403
developed FR941206-1-00134 2 13211 13312
assess FR941206-1-00134 1 13213
contaminants FR941206-1-00134 1 13220
since FR941206-1-00134 1 13225
focused FR941206-1-00134 1 13229
constituent FR941206-1-00134 1 13236
matrix FR941206-1-00134 1 13239
cod FR941206-1-00134 1 13241
properly FR941206-1-00134 1 13265
includes FR941206-1-00134 5 13294 13393 13667 15086 15266
different FR941206-1-00134 1 13296
way FR941206-1-00134 2 13297 13452
evaluate FR941206-1-00134 1 13299
during FR941206-1-00134 3 13302 13404 13563
some FR941206-1-00134 2 13306 14279
field FR941206-1-00134 2 13307 13401
screening FR941206-1-00134 2 13308 13402
methods FR941206-1-00134 1 13322
evaluating FR941206-1-00134 1 13324
sw846 FR941206-1-00134 1 13329
widely FR941206-1-00134 1 13335
chemicals FR941206-1-00134 1 13338
interfere FR941206-1-00134 1 13347
indicate FR941206-1-00134 1 13352
fact FR941206-1-00134 1 13360
false FR941206-1-00134 2 13366 13417
negative FR941206-1-00134 1 13367
correct FR941206-1-00134 1 13371
inform FR941206-1-00134 1 13379
warn FR941206-1-00134 1 13381
user FR941206-1-00134 1 13383
presence FR941206-1-00134 1 13386
interferences FR941206-1-00134 2 13389 13425
kinds FR941206-1-00134 1 13398
so FR941206-1-00134 1 13407
confirmatory FR941206-1-00134 1 13410
sampling FR941206-1-00134 2 13411 14335
guard FR941206-1-00134 1 13415
negatives FR941206-1-00134 1 13418
demonstrate FR941206-1-00134 1 13421
absence FR941206-1-00134 1 13423
render FR941206-1-00134 1 13428
analytical FR941206-1-00134 2 13430 13439
results FR941206-1-00134 3 13431 13440 14332
invalid FR941206-1-00134 1 13432
ability FR941206-1-00134 2 13435 14819
obtain FR941206-1-00134 1 13437
short FR941206-1-00134 1 13444
goals FR941206-1-00134 1 13456
quickly FR941206-1-00134 1 13458
offer FR941206-1-00134 1 13475
consideration FR941206-1-00134 1 13478
4 FR941206-1-00134 1 13488
v FR941206-1-00134 2 13491 14493
generated FR941206-1-00134 3 13497 15139 15236
eg FR941206-1-00134 6 13503 14198 14226 14475 15292 15310
spent FR941206-1-00134 1 13505
abrasives FR941206-1-00134 1 13506
maximum FR941206-1-00134 1 13525
found FR941206-1-00134 2 13529 14725
solvents FR941206-1-00134 2 13537 13567
reused FR941206-1-00134 1 13544
1 FR941206-1-00134 2 13555 14189
secondary FR941206-1-00134 1 13569
provided FR941206-1-00134 1 13575
ensure FR941206-1-00134 1 13577
water FR941206-1-00134 3 13584 14059 14241
protection FR941206-1-00134 2 13590 14053
workers FR941206-1-00134 2 13592 13608
proceed FR941206-1-00134 1 13605
until FR941206-1-00134 1 13606
protected FR941206-1-00134 1 13613
decontaminate FR941206-1-00134 1 13623
performance FR941206-1-00134 3 13636 13729 13789
hightemperature FR941206-1-00134 1 13673
efficiency FR941206-1-00134 1 13677
boilers FR941206-1-00134 1 13678
landfills FR941206-1-00134 2 13682 14158
methodologies FR941206-1-00134 1 13687
director FR941206-1-00134 1 13694
division FR941206-1-00134 1 13700
mobile FR941206-1-00134 1 13702
transportable FR941206-1-00134 1 13704
fixedsite FR941206-1-00134 2 13708 13719
units FR941206-1-00134 2 13710 13721
unique FR941206-1-00134 1 13718
required FR941206-1-00134 2 13731 13885
iii FR941206-1-00134 1 13749
bases FR941206-1-00134 1 13764
pcbremediation FR941206-1-00134 1 13786
restriction FR941206-1-00134 1 13797
deed FR941206-1-00134 1 13805
short- FR941206-1-00134 1 13810
longterm FR941206-1-00134 1 13812
controls FR941206-1-00134 2 13814 14259
essentially FR941206-1-00134 1 13849
approvals FR941206-1-00134 2 13866 13873
classified FR941206-1-00134 1 13869
performancerisk FR941206-1-00134 1 13871
applications FR941206-1-00134 1 13882
official FR941206-1-00134 1 13889
reasons FR941206-1-00134 1 13911
findings FR941206-1-00134 1 13923
criteria FR941206-1-00134 2 13928 14177
similar FR941206-1-00134 1 13936
program FR941206-1-00134 1 13942
favor FR941206-1-00134 1 13965
additions FR941206-1-00134 1 13982
761.79. FR941206-1-00134 1 13984
assist FR941206-1-00134 1 13986
applicant FR941206-1-00134 2 13988 15058
developing FR941206-1-00134 2 13990 14123
principles FR941206-1-00134 1 14002
reviewing FR941206-1-00134 1 14004
here FR941206-1-00134 1 14012
form FR941206-1-00134 2 14015 15168
four FR941206-1-00134 1 14017
preferences FR941206-1-00134 1 14018
preference FR941206-1-00134 4 14022 14047 14097 14111
permanent FR941206-1-00134 1 14028
remedy FR941206-1-00134 3 14029 14263 14973
least FR941206-1-00134 1 14034
restrictive FR941206-1-00134 1 14035
impose FR941206-1-00134 1 14051
sensitive FR941206-1-00134 1 14055
ecosystems FR941206-1-00134 1 14056
resources FR941206-1-00134 1 14060
croplands FR941206-1-00134 1 14062
grazing FR941206-1-00134 1 14064
lands FR941206-1-00134 1 14065
residential FR941206-1-00134 1 14068
expressed FR941206-1-00134 1 14075
extraction FR941206-1-00134 1 14103
instead FR941206-1-00134 1 14104
fourth FR941206-1-00134 1 14110
facilities FR941206-1-00134 2 14121 14128
preferred FR941206-1-00134 1 14137
caused FR941206-1-00134 1 14143
unacceptable FR941206-1-00134 2 14144 14168
increases FR941206-1-00134 1 14145
overall FR941206-1-00134 2 14148 14818
volume FR941206-1-00134 5 14149 14200 15083 15228 15249
sent FR941206-1-00134 1 14153
resulted FR941206-1-00134 1 14160
liquid FR941206-1-00134 2 14163 15165
phase FR941206-1-00134 1 14164
allowed FR941206-1-00134 1 14167
evaluation FR941206-1-00134 2 14176 14790
mobility FR941206-1-00134 1 14209
2 FR941206-1-00134 2 14214 14490
reliability FR941206-1-00134 1 14230
possibility FR941206-1-00134 1 14234
discharge FR941206-1-00134 1 14236
ground FR941206-1-00134 1 14240
reasonably FR941206-1-00134 1 14245
expected FR941206-1-00134 1 14246
feasibility FR941206-1-00134 1 14252
value FR941206-1-00134 1 14255
permanence FR941206-1-00134 1 14261
minimization FR941206-1-00134 1 14272
paragraph FR941206-1-00134 1 14277
reflects FR941206-1-00134 1 14278
criterion FR941206-1-00134 2 14284 14298
unranked FR941206-1-00134 1 14287
assistance FR941206-1-00134 1 14294
defining FR941206-1-00134 1 14296
itself FR941206-1-00134 1 14305
listed FR941206-1-00134 2 14309 14315
factor FR941206-1-00134 1 14314
e FR941206-1-00134 1 14319
historical FR941206-1-00134 1 14337
data FR941206-1-00134 1 14341
presume FR941206-1-00134 1 14345
illegally FR941206-1-00134 2 14349 14386
case FR941206-1-00134 2 14363 14569
burden FR941206-1-00134 2 14366 14530
owner FR941206-1-00134 2 14371 14536
operator FR941206-1-00134 2 14373 14538
persuasive FR941206-1-00134 2 14378 14543
evidence FR941206-1-00134 2 14379 14544
date FR941206-1-00134 2 14410 14557
now FR941206-1-00134 3 14433 14464 14579
pose FR941206-1-00134 2 14434 14587
even FR941206-1-00134 1 14458
below FR941206-1-00134 1 14465
dilution FR941206-1-00134 2 14471 14499
result FR941206-1-00134 3 14479 15115 15142
reclassification FR941206-1-00134 1 14483
761.30 FR941206-1-00134 1 14485
mandate FR941206-1-00134 1 14508
761.62 FR941206-1-00134 1 14520
nonn FR941206-1-00134 5 14523 15241 15259 15264 15405
again FR941206-1-00134 1 14527
legally FR941206-1-00134 1 14561
before FR941206-1-00134 2 14574 15003
do FR941206-1-00134 2 14585 15038
inconsistency FR941206-1-00134 1 14613
statutes FR941206-1-00134 1 14619
economic FR941206-1-00134 1 14634
impacts FR941206-1-00134 1 14635
solely FR941206-1-00134 1 14642
precluded FR941206-1-00134 1 14649
taking FR941206-1-00134 1 14651
statute FR941206-1-00134 2 14656 15033
administers FR941206-1-00134 1 14658
simply FR941206-1-00134 2 14659 15050
chosen FR941206-1-00134 1 14663
regulate FR941206-1-00134 1 14666
take FR941206-1-00134 1 14671
begins FR941206-1-00134 1 14682
historic FR941206-1-00134 1 14687
fall FR941206-1-00134 1 14695
vary FR941206-1-00134 1 14727
10 FR941206-1-00134 1 14731
100 FR941206-1-00134 1 14734
upon FR941206-1-00134 3 14738 14784 14787
dechlorination FR941206-1-00134 1 14771
immobilizing FR941206-1-00134 1 14795
situ FR941206-1-00134 1 14800
viable FR941206-1-00134 1 14804
judged FR941206-1-00134 1 14813
protect FR941206-1-00134 1 14821
< FR941206-1-00134 1 14837
authorities FR941206-1-00134 1 14856
cleanups FR941206-1-00134 2 14877 14935
utilized FR941206-1-00134 1 14903
anticipate FR941206-1-00134 1 14918
relating FR941206-1-00134 1 14922
permitted FR941206-1-00134 1 14930
significantly FR941206-1-00134 1 14932
affect FR941206-1-00134 1 14933
select FR941206-1-00134 1 14952
give FR941206-1-00134 1 14964
broad FR941206-1-00134 1 14968
discretion FR941206-1-00134 1 14969
selecting FR941206-1-00134 1 14971
conduct FR941206-1-00134 1 14981
comparative FR941206-1-00134 1 14983
analysis FR941206-1-00134 1 14985
possible FR941206-1-00134 1 14988
transportation FR941206-1-00134 1 14997
residues FR941206-1-00134 1 15002
issuing FR941206-1-00134 1 15004
accomplish FR941206-1-00134 1 15023
exactly FR941206-1-00134 1 15024
encompassing FR941206-1-00134 1 15030
proactive FR941206-1-00134 1 15031
designed FR941206-1-00134 1 15036
determining FR941206-1-00134 1 15053
achieving FR941206-1-00134 1 15068
5 FR941206-1-00134 1 15073
category FR941206-1-00134 3 15080 15171 15246
large FR941206-1-00134 2 15082 15248
media FR941206-1-00134 1 15090
dredged FR941206-1-00134 1 15092
sewage FR941206-1-00134 1 15096
sludges FR941206-1-00134 2 15098 15103
industrial FR941206-1-00134 2 15102 15331
pollution FR941206-1-00134 1 15108
control FR941206-1-00134 1 15109
device FR941206-1-00134 1 15110
incidental FR941206-1-00134 1 15126
manufacture FR941206-1-00134 1 15127
rags FR941206-1-00134 1 15134
referred FR941206-1-00134 2 15176 15254
response FR941206-1-00134 1 15194
simplify FR941206-1-00134 1 15199
amendments FR941206-1-00134 1 15204
liquids FR941206-1-00134 1 15215
quantity FR941206-1-00134 1 15226
6 FR941206-1-00134 1 15238
bulk FR941206-1-00134 1 15269
demolition FR941206-1-00134 1 15275
buildings FR941206-1-00134 1 15277
human FR941206-1-00134 1 15280
created FR941206-1-00134 1 15281
structures FR941206-1-00134 1 15282
construction FR941206-1-00134 1 15285
manufactured FR941206-1-00134 1 15288
coated FR941206-1-00134 1 15290
paint FR941206-1-00134 1 15296
opposed FR941206-1-00134 1 15303
chopping FR941206-1-00134 1 15323
shredding FR941206-1-00134 1 15325
automobiles FR941206-1-00134 1 15327
household FR941206-1-00134 1 15329
appliances FR941206-1-00134 1 15332
white FR941206-1-00134 1 15336
goods FR941206-1-00134 1 15337
shredder FR941206-1-00134 2 15341 15411
fluff FR941206-1-00134 1 15342
pcbimpregnated FR941206-1-00134 1 15345
sounddeadening FR941206-1-00134 1 15348
types FR941206-1-00134 1 15352
insulation FR941206-1-00134 1 15354
gaskets FR941206-1-00134 1 15356
items FR941206-1-00134 1 15362
equal FR941206-1-00134 1 15391
comprise FR941206-1-00134 1 15413
small FR941206-1-00134 1 15414
pieces FR941206-1-00134 1 15415
metal FR941206-1-00134 1 15417
