. FR940104-0-00035 114 1539 1562 1588 1609 1633 1638 1656 1724 1736 1824 1838 1867 1879 1906 1933 1957 1964 2013 2065 2090 2098 2159 2164 2194 2240 2260 2328 2377 2385 2454 2483 2488 2542 2550 2598 2627 2637 2701 2709 2764 2777 2806 2880 2892 2916 2974 3015 3022 3072 3077 3114 3120 3135 3190 3202 3225 3267 3279 3306 3312 3333 3340 3372 3404 3416 3422 3453 3467 3473 3504 3516 3522 3558 3578 3592 3598 3628 3640 3646 3693 3707 3713 3765 3773 3827 3847 3861 3867 3917 3925 3993 4005 4022 4036 4042 4072 4096 4106 4129 4154 4183 4210 4241 4320 4336 4399 4450 4484 4519 4566 4570 4580 4591 4595
neural FR940104-0-00035 35 1540 1576 1612 1653 1687 1721 1821 1839 1868 1887 1916 1948 1968 2030 2068 2122 2298 2401 2460 2480 2494 2564 2580 2612 2739 3211 3222 3250 3275 3291 3363 3400 3625 3837 4197
tube FR940104-0-00035 36 1541 1577 1613 1654 1688 1722 1822 1840 1869 1888 1917 1949 1969 2031 2069 2123 2182 2299 2402 2461 2481 2495 2565 2581 2613 2740 3212 3223 3251 3276 3292 3364 3401 3626 3838 4198
defects FR940104-0-00035 41 1542 1546 1565 1578 1587 1590 1655 1823 1841 1870 1932 1950 1956 1970 2070 2300 2398 2403 2408 2419 2440 2462 2482 2496 2511 2529 2566 2582 2741 3213 3224 3252 3365 3407 3507 3631 3749 3768 3901 3920 4199
are FR940104-0-00035 20 1543 1570 1734 1871 1919 2046 2054 2267 2519 2539 3044 3161 3188 3343 3413 3513 3637 3762 3914 4282
serious FR940104-0-00035 7 1544 1560 3415 3515 3639 3764 3916
birth FR940104-0-00035 20 1545 1564 1955 1992 2397 2407 2418 2439 2510 2528 3402 3406 3496 3506 3569 3630 3748 3767 3900 3919
of FR940104-0-00035 112 1547 1575 1585 1594 1596 1599 1652 1673 1683 1685 1715 1731 1745 1764 1771 1778 1785 1797 1820 1829 1846 1897 1912 1930 1947 1953 1980 1996 2103 2106 2121 2146 2169 2205 2209 2234 2252 2269 2277 2288 2309 2316 2420 2441 2493 2559 2563 2570 2579 2610 2620 2634 2655 2682 2719 2738 2769 2792 2833 2847 2863 2923 2981 3065 3099 3130 3150 3240 3256 3273 3289 3321 3324 3345 3378 3394 3425 3479 3490 3498 3525 3619 3649 3738 3750 3776 3875 3889 3902 3927 3942 3956 3972 4061 4084 4088 4138 4225 4253 4258 4272 4306 4318 4391 4394 4438 4458 4476 4525 4540 4576 4586
the FR940104-0-00035 124 1548 1563 1571 1597 1600 1611 1621 1639 1650 1657 1669 1674 1772 1789 1804 1818 1851 1880 1934 1945 2073 2082 2087 2104 2111 2127 2165 2195 2206 2226 2232 2235 2253 2305 2326 2331 2334 2338 2383 2388 2392 2396 2421 2442 2455 2474 2491 2500 2504 2551 2571 2595 2599 2656 2678 2707 2710 2736 2770 2778 2786 2807 3027 3050 3053 3063 3069 3078 3100 3121 3128 3133 3142 3148 3203 3226 3245 3254 3257 3265 3280 3313 3317 3329 3341 3358 3499 3751 3872 3903 4052 4054 4059 4073 4085 4089 4093 4107 4130 4146 4163 4167 4184 4222 4247 4251 4259 4299 4304 4307 4330 4340 4358 4362 4372 4436 4456 4474 4497 4516 4523 4527 4538 4556
brain FR940104-0-00035 7 1549 1601 2422 2443 3500 3752 3904
or FR940104-0-00035 45 1550 1559 1602 1894 2052 2167 2175 2201 2219 2296 2307 2315 2370 2413 2423 2427 2432 2436 2444 2523 2665 2755 2780 2784 2900 2919 2970 2977 3011 3090 3107 3111 3164 3186 3299 3450 3555 3690 3745 3753 3823 3897 3905 3986 4434
spinal FR940104-0-00035 8 1551 1603 2424 2445 3502 3567 3754 3906
cord FR940104-0-00035 8 1552 1604 2425 2446 3503 3568 3755 3907
that FR940104-0-00035 52 1553 1629 1643 1677 1679 1727 1750 1775 1795 1806 1938 2117 2187 2216 2264 2320 2459 2470 2508 2533 2576 2603 2649 2671 2715 2825 3041 3093 3243 3284 3349 3605 3720 3756 3908 3934 4064 4077 4104 4113 4133 4177 4217 4244 4281 4287 4309 4369 4509 4529 4534 4559
can FR940104-0-00035 12 1554 2930 2988 3418 3427 3518 3532 3642 3656 3769 3783 3921
result FR940104-0-00035 2 1555 1591
in FR940104-0-00035 51 1556 1646 1738 1812 1843 1850 1941 2126 2171 2311 2329 2386 2489 2499 2548 2561 2642 2726 2734 2751 2759 2796 2804 2813 2936 2994 3052 3086 3132 3165 3353 3433 3538 3662 3789 4092 4101 4211 4235 4277 4285 4339 4371 4397 4420 4441 4496 4515 4522 4533 4558
infant FR940104-0-00035 1 1557
mortality FR940104-0-00035 1 1558
disability FR940104-0-00035 1 1561
anencephaly FR940104-0-00035 6 1566 2414 2426 2437 3746 3898
and FR940104-0-00035 54 1567 1579 1615 1754 1768 1791 2003 2010 2040 2272 2466 2645 2761 2839 2855 2874 2877 2887 2942 2952 2964 3001 3037 3159 3175 3221 3236 3249 3253 3362 3440 3501 3545 3665 3672 3684 3795 3805 3817 3948 3964 3983 4000 4196 4200 4230 4250 4347 4357 4465 4506 4549 4578 4588
spina FR940104-0-00035 7 1568 2294 2410 2428 2434 3743 3895
bifida FR940104-0-00035 7 1569 2295 2411 2429 2435 3744 3896
most FR940104-0-00035 2 1572 1796
common FR940104-0-00035 1 1573
forms FR940104-0-00035 2 1574 1614
account FR940104-0-00035 1 1580
for FR940104-0-00035 19 1581 1660 1885 1967 2067 2198 2211 2479 2658 2788 3035 3102 3144 3210 3260 4043 4313 4323 4447
about FR940104-0-00035 10 1582 1857 1909 2118 2133 2905 3127 4011 4227 4462
90 FR940104-0-00035 2 1583 1910
percent FR940104-0-00035 6 1584 1911 2120 2578 2654 3098
these FR940104-0-00035 7 1586 1589 1798 1931 2063 3766 3918
from FR940104-0-00035 23 1592 1664 2698 2756 2913 2933 2991 3012 3231 3264 3430 3464 3535 3589 3659 3704 3786 3824 3858 4019 4033 4162 4176
failure FR940104-0-00035 1 1593
closure FR940104-0-00035 1 1595
covering FR940104-0-00035 1 1598
during FR940104-0-00035 4 1605 1617 2280 2623
early FR940104-0-00035 2 1606 1618
embryonic FR940104-0-00035 1 1607
development FR940104-0-00035 1 1608
because FR940104-0-00035 1 1610
closes FR940104-0-00035 1 1616
pregnancy FR940104-0-00035 9 1619 1690 1890 1899 2291 2615 3278 3294 3833
, FR940104-0-00035 158 1620 1740 1767 1788 1808 1815 1856 1908 1982 1985 1987 1990 1994 1998 2000 2002 2006 2021 2023 2025 2033 2039 2076 2110 2132 2151 2214 2333 2342 2347 2351 2355 2359 2364 2368 2373 2391 2404 2409 2412 2415 2430 2438 2503 2514 2518 2534 2538 2567 2587 2686 2723 2748 2842 2858 2871 2873 2889 2925 2929 2938 2944 2946 2954 2958 2961 2963 2966 2969 2983 2987 2996 3003 3007 3010 3039 3049 3153 3156 3158 3163 3380 3384 3408 3412 3435 3442 3446 3449 3508 3512 3527 3531 3540 3547 3551 3554 3632 3636 3651 3655 3667 3674 3681 3683 3686 3689 3747 3757 3761 3778 3782 3791 3797 3799 3807 3811 3814 3816 3819 3822 3899 3909 3913 3951 3967 3980 3982 4002 4046 4068 4069 4110 4112 4153 4170 4179 4214 4245 4264 4295 4322 4329 4376 4382 4405 4411 4423 4433 4444 4452 4488 4513 4514 4536 4569 4574 4584
defect FR940104-0-00035 14 1622 1689 1723 1905 1918 2032 2183 2614 3293 3403 3497 3570 3627 3839
may FR940104-0-00035 26 1623 1648 1816 1943 2096 2136 2178 2222 2284 2301 2583 2606 2902 2908 3205 3228 3282 3315 3350 3390 3486 3615 3734 3885 4008 4014
occur FR940104-0-00035 2 1624 1842
before FR940104-0-00035 4 1625 3303 3575 3844
a FR940104-0-00035 80 1626 1686 1693 1712 1717 1720 1746 1752 1886 1892 1898 1902 1904 1915 1927 1977 2016 2029 2101 2180 2199 2217 2257 2261 2290 2356 2365 2374 2611 2716 2727 2743 2752 2774 2789 2926 2971 2984 3104 3110 3152 3234 3274 3287 3290 3381 3396 3399 3451 3492 3495 3528 3556 3563 3566 3573 3621 3624 3652 3691 3740 3779 3825 3832 3836 3842 3891 4020 4120 4139 4158 4203 4289 4387 4417 4448 4459 4477 4493 4500
woman FR940104-0-00035 1 1627
realizes FR940104-0-00035 1 1628
she FR940104-0-00035 1 1630
is FR940104-0-00035 15 1631 1891 2473 2677 2731 3609 3724 4049 4079 4099 4116 4136 4181 4239 4521
pregnant FR940104-0-00035 5 1632 2271 3305 3577 3846
( FR940104-0-00035 63 1634 1698 1701 1704 1725 1760 1825 1832 1854 1958 2019 2091 2130 2149 2160 2189 2242 2248 2256 2322 2379 2449 2484 2544 2628 2660 2684 2704 2721 2746 2765 2773 2799 2849 2867 3017 3031 3073 3115 3169 3172 3176 3179 3191 3197 3215 3233 3237 3268 3307 3334 3367 3468 3593 3708 3862 3877 3944 3958 3976 4037 4350 4377
2 FR940104-0-00035 7 1635 1959 2243 2827 3469 3472 3936
) FR940104-0-00035 65 1636 1700 1706 1707 1737 1763 1827 1834 1866 1960 2027 2093 2135 2154 2162 2191 2244 2250 2258 2324 2381 2451 2486 2546 2630 2668 2703 2706 2730 2763 2767 2775 2801 2835 2841 2857 2876 3019 3033 3075 3117 3171 3174 3178 3181 3193 3199 3217 3235 3239 3270 3309 3336 3369 3470 3595 3710 3864 3880 3950 3966 3985 4039 4356 4381
relationship FR940104-0-00035 9 1637 1662 2259 3218 3246 3258 3359 4294 4483
available FR940104-0-00035 2 1640 1935
data FR940104-0-00035 1 1641
show FR940104-0-00035 1 1642
diets FR940104-0-00035 19 1644 1814 1939 2757 2802 2811 2824 2882 2899 2907 2934 2992 3431 3536 3660 3787 3933 3995 4013
adequate FR940104-0-00035 17 1645 1940 2144 2275 2591 2618 2803 2812 2921 2979 3376 3423 3477 3523 3610 3647 3774
folate FR940104-0-00035 44 1647 1807 1830 1942 2147 2278 2341 2354 2471 2592 2659 2674 2688 2720 2793 2805 2814 2891 2912 2924 2982 3051 3131 3220 3248 3325 3361 3379 3426 3454 3480 3526 3579 3607 3650 3694 3722 3777 3848 3876 4004 4018 4023 4286
reduce FR940104-0-00035 10 1649 1817 1944 2285 2607 3391 3487 3616 3735 3886
risk FR940104-0-00035 21 1651 1682 1714 1819 1883 1946 1963 2058 2287 2477 2549 2562 2609 2737 3200 3208 3393 3489 3618 3737 3888
strongest FR940104-0-00035 1 1658
evidence FR940104-0-00035 3 1659 1936 4260
this FR940104-0-00035 15 1661 1729 3136 3241 4047 4097 4114 4134 4155 4212 4262 4266 4292 4402 4481
comes FR940104-0-00035 1 1663
an FR940104-0-00035 3 1665 2590 4541
intervention FR940104-0-00035 2 1666 1748
study FR940104-0-00035 1 1667
by FR940104-0-00035 8 1668 1876 2293 2616 2815 4143 4152 4316
medical FR940104-0-00035 1 1670
research FR940104-0-00035 1 1671
council FR940104-0-00035 1 1672
united FR940104-0-00035 5 1675 1852 2074 2128 3028
kingdom FR940104-0-00035 1 1676
showed FR940104-0-00035 1 1678
women FR940104-0-00035 20 1680 1922 2014 2041 2061 2142 2265 2498 2605 2893 3285 3373 3474 3559 3599 3714 3828 3869 3926 4006
at FR940104-0-00035 8 1681 1809 1962 2055 3725 4265 4354 4412
recurrence FR940104-0-00035 1 1684
who FR940104-0-00035 16 1691 1923 2045 2095 2266 2273 2894 2901 3374 3475 3560 3600 3715 3829 3870 4007
consumed FR940104-0-00035 1 1692
supplement FR940104-0-00035 12 1694 2202 2221 2729 2781 2973 3055 3452 3557 3692 3826 4021
containing FR940104-0-00035 3 1695 1757 1780
4 FR940104-0-00035 6 1696 1861 2829 3709 3712 3938
milligrams FR940104-0-00035 1 1697
mg FR940104-0-00035 4 1699 1762 2153 2673
4000 FR940104-0-00035 1 1702
micrograms FR940104-0-00035 1 1703
μg FR940104-0-00035 15 1705 1759 1784 2662 2695 2725 2750 3323 3461 3586 3701 3728 3855 3879 4030
folic FR940104-0-00035 18 1708 1732 1765 1786 2345 2362 2621 4062 4194 4228 4327 4345 4367 4395 4428 4439 4463 4504
acid FR940104-0-00035 19 1709 1733 1766 1787 2051 2346 2363 2622 4063 4195 4229 4328 4346 4368 4396 4429 4440 4464 4505
daily FR940104-0-00035 10 1710 2148 2279 2635 3310 3318 3385 3481 3729 3873
had FR940104-0-00035 4 1711 1800 3562 3831
reduced FR940104-0-00035 1 1713
having FR940104-0-00035 7 1716 2289 3395 3491 3620 3739 3890
child FR940104-0-00035 7 1718 3397 3493 3564 3622 3741 3892
with FR940104-0-00035 26 1719 1803 1901 1914 1976 2015 2028 2035 2042 2049 2060 2077 3167 3286 3398 3494 3565 3623 3742 3835 3894 4124 4191 4219 4303 4326
products FR940104-0-00035 12 1726 2866 2957 3006 3445 3550 3677 3810 3975 4432 4443 4472
contain FR940104-0-00035 4 1728 2179 2650 3094
level FR940104-0-00035 2 1730 3320
drugs FR940104-0-00035 2 1735 4579
addition FR940104-0-00035 1 1739
based FR940104-0-00035 3 1741 2099 4400
on FR940104-0-00035 25 1742 2081 2086 2100 2304 2639 2646 3068 3084 4051 4058 4067 4233 4261 4291 4344 4366 4375 4401 4468 4480 4499 4503 4512 4546
its FR940104-0-00035 3 1743 1769 4189
review FR940104-0-00035 3 1744 1770 4257
hungarian FR940104-0-00035 1 1747
trial FR940104-0-00035 1 1749
used FR940104-0-00035 2 1751 3352
multivitamin FR940104-0-00035 1 1753
multimineral FR940104-0-00035 1 1755
preparation FR940104-0-00035 1 1756
800 FR940104-0-00035 1 1758
0.8 FR940104-0-00035 1 1761
observational FR940104-0-00035 2 1773 2108
studies FR940104-0-00035 3 1774 1799 2109
reported FR940104-0-00035 2 1776 1973
use FR940104-0-00035 6 1777 2337 3066 4060 4393 4457
multivitamins FR940104-0-00035 1 1779
0 FR940104-0-00035 1 1781
to FR940104-0-00035 40 1782 1873 1921 1974 2224 2588 2693 2828 2844 2860 2910 3059 3356 3459 3584 3603 3699 3718 3853 3937 3953 3969 4016 4028 4080 4103 4118 4126 4166 4173 4187 4193 4201 4221 4360 4385 4430 4445 4491 4554
1000 FR940104-0-00035 8 1783 1847 2694 3460 3585 3700 3854 4029
food FR940104-0-00035 17 1790 2170 2173 2200 2218 2313 2771 2779 3088 3134 3354 4055 4237 4279 4363 4398 4577
drug FR940104-0-00035 1 1792
administration FR940104-0-00035 1 1793
concluded FR940104-0-00035 1 1794
results FR940104-0-00035 4 1801 2105 4252 4539
consistent FR940104-0-00035 1 1802
conclusion FR940104-0-00035 1 1805
levels FR940104-0-00035 2 1810 3149
attainable FR940104-0-00035 1 1811
usual FR940104-0-00035 1 1813
b FR940104-0-00035 13 1826 2323 2357 2366 2375 2800 2927 2985 3238 3382 3529 3653 3780
significance FR940104-0-00035 2 1828 3255
_ FR940104-0-00035 5 1831 2247 2255 2772 3196
1 FR940104-0-00035 5 1833 2190 2672 3368 3371
public FR940104-0-00035 3 1835 2112 2572
health FR940104-0-00035 16 1836 2005 2113 2184 2196 2212 2227 2262 2573 3300 3338 3347 4341 4460 4501 4587
concern FR940104-0-00035 1 1837
approximately FR940104-0-00035 1 1844
0.6 FR940104-0-00035 1 1845
live FR940104-0-00035 2 1848 1863
births FR940104-0-00035 2 1849 1864
states FR940104-0-00035 4 1853 2075 2129 3029
ie FR940104-0-00035 3 1855 2020 2150
2500 FR940104-0-00035 1 1858
cases FR940104-0-00035 1 1859
among FR940104-0-00035 2 1860 2497
million FR940104-0-00035 1 1862
annually FR940104-0-00035 3 1865 2139 2586
believed FR940104-0-00035 1 1872
be FR940104-0-00035 26 1874 2137 2302 2584 2691 2903 2931 2989 3057 3060 3082 3139 3351 3428 3457 3533 3582 3657 3697 3784 3851 4009 4026 4119 4386 4408
caused FR940104-0-00035 1 1875
many FR940104-0-00035 9 1877 2464 2884 3420 3520 3644 3771 3923 3997
factors FR940104-0-00035 4 1878 1981 3201 3209
single FR940104-0-00035 1 1881
greatest FR940104-0-00035 1 1882
factor FR940104-0-00035 2 1884 2478
defectaffected FR940104-0-00035 3 1889 2124 3277
personal FR940104-0-00035 2 1893 3271
family FR940104-0-00035 2 1895 1928
history FR940104-0-00035 5 1896 1929 2012 3272 3288
affected FR940104-0-00035 4 1900 2292 3834 3893
such FR940104-0-00035 12 1903 2509 2818 2868 2881 3405 3505 3629 3678 3977 3994 4470
however FR940104-0-00035 3 1907 4111 4321
infants FR940104-0-00035 1 1913
born FR940104-0-00035 1 1920
do FR940104-0-00035 2 1924 2895
not FR940104-0-00035 15 1925 1952 2468 2516 2536 2554 2713 2896 3081 3410 3510 3634 3759 3911 4150
have FR940104-0-00035 10 1926 1971 2463 3419 3519 3561 3643 3770 3830 3922
shows FR940104-0-00035 1 1937
but FR940104-0-00035 1 1951
other FR940104-0-00035 3 1954 2297 3183
populations FR940104-0-00035 1 1961
prevalence FR940104-0-00035 3 1965 2487 2492
rates FR940104-0-00035 3 1966 2066 2079
been FR940104-0-00035 1 1972
vary FR940104-0-00035 2 1975 2071
wide FR940104-0-00035 1 1978
range FR940104-0-00035 2 1979 4390
including FR940104-0-00035 16 1983 2007 2568 2836 2850 2890 2939 2947 2959 3792 3800 3812 3945 3959 4003 4537
genetics FR940104-0-00035 1 1984
geography FR940104-0-00035 1 1986
socioeconomic FR940104-0-00035 1 1988
status FR940104-0-00035 3 1989 4087 4224
maternal FR940104-0-00035 3 1991 2004 2008
cohort FR940104-0-00035 1 1993
month FR940104-0-00035 1 1995
conception FR940104-0-00035 1 1997
race FR940104-0-00035 1 1999
nutrition FR940104-0-00035 3 2001 3118 3122
age FR940104-0-00035 2 2009 3929
reproductive FR940104-0-00035 1 2011
close FR940104-0-00035 1 2017
relative FR940104-0-00035 1 2018
sibling FR940104-0-00035 1 2022
niece FR940104-0-00035 1 2024
nephew FR940104-0-00035 1 2026
those FR940104-0-00035 3 2034 2094 4421
insulindependent FR940104-0-00035 1 2036
diabetes FR940104-0-00035 1 2037
mellitus FR940104-0-00035 1 2038
seizure FR940104-0-00035 1 2043
disorders FR940104-0-00035 1 2044
being FR940104-0-00035 1 2047
treated FR940104-0-00035 1 2048
valproic FR940104-0-00035 1 2050
carbamazepine FR940104-0-00035 1 2053
significantly FR940104-0-00035 1 2056
increased FR940104-0-00035 1 2057
compared FR940104-0-00035 1 2059
without FR940104-0-00035 1 2062
characteristics FR940104-0-00035 1 2064
within FR940104-0-00035 1 2072
lower FR940104-0-00035 2 2078 2744
observed FR940104-0-00035 1 2080
west FR940104-0-00035 1 2083
coast FR940104-0-00035 2 2084 2089
than FR940104-0-00035 4 2085 2652 2742 3096
east FR940104-0-00035 1 2088
3 FR940104-0-00035 6 2092 2843 3192 3594 3597 3952
benefit FR940104-0-00035 1 2097
synthesis FR940104-0-00035 1 2102
several FR940104-0-00035 1 2107
service FR940104-0-00035 2 2114 2574
has FR940104-0-00035 5 2115 4269 4310 4332 4531
estimated FR940104-0-00035 1 2116
50 FR940104-0-00035 2 2119 2577
pregnancies FR940104-0-00035 1 2125
eg FR940104-0-00035 4 2131 2685 2722 2747
1250 FR940104-0-00035 1 2134
averted FR940104-0-00035 2 2138 2585
if FR940104-0-00035 7 2140 2229 3042 3146 3182 4145 4424
all FR940104-0-00035 8 2141 2204 2699 3465 3590 3705 3859 4034
consume FR940104-0-00035 5 2143 2274 3375 3476 3871
amounts FR940104-0-00035 10 2145 2276 2922 2980 3377 3424 3478 3524 3648 3775
0.4 FR940104-0-00035 1 2152
throughout FR940104-0-00035 8 2155 2594 3386 3482 3611 3730 3881 3989
their FR940104-0-00035 23 2156 2281 2286 2608 2624 2906 3297 3387 3392 3483 3488 3606 3612 3617 3721 3731 3736 3882 3887 3990 4012 4431 4442
childbearing FR940104-0-00035 11 2157 2282 2596 2625 3388 3484 3613 3732 3883 3928 3991
years FR940104-0-00035 10 2158 2283 2597 2626 3389 3485 3614 3733 3884 3992
c FR940104-0-00035 6 2161 2380 3018 3155 3170 3177
requirements FR940104-0-00035 6 2163 2193 2208 2246 2776 2787
label FR940104-0-00035 4 2166 2306 3071 3123
labeling FR940104-0-00035 4 2168 2308 3119 3355
conventional FR940104-0-00035 6 2172 2312 2643 3087 4236 4278
form FR940104-0-00035 6 2174 2314 2644 3089 4238 4280
dietary FR940104-0-00035 14 2176 2220 2317 2647 2728 2914 2972 3013 3020 3023 3054 3091 4127 4314
supplements FR940104-0-00035 10 2177 2318 2648 2915 3014 3021 3024 3092 4128 4315
folate/neural FR940104-0-00035 1 2181
claim FR940104-0-00035 27 2185 2197 2228 2254 2263 2335 2393 2456 2505 2552 2600 2708 2711 2808 3079 3204 3227 3266 3281 3314 4263 4290 4300 4342 4449 4461 4502
provided FR940104-0-00035 3 2186 2319 3162
: FR940104-0-00035 4 2188 2321 3366 4568
general FR940104-0-00035 3 2192 2207 2501
meets FR940104-0-00035 2 2203 2231
§101.14 FR940104-0-00035 1 2210
claims FR940104-0-00035 5 2213 2638 3339 3348 4226
except FR940104-0-00035 3 2215 3040 3259
qualify FR940104-0-00035 2 2223 4446
bear FR940104-0-00035 2 2225 4288
it FR940104-0-00035 6 2230 4175 4268 4415 4510 4530
definition FR940104-0-00035 1 2233
term FR940104-0-00035 1 2236
`` FR940104-0-00035 17 2237 2340 2344 2349 2353 2361 2371 2400 2406 2417 2433 2512 2524 2687 2820 2920 2978
good FR940104-0-00035 2 2238 2790
source FR940104-0-00035 2 2239 2791
'' FR940104-0-00035 17 2241 2343 2348 2352 2360 2369 2378 2405 2416 2431 2448 2522 2543 2702 2917 2975 3016
specific FR940104-0-00035 2 2245 2557
i FR940104-0-00035 2 2249 3198
nature FR940104-0-00035 3 2251 2453 2768
capable FR940104-0-00035 1 2268
becoming FR940104-0-00035 4 2270 3304 3576 3845
made FR940104-0-00035 2 2303 3083
foods FR940104-0-00035 7 2310 2641 3085 4045 4234 4276 4324
specifying FR940104-0-00035 5 2325 2330 2382 2387 2490
nutrient FR940104-0-00035 2 2327 2332
shall FR940104-0-00035 16 2336 2394 2457 2467 2506 2553 2601 2669 2712 2782 2809 3025 3056 3080 3124 3138
terms FR940104-0-00035 1 2339
folacin FR940104-0-00035 2 2350 2372
vitamin FR940104-0-00035 14 2358 2367 2376 2928 2986 3103 3109 3112 3151 3154 3383 3530 3654 3781
condition FR940104-0-00035 2 2384 2390
healthrelated FR940104-0-00035 1 2389
identify FR940104-0-00035 4 2395 2810 3207 3316
as FR940104-0-00035 15 2399 2794 2819 2869 3105 3328 3679 3978 4206 4208 4298 4337 4485 4562 4564
; FR940104-0-00035 6 2447 2798 2918 2976 3214 4599
d FR940104-0-00035 3 2450 3113 3335
multifactorial FR940104-0-00035 1 2452
state FR940104-0-00035 7 2458 2507 2602 2670 2714 3283 4076
causes FR940104-0-00035 6 2465 3421 3521 3645 3772 3924
imply FR940104-0-00035 1 2469
intake FR940104-0-00035 7 2472 2593 2636 2683 3331 3608 3723
only FR940104-0-00035 3 2475 3147 4123
recognized FR940104-0-00035 1 2476
e FR940104-0-00035 2 2485 4038
population FR940104-0-00035 1 2502
which FR940104-0-00035 2 2513 4180
while FR940104-0-00035 7 2515 2535 3409 3509 3633 3758 3910
widespread FR940104-0-00035 7 2517 2537 3411 3511 3635 3760 3912
extremely FR940104-0-00035 2 2520 2540
significant FR940104-0-00035 3 2521 2541 4334
* FR940104-0-00035 9 2525 2526 2527 2530 2531 2532 2821 2822 2823
f FR940104-0-00035 1 2545
reduction FR940104-0-00035 2 2547 2560
attribute FR940104-0-00035 1 2555
any FR940104-0-00035 2 2556 4469
degree FR940104-0-00035 1 2558
mention FR940104-0-00035 1 2569
estimate FR940104-0-00035 1 2575
maintaining FR940104-0-00035 2 2589 2617
some FR940104-0-00035 2 2604 3868
intakes FR940104-0-00035 1 2619
g FR940104-0-00035 1 2629
safe FR940104-0-00035 3 2631 2679 4392
upper FR940104-0-00035 2 2632 2680
limit FR940104-0-00035 2 2633 2681
fortified FR940104-0-00035 12 2640 2878 2967 3008 3447 3552 3687 3820 3987 4044 4325 4471
more FR940104-0-00035 4 2651 2732 3095 4333
25 FR940104-0-00035 1 2653
rdi FR940104-0-00035 2 2657 3101
100 FR940104-0-00035 3 2661 2749 3097
per FR940104-0-00035 12 2663 2666 2675 2696 2831 3326 3462 3587 3702 3856 3940 4031
serving FR940104-0-00035 1 2664
unit FR940104-0-00035 1 2667
day FR940104-0-00035 10 2676 2697 2832 3327 3463 3588 3703 3857 3941 4032
consumption FR940104-0-00035 6 2689 3455 3580 3695 3849 4024
should FR940104-0-00035 10 2690 3295 3456 3571 3581 3696 3840 3850 3930 4025
limited FR940104-0-00035 6 2692 3458 3583 3698 3852 4027
sources FR940104-0-00035 6 2700 3466 3591 3706 3860 4035
h FR940104-0-00035 1 2705
specified FR940104-0-00035 1 2717
amount FR940104-0-00035 4 2718 2745 3129 4437
400 FR940104-0-00035 4 2724 3322 3727 3878
effective FR940104-0-00035 4 2733 4040 4050 4071
reducing FR940104-0-00035 1 2735
breakfast FR940104-0-00035 1 2753
cereal FR940104-0-00035 2 2754 3688
rich FR940104-0-00035 7 2758 2935 2993 3432 3537 3661 3788
fruits FR940104-0-00035 13 2760 2834 2838 2937 2941 2995 3434 3539 3664 3790 3794 3943 3947
vegetables FR940104-0-00035 13 2762 2848 2854 2945 2951 3000 3439 3544 3671 3798 3804 3957 3963
ii FR940104-0-00035 2 2766 3216
meet FR940104-0-00035 2 2783 3026
exceed FR940104-0-00035 1 2785
defined FR940104-0-00035 1 2795
§101.54 FR940104-0-00035 1 2797
using FR940104-0-00035 1 2816
phrases FR940104-0-00035 1 2817
include FR940104-0-00035 4 2826 3125 3229 3935
servings FR940104-0-00035 6 2830 2846 2862 3939 3955 3971
citrus FR940104-0-00035 5 2837 2940 3663 3793 3946
juices FR940104-0-00035 5 2840 2943 3666 3796 3949
5 FR940104-0-00035 4 2845 3863 3866 3954
dark FR940104-0-00035 8 2851 2948 2997 3436 3541 3668 3801 3960
green FR940104-0-00035 8 2852 2949 2998 3437 3542 3669 3802 3961
leafy FR940104-0-00035 8 2853 2950 2999 3438 3543 3670 3803 3962
legumes FR940104-0-00035 8 2856 2953 3002 3441 3546 3673 3806 3965
6 FR940104-0-00035 2 2859 3968
11 FR940104-0-00035 2 2861 3970
enriched FR940104-0-00035 8 2864 2955 3004 3443 3548 3675 3808 3973
grain FR940104-0-00035 8 2865 2956 3005 3444 3549 3676 3809 3974
breads FR940104-0-00035 5 2870 2960 3680 3813 3979
rice FR940104-0-00035 5 2872 2962 3682 3815 3981
pasta FR940104-0-00035 5 2875 2965 3685 3818 3984
cereals FR940104-0-00035 7 2879 2968 3009 3448 3553 3821 3988
provide FR940104-0-00035 2 2883 3996
essential FR940104-0-00035 2 2885 3998
minerals FR940104-0-00035 3 2886 3187 3999
vitamins FR940104-0-00035 3 2888 3185 4001
eat FR940104-0-00035 1 2897
wellbalanced FR940104-0-00035 2 2898 3932
concerned FR940104-0-00035 3 2904 4010 4410
choose FR940104-0-00035 3 2909 3931 4015
obtain FR940104-0-00035 2 2911 4017
obtained FR940104-0-00035 6 2932 2990 3429 3534 3658 3785
pharmacopeia FR940104-0-00035 1 3030
usp FR940104-0-00035 2 3032 3047
standards FR940104-0-00035 2 3034 3048
disintegration FR940104-0-00035 1 3036
dissolution FR940104-0-00035 1 3038
there FR940104-0-00035 2 3043 4383
no FR940104-0-00035 2 3045 4270
applicable FR940104-0-00035 1 3046
shown FR940104-0-00035 1 3058
bioavailable FR940104-0-00035 1 3061
under FR940104-0-00035 1 3062
conditions FR940104-0-00035 1 3064
stated FR940104-0-00035 2 3067 4486
product FR940104-0-00035 1 3070
iii FR940104-0-00035 2 3074 3269
limitation FR940104-0-00035 1 3076
retinol FR940104-0-00035 1 3106
preformed FR940104-0-00035 1 3108
iv FR940104-0-00035 2 3116 3308
information FR940104-0-00035 4 3126 3137 3195 3261
declared FR940104-0-00035 2 3140 3189
after FR940104-0-00035 1 3141
declaration FR940104-0-00035 1 3143
iron FR940104-0-00035 2 3145 3160
calcium FR940104-0-00035 1 3157
accordance FR940104-0-00035 1 3166
§101.9 FR940104-0-00035 1 3168
8 FR940104-0-00035 1 3173
9 FR940104-0-00035 1 3180
optional FR940104-0-00035 2 3184 3194
specifically FR940104-0-00035 2 3206 3262
between FR940104-0-00035 3 3219 3247 3360
statements FR940104-0-00035 1 3230
paragraphs FR940104-0-00035 1 3232
section FR940104-0-00035 1 3242
summarize FR940104-0-00035 1 3244
prohibited FR940104-0-00035 1 3263
consult FR940104-0-00035 3 3296 3572 3841
physicians FR940104-0-00035 1 3298
care FR940104-0-00035 1 3301
providers FR940104-0-00035 1 3302
value FR940104-0-00035 3 3311 3319 3874
target FR940104-0-00035 1 3330
goal FR940104-0-00035 1 3332
model FR940104-0-00035 2 3337 3346
following FR940104-0-00035 1 3342
examples FR940104-0-00035 1 3344
describe FR940104-0-00035 1 3357
example FR940104-0-00035 5 3370 3471 3596 3711 3865
very FR940104-0-00035 6 3414 3514 3638 3763 3915 4409
they FR940104-0-00035 3 3417 3517 3641
physician FR940104-0-00035 2 3574 3843
take FR940104-0-00035 2 3601 3716
steps FR940104-0-00035 2 3602 3717
ensure FR940104-0-00035 2 3604 3719
least FR940104-0-00035 2 3726 4413
date FR940104-0-00035 2 4041 4053
regulation FR940104-0-00035 7 4048 4057 4115 4122 4148 4308 4365
additive FR940104-0-00035 2 4056 4364
was FR940104-0-00035 2 4065 4149
proposed FR940104-0-00035 2 4066 4090
becomes FR940104-0-00035 1 4070
1990 FR940104-0-00035 1 4074
amendments FR940104-0-00035 1 4075
fda FR940104-0-00035 9 4078 4215 4242 4254 4406 4453 4489 4520 4551
promptly FR940104-0-00035 1 4081
publish FR940104-0-00035 1 4082
notice FR940104-0-00035 2 4083 4098
new FR940104-0-00035 1 4086
regulations FR940104-0-00035 1 4091
federal FR940104-0-00035 2 4094 4373
register FR940104-0-00035 2 4095 4374
issued FR940104-0-00035 2 4100 4151
response FR940104-0-00035 1 4102
requirement FR940104-0-00035 1 4105
agency FR940104-0-00035 4 4108 4131 4185 4331
emphasizes FR940104-0-00035 1 4109
deemed FR940104-0-00035 1 4117
final FR940104-0-00035 7 4121 4147 4204 4312 4418 4478 4494
respect FR940104-0-00035 3 4125 4192 4220
notes FR940104-0-00035 1 4132
document FR940104-0-00035 1 4135
part FR940104-0-00035 1 4137
separate FR940104-0-00035 2 4140 4159
rulemaking FR940104-0-00035 5 4141 4156 4172 4178 4190
contemplated FR940104-0-00035 1 4142
congress FR940104-0-00035 1 4144
bears FR940104-0-00035 1 4157
docket FR940104-0-00035 1 4160
number FR940104-0-00035 1 4161
one FR940104-0-00035 1 4164
assigned FR940104-0-00035 1 4165
october FR940104-0-00035 2 4168 4547
14 FR940104-0-00035 2 4169 4548
1993 FR940104-0-00035 1 4171
distinguish FR940104-0-00035 1 4174
ongoing FR940104-0-00035 2 4182 4560
intends FR940104-0-00035 2 4186 4490
continue FR940104-0-00035 1 4188
issue FR940104-0-00035 2 4202 4492
rule FR940104-0-00035 3 4205 4479 4495
quickly FR940104-0-00035 1 4207
possible FR940104-0-00035 2 4209 4565
regard FR940104-0-00035 1 4213
recognizes FR940104-0-00035 1 4216
clarification FR940104-0-00035 1 4218
legal FR940104-0-00035 1 4223
ntd FR940104-0-00035 4 4231 4348 4466 4507
's FR940104-0-00035 5 4232 4255 4349 4467 4508
appropriate FR940104-0-00035 1 4240
advises FR940104-0-00035 1 4243
given FR940104-0-00035 1 4246
phs FR940104-0-00035 1 4248
recommendation FR940104-0-00035 1 4249
preliminary FR940104-0-00035 1 4256
time FR940104-0-00035 1 4267
intention FR940104-0-00035 1 4271
taking FR940104-0-00035 1 4273
action FR940104-0-00035 1 4274
against FR940104-0-00035 1 4275
naturally FR940104-0-00035 1 4283
high FR940104-0-00035 1 4284
nutrientdisease FR940104-0-00035 2 4293 4482
so FR940104-0-00035 1 4296
long FR940104-0-00035 1 4297
fully FR940104-0-00035 1 4301
complies FR940104-0-00035 1 4302
provisions FR940104-0-00035 1 4305
become FR940104-0-00035 1 4311
operation FR940104-0-00035 1 4317
law FR940104-0-00035 1 4319
concerns FR940104-0-00035 1 4335
explained FR940104-0-00035 1 4338
proposal FR940104-0-00035 2 4343 4359
58 FR940104-0-00035 2 4351 4378
fr FR940104-0-00035 3 4352 4379 4593
53254 FR940104-0-00035 1 4353
53288 FR940104-0-00035 1 4355
amend FR940104-0-00035 1 4361
published FR940104-0-00035 1 4370
53312 FR940104-0-00035 1 4380
appears FR940104-0-00035 1 4384
rather FR940104-0-00035 1 4388
narrow FR940104-0-00035 1 4389
tentative FR940104-0-00035 1 4403
view FR940104-0-00035 1 4404
would FR940104-0-00035 1 4407
until FR940104-0-00035 1 4414
reached FR940104-0-00035 1 4416
determination FR940104-0-00035 1 4419
proceedings FR940104-0-00035 1 4422
manufacturers FR940104-0-00035 1 4425
began FR940104-0-00035 2 4426 4511
adding FR940104-0-00035 1 4427
increasing FR940104-0-00035 1 4435
therefore FR940104-0-00035 1 4451
strongly FR940104-0-00035 1 4454
discourages FR940104-0-00035 1 4455
pending FR940104-0-00035 1 4473
issuance FR940104-0-00035 1 4475
above FR940104-0-00035 1 4487
proceeding FR940104-0-00035 3 4498 4535 4561
near FR940104-0-00035 1 4517
future FR940104-0-00035 1 4518
process FR940104-0-00035 1 4524
evaluating FR940104-0-00035 1 4526
comments FR940104-0-00035 1 4528
received FR940104-0-00035 1 4532
advisory FR940104-0-00035 1 4542
committee FR940104-0-00035 1 4543
meeting FR940104-0-00035 1 4544
held FR940104-0-00035 1 4545
15. FR940104-0-00035 1 4550
will FR940104-0-00035 1 4552
attempt FR940104-0-00035 1 4553
resolve FR940104-0-00035 1 4555
issues FR940104-0-00035 1 4557
soon FR940104-0-00035 1 4563
dated FR940104-0-00035 1 4567
david FR940104-0-00035 1 4571
a. FR940104-0-00035 1 4572
kessler FR940104-0-00035 1 4573
commissioner FR940104-0-00035 1 4575
donna FR940104-0-00035 1 4581
e. FR940104-0-00035 1 4582
shalala FR940104-0-00035 1 4583
secretary FR940104-0-00035 1 4585
human FR940104-0-00035 1 4589
services FR940104-0-00035 1 4590
[ FR940104-0-00035 1 4592
doc FR940104-0-00035 1 4594
9331817 FR940104-0-00035 1 4596
filed FR940104-0-00035 1 4597
122993 FR940104-0-00035 1 4598
8:45 FR940104-0-00035 1 4600
am FR940104-0-00035 1 4601
] FR940104-0-00035 1 4602
billing FR940104-0-00035 1 4603
code FR940104-0-00035 1 4604
416001f FR940104-0-00035 1 4605
food FR940104-0-00036 11 0 25 39 212 235 244 465 1028 1055 1583 1839
labeling FR940104-0-00036 7 1 55 158 442 508 1050 1551
; FR940104-0-00036 35 2 118 127 132 143 387 398 409 421 748 758 768 781 1077 1081 1088 1099 1114 1178 1183 1189 1197 1277 1282 1287 1293 1424 1429 1434 1440 1491 1496 1501 1507 1861
health FR940104-0-00036 22 3 108 371 480 500 721 736 813 1022 1042 1067 1126 1171 1212 1245 1260 1377 1414 1481 1568 1575 1849
claims FR940104-0-00036 25 4 109 372 501 633 722 737 814 862 915 1023 1043 1068 1127 1143 1172 1213 1246 1261 1378 1415 1482 1569 1571 1576
for FR940104-0-00036 17 5 196 234 812 815 916 1001 1021 1024 1041 1132 1147 1247 1312 1579 1586 1810
dietary FR940104-0-00036 34 6 71 114 119 160 175 377 388 444 645 650 739 749 816 869 900 917 941 1148 1168 1174 1179 1248 1266 1273 1278 1381 1417 1420 1425 1487 1492 1587 1811
supplements FR940104-0-00036 16 7 161 176 445 817 901 918 942 1149 1169 1249 1267 1382 1418 1588 1812
[ FR940104-0-00036 2 8 1854
docket FR940104-0-00036 7 9 382 393 404 416 431 1747
nos FR940104-0-00036 1 10
. FR940104-0-00036 52 11 31 35 184 195 259 327 340 384 395 406 418 433 452 454 511 620 644 716 718 793 865 867 883 923 957 1015 1122 1150 1203 1235 1238 1307 1318 1327 1451 1535 1574 1632 1642 1665 1682 1696 1725 1735 1770 1783 1828 1832 1842 1853 1857
93n480f FR940104-0-00036 2 12 385
, FR940104-0-00036 112 13 15 17 19 29 49 66 81 91 99 133 164 166 168 194 204 211 216 220 222 225 227 232 243 248 252 254 257 269 287 300 313 331 344 354 362 410 466 468 488 493 564 649 654 659 667 669 729 730 783 835 838 850 877 903 944 945 956 973 986 998 999 1006 1031 1032 1062 1092 1094 1101 1103 1139 1156 1184 1251 1252 1288 1320 1326 1340 1362 1387 1402 1435 1450 1453 1465 1502 1516 1520 1521 1524 1591 1593 1595 1664 1681 1686 1688 1691 1692 1699 1707 1713 1715 1751 1767 1768 1814 1823 1831 1836 1846
93n480c FR940104-0-00036 2 14 396
93n480o FR940104-0-00036 2 16 419
93n480a FR940104-0-00036 2 18 407
and FR940104-0-00036 92 20 26 40 56 116 121 130 136 144 146 155 169 213 237 245 314 379 390 401 413 422 424 439 469 481 489 505 574 586 609 647 652 657 661 668 672 699 741 751 761 770 782 786 946 1047 1063 1075 1079 1084 1086 1095 1097 1104 1110 1115 1117 1119 1135 1137 1140 1176 1181 1187 1191 1198 1201 1217 1275 1280 1285 1291 1294 1296 1422 1427 1432 1438 1441 1443 1489 1494 1499 1505 1508 1510 1705 1733 1752 1777 1807 1840 1850
93n480z FR940104-0-00036 2 21 434
] FR940104-0-00036 2 22 1864
agency FR940104-0-00036 9 23 795 840 992 1206 1537 1644 1684 1817
: FR940104-0-00036 12 24 33 37 186 200 262 1272 1548 1566 1570 1600 1830
drug FR940104-0-00036 5 27 41 214 246 467
administration FR940104-0-00036 4 28 42 215 247
hhs FR940104-0-00036 1 30
action FR940104-0-00036 3 32 1161 1317
notice FR940104-0-00036 4 34 1225 1616 1634
summary FR940104-0-00036 1 36
the FR940104-0-00036 99 38 53 62 70 77 82 150 153 157 187 322 335 345 428 437 441 459 463 473 477 485 494 503 507 524 553 566 597 621 626 639 642 665 676 713 719 725 774 794 799 806 831 839 853 868 878 894 906 924 935 958 963 970 983 991 996 1007 1017 1038 1045 1049 1125 1153 1165 1195 1205 1232 1239 1263 1300 1321 1337 1359 1366 1376 1388 1411 1447 1466 1484 1514 1519 1536 1559 1606 1618 1622 1629 1643 1659 1683 1690 1727 1737 1746 1758 1761 1800 1816
( FR940104-0-00036 82 43 61 76 92 124 140 174 208 240 275 278 281 284 288 291 294 297 301 304 307 310 315 318 325 338 355 381 392 403 415 430 472 484 514 517 520 526 530 533 536 580 583 587 590 593 599 603 606 610 613 616 687 690 693 696 700 703 706 709 743 753 763 776 788 821 824 827 904 976 979 1057 1073 1204 1302 1330 1333 1346 1349 1352 1355 1726 1763
fda FR940104-0-00036 21 44 265 492 679 731 809 890 912 928 1033 1129 1157 1253 1308 1404 1454 1472 1611 1716 1771 1784
) FR940104-0-00036 82 45 65 80 98 126 142 177 210 242 277 280 283 286 290 293 296 299 303 306 309 312 317 320 330 343 361 386 397 408 420 435 475 487 516 519 522 532 535 538 539 582 585 589 592 595 605 608 612 615 618 619 689 692 695 698 702 705 708 711 747 757 767 780 792 823 826 829 922 978 981 1061 1121 1236 1306 1332 1335 1348 1351 1354 1357 1736 1769
is FR940104-0-00036 13 46 178 266 446 544 568 837 1455 1525 1555 1612 1635 1821
announcing FR940104-0-00036 3 47 267 1459
that FR940104-0-00036 30 48 87 268 350 541 551 678 798 805 808 836 843 860 911 920 989 1107 1128 1364 1460 1471 1539 1610 1640 1646 1654 1689 1740 1790 1819
in FR940104-0-00036 34 50 84 149 156 270 347 427 440 506 570 664 724 773 874 1026 1048 1053 1194 1223 1228 1299 1383 1446 1468 1513 1518 1581 1625 1628 1637 1697 1757 1799 1824
accordance FR940104-0-00036 3 51 271 571
with FR940104-0-00036 9 52 272 572 897 938 1162 1209 1656 1700
nutrition FR940104-0-00036 2 54 239
education FR940104-0-00036 1 57
act FR940104-0-00036 17 58 73 79 337 471 474 525 598 643 832 871 880 908 926 960 1155 1361
of FR940104-0-00036 44 59 74 159 162 206 321 443 456 479 509 523 555 596 641 712 728 830 855 872 893 969 982 1003 1051 1112 1124 1152 1170 1231 1265 1336 1358 1375 1413 1463 1486 1533 1589 1617 1621 1739 1760 1838 1848
1990 FR940104-0-00036 13 60 63 323 457 460 622 714 895 936 971 984 1338 1607
amendments FR940104-0-00036 12 64 324 458 461 623 715 896 937 972 985 1339 1608
as FR940104-0-00036 6 67 332 1341 1546 1564 1748
amended FR940104-0-00036 6 68 333 962 1342 1545 1556
by FR940104-0-00036 13 69 334 490 943 955 1343 1449 1461 1531 1557 1671 1680 1795
supplement FR940104-0-00036 2 72 870
1992 FR940104-0-00036 3 75 873 876
ds FR940104-0-00036 8 78 336 879 907 925 959 1154 1360
change FR940104-0-00036 4 83 346 1467 1624
its FR940104-0-00036 6 85 102 348 365 1469 1626
regulations FR940104-0-00036 11 86 349 498 1009 1014 1372 1390 1395 1409 1470 1627
it FR940104-0-00036 5 88 351 547 1791 1820
proposed FR940104-0-00036 11 89 352 732 811 931 1008 1316 1389 1473 1538 1623
on FR940104-0-00036 29 90 152 193 353 436 502 738 852 889 952 1030 1037 1044 1069 1167 1173 1250 1262 1268 1314 1325 1373 1410 1416 1419 1663 1708 1721 1803
58 FR940104-0-00036 5 93 356 1058 1303 1764
fr FR940104-0-00036 11 94 357 745 755 765 778 790 1059 1304 1765 1855
53296 FR940104-0-00036 3 95 358 1305
through FR940104-0-00036 4 96 359 630 1711
53305 FR940104-0-00036 2 97 360
to FR940104-0-00036 31 100 106 363 369 462 496 558 628 682 734 899 929 933 940 947 987 1164 1211 1242 1257 1380 1474 1479 1562 1613 1639 1658 1702 1745 1773 1786
reflect FR940104-0-00036 3 101 364 1475
tentative FR940104-0-00036 2 103 366
decision FR940104-0-00036 3 104 367 1477
not FR940104-0-00036 16 105 368 733 803 846 994 1145 1243 1258 1369 1397 1406 1478 1572 1577 1678
authorize FR940104-0-00036 7 107 370 735 914 1244 1259 1480
relating FR940104-0-00036 2 110 373
an FR940104-0-00036 3 111 374 1804
association FR940104-0-00036 2 112 375
between FR940104-0-00036 2 113 376
fiber FR940104-0-00036 17 115 120 378 389 646 651 740 750 1109 1175 1180 1274 1279 1421 1426 1488 1493
cancer FR940104-0-00036 21 117 131 380 402 648 658 752 762 1080 1098 1120 1177 1202 1276 1286 1423 1433 1490 1500 1706 1808
cardiovascular FR940104-0-00036 1 122
disease FR940104-0-00036 3 123 139 560
cvd FR940104-0-00036 9 125 391 653 742 1182 1281 1428 1495 1734
antioxidant FR940104-0-00036 11 128 399 655 759 1199 1283 1430 1497 1703 1731 1805
vitamins FR940104-0-00036 13 129 163 400 656 760 1200 1284 1431 1498 1590 1704 1732 1806
fatty FR940104-0-00036 8 134 411 670 784 1185 1289 1436 1503
acids FR940104-0-00036 8 135 412 671 785 1186 1290 1437 1504
coronary FR940104-0-00036 1 137
heart FR940104-0-00036 1 138
chd FR940104-0-00036 10 141 414 673 787 1087 1113 1188 1292 1439 1506
zinc FR940104-0-00036 8 145 423 660 769 1190 1295 1442 1509
immune FR940104-0-00036 8 147 425 662 771 1192 1297 1444 1511
deficiency FR940104-0-00036 2 148 426
elderly FR940104-0-00036 8 151 429 666 775 1196 1301 1448 1515
labels FR940104-0-00036 5 154 438 504 1046 1264
minerals FR940104-0-00036 2 165 1592
herbs FR940104-0-00036 2 167 1594
other FR940104-0-00036 3 170 1597 1753
similar FR940104-0-00036 2 171 1598
nutritional FR940104-0-00036 1 172
substances FR940104-0-00036 2 173 1599
now FR940104-0-00036 3 179 447 1526
considered FR940104-0-00036 5 180 448 1012 1393 1527
a FR940104-0-00036 23 181 282 295 308 449 542 549 556 559 694 707 887 1224 1255 1347 1384 1476 1528 1650 1674 1718 1749 1825
final FR940104-0-00036 15 182 188 450 949 1004 1013 1019 1035 1064 1160 1371 1394 1408 1529 1675
regulation FR940104-0-00036 4 183 189 451 1530
dates FR940104-0-00036 1 185
will FR940104-0-00036 1 190
become FR940104-0-00036 1 191
effective FR940104-0-00036 1 192
further FR940104-0-00036 1 197
information FR940104-0-00036 3 198 261 1797
contact FR940104-0-00036 1 199
judith FR940104-0-00036 1 201
w. FR940104-0-00036 1 202
riggins FR940104-0-00036 1 203
office FR940104-0-00036 1 205
policy FR940104-0-00036 1 207
hf23 FR940104-0-00036 1 209
5600 FR940104-0-00036 1 217
fishers FR940104-0-00036 1 218
lane FR940104-0-00036 1 219
rockville FR940104-0-00036 1 221
md FR940104-0-00036 2 223 255
20857 FR940104-0-00036 1 224
3014432831 FR940104-0-00036 1 226
or FR940104-0-00036 5 228 561 1585 1596 1813
john FR940104-0-00036 1 229
n. FR940104-0-00036 1 230
hathcock FR940104-0-00036 1 231
center FR940104-0-00036 1 233
safety FR940104-0-00036 1 236
applied FR940104-0-00036 1 238
hfs465 FR940104-0-00036 1 241
8301 FR940104-0-00036 1 249
muirkirk FR940104-0-00036 1 250
rd. FR940104-0-00036 1 251
laurel FR940104-0-00036 1 253
20708 FR940104-0-00036 1 256
3015946006 FR940104-0-00036 1 258
supplementary FR940104-0-00036 1 260
i. FR940104-0-00036 1 263
background FR940104-0-00036 1 264
section FR940104-0-00036 9 273 512 578 685 819 974 1328 1344 1553
3 FR940104-0-00036 7 274 584 607 686 975 1329 1712
b FR940104-0-00036 11 276 289 302 316 521 537 688 701 977 1331 1353
1 FR940104-0-00036 8 279 292 305 518 534 691 704 1710
ii FR940104-0-00036 3 285 453 1356
vi FR940104-0-00036 3 298 697 1237
x FR940104-0-00036 2 311 710
2 FR940104-0-00036 4 319 980 1334 1350
pub FR940104-0-00036 2 326 339
l. FR940104-0-00036 2 328 341
101535 FR940104-0-00036 1 329
102571 FR940104-0-00036 1 342
no FR940104-0-00036 6 383 394 405 417 432 1159
passage FR940104-0-00036 1 455
federal FR940104-0-00036 5 464 726 1233 1522 1630
cosmetic FR940104-0-00036 1 470
gave FR940104-0-00036 1 476
secretary FR940104-0-00036 5 478 486 627 1367 1847
human FR940104-0-00036 2 482 1851
services FR940104-0-00036 2 483 1852
delegation FR940104-0-00036 1 491
authority FR940104-0-00036 1 495
issue FR940104-0-00036 5 497 930 948 1230 1407
authorizing FR940104-0-00036 2 499 1066
foods FR940104-0-00036 4 510 1025 1052 1580
403 FR940104-0-00036 3 513 579 820
r FR940104-0-00036 7 515 531 581 588 604 611 822
21 FR940104-0-00036 3 527 600 1540
usc FR940104-0-00036 2 528 601
343 FR940104-0-00036 2 529 602
provides FR940104-0-00036 2 540 1363
product FR940104-0-00036 1 543
misbranded FR940104-0-00036 1 545
if FR940104-0-00036 5 546 990 1365 1673 1815
bears FR940104-0-00036 1 548
claim FR940104-0-00036 3 550 567 1809
characterizes FR940104-0-00036 1 552
relationship FR940104-0-00036 2 554 1724
nutrient FR940104-0-00036 1 557
healthrelated FR940104-0-00036 1 562
condition FR940104-0-00036 1 563
unless FR940104-0-00036 1 565
made FR940104-0-00036 1 569
procedures FR940104-0-00036 1 573
standards FR940104-0-00036 1 575
established FR940104-0-00036 2 576 997
under FR940104-0-00036 3 577 684 818
5 FR940104-0-00036 3 591 614 825
d FR940104-0-00036 3 594 617 828
also FR940104-0-00036 3 624 961 1729
directed FR940104-0-00036 3 625 681 927
determine FR940104-0-00036 1 629
rulemaking FR940104-0-00036 7 631 1648 1652 1668 1693 1802 1827
whether FR940104-0-00036 1 632
regarding FR940104-0-00036 1 634
10 FR940104-0-00036 1 635
nutrientdisease FR940104-0-00036 5 636 1071 1270 1661 1723
relationships FR940104-0-00036 5 637 1072 1271 1485 1662
meet FR940104-0-00036 2 638 995
requirements FR940104-0-00036 2 640 1040
function FR940104-0-00036 6 663 772 1193 1298 1445 1512
were FR940104-0-00036 4 674 1131 1144 1755
among FR940104-0-00036 1 675
topics FR940104-0-00036 1 677
was FR940104-0-00036 6 680 833 845 881 1669 1677
evaluate FR940104-0-00036 1 683
iii FR940104-0-00036 1 717
1991 FR940104-0-00036 1 720
proposals FR940104-0-00036 2 723 954
register FR940104-0-00036 4 727 1234 1523 1631
56 FR940104-0-00036 5 744 754 764 777 789
60582 FR940104-0-00036 1 746
60566 FR940104-0-00036 1 756
60624 FR940104-0-00036 1 766
60652 FR940104-0-00036 1 779
60663 FR940104-0-00036 1 791
tentatively FR940104-0-00036 2 796 841
concluded FR940104-0-00036 2 797 842
available FR940104-0-00036 2 800 857
evidence FR940104-0-00036 2 801 859
did FR940104-0-00036 4 802 909 993 1405
establish FR940104-0-00036 1 804
standard FR940104-0-00036 1 807
had FR940104-0-00036 1 810
met FR940104-0-00036 1 834
there FR940104-0-00036 1 844
significant FR940104-0-00036 1 847
scientific FR940104-0-00036 2 848 858
agreement FR940104-0-00036 1 849
based FR940104-0-00036 2 851 951
totality FR940104-0-00036 1 854
publicly FR940104-0-00036 1 856
these FR940104-0-00036 3 861 953 1142
are FR940104-0-00036 3 863 1221 1793
valid FR940104-0-00036 1 864
iv FR940104-0-00036 1 866
october FR940104-0-00036 1 875
enacted FR940104-0-00036 1 882
this FR940104-0-00036 10 884 1229 1315 1457 1633 1647 1666 1722 1781 1796
statute FR940104-0-00036 1 885
imposed FR940104-0-00036 1 886
moratorium FR940104-0-00036 1 888
's FR940104-0-00036 2 891 1207
implementation FR940104-0-00036 1 892
respect FR940104-0-00036 5 898 939 1163 1210 1657
until FR940104-0-00036 2 902 1398
although FR940104-0-00036 1 905
provide FR940104-0-00036 2 910 988
could FR940104-0-00036 1 913
before FR940104-0-00036 1 919
date FR940104-0-00036 1 921
rules FR940104-0-00036 6 932 950 1005 1020 1036 1065
implement FR940104-0-00036 1 934
socalled FR940104-0-00036 1 964
`` FR940104-0-00036 1 965
hammer FR940104-0-00036 1 966
'' FR940104-0-00036 1 967
provision FR940104-0-00036 1 968
timeframe FR940104-0-00036 1 1000
issuance FR940104-0-00036 1 1002
would FR940104-0-00036 1 1010
be FR940104-0-00036 3 1011 1392 1544
v. FR940104-0-00036 1 1016
1993 FR940104-0-00036 3 1018 1240 1714
conventional FR940104-0-00036 3 1027 1054 1582
form FR940104-0-00036 3 1029 1056 1584
published FR940104-0-00036 4 1034 1226 1254 1517
general FR940104-0-00036 1 1039
2478 FR940104-0-00036 1 1060
seven FR940104-0-00036 1 1070
calcium FR940104-0-00036 1 1074
osteoporosis FR940104-0-00036 1 1076
fat FR940104-0-00036 2 1078 1083
saturated FR940104-0-00036 1 1082
cholesterol FR940104-0-00036 1 1085
fibercontaining FR940104-0-00036 1 1089
grain FR940104-0-00036 2 1090 1105
products FR940104-0-00036 2 1091 1106
fruits FR940104-0-00036 4 1093 1100 1116 1134
vegetables FR940104-0-00036 4 1096 1102 1118 1136
contain FR940104-0-00036 1 1108
risk FR940104-0-00036 1 1111
three FR940104-0-00036 1 1123
authorized FR940104-0-00036 4 1130 1146 1573 1578
fresh FR940104-0-00036 1 1133
grains FR940104-0-00036 1 1138
thus FR940104-0-00036 2 1141 1319
because FR940104-0-00036 1 1151
took FR940104-0-00036 1 1158
use FR940104-0-00036 2 1166 1412
actions FR940104-0-00036 2 1208 1789
involving FR940104-0-00036 1 1214
folic FR940104-0-00036 1 1215
acid FR940104-0-00036 1 1216
neural FR940104-0-00036 1 1218
tube FR940104-0-00036 1 1219
defects FR940104-0-00036 1 1220
described FR940104-0-00036 1 1222
elsewhere FR940104-0-00036 1 1227
proposal FR940104-0-00036 2 1241 1256
five FR940104-0-00036 2 1269 1660
provided FR940104-0-00036 1 1309
60 FR940104-0-00036 1 1310
days FR940104-0-00036 1 1311
comment FR940104-0-00036 3 1313 1322 1750
period FR940104-0-00036 1 1323
closed FR940104-0-00036 1 1324
202 FR940104-0-00036 1 1345
does FR940104-0-00036 1 1368
promulgate FR940104-0-00036 1 1370
any FR940104-0-00036 2 1374 1788
applicable FR940104-0-00036 1 1379
timely FR940104-0-00036 1 1385
manner FR940104-0-00036 1 1386
shall FR940104-0-00036 1 1391
but FR940104-0-00036 1 1396
after FR940104-0-00036 1 1399
december FR940104-0-00036 1 1400
31 FR940104-0-00036 1 1401
1993. FR940104-0-00036 1 1403
therefore FR940104-0-00036 1 1452
issuing FR940104-0-00036 1 1456
document FR940104-0-00036 1 1458
operation FR940104-0-00036 2 1462 1532
law FR940104-0-00036 2 1464 1534
about FR940104-0-00036 1 1483
cfr FR940104-0-00036 1 1541
part FR940104-0-00036 2 1542 1549
101 FR940104-0-00036 1 1543
follows FR940104-0-00036 2 1547 1565
101_food FR940104-0-00036 1 1550
2. FR940104-0-00036 1 1552
101.71 FR940104-0-00036 1 1554
revising FR940104-0-00036 1 1558
introductory FR940104-0-00036 1 1560
text FR940104-0-00036 1 1561
read FR940104-0-00036 1 1563
§101.71 FR940104-0-00036 1 1567
* FR940104-0-00036 5 1601 1602 1603 1604 1605
state FR940104-0-00036 1 1609
promptly FR940104-0-00036 1 1614
publish FR940104-0-00036 1 1615
new FR940104-0-00036 1 1619
status FR940104-0-00036 1 1620
issued FR940104-0-00036 2 1636 1679
response FR940104-0-00036 1 1638
requirement FR940104-0-00036 1 1641
notes FR940104-0-00036 2 1645 1685
constitutes FR940104-0-00036 1 1649
separate FR940104-0-00036 3 1651 1667 1826
from FR940104-0-00036 1 1653
instituted FR940104-0-00036 1 1655
contemplated FR940104-0-00036 1 1670
congress FR940104-0-00036 1 1672
rule FR940104-0-00036 1 1676
however FR940104-0-00036 1 1687
remains FR940104-0-00036 1 1694
ongoing FR940104-0-00036 2 1695 1801
particular FR940104-0-00036 1 1698
regard FR940104-0-00036 1 1701
november FR940104-0-00036 1 1709
held FR940104-0-00036 1 1717
public FR940104-0-00036 1 1719
conference FR940104-0-00036 4 1720 1728 1762 1782
covered FR940104-0-00036 1 1730
transcript FR940104-0-00036 1 1738
meeting FR940104-0-00036 1 1741
has FR940104-0-00036 1 1742
been FR940104-0-00036 1 1743
submitted FR940104-0-00036 1 1744
comments FR940104-0-00036 2 1754 1776
solicited FR940104-0-00036 1 1756
announcement FR940104-0-00036 1 1759
54595 FR940104-0-00036 1 1766
intends FR940104-0-00036 2 1772 1785
consider FR940104-0-00036 1 1774
all FR940104-0-00036 1 1775
data FR940104-0-00036 1 1778
received FR940104-0-00036 1 1779
at FR940104-0-00036 1 1780
take FR940104-0-00036 1 1787
concludes FR940104-0-00036 2 1792 1818
warranted FR940104-0-00036 1 1794
either FR940104-0-00036 1 1798
appropriate FR940104-0-00036 1 1822
dated FR940104-0-00036 1 1829
david FR940104-0-00036 1 1833
a. FR940104-0-00036 1 1834
kessler FR940104-0-00036 1 1835
commissioner FR940104-0-00036 1 1837
drugs FR940104-0-00036 1 1841
donna FR940104-0-00036 1 1843
e. FR940104-0-00036 1 1844
shalala FR940104-0-00036 1 1845
doc FR940104-0-00036 1 1856
9331818 FR940104-0-00036 1 1858
filed FR940104-0-00036 1 1859
122993 FR940104-0-00036 1 1860
8:45 FR940104-0-00036 1 1862
am FR940104-0-00036 1 1863
billing FR940104-0-00036 1 1865
code FR940104-0-00036 1 1866
416001f FR940104-0-00036 1 1867
tuesday FR940104-0-00037 1 0
, FR940104-0-00037 1 1
part FR940104-0-00037 1 2
iii FR940104-0-00037 1 3
department FR940104-0-00037 1 4
of FR940104-0-00037 2 5 24
commerce FR940104-0-00037 1 6
national FR940104-0-00037 1 7
oceanic FR940104-0-00037 1 8
and FR940104-0-00037 3 9 16 19
atmospheric FR940104-0-00037 1 10
administration FR940104-0-00037 1 11
50 FR940104-0-00037 1 12
cfr FR940104-0-00037 1 13
parts FR940104-0-00037 1 14
222 FR940104-0-00037 1 15
227 FR940104-0-00037 1 17
endangered FR940104-0-00037 1 18
threatened FR940104-0-00037 1 20
species FR940104-0-00037 1 21
; FR940104-0-00037 1 22
status FR940104-0-00037 1 23
sacramento FR940104-0-00037 1 25
