to FR941006-1-00113 1 467
be FR941006-1-00113 1 468
packaged FR941006-1-00113 2 469 506
in FR941006-1-00113 4 470 481 491 507
childresistant FR941006-1-00113 2 471 485
packaging FR941006-1-00113 2 472 521
( FR941006-1-00113 4 473 487 497 514
crp FR941006-1-00113 2 474 508
) FR941006-1-00113 4 475 489 499 516
, FR941006-1-00113 4 476 480 500 517
and FR941006-1-00113 1 477
more FR941006-1-00113 1 478
specifically FR941006-1-00113 1 479
containers FR941006-1-00113 1 482
with FR941006-1-00113 1 483
apparently FR941006-1-00113 1 484
closures FR941006-1-00113 1 486
crc FR941006-1-00113 1 488
. FR941006-1-00113 3 490 509 525
16 FR941006-1-00113 1 492
percent FR941006-1-00113 1 493
of FR941006-1-00113 2 494 520
the FR941006-1-00113 4 495 501 511 518
deaths FR941006-1-00113 2 496 513
6/37 FR941006-1-00113 1 498
ironcontaining FR941006-1-00113 1 502
supplement FR941006-1-00113 1 503
was FR941006-1-00113 2 504 522
not FR941006-1-00113 2 505 523
among FR941006-1-00113 1 510
remaining FR941006-1-00113 1 512
10/37 FR941006-1-00113 1 515
type FR941006-1-00113 1 519
reported FR941006-1-00113 1 524
table FR941006-1-00114 1 0
4._ FR941006-1-00114 1 1
pediatric FR941006-1-00114 1 2
deaths FR941006-1-00114 1 3
from FR941006-1-00114 3 4 10 421
iron FR941006-1-00114 4 5 425 428 436
exposure FR941006-1-00114 1 6
reported FR941006-1-00114 2 7 442
to FR941006-1-00114 2 8 427
cpsc FR941006-1-00114 1 9
19861993 FR941006-1-00114 1 11
1case FR941006-1-00114 1 12
report FR941006-1-00114 3 13 395 453
1year FR941006-1-00114 1 14
1age1 FR941006-1-00114 1 15
1packaging FR941006-1-00114 1 16
1number FR941006-1-00114 1 17
of FR941006-1-00114 2 18 423
tablets FR941006-1-00114 1 19
1rx2 FR941006-1-00114 1 20
1potency FR941006-1-00114 1 21
1 FR941006-1-00114 1 22
1986 FR941006-1-00114 3 23 33 42
15 FR941006-1-00114 6 24 28 136 145 190 259
crc3 FR941006-1-00114 1 25
, FR941006-1-00114 6 26 83 361 371 374 494
4 FR941006-1-00114 2 27 48
yes FR941006-1-00114 24 29 38 53 77 86 94 102 125 133 141 148 156 163 178 185 193 239 262 270 278 286 294 301 309
65 FR941006-1-00114 19 30 54 87 95 110 118 126 134 149 171 186 194 209 217 232 240 248 279 302
mg5 FR941006-1-00114 1 31
2 FR941006-1-00114 1 32
14 FR941006-1-00114 4 34 128 182 306
no FR941006-1-00114 4 35 109 216 231
lid FR941006-1-00114 1 36
nr FR941006-1-00114 47 37 45 46 47 61 67 68 69 78 85 101 103 117 140 142 154 155 157 164 170 179 199 200 201 202 206 207 208 222 223 224 225 230 245 247 254 255 256 260 277 284 285 295 300 308 310 444
70 FR941006-1-00114 2 39 52
mg FR941006-1-00114 25 40 55 63 71 88 96 111 119 127 135 150 172 187 195 210 218 233 241 249 264 272 280 288 303 435
3 FR941006-1-00114 1 41
24 FR941006-1-00114 4 43 203 221 329
nr6 FR941006-1-00114 1 44
1987 FR941006-1-00114 2 49 57
11 FR941006-1-00114 4 50 104 130 244
crc7 FR941006-1-00114 3 51 176 276
5 FR941006-1-00114 2 56 60
21 FR941006-1-00114 3 58 180 213
nonc FR941006-1-00114 6 59 75 123 131 183 307
40 FR941006-1-00114 4 62 124 246 269
6 FR941006-1-00114 1 64
1988 FR941006-1-00114 5 65 73 80 90 98
16 FR941006-1-00114 8 66 143 153 198 228 267 283 333
60 FR941006-1-00114 4 70 263 271 287
7 FR941006-1-00114 1 72
17 FR941006-1-00114 3 74 151 298
1030 FR941006-1-00114 1 76
8 FR941006-1-00114 1 79
18 FR941006-1-00114 7 81 99 106 132 158 205 291
crc8 FR941006-1-00114 1 82
9 FR941006-1-00114 4 84 89 114 167
19 FR941006-1-00114 2 91 165
crc9 FR941006-1-00114 5 92 100 146 161 268
≥14 FR941006-1-00114 1 93
10 FR941006-1-00114 3 97 122 346
1989 FR941006-1-00114 2 105 113
crc4 FR941006-1-00114 4 107 168 214 253
20 FR941006-1-00114 3 108 173 275
12 FR941006-1-00114 3 112 138 252
crc10 FR941006-1-00114 4 115 139 191 299
98 FR941006-1-00114 1 116
13 FR941006-1-00114 2 120 175
1990 FR941006-1-00114 6 121 129 137 144 152 159
3035 FR941006-1-00114 1 147
36 FR941006-1-00114 3 160 236 296
30 FR941006-1-00114 3 162 192 250
1991 FR941006-1-00114 10 166 174 181 189 197 204 212 220 227 235
1535 FR941006-1-00114 1 169
3040 FR941006-1-00114 1 177
6080 FR941006-1-00114 1 184
22 FR941006-1-00114 1 188
23 FR941006-1-00114 1 196
25 FR941006-1-00114 1 211
90 FR941006-1-00114 1 215
26 FR941006-1-00114 1 219
27 FR941006-1-00114 1 226
crc11 FR941006-1-00114 3 229 237 292
28 FR941006-1-00114 1 234
2040 FR941006-1-00114 1 238
29 FR941006-1-00114 1 242
1992 FR941006-1-00114 8 243 251 258 266 274 282 290 297
31 FR941006-1-00114 1 257
50 FR941006-1-00114 1 261
32 FR941006-1-00114 1 265
33 FR941006-1-00114 1 273
34 FR941006-1-00114 1 281
35 FR941006-1-00114 1 289
3540 FR941006-1-00114 1 293
37 FR941006-1-00114 1 304
1993 FR941006-1-00114 1 305
l FR941006-1-00114 12 311 319 325 331 337 338 339 340 342 343 344 345
avg= FR941006-1-00114 2 312 315
total FR941006-1-00114 2 313 316
: FR941006-1-00114 2 314 317
avg=63 FR941006-1-00114 1 318
16.8 FR941006-1-00114 1 320
crc=21 FR941006-1-00114 1 321
39 FR941006-1-00114 1 322
yes= FR941006-1-00114 1 323
range= FR941006-1-00114 3 324 326 328
other= FR941006-1-00114 1 327
4070 FR941006-1-00114 1 330
936 FR941006-1-00114 1 332
598 FR941006-1-00114 1 334
no=3 FR941006-1-00114 1 335
nr=12 FR941006-1-00114 1 336
nr= FR941006-1-00114 1 341
1age FR941006-1-00114 1 347
in FR941006-1-00114 4 348 393 408 450
months FR941006-1-00114 1 349
2even FR941006-1-00114 1 350
though FR941006-1-00114 1 351
these FR941006-1-00114 1 352
products FR941006-1-00114 2 353 370
were FR941006-1-00114 3 354 367 376
obtained FR941006-1-00114 1 355
by FR941006-1-00114 5 356 380 456 479 491
prescription FR941006-1-00114 1 357
( FR941006-1-00114 4 358 443 461 481
rx FR941006-1-00114 1 359
) FR941006-1-00114 4 360 445 466 485
some FR941006-1-00114 1 362
information FR941006-1-00114 2 363 392
suggests FR941006-1-00114 1 364
that FR941006-1-00114 1 365
they FR941006-1-00114 2 366 375
not FR941006-1-00114 3 368 406 496
drug FR941006-1-00114 1 369
but FR941006-1-00114 1 372
rather FR941006-1-00114 1 373
dietary FR941006-1-00114 1 377
supplements FR941006-1-00114 1 378
dispensed FR941006-1-00114 1 379
pharmacists FR941006-1-00114 1 381
for FR941006-1-00114 1 382
third FR941006-1-00114 1 383
party FR941006-1-00114 1 384
reimbursement FR941006-1-00114 1 385
purposes FR941006-1-00114 1 386
. FR941006-1-00114 16 387 390 412 414 430 440 454 467 469 477 486 488 499 501 504 506
3childresistant FR941006-1-00114 1 388
closure FR941006-1-00114 1 389
4no FR941006-1-00114 1 391
case FR941006-1-00114 2 394 452
on FR941006-1-00114 1 396
who FR941006-1-00114 1 397
opened FR941006-1-00114 2 398 490
the FR941006-1-00114 6 399 403 409 424 451 492
crc FR941006-1-00114 2 400 404
; FR941006-1-00114 1 401
or FR941006-1-00114 6 402 446 458 464 483 495
was FR941006-1-00114 2 405 471
involved FR941006-1-00114 1 407
accidental FR941006-1-00114 1 410
poisoning FR941006-1-00114 1 411
total=5 FR941006-1-00114 1 413
5all FR941006-1-00114 1 415
potency FR941006-1-00114 2 416 431
levels FR941006-1-00114 1 417
have FR941006-1-00114 1 418
been FR941006-1-00114 1 419
converted FR941006-1-00114 1 420
weight FR941006-1-00114 1 422
salt FR941006-1-00114 1 426
contents FR941006-1-00114 1 429
is FR941006-1-00114 1 432
expressed FR941006-1-00114 1 433
as FR941006-1-00114 2 434 448
per FR941006-1-00114 1 437
dosage FR941006-1-00114 1 438
unit FR941006-1-00114 1 439
6no FR941006-1-00114 1 441
stated FR941006-1-00114 1 447
unknown FR941006-1-00114 1 449
7opened FR941006-1-00114 1 455
sibling FR941006-1-00114 1 457
another FR941006-1-00114 1 459
child FR941006-1-00114 2 460 475
either FR941006-1-00114 1 462
actually FR941006-1-00114 2 463 482
possibly FR941006-1-00114 2 465 484
total=3 FR941006-1-00114 2 468 505
8container FR941006-1-00114 1 470
dual FR941006-1-00114 1 472
use_conventional FR941006-1-00114 1 473
and FR941006-1-00114 1 474
resistant FR941006-1-00114 1 476
9opened FR941006-1-00114 1 478
victim FR941006-1-00114 1 480
total=6 FR941006-1-00114 1 487
10left FR941006-1-00114 1 489
mother FR941006-1-00114 1 493
closed FR941006-1-00114 1 497
properly FR941006-1-00114 1 498
total=4 FR941006-1-00114 1 500
11crc FR941006-1-00114 1 502
defective FR941006-1-00114 1 503
among FR941006-1-00115 3 0 96 180
the FR941006-1-00115 23 1 44 57 81 90 97 106 115 119 131 151 158 165 171 190 194 207 213 225 242 249 269 273
21 FR941006-1-00115 2 2 345
reported FR941006-1-00115 7 3 60 77 134 178 209 376
pediatric FR941006-1-00115 5 4 91 101 235 288
poisoning FR941006-1-00115 3 5 93 160
deaths FR941006-1-00115 7 6 26 55 94 103 146 289
that FR941006-1-00115 2 7 18
involved FR941006-1-00115 2 8 238
ironcontaining FR941006-1-00115 2 9 107
products FR941006-1-00115 2 10 31
packaged FR941006-1-00115 2 11 110
in FR941006-1-00115 13 12 47 83 104 111 124 138 157 162 184 248 287 377
crp FR941006-1-00115 4 13 58 82 132
, FR941006-1-00115 9 14 56 114 183 189 201 212 297 303
table FR941006-1-00115 4 15 148 262 280
4 FR941006-1-00115 2 16 309
shows FR941006-1-00115 2 17 150
29 FR941006-1-00115 2 19 361
percent FR941006-1-00115 5 20 49 85 126 140
( FR941006-1-00115 8 21 38 50 65 86 127 141 206
6/21 FR941006-1-00115 1 22
) FR941006-1-00115 8 23 42 52 69 88 129 143 211
of FR941006-1-00115 18 24 53 89 100 117 144 154 167 174 193 216 229 233 259 272 284 294 387
these FR941006-1-00115 5 25 54 145 175 265
resulted FR941006-1-00115 1 27
from FR941006-1-00115 1 28
iron- FR941006-1-00115 1 29
containing FR941006-1-00115 1 30
whose FR941006-1-00115 1 32
childresistant FR941006-1-00115 2 33 112
package FR941006-1-00115 1 34
was FR941006-1-00115 8 35 59 76 109 133 196 219 275
reportedly FR941006-1-00115 1 36
opened FR941006-1-00115 3 37 64 80
actually FR941006-1-00115 2 39 66
or FR941006-1-00115 3 40 67 254
possibly FR941006-1-00115 2 41 68
by FR941006-1-00115 2 43 70
victim FR941006-1-00115 1 45
. FR941006-1-00115 13 46 73 95 130 147 179 224 241 261 268 279 382 389
14 FR941006-1-00115 3 48 139 333
3/21 FR941006-1-00115 2 51 142
to FR941006-1-00115 4 61 78 135 198
have FR941006-1-00115 2 62 79
been FR941006-1-00115 1 63
another FR941006-1-00115 1 71
child FR941006-1-00115 1 72
an FR941006-1-00115 1 74
adult FR941006-1-00115 1 75
19 FR941006-1-00115 2 84 341
4/21 FR941006-1-00115 1 87
iron FR941006-1-00115 9 92 102 155 172 191 217 236 285 388
remaining FR941006-1-00115 1 98
reports FR941006-1-00115 3 99 228 267
which FR941006-1-00115 2 105 163
product FR941006-1-00115 1 108
containers FR941006-1-00115 1 113
means FR941006-1-00115 1 116
opening FR941006-1-00115 1 118
container FR941006-1-00115 1 120
were FR941006-1-00115 3 121 177 245
not FR941006-1-00115 1 122
identified FR941006-1-00115 1 123
24 FR941006-1-00115 1 125
5/21 FR941006-1-00115 1 128
be FR941006-1-00115 1 136
defective FR941006-1-00115 1 137
5 FR941006-1-00115 3 149 313 314
total FR941006-1-00115 2 152 282
amount FR941006-1-00115 4 153 166 215 283
ingested FR941006-1-00115 4 156 169 218 286
fatal FR941006-1-00115 1 159
incidents FR941006-1-00115 1 161
both FR941006-1-00115 1 164
tablets FR941006-1-00115 4 168 176 195 295
and FR941006-1-00115 3 170 202 252
potency FR941006-1-00115 2 173 192
17 FR941006-1-00115 2 181 379
fatalities FR941006-1-00115 1 182
all FR941006-1-00115 1 185
but FR941006-1-00115 1 186
1 FR941006-1-00115 4 187 204 290 305
case FR941006-1-00115 5 188 210 227 266 380
60 FR941006-1-00115 3 197 367 371
65 FR941006-1-00115 15 199 307 311 319 323 327 331 335 339 343 347 351 355 359 363
mg FR941006-1-00115 5 200 223 298 304 386
with FR941006-1-00115 1 203
exception FR941006-1-00115 1 205
same FR941006-1-00115 1 208
calculated FR941006-1-00115 1 214
at FR941006-1-00115 1 220
least FR941006-1-00115 1 221
900 FR941006-1-00115 1 222
70 FR941006-1-00115 2 226 310
neiss FR941006-1-00115 1 230
followup FR941006-1-00115 1 231
investigations FR941006-1-00115 1 232
nonfatal FR941006-1-00115 1 234
ingestions FR941006-1-00115 1 237
80 FR941006-1-00115 2 239 243
children FR941006-1-00115 3 240 244 274
either FR941006-1-00115 1 246
treated FR941006-1-00115 1 247
emergency FR941006-1-00115 1 250
room FR941006-1-00115 1 251
released FR941006-1-00115 1 253
hospitalized FR941006-1-00115 1 255
for FR941006-1-00115 1 256
a FR941006-1-00115 1 257
period FR941006-1-00115 1 258
time FR941006-1-00115 1 260
6 FR941006-1-00115 1 263
summarizes FR941006-1-00115 1 264
average FR941006-1-00115 1 270
age FR941006-1-00115 1 271
about FR941006-1-00115 1 276
31 FR941006-1-00115 2 277 365
months FR941006-1-00115 1 278
5._ FR941006-1-00115 1 281
1case FR941006-1-00115 1 291
report FR941006-1-00115 1 292
1number FR941006-1-00115 1 293
1potency FR941006-1-00115 1 296
iron/dosage FR941006-1-00115 1 299
unit FR941006-1-00115 1 300
1total FR941006-1-00115 1 301
ingestion FR941006-1-00115 1 302
15 FR941006-1-00115 1 306
975 FR941006-1-00115 1 308
4550 FR941006-1-00115 1 312
40 FR941006-1-00115 4 315 330 362 370
200 FR941006-1-00115 1 316
9 FR941006-1-00115 1 317
≥14 FR941006-1-00115 1 318
910 FR941006-1-00115 1 320
11 FR941006-1-00115 1 321
20 FR941006-1-00115 1 322
1300 FR941006-1-00115 1 324
12 FR941006-1-00115 1 325
98 FR941006-1-00115 1 326
6370 FR941006-1-00115 1 328
13 FR941006-1-00115 1 329
2600 FR941006-1-00115 2 332 364
18 FR941006-1-00115 1 334
1170 FR941006-1-00115 1 336
16 FR941006-1-00115 1 337
3035 FR941006-1-00115 1 338
19002275 FR941006-1-00115 1 340
1535 FR941006-1-00115 1 342
9752275 FR941006-1-00115 1 344
6080 FR941006-1-00115 1 346
39005200 FR941006-1-00115 1 348
22 FR941006-1-00115 1 349
30 FR941006-1-00115 1 350
1950 FR941006-1-00115 1 352
25 FR941006-1-00115 1 353
90 FR941006-1-00115 1 354
5850 FR941006-1-00115 1 356
28 FR941006-1-00115 1 357
2040 FR941006-1-00115 1 358
13002600 FR941006-1-00115 1 360
50 FR941006-1-00115 1 366
3000 FR941006-1-00115 1 368
32 FR941006-1-00115 1 369
2400 FR941006-1-00115 1 372
1calculated FR941006-1-00115 1 373
on FR941006-1-00115 1 374
information FR941006-1-00115 1 375
only FR941006-1-00115 1 378
studies FR941006-1-00115 1 381
range FR941006-1-00115 1 383
: FR941006-1-00115 1 384
2006370 FR941006-1-00115 1 385
table FR941006-1-00116 1 0
6._ FR941006-1-00116 1 1
nonfatal FR941006-1-00116 1 2
pediatric FR941006-1-00116 1 3
exposures FR941006-1-00116 1 4
to FR941006-1-00116 3 5 8 1055
iron_data FR941006-1-00116 1 6
reported FR941006-1-00116 2 7 1153
cpsc FR941006-1-00116 1 9
from FR941006-1-00116 2 10 1048
19861993 FR941006-1-00116 1 11
1 FR941006-1-00116 8 12 25 28 86 314 325 417 740
1age1 FR941006-1-00116 1 13
1package FR941006-1-00116 1 14
1ingested2 FR941006-1-00116 1 15
1rx3 FR941006-1-00116 1 16
1potency4 FR941006-1-00116 1 17
1type5 FR941006-1-00116 1 18
1open6 FR941006-1-00116 1 19
1t FR941006-1-00116 1 20
& FR941006-1-00116 2 21 1118
r7 FR941006-1-00116 1 22
1serum8 FR941006-1-00116 1 23
1symptoms FR941006-1-00116 1 24
12 FR941006-1-00116 6 26 39 140 150 153 851
crc9 FR941006-1-00116 2 27 538
nr FR941006-1-00116 199 29 30 34 35 41 45 46 52 53 57 58 63 64 69 70 77 81 82 88 92 93 98 99 101 103 107 109 110 112 114 121 132 137 138 143 148 149 155 159 160 166 177 181 182 193 199 204 214 221 225 232 236 237 243 247 258 259 265 277 278 282 291 295 296 301 302 316 320 327 331 343 344 347 349 350 352 354 355 361 365 366 372 376 395 400 401 406 407 412 413 419 424 430 435 436 442 447 448 454 459 466 471 478 484 490 497 503 515 521 522 528 534 535 541 547 554 560 561 567 572 582 583 584 589 590 596 601 602 608 614 615 619 621 626 627 639 640 646 651 652 658 663 664 670 676 682 687 694 699 706 711 712 718 723 724 730 735 736 739 742 747 762 763 769 774 783 795 812 813 824 825 831 836 837 843 849 853 855 859 866 878 883 895 901 914 915 926 927 933 938 945 950 957 962 971 976 983 988 1155
tablets FR941006-1-00116 7 31 42 65 89 339 1001 1078
mother FR941006-1-00116 2 32 506
yes FR941006-1-00116 102 33 44 56 68 80 91 102 113 125 131 136 147 154 158 165 169 176 180 187 191 198 202 209 220 231 235 242 253 257 264 269 270 281 290 294 306 319 326 330 337 342 353 360 364 371 375 384 388 389 399 411 418 422 423 434 446 458 470 482 483 495 496 507 508 533 546 559 571 588 600 613 625 638 650 662 674 675 686 698 710 722 734 746 761 773 788 800 811 823 835 847 848 858 871 894 913 925 937 949 961 975 987
2 FR941006-1-00116 3 36 197 981
24 FR941006-1-00116 17 37 72 128 151 286 403 438 462 474 690 765 791 827 862 874 891 917
nonc FR941006-1-00116 8 38 185 229 251 313 618 792 852
no FR941006-1-00116 65 40 49 73 76 87 120 124 170 192 203 213 224 246 305 315 429 441 453 465 477 489 502 514 520 527 540 553 566 595 607 620 632 645 657 669 681 693 705 717 729 741 755 768 782 787 794 799 806 818 830 842 854 865 870 877 882 900 908 920 932 944 956 970 982 1129
_ FR941006-1-00116 14 43 55 79 190 234 256 280 318 587 624 745 798 857 1109
3 FR941006-1-00116 3 47 142 738
48 FR941006-1-00116 7 48 106 392 578 779 803 953
lid FR941006-1-00116 2 50 74
unknown FR941006-1-00116 18 51 62 97 108 164 186 230 263 276 336 348 359 370 428 440 488 644 781
pills FR941006-1-00116 10 54 78 100 111 122 233 244 255 266 999
4 FR941006-1-00116 2 59 289
20 FR941006-1-00116 7 60 238 298 334 526 931 943
crc FR941006-1-00116 64 61 85 118 129 141 152 163 174 196 207 218 240 262 288 299 324 335 358 369 382 393 404 416 427 439 451 463 475 487 500 512 525 551 564 593 605 630 643 655 667 679 691 703 715 727 753 766 780 804 816 828 840 863 875 892 906 918 930 942 954 968 980 1090 1095
victim FR941006-1-00116 52 66 90 123 134 157 168 179 201 212 223 245 267 293 329 340 363 374 387 398 410 421 433 457 493 518 531 544 557 570 599 611 636 661 673 685 709 721 733 759 772 822 834 846 869 881 898 912 948 986 1092 1102 1105
? FR941006-1-00116 14 67 135 268 341 494 519 532 545 558 612 637 760 899 1093
5 FR941006-1-00116 3 71 208 969
1015 FR941006-1-00116 1 75
6 FR941006-1-00116 1 83
10 FR941006-1-00116 3 84 127 767
7 FR941006-1-00116 1 94
36 FR941006-1-00116 20 95 228 357 415 425 476 499 511 579 617 642 666 678 702 752 839 929 967 979 1106
nr10 FR941006-1-00116 1 96
diarrhea FR941006-1-00116 8 104 115 548 575 688 700 965 977
8 FR941006-1-00116 2 105 130
9 FR941006-1-00116 2 116 728
11 FR941006-1-00116 2 117 139
15 FR941006-1-00116 7 119 183 195 239 513 594 1114
vomiting FR941006-1-00116 18 126 215 226 248 271 283 307 321 332 377 509 577 789 860 884 939 951 963
prenatal FR941006-1-00116 18 133 145 156 167 178 189 200 222 279 292 303 317 328 351 362 373 386 1081
64mg FR941006-1-00116 1 144
sibling FR941006-1-00116 12 146 304 445 469 481 697 786 810 924 936 960 974
13 FR941006-1-00116 1 161
16 FR941006-1-00116 4 162 194 206 217
none FR941006-1-00116 3 171 801 989
14 FR941006-1-00116 2 172 381
17 FR941006-1-00116 2 173 205
68 FR941006-1-00116 2 175 826
26 FR941006-1-00116 4 184 311 368 486
65mg FR941006-1-00116 3 188 338 385
60mg FR941006-1-00116 4 210 254 807 819
anemia FR941006-1-00116 1 211
18 FR941006-1-00116 1 216
315 FR941006-1-00116 1 219
19 FR941006-1-00116 2 227 273
50 FR941006-1-00116 3 241 603 631
21 FR941006-1-00116 2 249 346
22 FR941006-1-00116 2 250 260
0 FR941006-1-00116 1 252
29 FR941006-1-00116 3 261 345 524
23 FR941006-1-00116 3 272 287 323
not FR941006-1-00116 4 274 580 1022 1096
original FR941006-1-00116 2 275 581
, FR941006-1-00116 15 284 308 378 574 576 749 776 885 887 964 1015 1025 1028 1099 1149
lethargic FR941006-1-00116 4 285 390 460 472
25 FR941006-1-00116 5 297 501 565 907 919
3050 FR941006-1-00116 1 300
turned FR941006-1-00116 1 309
blue FR941006-1-00116 1 310
59 FR941006-1-00116 3 312 450 713
27 FR941006-1-00116 1 322
28 FR941006-1-00116 1 333
30 FR941006-1-00116 4 356 394 552 815
31 FR941006-1-00116 1 367
drowsiness FR941006-1-00116 1 379
32 FR941006-1-00116 2 380 405
45 FR941006-1-00116 2 383 536
33 FR941006-1-00116 2 391 654
18mg FR941006-1-00116 1 396
multivitamins FR941006-1-00116 3 397 420 856
34 FR941006-1-00116 1 402
children FR941006-1-00116 45 408 431 443 455 467 479 491 504 516 529 542 555 568 585 597 609 622 634 647 659 671 683 695 707 719 731 743 757 770 784 796 808 820 832 844 867 879 896 910 922 934 946 958 972 984
's FR941006-1-00116 45 409 432 444 456 468 480 492 505 517 530 543 556 569 586 598 610 623 635 648 660 672 684 696 708 720 732 744 758 771 785 797 809 821 833 845 868 880 897 911 923 935 947 959 973 985
35 FR941006-1-00116 2 414 629
46 FR941006-1-00116 2 426 549
37 FR941006-1-00116 1 437
38 FR941006-1-00116 2 449 604
2025 FR941006-1-00116 2 452 464
39 FR941006-1-00116 2 461 550
40 FR941006-1-00116 3 473 668 864
41 FR941006-1-00116 1 485
42 FR941006-1-00116 5 498 539 563 592 905
43 FR941006-1-00116 1 510
44 FR941006-1-00116 3 523 537 726
47 FR941006-1-00116 1 562
cramps FR941006-1-00116 1 573
49 FR941006-1-00116 1 591
1624 FR941006-1-00116 1 606
51 FR941006-1-00116 1 616
52 FR941006-1-00116 1 628
15mg FR941006-1-00116 4 633 756 909 921
53 FR941006-1-00116 1 641
cousin FR941006-1-00116 1 649
54 FR941006-1-00116 1 653
6080 FR941006-1-00116 1 656
55 FR941006-1-00116 1 665
56 FR941006-1-00116 3 677 805 817
2535 FR941006-1-00116 2 680 692
57 FR941006-1-00116 1 689
58 FR941006-1-00116 2 701 841
810 FR941006-1-00116 2 704 716
60 FR941006-1-00116 2 714 725
61 FR941006-1-00116 1 737
fever FR941006-1-00116 1 748
constipation FR941006-1-00116 1 750
62 FR941006-1-00116 1 751
510 FR941006-1-00116 1 754
63 FR941006-1-00116 1 764
nausea FR941006-1-00116 1 775
dizziness FR941006-1-00116 1 777
64 FR941006-1-00116 1 778
65 FR941006-1-00116 1 790
2030 FR941006-1-00116 1 793
66 FR941006-1-00116 1 802
67 FR941006-1-00116 1 814
75 FR941006-1-00116 2 829 916
69 FR941006-1-00116 1 838
70 FR941006-1-00116 1 850
71 FR941006-1-00116 1 861
hyperactive FR941006-1-00116 1 872
72 FR941006-1-00116 2 873 941
3040 FR941006-1-00116 2 876 893
lethargy FR941006-1-00116 1 886
turning FR941006-1-00116 1 888
colors FR941006-1-00116 1 889
73 FR941006-1-00116 1 890
profuse FR941006-1-00116 1 902
sweating FR941006-1-00116 1 903
74 FR941006-1-00116 1 904
76 FR941006-1-00116 1 928
77 FR941006-1-00116 1 940
78 FR941006-1-00116 1 952
910 FR941006-1-00116 1 955
79 FR941006-1-00116 1 966
80 FR941006-1-00116 1 978
1in FR941006-1-00116 1 990
months FR941006-1-00116 1 991
. FR941006-1-00116 19 992 996 1003 1041 1058 1068 1072 1077 1086 1091 1116 1122 1128 1131 1139 1143 1147 1151 1157
avg.=31 FR941006-1-00116 1 993
range FR941006-1-00116 2 994 1070
372 FR941006-1-00116 1 995
2number FR941006-1-00116 1 997
of FR941006-1-00116 4 998 1051 1074 1134
or FR941006-1-00116 1 1000
ingested FR941006-1-00116 1 1002
3even FR941006-1-00116 1 1004
though FR941006-1-00116 1 1005
these FR941006-1-00116 1 1006
products FR941006-1-00116 2 1007 1024
were FR941006-1-00116 3 1008 1021 1030
obtained FR941006-1-00116 1 1009
by FR941006-1-00116 2 1010 1034
prescription FR941006-1-00116 1 1011
( FR941006-1-00116 4 1012 1094 1108 1154
rx FR941006-1-00116 1 1013
) FR941006-1-00116 4 1014 1103 1110 1156
some FR941006-1-00116 1 1016
information FR941006-1-00116 1 1017
suggests FR941006-1-00116 1 1018
that FR941006-1-00116 1 1019
they FR941006-1-00116 2 1020 1029
drug FR941006-1-00116 1 1023
but FR941006-1-00116 1 1026
rather FR941006-1-00116 1 1027
dietary FR941006-1-00116 1 1031
supplements FR941006-1-00116 1 1032
dispensed FR941006-1-00116 1 1033
pharmacists FR941006-1-00116 1 1035
for FR941006-1-00116 1 1036
third FR941006-1-00116 1 1037
party FR941006-1-00116 1 1038
reimbursement FR941006-1-00116 1 1039
purposes FR941006-1-00116 1 1040
4all FR941006-1-00116 1 1042
potency FR941006-1-00116 2 1043 1059
levels FR941006-1-00116 2 1044 1133
have FR941006-1-00116 1 1045
been FR941006-1-00116 1 1046
converted FR941006-1-00116 1 1047
the FR941006-1-00116 3 1049 1052 1089
weight FR941006-1-00116 1 1050
iron FR941006-1-00116 4 1053 1056 1064 1135
salt FR941006-1-00116 1 1054
contents FR941006-1-00116 1 1057
is FR941006-1-00116 1 1060
expressed FR941006-1-00116 1 1061
as FR941006-1-00116 1 1062
milligram FR941006-1-00116 1 1063
per FR941006-1-00116 1 1065
dosage FR941006-1-00116 1 1066
unit FR941006-1-00116 1 1067
avg.=43.3 FR941006-1-00116 1 1069
1565 FR941006-1-00116 1 1071
5type FR941006-1-00116 1 1073
ironcontaining FR941006-1-00116 1 1075
product FR941006-1-00116 1 1076
and FR941006-1-00116 4 1079 1082 1120 1125
pills=14 FR941006-1-00116 1 1080
anemia=18 FR941006-1-00116 1 1083
multivitamins=3 FR941006-1-00116 1 1084
children's=45 FR941006-1-00116 1 1085
6who FR941006-1-00116 1 1087
opened FR941006-1-00116 1 1088
closed FR941006-1-00116 1 1097
properly FR941006-1-00116 1 1098
possibly FR941006-1-00116 1 1100
aiding FR941006-1-00116 1 1101
=13 FR941006-1-00116 2 1104 1111
other FR941006-1-00116 1 1107
family FR941006-1-00116 1 1112
member FR941006-1-00116 1 1113
nr=3 FR941006-1-00116 1 1115
7t FR941006-1-00116 1 1117
r=treatment FR941006-1-00116 1 1119
release FR941006-1-00116 2 1121 1126
yes=69 FR941006-1-00116 1 1123
treatment FR941006-1-00116 1 1124
only FR941006-1-00116 1 1127
11=hospitalized FR941006-1-00116 1 1130
8elevated FR941006-1-00116 1 1132
in FR941006-1-00116 1 1136
blood FR941006-1-00116 1 1137
serum FR941006-1-00116 1 1138
yes=14 FR941006-1-00116 1 1140
no=3 FR941006-1-00116 1 1141
nr=63 FR941006-1-00116 1 1142
9crc=child FR941006-1-00116 1 1144
resistance FR941006-1-00116 1 1145
closure FR941006-1-00116 1 1146
crc=64 FR941006-1-00116 1 1148
nonc=16 FR941006-1-00116 1 1150
10not FR941006-1-00116 1 1152
the FR941006-1-00117 59 0 32 45 65 83 90 97 105 117 129 138 142 165 187 197 200 203 213 219 229 232 241 251 254 260 263 293 302 306 310 327 338 345 368 375 387 402 406 419 449 492 529 532 580 586 635 650 668 672 678 681 688 693 701 717 729 746 752 768
types FR941006-1-00117 1 1
of FR941006-1-00117 25 2 44 64 93 141 164 186 199 240 250 301 326 337 344 367 394 401 479 491 537 552 667 683 696 720
products FR941006-1-00117 6 3 67 167 188 205 664
ingested FR941006-1-00117 2 4 95
were FR941006-1-00117 21 5 31 36 68 78 85 174 189 206 226 318 333 370 384 397 418 445 467 471 484 690
described FR941006-1-00117 2 6 87
as FR941006-1-00117 5 7 120 284 522 574
iron FR941006-1-00117 11 8 11 66 139 166 204 311 315 360 494 685
tablets FR941006-1-00117 5 9 94 102 110 136
, FR941006-1-00117 50 10 13 16 20 22 47 71 103 123 154 171 179 202 212 222 253 269 275 287 289 304 329 342 350 377 391 396 410 412 422 427 432 450 455 457 459 461 463 497 501 521 560 577 598 613 624 657 659 723 725
pills FR941006-1-00117 2 12 535
prenatal FR941006-1-00117 3 14 50 533
vitamins FR941006-1-00117 5 15 17 26 30 51
for FR941006-1-00117 7 18 358 399 448 486 572 662
anemia FR941006-1-00117 1 19
multivitamins FR941006-1-00117 1 21
and FR941006-1-00117 19 23 35 72 104 151 330 372 413 433 439 443 464 514 541 599 660 726 745 779
children FR941006-1-00117 6 24 28 98 404 435 488
's FR941006-1-00117 2 25 29
. FR941006-1-00117 39 27 58 81 88 111 137 162 195 228 243 279 313 340 361 389 405 415 441 453 476 489 554 558 564 566 618 622 628 630 665 687 708 713 736 741 759 764 767 784
most FR941006-1-00117 4 33 163 343 420
numerous FR941006-1-00117 1 34
involved FR941006-1-00117 1 37
in FR941006-1-00117 19 38 52 147 152 177 193 196 207 234 244 295 320 335 517 544 602 771 776 781
56 FR941006-1-00117 1 39
percent FR941006-1-00117 13 40 54 60 74 170 182 236 246 297 322 349 363 380
( FR941006-1-00117 28 41 55 61 75 82 168 183 237 247 298 323 347 364 381 525 556 568 579 620 700 705 711 728 733 739 751 756 762
45/80 FR941006-1-00117 1 42
) FR941006-1-00117 28 43 57 63 77 89 173 185 239 249 300 325 352 366 383 527 567 570 582 631 704 710 715 732 738 743 755 761 766
cases FR941006-1-00117 7 46 201 242 252 339 346 369
followed FR941006-1-00117 1 48
by FR941006-1-00117 5 49 96 271 276 692
23 FR941006-1-00117 3 53 565 765
18/80 FR941006-1-00117 1 56
sixty FR941006-1-00117 1 59
48/80 FR941006-1-00117 1 62
nonprescription FR941006-1-00117 2 69 747
items FR941006-1-00117 2 70 80
25 FR941006-1-00117 1 73
20/80 FR941006-1-00117 1 76
prescription FR941006-1-00117 1 79
remainder FR941006-1-00117 2 84 198
not FR941006-1-00117 6 86 132 191 266 354 607
average FR941006-1-00117 1 91
number FR941006-1-00117 2 92 107
was FR941006-1-00117 9 99 108 114 126 144 256 265 549 606
about FR941006-1-00117 2 100 680
20 FR941006-1-00117 1 101
greatest FR941006-1-00117 1 106
80 FR941006-1-00117 3 109 169 403
one FR941006-1-00117 3 112 499 666
child FR941006-1-00117 2 113 130
taken FR941006-1-00117 1 115
to FR941006-1-00117 9 116 159 258 309 386 590 634 640 676
emergency FR941006-1-00117 1 118
room FR941006-1-00117 1 119
a FR941006-1-00117 9 121 280 285 477 545 594 603 610 615
precaution FR941006-1-00117 1 122
but FR941006-1-00117 1 124
it FR941006-1-00117 2 125 155
discovered FR941006-1-00117 1 127
that FR941006-1-00117 6 128 470 548 605 649 671
had FR941006-1-00117 2 131 215
actually FR941006-1-00117 1 133
swallowed FR941006-1-00117 1 134
any FR941006-1-00117 1 135
potency FR941006-1-00117 1 140
product FR941006-1-00117 3 143 214 312
documented FR941006-1-00117 3 145 472 485
only FR941006-1-00117 3 146 447 473
13 FR941006-1-00117 2 148 742
case FR941006-1-00117 3 149 561 625
reports FR941006-1-00117 2 150 328
those FR941006-1-00117 1 153
ranged FR941006-1-00117 1 156
from FR941006-1-00117 5 157 218 374 510 585
15 FR941006-1-00117 1 158
65 FR941006-1-00117 1 160
mg FR941006-1-00117 1 161
64/80 FR941006-1-00117 1 172
reportedly FR941006-1-00117 2 175 190
packaged FR941006-1-00117 2 176 192
crp FR941006-1-00117 5 178 194 233 261 294
whereas FR941006-1-00117 1 180
10 FR941006-1-00117 1 181
8/80 FR941006-1-00117 1 184
packages FR941006-1-00117 1 208
with FR941006-1-00117 3 209 593 609
lost FR941006-1-00117 1 210
lids FR941006-1-00117 1 211
been FR941006-1-00117 1 216
removed FR941006-1-00117 2 217 506
original FR941006-1-00117 4 220 512 539 587
container FR941006-1-00117 5 221 513 540 588 604
or FR941006-1-00117 4 223 273 290 392
no FR941006-1-00117 6 224 563 627 707 735 758
details FR941006-1-00117 1 225
reported FR941006-1-00117 5 227 319 334 398 446
victims FR941006-1-00117 1 230
opened FR941006-1-00117 2 231 292
45 FR941006-1-00117 1 235
36/80 FR941006-1-00117 1 238
16 FR941006-1-00117 1 245
13/80 FR941006-1-00117 1 248
victim FR941006-1-00117 3 255 307 452
able FR941006-1-00117 1 257
open FR941006-1-00117 1 259
because FR941006-1-00117 1 262
lid FR941006-1-00117 1 264
secured FR941006-1-00117 1 267
tightly FR941006-1-00117 1 268
whether FR941006-1-00117 1 270
intent FR941006-1-00117 1 272
accidentally FR941006-1-00117 1 274
an FR941006-1-00117 2 277 504
adult FR941006-1-00117 2 278 505
family FR941006-1-00117 1 281
member FR941006-1-00117 1 282
such FR941006-1-00117 1 283
sibling FR941006-1-00117 1 286
cousin FR941006-1-00117 1 288
mother FR941006-1-00117 2 291 581
18 FR941006-1-00117 3 296 321 425
15/80 FR941006-1-00117 1 299
incidents FR941006-1-00117 2 303 496
allowing FR941006-1-00117 1 305
access FR941006-1-00117 1 308
elevated FR941006-1-00117 1 314
serum FR941006-1-00117 2 316 359
levels FR941006-1-00117 2 317 332
14/80 FR941006-1-00117 1 324
normal FR941006-1-00117 1 331
3 FR941006-1-00117 1 336
however FR941006-1-00117 1 341
79 FR941006-1-00117 1 348
63/80 FR941006-1-00117 1 351
did FR941006-1-00117 1 353
report FR941006-1-00117 3 355 562 626
test FR941006-1-00117 1 356
results FR941006-1-00117 1 357
eightysix FR941006-1-00117 1 362
69/80 FR941006-1-00117 1 365
treated FR941006-1-00117 1 371
released FR941006-1-00117 1 373
hospital FR941006-1-00117 2 376 388
while FR941006-1-00117 1 378
14 FR941006-1-00117 1 379
11/80 FR941006-1-00117 1 382
admitted FR941006-1-00117 1 385
symptoms FR941006-1-00117 6 390 395 407 417 469 483
lack FR941006-1-00117 1 393
34 FR941006-1-00117 2 400 721
included FR941006-1-00117 1 408
diarrhea FR941006-1-00117 3 409 428 440
vomiting FR941006-1-00117 3 411 423 438
lethargy FR941006-1-00117 1 414
gastrointestinal FR941006-1-00117 1 416
common FR941006-1-00117 1 421
occurred FR941006-1-00117 3 424 429 502
times FR941006-1-00117 2 426 431
8 FR941006-1-00117 1 430
2 FR941006-1-00117 2 434 569
suffered FR941006-1-00117 1 436
both FR941006-1-00117 1 437
fever FR941006-1-00117 1 442
constipation FR941006-1-00117 1 444
old FR941006-1-00117 1 451
cramps FR941006-1-00117 1 454
nausea FR941006-1-00117 1 456
drowsiness FR941006-1-00117 1 458
dizziness FR941006-1-00117 1 460
hyperactivity FR941006-1-00117 1 462
profuse FR941006-1-00117 1 465
sweating FR941006-1-00117 1 466
other FR941006-1-00117 1 468
once FR941006-1-00117 1 474
each FR941006-1-00117 1 475
combination FR941006-1-00117 1 478
at FR941006-1-00117 1 480
least FR941006-1-00117 1 481
two FR941006-1-00117 2 482 490
eight FR941006-1-00117 1 487
pediatric FR941006-1-00117 2 493 684
poisoning FR941006-1-00117 2 495 686
including FR941006-1-00117 1 498
fatality FR941006-1-00117 1 500
after FR941006-1-00117 1 503
several FR941006-1-00117 1 507
dosage FR941006-1-00117 1 508
units FR941006-1-00117 1 509
their FR941006-1-00117 2 511 538
stored FR941006-1-00117 1 515
them FR941006-1-00117 4 516 543 584 601
nonchild- FR941006-1-00117 1 518
resistant FR941006-1-00117 2 519 596
containers FR941006-1-00117 1 520
follows FR941006-1-00117 1 523
: FR941006-1-00117 1 524
1 FR941006-1-00117 1 526
`` FR941006-1-00117 2 528 571
aunt FR941006-1-00117 1 530
took FR941006-1-00117 2 531 583
vitamin FR941006-1-00117 2 534 616
out FR941006-1-00117 1 536
placed FR941006-1-00117 1 542
tin FR941006-1-00117 1 546
can FR941006-1-00117 1 547
half FR941006-1-00117 1 550
full FR941006-1-00117 1 551
pennies FR941006-1-00117 1 553
'' FR941006-1-00117 2 555 619
ref FR941006-1-00117 5 557 621 712 740 763
22 FR941006-1-00117 1 559
reasons FR941006-1-00117 1 573
yet FR941006-1-00117 1 575
unknown FR941006-1-00117 1 576
she FR941006-1-00117 1 578
believed FR941006-1-00117 1 589
be FR941006-1-00117 1 591
equipped FR941006-1-00117 2 592 608
child- FR941006-1-00117 1 595
closure FR941006-1-00117 2 597 612
put FR941006-1-00117 1 600
childresistant FR941006-1-00117 1 611
possibly FR941006-1-00117 1 614
bottle FR941006-1-00117 1 617
21 FR941006-1-00117 2 623 629
d. FR941006-1-00117 1 632
response FR941006-1-00117 1 633
epidemic FR941006-1-00117 1 636
1. FR941006-1-00117 1 637
petitions FR941006-1-00117 5 638 647 669 689 773
submitted FR941006-1-00117 2 639 691
fda FR941006-1-00117 2 641 642
has FR941006-1-00117 1 643
received FR941006-1-00117 1 644
three FR941006-1-00117 1 645
citizen FR941006-1-00117 1 646
requesting FR941006-1-00117 1 648
agency FR941006-1-00117 2 651 673
take FR941006-1-00117 1 652
various FR941006-1-00117 1 653
actions FR941006-1-00117 1 654
concerning FR941006-1-00117 1 655
labeling FR941006-1-00117 1 656
packaging FR941006-1-00117 1 658
formulation FR941006-1-00117 1 661
ironcontaining FR941006-1-00117 1 663
suggested FR941006-1-00117 1 670
undertake FR941006-1-00117 1 674
efforts FR941006-1-00117 1 675
educate FR941006-1-00117 1 677
public FR941006-1-00117 1 679
danger FR941006-1-00117 1 682
american FR941006-1-00117 1 694
association FR941006-1-00117 2 695 750
poison FR941006-1-00117 1 697
control FR941006-1-00117 1 698
centers FR941006-1-00117 1 699
aapcc FR941006-1-00117 1 702
petition FR941006-1-00117 3 703 731 754
docket FR941006-1-00117 3 706 734 757
91p0186/cp1 FR941006-1-00117 1 709
12 FR941006-1-00117 1 714
; FR941006-1-00117 2 716 744
attorneys FR941006-1-00117 1 718
general FR941006-1-00117 1 719
states FR941006-1-00117 1 722
commonwealths FR941006-1-00117 1 724
territories FR941006-1-00117 1 727
ag FR941006-1-00117 1 730
93p0306/cp1 FR941006-1-00117 1 737
drug FR941006-1-00117 1 748
manufacturers FR941006-1-00117 1 749
ndma FR941006-1-00117 1 753
93p0306/cp2 FR941006-1-00117 1 760
principal FR941006-1-00117 1 769
issues FR941006-1-00117 1 770
these FR941006-1-00117 1 772
are FR941006-1-00117 1 774
summarized FR941006-1-00117 1 775
table FR941006-1-00117 1 777
7 FR941006-1-00117 1 778
discussed FR941006-1-00117 1 780
this FR941006-1-00117 1 782
section FR941006-1-00117 1 783
table FR941006-1-00118 1 0
7._ FR941006-1-00118 1 1
summary FR941006-1-00118 1 2
of FR941006-1-00118 2 3 6
key FR941006-1-00118 1 4
elements FR941006-1-00118 1 5
petitions FR941006-1-00118 1 7
1element FR941006-1-00118 1 8
1aapcc FR941006-1-00118 1 9
1ag FR941006-1-00118 1 10
1ndma FR941006-1-00118 1 11
warning FR941006-1-00118 1 12
labels FR941006-1-00118 1 13
x FR941006-1-00118 10 14 17 20 25 32 37 38 39 49 50
≥30 FR941006-1-00118 3 15 30 46
fe FR941006-1-00118 3 16 31 47
all FR941006-1-00118 2 18 21
products FR941006-1-00118 3 19 22 45
packaging FR941006-1-00118 2 23 28
requirements FR941006-1-00118 1 24
individual FR941006-1-00118 1 26
blister FR941006-1-00118 1 27
for FR941006-1-00118 1 29
eliminate FR941006-1-00118 1 33
crp FR941006-1-00118 1 34
exemption1 FR941006-1-00118 1 35
reformulation FR941006-1-00118 1 36
no FR941006-1-00118 1 40
sweet FR941006-1-00118 1 41
outer FR941006-1-00118 1 42
coating FR941006-1-00118 1 43
on FR941006-1-00118 1 44
education FR941006-1-00118 1 48
1included FR941006-1-00118 1 51
in FR941006-1-00118 1 52
petition FR941006-1-00118 1 53
to FR941006-1-00118 1 54
cpsc FR941006-1-00118 1 55
. FR941006-1-00118 1 56
a FR941006-1-00119 1 0
