why FR940104-0-00034 2 3106 6978
it FR940104-0-00034 37 3107 3374 3475 3479 4258 4763 4798 4836 4978 5118 5138 5313 5589 5631 5831 5850 5886 6264 6515 6584 6613 6642 6700 6867 7063 7100 7122 7145 7161 7227 7231 7708 7788 7838 7937 7942 7978
was FR940104-0-00034 11 3108 3152 3556 3663 3721 4799 5560 5590 7046 7330 7938
not FR940104-0-00034 32 3109 3196 3230 3369 3376 3421 4010 4039 4281 4765 4990 5069 5146 5317 5566 5591 5674 5833 6046 6084 6216 6547 6561 6608 6838 6864 6983 7152 7334 7403 7905 7953
authorizing FR940104-0-00034 3 3110 4449 7702
health FR940104-0-00034 58 3111 3158 3398 3539 4023 4045 4230 4262 4284 4358 4507 4768 4885 5159 5185 5216 5295 5331 5390 5490 5532 5586 5711 5861 5898 5915 6116 6131 6149 6169 6202 6305 6376 6394 6423 6453 6482 6578 6646 6680 6917 7014 7022 7029 7043 7079 7149 7249 7376 7444 7603 7704 7777 7846 7882 7918 7965 8035
claims FR940104-0-00034 42 3112 4263 4299 5116 5142 5160 5186 5217 5296 5332 5491 5533 5587 5712 5899 6132 6150 6454 6579 6600 6647 6681 6918 6945 6986 7015 7023 7030 7044 7250 7377 7445 7604 7760 7778 7847 7883 7919 7946 7958 7966 7983
pertaining FR940104-0-00034 4 3113 5393 5423 7439
to FR940104-0-00034 130 3114 3155 3202 3210 3334 3378 3416 3450 3474 3492 3501 3573 3594 3666 3673 3677 3758 3774 3792 3814 3824 3857 3875 4078 4150 4202 4209 4249 4324 4341 4344 4402 4585 4590 4630 4635 4801 4882 4908 4917 4943 4953 5003 5010 5100 5123 5179 5202 5258 5318 5394 5424 5432 5455 5466 5555 5567 5582 5584 5635 5640 5669 5675 5790 5812 5837 5856 5892 5931 5967 5994 6085 6111 6125 6228 6253 6286 6312 6334 6348 6357 6365 6390 6448 6479 6489 6497 6520 6571 6585 6635 6674 6692 6694 6704 6874 6883 6892 6909 6985 6997 7035 7048 7055 7108 7175 7177 7187 7276 7311 7325 7335 7363 7425 7440 7448 7499 7507 7522 7541 7576 7592 7616 7639 7643 7757 7915 7944 7980 8049
any FR940104-0-00034 5 3115 3211 3293 5126 5695
specific FR940104-0-00034 5 3116 3678 3981 4057 4950
nutrients FR940104-0-00034 9 3117 3280 3301 3383 3424 3431 3699 4752 5088
( FR940104-0-00034 63 3118 3231 3254 3459 3600 3732 3777 3805 3994 4316 4321 4360 4369 4388 4391 4394 4470 4473 4476 4479 4487 4633 4641 4685 4698 4713 4740 4893 4937 4960 5014 5022 5038 5162 5298 5345 5766 6960 6963 7105 7210 7214 7296 7300 7304 7379 7462 7465 7660 7663 7666 7669 7672 7686 7692 7720 7780 7858 7861 7867 7871 7874 8058
ie FR940104-0-00034 1 3119
, FR940104-0-00034 218 3120 3126 3131 3146 3178 3181 3191 3218 3237 3246 3276 3310 3323 3339 3371 3396 3419 3463 3495 3497 3529 3532 3543 3563 3586 3604 3605 3630 3631 3641 3657 3686 3688 3695 3700 3746 3779 3782 3785 3795 3807 3832 3835 3845 3849 3884 3902 3924 3937 3996 3998 4001 4013 4025 4036 4055 4060 4072 4075 4077 4090 4096 4098 4106 4110 4115 4117 4124 4159 4171 4189 4191 4218 4223 4234 4254 4292 4315 4334 4348 4363 4366 4465 4547 4578 4667 4682 4813 4821 4828 4838 4897 4898 4904 4967 4977 5006 5053 5059 5065 5169 5210 5229 5239 5302 5309 5338 5348 5379 5399 5428 5435 5457 5468 5470 5493 5550 5577 5613 5699 5771 5776 5805 5807 5950 6053 6075 6260 6319 6321 6338 6360 6364 6415 6461 6511 6513 6566 6580 6606 6616 6631 6641 6664 6687 6699 6716 6754 6762 6764 6766 6772 6775 6778 6781 6801 6803 6805 6807 6815 6827 6831 6835 6860 6912 6954 6994 7016 7051 7052 7066 7089 7099 7133 7140 7146 7160 7218 7225 7228 7275 7287 7314 7343 7345 7348 7351 7386 7434 7503 7517 7548 7575 7586 7611 7615 7682 7689 7710 7741 7748 7761 7878 7892 7907 7925 7929 7956 7984 7992 7997 8003 8033 8036 8040 8045 8109 8119
heart FR940104-0-00034 11 3121 3646 3730 3793 3933 4030 4066 4108 4156 4242 5057
disease FR940104-0-00034 17 3122 3209 3554 3647 3731 3794 3934 4031 4067 4109 4157 4243 5005 5058 5106 6812 7618
and FR940104-0-00034 128 3123 3128 3132 3134 3168 3172 3182 3185 3259 3261 3268 3313 3324 3366 3372 3389 3406 3413 3420 3442 3509 3521 3538 3550 3552 3583 3616 3637 3648 3651 3654 3692 3728 3736 3769 3836 3850 3865 3899 3922 3959 4002 4032 4061 4086 4099 4118 4229 4241 4244 4289 4300 4306 4436 4466 4482 4573 4614 4739 4750 4803 4829 4889 4928 4942 5020 5027 5034 5051 5056 5060 5063 5121 5149 5436 5447 5458 5480 5628 5706 5730 5777 5808 5818 5876 5880 5912 5922 5957 6012 6168 6184 6225 6281 6288 6304 6322 6375 6392 6406 6487 6607 6779 6808 6926 7025 7053 7115 7141 7194 7213 7241 7415 7460 7482 7494 7518 7648 7738 7755 7793 7807 7815 7829 7993 8037 8046 8102
dietary FR940104-0-00034 41 3124 3129 3262 3349 3437 3649 3655 3674 3690 3767 3843 3863 3891 4053 4134 4239 4265 5054 5061 5157 5188 5227 5293 5902 6134 6153 6278 6324 6592 6855 6904 6990 7027 7374 7641 7775 7796 7849 7927 8086 8127
fiber FR940104-0-00034 26 3125 3130 3177 3263 3650 3656 3675 3679 3691 3694 3802 3833 3848 3866 3892 3971 4054 4058 4123 4127 4135 4138 4184 4240 5055 5062
cancer FR940104-0-00034 22 3127 3133 3190 3274 3338 3354 3417 3448 3522 3551 3584 3638 3653 3727 3911 4033 4069 4074 4154 4245 5052 5064
antioxidant FR940104-0-00034 9 3135 3144 3228 3460 3519 3548 3581 3635 5049
vitamins FR940104-0-00034 10 3136 3145 3217 3252 3461 3520 3549 3582 3636 5050
) FR940104-0-00034 63 3137 3243 3258 3462 3606 3740 3788 3810 4004 4320 4333 4362 4373 4390 4396 4397 4472 4475 4478 4481 4491 4638 4647 4687 4700 4715 4742 4899 4941 4964 5026 5042 5043 5168 5308 5347 5768 6962 6965 7107 7212 7216 7298 7302 7308 7385 7467 7468 7665 7668 7671 7674 7678 7688 7694 7740 7786 7860 7863 7873 7876 7877 8064
. FR940104-0-00034 131 3138 3244 3292 3308 3356 3425 3483 3523 3607 3639 3681 3741 3789 3818 3882 3912 3935 3974 4034 4070 4104 4128 4185 4206 4246 4277 4351 4371 4419 4452 4512 4538 4604 4648 4660 4758 4786 4807 4872 4900 4965 4992 5044 5082 5107 5125 5151 5198 5250 5271 5285 5335 5363 5375 5412 5444 5475 5506 5546 5573 5596 5611 5654 5664 5679 5713 5740 5780 5839 5904 5969 6015 6073 6090 6119 6155 6187 6241 6271 6306 6327 6397 6434 6458 6493 6508 6531 6563 6594 6629 6650 6685 6723 6751 6794 6833 6846 6858 6895 6935 6969 6992 7038 7126 7167 7198 7251 7269 7303 7307 7341 7368 7400 7420 7430 7469 7501 7536 7569 7598 7622 7679 7697 7770 7833 7933 7972 8011 8065 8088 8134
in FR940104-0-00034 101 3139 3166 3170 3206 3264 3387 3440 3592 3642 3670 3705 3717 3803 3839 3890 3897 3919 3948 4005 4018 4139 4173 4219 4273 4293 4310 4380 4536 4541 4559 4562 4569 4588 4597 4619 4626 4661 4678 4690 4787 4879 4901 4986 5045 5098 5114 5141 5155 5291 5324 5500 5538 5574 5709 5732 5960 6001 6049 6056 6199 6222 6299 6332 6370 6378 6444 6455 6474 6537 6564 6611 6648 6682 6728 6752 6799 6810 6819 6843 6850 6948 6950 6957 6989 7059 7068 7209 7252 7288 7332 7349 7372 7442 7656 7684 7727 7773 7811 7947 7969 8001
the FR940104-0-00034 331 3140 3143 3161 3192 3204 3222 3249 3285 3305 3327 3348 3358 3361 3382 3393 3397 3466 3470 3477 3481 3486 3506 3510 3516 3565 3574 3580 3595 3598 3611 3626 3629 3643 3658 3668 3682 3711 3747 3751 3762 3822 3828 3851 3858 3879 3929 3942 3953 3963 3975 3980 3984 4041 4048 4082 4131 4141 4174 4193 4198 4214 4220 4294 4311 4327 4335 4352 4356 4381 4453 4457 4485 4493 4496 4503 4513 4518 4530 4542 4551 4575 4599 4620 4662 4668 4671 4734 4759 4774 4777 4788 4793 4796 4819 4833 4839 4844 4873 4910 4919 4929 4945 4955 4973 4982 4987 5028 5046 5066 5072 5079 5083 5102 5105 5111 5115 5135 5156 5195 5203 5212 5215 5221 5236 5243 5247 5264 5277 5292 5328 5341 5351 5357 5372 5376 5385 5425 5430 5442 5445 5459 5473 5489 5503 5507 5514 5520 5539 5544 5558 5563 5569 5605 5614 5618 5652 5683 5688 5714 5722 5735 5741 5781 5785 5795 5840 5845 5852 5859 5870 5873 5877 5888 5894 5905 5926 5936 5945 5954 6016 6020 6031 6042 6050 6057 6070 6079 6087 6091 6105 6114 6137 6145 6156 6160 6195 6220 6223 6232 6235 6251 6255 6258 6277 6300 6307 6316 6323 6328 6367 6371 6385 6398 6403 6407 6413 6419 6426 6446 6462 6467 6494 6505 6518 6523 6550 6554 6568 6604 6609 6618 6623 6665 6689 6707 6710 6713 6731 6734 6737 6748 6782 6792 6811 6824 6841 6854 6861 6872 6876 6879 6903 6913 6933 6937 6967 7000 7021 7026 7036 7039 7057 7060 7073 7097 7113 7119 7129 7135 7138 7147 7156 7165 7168 7173 7180 7183 7188 7195 7206 7223 7234 7267 7280 7312 7315 7328 7337 7359 7373 7392 7421 7437 7443 7451 7512 7549 7566 7577 7589 7607 7634 7644 7651 7676 7680 7713 7763 7774 7805 7819 7826 7834 7865 7886 7899 7902 7948 7961 7973 8005 8008 8019 8023 8027 8042 8047 8051 8056 8112 8116
case FR940104-0-00034 4 3141 3644 5047 6058
of FR940104-0-00034 174 3142 3189 3208 3216 3220 3248 3251 3284 3298 3321 3326 3330 3337 3347 3360 3364 3381 3411 3436 3457 3485 3505 3512 3526 3567 3597 3613 3628 3645 3652 3726 3729 3753 3761 3827 3854 3860 3862 3910 3931 3941 3955 3957 3970 3983 3991 4029 4043 4052 4065 4130 4133 4143 4176 4179 4183 4192 4197 4213 4314 4377 4398 4406 4484 4498 4505 4533 4553 4564 4601 4606 4609 4628 4653 4722 4726 4730 4780 4810 4818 4832 4860 4862 4947 4957 4972 5048 5092 5104 5129 5175 5235 5246 5255 5274 5288 5330 5353 5359 5371 5387 5403 5409 5420 5502 5528 5535 5620 5690 5697 5724 5734 5755 5787 5869 5872 5897 5947 5971 6022 6033 6059 6147 6166 6234 6243 6257 6293 6302 6344 6373 6421 6466 6476 6501 6525 6543 6654 6661 6709 6730 6736 6787 6822 6878 6966 7010 7137 7203 7205 7247 7290 7318 7356 7398 7514 7545 7565 7579 7609 7625 7675 7715 7790 7864 7888 7901 7963 8007 8070 8090 8106 8111 8115
fda FR940104-0-00034 86 3147 3277 3340 3402 3464 3498 3530 3608 3819 3872 3885 4037 4076 4111 4186 4207 4255 4279 4365 4420 4447 4548 4905 4994 5007 5108 5170 5180 5251 5267 5310 5364 5402 5456 5483 5551 5578 5597 5670 5702 5718 5751 5814 5822 5968 6095 6124 6248 6282 6320 6339 6416 6435 6477 6509 6581 6595 6633 6658 6836 6847 6897 6970 6995 7049 7109 7178 7219 7257 7324 7367 7370 7401 7435 7470 7500 7504 7538 7599 7637 7698 7771 7822 7934 8012 8074
found FR940104-0-00034 5 3148 3660 3820 6615 6798
that FR940104-0-00034 128 3149 3174 3270 3428 3555 3568 3620 3661 3689 3715 3764 3770 3821 3841 3887 3904 3926 3978 4121 4257 4355 4374 4422 4426 4441 4445 4456 4467 4495 4501 4517 4522 4527 4550 4592 4707 4762 4835 4843 4921 4981 4997 5071 5086 5094 5117 5143 5172 5219 5266 5312 5519 5557 5588 5599 5617 5630 5649 5687 5701 5721 5744 5784 5830 5844 5849 5885 5914 5963 5975 6019 6094 6107 6159 6191 6214 6247 6275 6295 6331 6384 6401 6437 6514 6541 6553 6599 6657 6668 6706 6733 6866 6899 6930 6999 7045 7062 7076 7132 7265 7327 7405 7450 7472 7475 7588 7602 7650 7742 7762 7787 7798 7821 7837 7842 7851 7880 7917 7920 7936 7940 7967 7976 8018 8073 8094 8120 8139
although FR940104-0-00034 4 3150 3979 6651 7537
there FR940104-0-00034 13 3151 3662 4442 4523 5494 5600 6431 6532 6724 7270 7346 7387 7743
sufficient FR940104-0-00034 1 3153
evidence FR940104-0-00034 22 3154 3194 3508 3619 3665 3713 3881 4085 4178 4820 5067 5084 5113 6236 6451 6539 6551 6739 7719 7722 7769 7891
justify FR940104-0-00034 1 3156
a FR940104-0-00034 97 3157 3180 3186 3198 3253 3289 3296 3409 3451 3544 3577 3718 3815 4044 4062 4180 4235 4283 4346 4408 4432 4450 4463 4477 4499 4506 4554 4767 4856 4880 4884 4998 5001 5004 5012 5173 5272 5320 5368 5438 5497 5525 5609 5622 5641 5646 5656 5677 5691 5725 5746 5788 5867 5910 5948 5961 6034 6175 6201 6290 6313 6342 6351 6422 6481 6573 6587 6637 6652 6741 6756 6760 6788 6886 6923 6941 6979 7007 7077 7084 7273 7285 7291 7353 7396 7524 7617 7630 7703 7728 7843 7859 7872 8067 8081 8104 8122
claim FR940104-0-00034 33 3159 3399 3467 3482 4046 4285 4347 4451 4508 4555 4591 4769 4886 5013 5391 5427 5443 5862 5916 6035 6203 6395 6424 6483 6555 6742 6757 6789 7080 7150 7705 7764 7903
concerning FR940104-0-00034 3 3160 4251 6679
relationship FR940104-0-00034 10 3162 3329 3415 3517 4433 5002 6178 6428 6625 7608
between FR940104-0-00034 7 3163 3518 4050 4434 4747 6315 8026
diets FR940104-0-00034 4 3164 3333 3946 4016
low FR940104-0-00034 5 3165 3331 3342 3896 3918
fat FR940104-0-00034 11 3167 3322 3332 3343 3901 3958 3961 3997 4000 6774 6777
high FR940104-0-00034 4 3169 3889 3947 4727
fruits FR940104-0-00034 9 3171 3267 3312 3365 3388 3405 3441 4097 4114
vegetables FR940104-0-00034 9 3173 3269 3314 3367 3390 3407 3443 4100 4116
may FR940104-0-00034 7 3175 3771 3811 6440 6533 7170 7258
contain FR940104-0-00034 3 3176 3842 4122
vitamin FR940104-0-00034 6 3179 3183 3213 3223 4694 6761
c FR940104-0-00034 6 3184 3260 7215 7301 7687 7693
reduced FR940104-0-00034 7 3187 3273 3335 3447 3724 3908 4063
risk FR940104-0-00034 17 3188 3207 3275 3336 3355 3418 3449 3671 3725 3909 3930 4064 4158 4405 4600 5103 6118
available FR940104-0-00034 6 3193 3473 3624 3880 4083 7717
did FR940104-0-00034 6 3195 3684 4038 4280 4337 5068
provide FR940104-0-00034 2 3197 8050
basis FR940104-0-00034 4 3199 5603 7136 7390
on FR940104-0-00034 55 3200 3404 3422 3515 3547 3558 3579 3634 3871 4047 4092 4113 4238 4264 4271 4297 4733 4770 4815 4887 4969 5018 5031 5078 5214 5333 5488 5516 5531 5828 6069 6174 6211 6412 6425 6429 6603 6645 6720 6747 7020 7050 7134 7407 7413 7511 7572 7629 7712 7855 7885 7923 8041 8055 8080
which FR940104-0-00034 11 3201 3380 3710 4932 5380 5951 6430 6538 6612 6916 7730
attribute FR940104-0-00034 2 3203 3667
reduction FR940104-0-00034 2 3205 3669
individual FR940104-0-00034 1 3212
or FR940104-0-00034 32 3214 3229 3295 3384 3454 3676 3939 3989 4056 4068 4136 4155 4414 4655 5396 5471 6066 6361 6559 6767 6828 7087 7093 7158 7229 7245 7261 7299 7411 7619 7633 7879
combination FR940104-0-00034 2 3215 3297
regardless FR940104-0-00034 1 3219
whether FR940104-0-00034 6 3221 5858 5933 6622 6755 7523
is FR940104-0-00034 38 3224 3368 3375 3391 3609 4147 4187 4502 4979 4989 5601 5748 5863 5887 6432 6529 6546 6556 6598 6614 6621 6725 6743 6758 6826 6848 6907 7081 7151 7282 7388 7505 7731 7744 7765 7852 8098 8132
classified FR940104-0-00034 1 3225
as FR940104-0-00034 42 3226 3255 3281 3304 3345 3408 3434 3524 3541 3576 3702 3856 4101 4164 4232 4325 4462 4539 5240 5242 5340 5367 5644 5648 5764 5996 5998 6055 6179 6181 6261 6263 6362 6816 6818 6955 7091 7094 7284 7369 7521 7563
an FR940104-0-00034 19 3227 3319 3968 4825 5076 5360 5418 5803 5882 6127 6410 6526 6696 6726 7408 7478 7626 8077 8096
see FR940104-0-00034 4 3232 5015 5299 7463
discussion FR940104-0-00034 1 3233
under FR940104-0-00034 9 3234 5194 5356 5476 5547 5604 7294 7391 7825
section FR940104-0-00034 5 3235 5300 6958 7661 7856
iv. FR940104-0-00034 1 3236
58 FR940104-0-00034 16 3238 3601 3733 3737 4317 4642 4894 4938 4961 5023 5039 5163 5303 7380 7781 8059
fr FR940104-0-00034 16 3239 3602 3734 3738 4318 4643 4895 4939 4962 5024 5040 5164 5304 7381 7782 8060
2622 FR940104-0-00034 1 3240
at FR940104-0-00034 11 3241 3476 4645 4931 5166 5306 6117 7254 7383 7784 8062
2633 FR940104-0-00034 1 3242
yet FR940104-0-00034 3 3245 4011 7816
because FR940104-0-00034 13 3247 3311 3325 3357 3373 3484 4129 4579 4721 5137 5534 6549 6617
usefulness FR940104-0-00034 2 3250 4132
beta FR940104-0-00034 1 3256
-carotene FR940104-0-00034 1 3257
identifying FR940104-0-00034 5 3265 3306 3706 4140 4165
those FR940104-0-00034 4 3266 3707 7473 7964
correlate FR940104-0-00034 2 3271 4151
with FR940104-0-00034 46 3272 3288 3352 3469 3534 3588 3697 3723 3790 3800 3907 3945 4015 4081 4152 4225 4247 4411 4692 4709 4753 4824 4925 5134 5263 5384 5643 5750 5908 5990 6172 6219 6350 6840 6853 6885 6902 6974 7111 7185 7191 7239 7560 7733 7911 8053
identified FR940104-0-00034 3 3278 3328 3433
these FR940104-0-00034 22 3279 3299 3527 4019 4160 4203 4593 4805 5087 5199 5256 5283 5410 5680 5972 6188 6244 6795 6844 7534 7957 8091
being FR940104-0-00034 2 3282 6813
characteristic FR940104-0-00034 2 3283 3435
foods FR940104-0-00034 19 3286 3412 3708 3804 3840 3888 3914 3950 4008 4020 4144 4170 4272 4920 5093 6949 7610 7655 7810
associated FR940104-0-00034 6 3287 3351 3722 3799 3906 3944
protective FR940104-0-00034 3 3290 3362 3987
effect FR940104-0-00034 7 3291 3363 3395 3817 3969 4182 5077
one FR940104-0-00034 9 3294 5486 5970 6076 6192 7564 8043 8110 8136
three FR940104-0-00034 1 3300
can FR940104-0-00034 3 3302 4162 4851
serve FR940104-0-00034 3 3303 3701 4163
marker FR940104-0-00034 1 3307
moreover FR940104-0-00034 1 3309
are FR940104-0-00034 17 3315 3893 3905 3915 4009 5988 6038 6045 6671 6790 6797 6919 7591 7605 7921 7930 7968
also FR940104-0-00034 13 3316 3749 3812 3894 3916 3927 4906 5612 5716 5820 5842 6686 8013
characterized FR940104-0-00034 1 3317
by FR940104-0-00034 28 3318 3401 3426 4216 4567 4574 4675 4848 4854 5207 5485 5543 5651 5942 6010 6104 6915 6932 7056 7096 7366 7457 7485 7533 7752 7767 8100 8140
absence FR940104-0-00034 2 3320 4175
highlighted FR940104-0-00034 1 3341
intakes FR940104-0-00034 7 3344 4605 4627 4650 4659 4681 4757
part FR940104-0-00034 3 3346 3525 7069
pattern FR940104-0-00034 1 3350
decreased FR940104-0-00034 2 3353 4153
mechanism FR940104-0-00034 2 3359 3859
known FR940104-0-00034 2 3370 5339
possible FR940104-0-00034 2 3377 4745
determine FR940104-0-00034 4 3379 5259 5857 5932
other FR940104-0-00034 17 3385 3535 3589 3617 3698 3796 3837 4226 4415 4751 5127 6768 7116 7142 7263 7582 8057
components FR940104-0-00034 8 3386 3680 3797 3809 3834 3867 4059 5398
causing FR940104-0-00034 1 3392
observed FR940104-0-00034 1 3394
authorized FR940104-0-00034 4 3400 3480 5120 6920
focuses FR940104-0-00034 1 3403
class FR940104-0-00034 1 3410
their FR940104-0-00034 6 3414 4269 4404 4570 4586 7830
particular FR940104-0-00034 2 3423 7085
requiring FR940104-0-00034 1 3427
all FR940104-0-00034 11 3429 3940 4375 4869 5389 5404 5448 6152 7112 7179 7455
characterizing FR940104-0-00034 1 3430
be FR940104-0-00034 47 3432 3772 3952 4079 4460 4510 4852 4923 4935 5132 5192 5382 5453 5462 5496 5553 5580 5625 5633 5728 5802 5835 6027 6098 6164 6229 6388 6535 6644 6830 6869 6910 6922 7272 7277 7352 7364 7418 7491 7496 7527 7530 7552 7593 7801 7909 7987
patterns FR940104-0-00034 1 3438
rich FR940104-0-00034 2 3439 4017
without FR940104-0-00034 1 3444
specifically FR940104-0-00034 2 3445 3672
attributing FR940104-0-00034 1 3446
single FR940104-0-00034 2 3452 3455
nutrient FR940104-0-00034 3 3453 3458 4782
type FR940104-0-00034 1 3456
made FR940104-0-00034 5 3465 6103 7033 7123 7922
consistent FR940104-0-00034 3 3468 4080 7732
scientific FR940104-0-00034 26 3471 3507 3513 3618 3712 4084 4088 4428 5112 5421 5895 5927 5938 6317 6381 6450 6738 7480 7584 7646 7718 7736 7746 7753 7890 7896
knowledge FR940104-0-00034 2 3472 6660
time FR940104-0-00034 1 3478
rapidly FR940104-0-00034 3 3487 4194 4624
evolving FR940104-0-00034 2 3488 4195
science FR940104-0-00034 4 3489 4199 4215 8039
base FR940104-0-00034 2 3490 4200
relative FR940104-0-00034 2 3491 4201
this FR940104-0-00034 14 3493 3614 4423 4781 4811 4970 5336 5536 5548 5660 6310 6336 6683 7432
topic FR940104-0-00034 3 3494 3744 4204
however FR940104-0-00034 6 3496 3687 4190 6074 6512 6859
has FR940104-0-00034 16 3499 3570 3621 4995 5000 5008 5109 5119 5268 5851 6007 6207 6296 6626 6971 7064
continued FR940104-0-00034 1 3500
update FR940104-0-00034 2 3502 4210
its FR940104-0-00034 23 3503 4211 4339 4616 4816 4822 4830 4876 5510 5517 5637 6064 6209 6266 6345 6499 6669 7103 7124 7192 7255 7519 8015
evaluation FR940104-0-00034 8 3504 5419 5431 6032 6146 6735 6786 7238
degree FR940104-0-00034 1 3511
agreement FR940104-0-00034 8 3514 4089 4429 5939 6411 6433 7747 7897
efforts FR940104-0-00034 2 3528 4797
initiated FR940104-0-00034 1 3531
along FR940104-0-00034 4 3533 3587 3696 4224
major FR940104-0-00034 2 3536 4227
research FR940104-0-00034 6 3537 4228 6221 6294 6369 6386
organizations FR940104-0-00034 2 3540 4231
cosponsors FR940104-0-00034 2 3542 4233
public FR940104-0-00034 7 3545 4236 4357 6115 6927 6942 8034
conference FR940104-0-00034 3 3546 3599 3615
cardiovascular FR940104-0-00034 1 3553
held FR940104-0-00034 1 3557
november FR940104-0-00034 1 3559
1 FR940104-0-00034 5 3560 4686 4863 7862 7875
through FR940104-0-00034 4 3561 5944 7427 7543
3 FR940104-0-00034 7 3562 4474 4629 4714 6356 6891 7667
1993. FR940104-0-00034 1 3564
transcript FR940104-0-00034 1 3566
meeting FR940104-0-00034 1 3569
been FR940104-0-00034 9 3571 5096 6008 6208 6284 6297 6627 6972 7954
submitted FR940104-0-00034 4 3572 5481 5542 7047
docket FR940104-0-00034 1 3575
comment FR940104-0-00034 13 3578 5487 5545 5653 6017 6077 6092 6273 6308 6329 6399 6934 8137
rulemaking FR940104-0-00034 1 3585
comments FR940104-0-00034 26 3590 4834 4988 5213 5275 5325 5658 5666 5681 5715 5742 5782 5841 5906 5973 6121 6157 6189 6245 6655 6732 6845 7019 7567 8071 8092
received FR940104-0-00034 3 3591 4837 7483
response FR940104-0-00034 1 3593
announcement FR940104-0-00034 1 3596
54595 FR940104-0-00034 1 3603
reviewing FR940104-0-00034 2 3610 5388
results FR940104-0-00034 1 3612
become FR940104-0-00034 1 3622
publicly FR940104-0-00034 2 3623 7716
since FR940104-0-00034 1 3625
publication FR940104-0-00034 2 3627 4809
final FR940104-0-00034 10 3632 4295 4330 4545 4665 4791 5016 5439 5707 7446
rule FR940104-0-00034 9 3633 4296 4331 4546 4666 4792 5017 5030 7447
similarly FR940104-0-00034 2 3640 4105
agency FR940104-0-00034 42 3659 3683 3748 3976 4336 4353 4454 4514 4669 4760 4794 4840 4874 4974 5204 5278 5460 5508 5529 5564 5615 5684 5736 5846 5883 6080 6196 6404 6447 6495 6569 6666 6690 6862 7011 7058 7235 7422 7452 7550 7835 7974
insufficient FR940104-0-00034 1 3664
conclude FR940104-0-00034 1 3685
soluble FR940104-0-00034 5 3693 3801 3847 4126 4137
useful FR940104-0-00034 4 3703 4169 4596 6911
markers FR940104-0-00034 3 3704 4166 5091
for FR940104-0-00034 57 3709 3742 4073 4107 4167 4286 4303 4703 4718 4868 4914 4949 5187 5225 5326 5406 5482 5607 5758 5826 5900 5978 6063 6101 6123 6130 6133 6144 6151 6194 6204 6268 6459 6484 6577 6759 6785 6871 6944 6946 6987 7013 7042 7083 7155 7243 7394 7431 7595 7654 7795 7809 7845 7848 8030 8085 8126
showed FR940104-0-00034 2 3714 5085
inclusion FR940104-0-00034 2 3716 6021
daily FR940104-0-00034 2 3719 4401
diet FR940104-0-00034 2 3720 3965
2552 FR940104-0-00034 1 3735
2537 FR940104-0-00034 1 3739
both FR940104-0-00034 4 3743 5145 6276 7800
areas FR940104-0-00034 2 3745 4205
noted FR940104-0-00034 6 3750 3886 4354 5598 5616 7371
inability FR940104-0-00034 2 3752 3823
commonly FR940104-0-00034 1 3754
used FR940104-0-00034 3 3755 6389 7594
analytical FR940104-0-00034 1 3756
methodologies FR940104-0-00034 1 3757
detect FR940104-0-00034 2 3759 3825
many FR940104-0-00034 3 3760 3826 4022
characteristics FR940104-0-00034 3 3763 5265 7820
vary FR940104-0-00034 1 3765
among FR940104-0-00034 3 3766 3830 7749
fibers FR940104-0-00034 4 3768 3831 3844 3864
related FR940104-0-00034 1 3773
biological FR940104-0-00034 1 3775
function FR940104-0-00034 1 3776
eg FR940104-0-00034 3 3778 3806 3995
particle FR940104-0-00034 1 3780
size FR940104-0-00034 1 3781
chemical FR940104-0-00034 1 3783
composition FR940104-0-00034 1 3784
waterholding FR940104-0-00034 1 3786
capacity FR940104-0-00034 1 3787
regard FR940104-0-00034 1 3791
variable FR940104-0-00034 1 3798
lipid FR940104-0-00034 1 3808
contribute FR940104-0-00034 1 3813
cholesterollowering FR940104-0-00034 1 3816
differences FR940104-0-00034 1 3829
substances FR940104-0-00034 8 3838 3925 3988 3993 4161 5074 6947 6988
including FR940104-0-00034 9 3846 4026 4364 4683 5211 6717 6773 7721 7926
general FR940104-0-00034 3 3852 4576 6649
lack FR940104-0-00034 1 3853
conclusions FR940104-0-00034 4 3855 3877 5281 7193
action FR940104-0-00034 2 3861 5130
were FR940104-0-00034 18 3868 4443 4524 4595 4783 5089 5144 5593 6108 6215 6570 6634 6691 7362 7557 7943 7979 8000
limiting FR940104-0-00034 1 3869
factors FR940104-0-00034 3 3870 3903 4444
's FR940104-0-00034 22 3873 4291 4308 4438 4975 5181 5205 5279 5571 5671 5685 5719 5737 5752 5815 5847 6081 6197 6596 7236 7339 7913
ability FR940104-0-00034 1 3874
draw FR940104-0-00034 1 3876
from FR940104-0-00034 8 3878 3962 4448 4612 4615 5794 5925 7723
furthermore FR940104-0-00034 2 3883 6993
generally FR940104-0-00034 4 3895 3917 6047 7734
calories FR940104-0-00034 1 3898
total FR940104-0-00034 2 3900 3964
fiberrich FR940104-0-00034 2 3913 3949
saturated FR940104-0-00034 4 3920 3960 3999 6776
fats FR940104-0-00034 1 3921
cholesterol FR940104-0-00034 3 3923 4003 6780
affect FR940104-0-00034 2 3928 5101
developing FR940104-0-00034 1 3932
thus FR940104-0-00034 5 3936 4035 4966 6630 6834
some FR940104-0-00034 5 3938 5665 6242 6729 8089
benefits FR940104-0-00034 1 3943
could FR940104-0-00034 14 3951 4623 4764 4922 4934 5579 6096 6239 6249 6387 6417 7417 7495 7529
result FR940104-0-00034 4 3954 4558 4625 5140
displacement FR940104-0-00034 2 3956 3990
rather FR940104-0-00034 2 3966 7612
than FR940104-0-00034 7 3967 6590 6929 7264 7613 7804 7998
per FR940104-0-00034 3 3972 4639 4866
se FR940104-0-00034 1 3973
stated FR940104-0-00034 10 3977 4521 4540 5629 5743 5783 6018 6093 6274 7836
roles FR940104-0-00034 1 3982
numerous FR940104-0-00034 1 3985
potentially FR940104-0-00034 1 3986
negative FR940104-0-00034 1 3992
such FR940104-0-00034 19 4006 4649 4676 5575 5608 5621 5745 5763 5909 6054 7395 7428 7458 7555 7573 7759 7768 7982 8095
plant FR940104-0-00034 1 4007
understood FR940104-0-00034 1 4012
populations FR940104-0-00034 1 4014
experience FR940104-0-00034 2 4021 7756
advantages FR940104-0-00034 1 4024
lower FR940104-0-00034 1 4027
rates FR940104-0-00034 1 4028
authorize FR940104-0-00034 10 4040 4282 4345 4766 4883 5011 5124 5585 6418 6480
use FR940104-0-00034 12 4042 4270 4497 4532 4779 5287 5754 5786 6420 6500 6524 6542
association FR940104-0-00034 1 4049
ingestion FR940104-0-00034 1 4051
instead FR940104-0-00034 1 4071
prevailing FR940104-0-00034 1 4087
focused FR940104-0-00034 2 4091 4112
fibercontaining FR940104-0-00034 1 4093
grain FR940104-0-00034 2 4094 4119
products FR940104-0-00034 10 4095 4120 4587 4594 4952 5770 5799 6492 6663 6722
product FR940104-0-00034 1 4102
classes FR940104-0-00034 1 4103
particularly FR940104-0-00034 1 4125
types FR940104-0-00034 1 4142
whose FR940104-0-00034 3 4145 6036 7950
consumption FR940104-0-00034 2 4146 4563
most FR940104-0-00034 3 4148 5222 5955
likely FR940104-0-00034 5 4149 4557 6908 7490 7506
selecting FR940104-0-00034 1 4168
even FR940104-0-00034 3 4172 7017 7893
adequate FR940104-0-00034 2 4177 5921
direct FR940104-0-00034 2 4181 7172
aware FR940104-0-00034 2 4188 6821
nature FR940104-0-00034 1 4196
intends FR940104-0-00034 2 4208 6496
review FR940104-0-00034 8 4212 4817 4831 4971 5344 5408 5434 7481
initiating FR940104-0-00034 1 4217
near FR940104-0-00034 1 4221
future FR940104-0-00034 1 4222
symposium FR940104-0-00034 1 4237
respect FR940104-0-00034 2 4248 7186
assertions FR940104-0-00034 2 4250 7310
folic FR940104-0-00034 25 4252 4287 4304 4328 4399 4534 4543 4565 4583 4610 4663 4679 4731 4748 4755 4771 4789 4849 4915 4926 4958 5032 6205 6463 6485
acid FR940104-0-00034 25 4253 4288 4305 4329 4400 4535 4544 4566 4584 4611 4664 4680 4732 4749 4756 4772 4790 4850 4916 4927 4959 5033 6206 6464 6486
disagrees FR940104-0-00034 1 4256
should FR940104-0-00034 10 4259 4384 6163 6340 6516 6601 6829 6982 7526 8075
have FR940104-0-00034 7 4260 6112 6283 6586 7032 7476 7818
allowed FR940104-0-00034 1 4261
supplements FR940104-0-00034 14 4266 4613 5189 5228 5903 6135 6154 6593 6991 7642 7797 7850 7928 8087
while FR940104-0-00034 3 4267 4278 6896
prohibiting FR940104-0-00034 1 4268
conventional FR940104-0-00034 4 4274 6951 7657 7812
food FR940104-0-00034 10 4275 4537 4621 4911 6468 6610 6952 7658 7813 7924
form FR940104-0-00034 6 4276 6341 6877 6953 7659 7814
ntd FR940104-0-00034 3 4290 4307 4437
heath FR940104-0-00034 1 4298
label FR940104-0-00034 1 4301
statements FR940104-0-00034 1 4302
published FR940104-0-00034 3 4309 6265 6377
federal FR940104-0-00034 1 4312
register FR940104-0-00034 1 4313
2606 FR940104-0-00034 2 4319 4644
hereinafter FR940104-0-00034 1 4322
referred FR940104-0-00034 2 4323 7054
`` FR940104-0-00034 4 4326 5853 7320 8121
'' FR940104-0-00034 4 4332 5865 7322 8135
announce FR940104-0-00034 1 4338
plans FR940104-0-00034 1 4340
work FR940104-0-00034 3 4342 7426 7542
expeditiously FR940104-0-00034 1 4343
if FR940104-0-00034 11 4349 5562 6567 6632 6688 7072 7128 7358 7554 7941 7977
appropriate FR940104-0-00034 7 4350 5223 5976 6029 6870 7082 8024
service FR940104-0-00034 1 4359
phs FR940104-0-00034 2 4361 4519
had FR940104-0-00034 9 4367 5075 5095 5177 5314 6227 6712 7839 7952
recommended FR940104-0-00034 2 4368 7248
ref FR940104-0-00034 1 4370
7 FR940104-0-00034 2 4372 4631
women FR940104-0-00034 3 4376 4568 4720
childbearing FR940104-0-00034 2 4378 4571
age FR940104-0-00034 1 4379
united FR940104-0-00034 2 4382 6051
states FR940104-0-00034 4 4383 6052 7067 7690
consume FR940104-0-00034 1 4385
0.4 FR940104-0-00034 1 4386
milligram FR940104-0-00034 1 4387
mg FR940104-0-00034 3 4389 4632 4864
400 FR940104-0-00034 1 4392
micrograms FR940104-0-00034 1 4393
μg FR940104-0-00034 2 4395 4637
reduce FR940104-0-00034 1 4403
having FR940104-0-00034 2 4407 6851
pregnancy FR940104-0-00034 1 4409
affected FR940104-0-00034 1 4410
spina FR940104-0-00034 1 4412
bifida FR940104-0-00034 1 4413
neural FR940104-0-00034 3 4416 4890 5035
tube FR940104-0-00034 3 4417 4891 5036
defects FR940104-0-00034 4 4418 4603 4892 5037
acknowledges FR940104-0-00034 1 4421
recommendation FR940104-0-00034 10 4424 4520 5440 5446 5505 5572 7104 7224 7293 7340
evidenced FR940104-0-00034 1 4425
significant FR940104-0-00034 9 4427 4525 4560 5526 5937 7008 7354 7745 7895
existed FR940104-0-00034 1 4430
regarding FR940104-0-00034 3 4431 4744 4776
folate FR940104-0-00034 4 4435 4710 4865 4888
but FR940104-0-00034 2 4439 6044
said FR940104-0-00034 4 4440 4455 7935 7975
prevented FR940104-0-00034 1 4446
act FR940104-0-00034 9 4458 4486 5136 5606 6240 6968 7393 7677 7866
must FR940104-0-00034 3 4459 4509 6921
read FR940104-0-00034 1 4461
whole FR940104-0-00034 2 4464 7286
sections FR940104-0-00034 1 4468
403 FR940104-0-00034 4 4469 6959 7662 7857
r FR940104-0-00034 3 4471 6961 7664
ii FR940104-0-00034 1 4480
409 FR940104-0-00034 1 4483
21 FR940104-0-00034 2 4488 7868
usc FR940104-0-00034 2 4489 7869
348 FR940104-0-00034 1 4490
reflect FR940104-0-00034 1 4492
proposition FR940104-0-00034 1 4494
substance FR940104-0-00034 6 4500 4999 6605 6749 6771 6825
subject FR940104-0-00034 4 4504 5429 5761 7640
safe FR940104-0-00034 4 4511 4531 4778 4857
pointed FR940104-0-00034 1 4515
out FR940104-0-00034 1 4516
questions FR940104-0-00034 2 4526 4775
persist FR940104-0-00034 1 4528
about FR940104-0-00034 11 4529 4724 5183 5233 5282 5441 5513 6231 6452 7606 7898
expected FR940104-0-00034 1 4549
authorization FR940104-0-00034 1 4552
would FR940104-0-00034 36 4556 4581 5131 5139 5190 5349 5365 5381 5400 5416 5451 5461 5495 5523 5552 5624 5632 5693 5703 5727 5801 5819 5952 6026 6139 6582 6643 6701 6868 7005 7347 7551 7799 7908 7959 7986
increases FR940104-0-00034 3 4561 4652 4677
years FR940104-0-00034 1 4572
population FR940104-0-00034 2 4577 4870
manufacturers FR940104-0-00034 1 4580
add FR940104-0-00034 1 4582
order FR940104-0-00034 3 4589 6333 7333
reducing FR940104-0-00034 1 4598
birth FR940104-0-00034 1 4602
multiple FR940104-0-00034 1 4607
doses FR940104-0-00034 1 4608
increased FR940104-0-00034 2 4617 4754
presence FR940104-0-00034 1 4618
supply FR940104-0-00034 1 4622
3000 FR940104-0-00034 1 4634
7000 FR940104-0-00034 1 4636
day FR940104-0-00034 2 4640 4867
2614 FR940104-0-00034 1 4646
represent FR940104-0-00034 2 4651 5953
10fold FR940104-0-00034 1 4654
more FR940104-0-00034 6 4656 6924 7631 7802 8082 8123
above FR940104-0-00034 3 4657 5270 7217
current FR940104-0-00034 2 4658 5753
reviewed FR940104-0-00034 1 4670
safety FR940104-0-00034 3 4672 4845 6006
considerations FR940104-0-00034 1 4673
raised FR940104-0-00034 2 4674 4847
: FR940104-0-00034 3 4684 7070 7691
potential FR940104-0-00034 4 4688 4701 4716 5991
effects FR940104-0-00034 3 4689 4725 6068
persons FR940104-0-00034 2 4691 4704
poor FR940104-0-00034 1 4693
b12 FR940104-0-00034 1 4695
status FR940104-0-00034 1 4696
; FR940104-0-00034 3 4697 4712 4738
2 FR940104-0-00034 1 4699
risks FR940104-0-00034 2 4702 4717
taking FR940104-0-00034 1 4705
medications FR940104-0-00034 1 4706
interfere FR940104-0-00034 1 4708
metabolism FR940104-0-00034 1 4711
pregnant FR940104-0-00034 1 4719
uncertainties FR940104-0-00034 2 4723 4743
blood FR940104-0-00034 1 4728
levels FR940104-0-00034 1 4729
embryo FR940104-0-00034 1 4735
during FR940104-0-00034 2 4736 6030
gestation FR940104-0-00034 1 4737
4 FR940104-0-00034 2 4741 6964
interactions FR940104-0-00034 1 4746
concluded FR940104-0-00034 4 4761 4842 4996 7841
until FR940104-0-00034 1 4773
satisfactorily FR940104-0-00034 1 4784
resolved FR940104-0-00034 2 4785 4853
described FR940104-0-00034 2 4795 7208
undertaking FR940104-0-00034 1 4800
address FR940104-0-00034 1 4802
resolve FR940104-0-00034 1 4804
concerns FR940104-0-00034 1 4806
following FR940104-0-00034 1 4808
document FR940104-0-00034 1 4812
based FR940104-0-00034 9 4814 4968 5509 7232 7628 7711 7853 7884 8079
discussions FR940104-0-00034 1 4823
advisory FR940104-0-00034 15 4826 5289 5661 5756 6128 6212 6438 6469 6502 6527 6544 6575 6639 6697 7002
committee FR940104-0-00034 35 4827 5362 5378 5504 5559 5570 5623 5642 5662 6129 6138 6259 6343 6354 6405 6470 6528 6576 6640 6698 6711 6882 6889 7003 7074 7098 7120 7130 7174 7184 7268 7292 7329 7338 7410
tentatively FR940104-0-00034 3 4841 5315 7840
problems FR940104-0-00034 1 4846
setting FR940104-0-00034 1 4855
upper FR940104-0-00034 1 4858
limit FR940104-0-00034 1 4859
intake FR940104-0-00034 1 4861
groups FR940104-0-00034 5 4871 7429 7488 7544 7556
announced FR940104-0-00034 1 4875
tentative FR940104-0-00034 6 4877 5280 5511 5672 6082 8016
conclusion FR940104-0-00034 2 4878 5911
proposal FR940104-0-00034 10 4881 5161 5218 5297 5492 7024 7031 7189 7378 7779
53254 FR940104-0-00034 2 4896 5041
companion FR940104-0-00034 1 4902
documents FR940104-0-00034 2 4903 5450
proposed FR940104-0-00034 9 4907 5029 5122 6148 7078 7092 7148 7638 8020
amend FR940104-0-00034 2 4909 4944
additive FR940104-0-00034 1 4912
regulation FR940104-0-00034 2 4913 7041
specify FR940104-0-00034 1 4918
fortified FR940104-0-00034 2 4924 4936
level FR940104-0-00034 1 4930
they FR940104-0-00034 5 4933 5261 5934 6238 7999
53312 FR940104-0-00034 1 4940
standards FR940104-0-00034 1 4946
identity FR940104-0-00034 1 4948
cerealgrain FR940104-0-00034 2 4951 6491
permit FR940104-0-00034 1 4954
addition FR940104-0-00034 2 4956 6565
53305 FR940104-0-00034 1 4963
actions FR940104-0-00034 2 4976 5827
clear FR940104-0-00034 1 4980
nondiscriminatory FR940104-0-00034 1 4983
provision FR940104-0-00034 3 4984 7361 7438
suggested FR940104-0-00034 14 4985 5323 5521 5650 5974 6158 6246 6330 6400 6880 6931 7040 7360 7568
necessary FR940104-0-00034 5 4991 6530 6548 6714 7824
when FR940104-0-00034 6 4993 6402 6522 7121 7279 7707
acted FR940104-0-00034 1 5009
calcium FR940104-0-00034 1 5019
osteoporosis FR940104-0-00034 1 5021
2665 FR940104-0-00034 1 5025
establish FR940104-0-00034 8 5070 5676 6126 6572 6636 6695 7326 8076
named FR940104-0-00034 2 5073 5080
diseases FR940104-0-00034 1 5081
merely FR940104-0-00034 1 5090
shown FR940104-0-00034 2 5097 6110
studies FR940104-0-00034 2 5099 7725
reflected FR940104-0-00034 2 5110 6956
course FR940104-0-00034 1 5128
inconsistent FR940104-0-00034 3 5133 5749 7910
scientifically FR940104-0-00034 5 5147 5594 5809 7153 7931
valid FR940104-0-00034 5 5148 5595 5864 7932 7971
misleading FR940104-0-00034 1 5150
b. FR940104-0-00034 2 5152 7071
alternative FR940104-0-00034 1 5153
approaches FR940104-0-00034 5 5154 5176 5200 5257 5284
supplement FR940104-0-00034 10 5158 5294 6279 6325 6856 6905 7028 7375 7776 8128
33700 FR940104-0-00034 5 5165 5305 7382 7783 8061
33703 FR940104-0-00034 1 5167
advised FR940104-0-00034 2 5171 5311
variety FR940104-0-00034 1 5174
come FR940104-0-00034 1 5178
attention FR940104-0-00034 2 5182 5206
how FR940104-0-00034 3 5184 5260 6823
best FR940104-0-00034 2 5191 5929
regulated FR940104-0-00034 1 5193
1990 FR940104-0-00034 7 5196 5237 5248 6938 7827 8009 8117
amendments FR940104-0-00034 7 5197 5238 5249 6939 7828 8010 8118
came FR940104-0-00034 1 5201
various FR940104-0-00034 1 5208
means FR940104-0-00034 1 5209
addressed FR940104-0-00034 4 5220 5276 5659 6814
method FR940104-0-00034 1 5224
regulating FR940104-0-00034 1 5226
testimony FR940104-0-00034 1 5230
before FR940104-0-00034 7 5231 6237 7118 7144 7182 7266 8004
congress FR940104-0-00034 4 5232 5943 7912 8101
implementation FR940104-0-00034 1 5234
well FR940104-0-00034 5 5241 5997 6097 6180 6817
legislative FR940104-0-00034 2 5244 7831
history FR940104-0-00034 2 5245 7832
carefully FR940104-0-00034 1 5252
evaluated FR940104-0-00034 1 5253
each FR940104-0-00034 2 5254 5413
compare FR940104-0-00034 1 5262
listed FR940104-0-00034 1 5269
number FR940104-0-00034 3 5273 6653 8069
1. FR940104-0-00034 1 5286
committees FR940104-0-00034 6 5290 5757 6439 6503 6545 7459
iib1. FR940104-0-00034 1 5301
33704 FR940104-0-00034 2 5307 7384
decided FR940104-0-00034 2 5316 5565
adopt FR940104-0-00034 2 5319 6086
committeebased FR940104-0-00034 1 5321
approach FR940104-0-00034 8 5322 5337 5522 7004 7627 8021 8078 8097
evaluating FR940104-0-00034 1 5327
validity FR940104-0-00034 5 5329 5896 7695 7900 7951
herbs FR940104-0-00034 4 5334 5995 7414 7590
botanical FR940104-0-00034 4 5342 5397 7088 7159
ingredient FR940104-0-00034 1 5343
bir FR940104-0-00034 11 5346 5515 5678 5692 5726 5789 5874 5949 6088 6106 7001
involve FR940104-0-00034 4 5350 5524 5694 7006
establishment FR940104-0-00034 3 5352 5689 7624
expert FR940104-0-00034 6 5354 5373 5414 6141 6161 7487
panels FR940104-0-00034 8 5355 5374 5981 6014 6142 6162 6213 7461
direction FR940104-0-00034 1 5358
oversight FR940104-0-00034 2 5361 5377
participate FR940104-0-00034 1 5366
nonvoting FR940104-0-00034 2 5369 6182
member FR940104-0-00034 1 5370
charged FR940104-0-00034 1 5383
responsibility FR940104-0-00034 3 5386 5405 5855
petitions FR940104-0-00034 10 5392 5411 5793 5829 5917 6396 6678 7441 7474 7493
herb FR940104-0-00034 5 5395 6005 6765 7086 7157
relieve FR940104-0-00034 1 5401
initial FR940104-0-00034 1 5407
panel FR940104-0-00034 2 5415 7412
conduct FR940104-0-00034 1 5417
data FR940104-0-00034 5 5422 6414 7114 7139 7260
requested FR940104-0-00034 1 5426
peer FR940104-0-00034 1 5433
prepare FR940104-0-00034 1 5437
supporting FR940104-0-00034 2 5449 6740
then FR940104-0-00034 2 5452 7171
forwarded FR940104-0-00034 1 5454
permitted FR940104-0-00034 1 5463
120 FR940104-0-00034 2 5464 7201
days FR940104-0-00034 2 5465 7202
approve FR940104-0-00034 1 5467
disapprove FR940104-0-00034 1 5469
modify FR940104-0-00034 2 5472 7230
report FR940104-0-00034 1 5474
draft FR940104-0-00034 2 5477 5540
regulations FR940104-0-00034 3 5478 5541 7701
prepared FR940104-0-00034 1 5479
adoption FR940104-0-00034 1 5484
codified FR940104-0-00034 2 5498 7683
presumption FR940104-0-00034 4 5499 5537 5549 7274
favor FR940104-0-00034 2 5501 7289
decision FR940104-0-00034 6 5512 5673 6083 7125 7256 7520
belief FR940104-0-00034 2 5518 5884
transfer FR940104-0-00034 6 5527 5610 5696 7009 7355 7397
authority FR940104-0-00034 7 5530 5698 5890 6252 7012 7357 7399
obligated FR940104-0-00034 1 5554
prove FR940104-0-00034 1 5556
wrong FR940104-0-00034 2 5561 7331
follow FR940104-0-00034 2 5568 7336
circumstances FR940104-0-00034 3 5576 6457 6536
forced FR940104-0-00034 1 5581
propose FR940104-0-00034 1 5583
satisfied FR940104-0-00034 1 5592
no FR940104-0-00034 5 5602 6975 7389 7791 7994
creation FR940104-0-00034 3 5619 5723 5946
financially FR940104-0-00034 1 5626
burdensome FR940104-0-00034 2 5627 5729
inappropriate FR940104-0-00034 1 5634
commit FR940104-0-00034 1 5636
limited FR940104-0-00034 2 5638 5738
resources FR940104-0-00034 3 5639 5739 5817
narrow FR940104-0-00034 2 5645 5760
scope FR940104-0-00034 1 5647
3. FR940104-0-00034 1 5655
few FR940104-0-00034 1 5657
issue FR940104-0-00034 2 5663 6620
voiced FR940104-0-00034 1 5667
opposition FR940104-0-00034 1 5668
disputed FR940104-0-00034 2 5682 5717
assertion FR940104-0-00034 1 5686
noting FR940104-0-00034 1 5700
retain FR940104-0-00034 3 5704 6250 6517
full FR940104-0-00034 2 5705 5923
discretion FR940104-0-00034 1 5708
approving FR940104-0-00034 2 5710 6200
finding FR940104-0-00034 2 5720 5747
costly FR940104-0-00034 1 5731
light FR940104-0-00034 1 5733
very FR940104-0-00034 2 5759 7497
matters FR940104-0-00034 1 5762
overecounter FR940104-0-00034 1 5765
otc FR940104-0-00034 1 5767
antiplaque FR940104-0-00034 1 5769
circulatory FR940104-0-00034 1 5772
system FR940104-0-00034 1 5773
medical FR940104-0-00034 4 5774 5999 6024 7561
devices FR940104-0-00034 1 5775
drug FR940104-0-00034 1 5778
abuse FR940104-0-00034 1 5779
help FR940104-0-00034 2 5791 5821
screen FR940104-0-00034 1 5792
much FR940104-0-00034 1 5796
larger FR940104-0-00034 1 5797
herbal FR940104-0-00034 6 5798 5901 5979 5985 6662 6721
industry FR940104-0-00034 11 5800 6013 6183 6280 6326 6353 6408 6857 6888 6906 7409
efficient FR940104-0-00034 1 5804
economical FR940104-0-00034 1 5806
credible FR940104-0-00034 1 5810
way FR940104-0-00034 1 5811
ration FR940104-0-00034 1 5813
scarce FR940104-0-00034 1 5816
meet FR940104-0-00034 5 5823 5838 5935 6349 6884
statutorilyimposed FR940104-0-00034 1 5824
deadlines FR940104-0-00034 1 5825
might FR940104-0-00034 2 5832 5982
otherwise FR940104-0-00034 1 5834
able FR940104-0-00034 1 5836
asserted FR940104-0-00034 3 5843 6656 8072
statement FR940104-0-00034 2 5848 8105
ultimate FR940104-0-00034 1 5854
petitionedfor FR940104-0-00034 1 5860
implies FR940104-0-00034 2 5866 7587
mistrust FR940104-0-00034 1 5868
integrity FR940104-0-00034 1 5871
process FR940104-0-00034 6 5875 6089 6914 6928 6943 6981
involved FR940104-0-00034 2 5878 6750
scientists FR940104-0-00034 4 5879 6167 6347 7580
reveals FR940104-0-00034 1 5881
only FR940104-0-00034 4 5889 5919 7706 7854
competent FR940104-0-00034 3 5891 5956 6673
judge FR940104-0-00034 1 5893
disagreed FR940104-0-00034 1 5907
argued FR940104-0-00034 3 5913 8093 8138
will FR940104-0-00034 4 5918 7453 7489 7699
receive FR940104-0-00034 1 5920
consideration FR940104-0-00034 1 5924
community FR940104-0-00034 2 5928 6318
qualified FR940104-0-00034 3 5930 7486 7751
standard FR940104-0-00034 9 5940 7636 7647 7681 7792 7806 7844 8084 8125
set FR940104-0-00034 1 5941
knowledgeable FR940104-0-00034 1 5958
body FR940104-0-00034 1 5959
field FR940104-0-00034 1 5962
remains FR940104-0-00034 1 5964
largely FR940104-0-00034 1 5965
esoteric FR940104-0-00034 1 5966
selections FR940104-0-00034 1 5977
experts FR940104-0-00034 7 5980 6809 7406 7516 7535 7547 7750
include FR940104-0-00034 1 5983
experienced FR940104-0-00034 1 5984
practitioners FR940104-0-00034 5 5986 6000 6025 7562 7574
who FR940104-0-00034 2 5987 6226
familiar FR940104-0-00034 2 5989 6218
adverse FR940104-0-00034 1 5992
reactions FR940104-0-00034 1 5993
foreign FR940104-0-00034 2 6002 6023
countries FR940104-0-00034 1 6003
where FR940104-0-00034 2 6004 6136
studied FR940104-0-00034 1 6009
government FR940104-0-00034 1 6011
especially FR940104-0-00034 1 6028
merits FR940104-0-00034 1 6037
agreed FR940104-0-00034 1 6039
upon FR940104-0-00034 2 6040 7233
throughout FR940104-0-00034 1 6041
world FR940104-0-00034 1 6043
recognized FR940104-0-00034 2 6048 7735
using FR940104-0-00034 1 6060
peppermint FR940104-0-00034 1 6061
tea FR940104-0-00034 1 6062
soothing FR940104-0-00034 1 6065
carminative FR940104-0-00034 1 6067
digestive FR940104-0-00034 1 6071
tract FR940104-0-00034 1 6072
supported FR940104-0-00034 4 6078 6558 6562 7766
legally FR940104-0-00034 1 6099
liable FR940104-0-00034 1 6100
decisions FR940104-0-00034 1 6102
later FR940104-0-00034 1 6109
placed FR940104-0-00034 1 6113
several FR940104-0-00034 1 6120
called FR940104-0-00034 1 6122
select FR940104-0-00034 1 6140
responsible FR940104-0-00034 1 6143
composed FR940104-0-00034 1 6165
care FR940104-0-00034 1 6170
professionals FR940104-0-00034 1 6171
expertise FR940104-0-00034 3 6173 6715 6719
given FR940104-0-00034 1 6176
nutrientdisease FR940104-0-00034 2 6177 6427
consumer FR940104-0-00034 3 6185 8031 8052
representatives FR940104-0-00034 1 6186
contended FR940104-0-00034 1 6190
reason FR940104-0-00034 3 6193 6977 7433
slowness FR940104-0-00034 2 6198 6311
reliance FR940104-0-00034 2 6210 7571
sufficiently FR940104-0-00034 1 6217
area FR940104-0-00034 4 6224 6301 6372 6684
educated FR940104-0-00034 1 6230
strength FR940104-0-00034 1 6233
reject FR940104-0-00034 2 6254 7226
recommendations FR940104-0-00034 4 6256 6473 7456 7513
long FR940104-0-00034 1 6262
reasons FR940104-0-00034 3 6267 7196 7242
doing FR940104-0-00034 1 6269
so FR940104-0-00034 3 6270 6383 7163
another FR940104-0-00034 1 6272
slow FR940104-0-00034 1 6285
recognize FR940104-0-00034 1 6287
utilize FR940104-0-00034 1 6289
great FR940104-0-00034 1 6291
deal FR940104-0-00034 1 6292
done FR940104-0-00034 1 6298
nutrition FR940104-0-00034 2 6303 6374
attributed FR940104-0-00034 1 6309
gap FR940104-0-00034 2 6314 6337
close FR940104-0-00034 1 6335
leading FR940104-0-00034 1 6346
similar FR940104-0-00034 4 6352 6769 6887 6980
every FR940104-0-00034 2 6355 6890
6 FR940104-0-00034 2 6358 6893
months FR940104-0-00034 2 6359 6894
required FR940104-0-00034 1 6363
discuss FR940104-0-00034 1 6366
latest FR940104-0-00034 1 6368
highly FR940104-0-00034 1 6379
accredited FR940104-0-00034 1 6380
journals FR940104-0-00034 1 6382
create FR940104-0-00034 1 6391
support FR940104-0-00034 2 6393 6475
reach FR940104-0-00034 1 6409
recognizes FR940104-0-00034 2 6436 7471
make FR940104-0-00034 1 6441
valuable FR940104-0-00034 2 6442 6472
contributions FR940104-0-00034 1 6443
assisting FR940104-0-00034 1 6445
evaluate FR940104-0-00034 3 6449 6675 7758
certain FR940104-0-00034 1 6456
example FR940104-0-00034 1 6460
subcommittee FR940104-0-00034 1 6465
provided FR940104-0-00034 1 6471
proposing FR940104-0-00034 2 6478 6488
fortify FR940104-0-00034 1 6490
continue FR940104-0-00034 1 6498
wherever FR940104-0-00034 1 6504
need FR940104-0-00034 1 6506
arises FR940104-0-00034 1 6507
believes FR940104-0-00034 3 6510 6667 6898
right FR940104-0-00034 1 6519
decide FR940104-0-00034 2 6521 6693
frequently FR940104-0-00034 1 6534
establishes FR940104-0-00034 1 6540
shows FR940104-0-00034 1 6552
clearly FR940104-0-00034 2 6557 6560
standing FR940104-0-00034 3 6574 6638 6881
want FR940104-0-00034 1 6583
broader FR940104-0-00034 1 6588
focus FR940104-0-00034 2 6589 6602
just FR940104-0-00034 1 6591
view FR940104-0-00034 2 6597 8017
primary FR940104-0-00034 2 6619 8113
substancedisease FR940104-0-00034 1 6624
established FR940104-0-00034 2 6628 7955
lacks FR940104-0-00034 1 6659
personnel FR940104-0-00034 1 6670
fully FR940104-0-00034 1 6672
properly FR940104-0-00034 1 6676
substantiated FR940104-0-00034 1 6677
take FR940104-0-00034 2 6702 6875
steps FR940104-0-00034 1 6703
ensure FR940104-0-00034 2 6705 7916
membership FR940104-0-00034 1 6708
pertinent FR940104-0-00034 1 6718
implication FR940104-0-00034 2 6727 6842
somehow FR940104-0-00034 1 6744
different FR940104-0-00034 1 6745
depending FR940104-0-00034 1 6746
fact FR940104-0-00034 3 6753 7350 7970
mineral FR940104-0-00034 1 6763
nutritional FR940104-0-00034 1 6770
skills FR940104-0-00034 2 6783 6796
needed FR940104-0-00034 1 6784
basically FR940104-0-00034 1 6791
same FR940104-0-00034 3 6793 7635 7645
epidemiologists FR940104-0-00034 1 6800
nutritionists FR940104-0-00034 1 6802
biostatisticians FR940104-0-00034 1 6804
clinicians FR940104-0-00034 1 6806
people FR940104-0-00034 1 6820
consumed FR940104-0-00034 1 6832
does FR940104-0-00034 4 6837 6863 7402 7904
agree FR940104-0-00034 1 6839
interested FR940104-0-00034 1 6849
communication FR940104-0-00034 3 6852 6873 6901
believe FR940104-0-00034 2 6865 6998
regular FR940104-0-00034 1 6900
open FR940104-0-00034 1 6925
certainly FR940104-0-00034 1 6936
envisioned FR940104-0-00034 2 6940 8133
presented FR940104-0-00034 1 6973
convincing FR940104-0-00034 1 6976
apply FR940104-0-00034 1 6984
continues FR940104-0-00034 1 6996
though FR940104-0-00034 2 7018 7894
arguments FR940104-0-00034 1 7034
contrary FR940104-0-00034 2 7037 7313
proposals FR940104-0-00034 1 7061
issued FR940104-0-00034 1 7065
determines FR940104-0-00034 3 7075 7131 7709
either FR940104-0-00034 3 7090 7221 7295
modified FR940104-0-00034 1 7095
shall FR940104-0-00034 4 7101 7162 7220 7271
forward FR940104-0-00034 2 7102 7176
s FR940104-0-00034 2 7106 8130
together FR940104-0-00034 2 7110 7190
information FR940104-0-00034 6 7117 7143 7181 7207 7262 8054
c. FR940104-0-00034 1 7127
justified FR940104-0-00034 1 7154
notify FR940104-0-00034 1 7164
proposer FR940104-0-00034 2 7166 7169
therefore FR940104-0-00034 2 7197 7344
d. FR940104-0-00034 1 7199
within FR940104-0-00034 1 7200
receipt FR940104-0-00034 1 7204
b FR940104-0-00034 4 7211 7297 7466 7670
accept FR940104-0-00034 1 7222
independent FR940104-0-00034 2 7237 7479
analysis FR940104-0-00034 1 7240
rejection FR940104-0-00034 1 7244
modification FR940104-0-00034 1 7246
arriving FR940104-0-00034 1 7253
consider FR940104-0-00034 2 7259 7454
sustained FR940104-0-00034 1 7278
record FR940104-0-00034 1 7281
viewed FR940104-0-00034 1 7283
emphasis FR940104-0-00034 1 7305
added FR940104-0-00034 1 7306
despite FR940104-0-00034 1 7309
last FR940104-0-00034 1 7316
sentence FR940104-0-00034 1 7317
paragraph FR940104-0-00034 1 7319
d FR940104-0-00034 1 7321
obligates FR940104-0-00034 1 7323
ultimately FR940104-0-00034 1 7342
adopted FR940104-0-00034 1 7365
question FR940104-0-00034 1 7404
botanicals FR940104-0-00034 1 7416
helpful FR940104-0-00034 1 7419
encourages FR940104-0-00034 2 7423 7539
firms FR940104-0-00034 2 7424 7540
revised FR940104-0-00034 1 7436
clarify FR940104-0-00034 1 7449
§101.70 FR940104-0-00034 1 7464
undergone FR940104-0-00034 1 7477
endorsement FR940104-0-00034 1 7484
wellsupported FR940104-0-00034 1 7492
persuasive FR940104-0-00034 1 7498
further FR940104-0-00034 1 7502
place FR940104-0-00034 1 7508
considerable FR940104-0-00034 1 7509
weight FR940104-0-00034 1 7510
outside FR940104-0-00034 2 7515 7546
petition FR940104-0-00034 1 7525
granted FR940104-0-00034 1 7528
influenced FR940104-0-00034 1 7531
significantly FR940104-0-00034 1 7532
concerned FR940104-0-00034 2 7553 7939
heavily FR940104-0-00034 1 7558
weighted FR940104-0-00034 1 7559
over FR940104-0-00034 1 7570
exclusion FR940104-0-00034 1 7578
representing FR940104-0-00034 1 7581
relevant FR940104-0-00034 1 7583
descriptives FR940104-0-00034 1 7585
medicinal FR940104-0-00034 1 7596
purposes FR940104-0-00034 1 7597
stresses FR940104-0-00034 1 7600
again FR940104-0-00034 1 7601
drugs FR940104-0-00034 1 7614
healthrelated FR940104-0-00034 1 7620
condition FR940104-0-00034 1 7621
2. FR940104-0-00034 1 7623
lenient FR940104-0-00034 4 7632 7803 8083 8124
procedure FR940104-0-00034 3 7649 7794 7808
statute FR940104-0-00034 1 7652
provides FR940104-0-00034 1 7653
i FR940104-0-00034 1 7673
§101.14 FR940104-0-00034 1 7685
requirement FR940104-0-00034 1 7696
promulgate FR940104-0-00034 1 7700
totality FR940104-0-00034 1 7714
welldesigned FR940104-0-00034 1 7724
conducted FR940104-0-00034 1 7726
manner FR940104-0-00034 1 7729
procedures FR940104-0-00034 1 7737
principles FR940104-0-00034 1 7739
training FR940104-0-00034 1 7754
explained FR940104-0-00034 1 7772
33705 FR940104-0-00034 1 7785
knows FR940104-0-00034 1 7789
still FR940104-0-00034 1 7817
considers FR940104-0-00034 1 7823
343 FR940104-0-00034 1 7870
allows FR940104-0-00034 1 7881
existence FR940104-0-00034 1 7887
substantial FR940104-0-00034 1 7889
exist FR940104-0-00034 1 7906
desire FR940104-0-00034 2 7914 8048
allow FR940104-0-00034 2 7945 7981
marketplace FR940104-0-00034 1 7949
undercut FR940104-0-00034 1 7960
credibility FR940104-0-00034 1 7962
consumers FR940104-0-00034 1 7985
left FR940104-0-00034 1 7988
little FR940104-0-00034 1 7989
better FR940104-0-00034 1 7990
off FR940104-0-00034 1 7991
less FR940104-0-00034 1 7995
confused FR940104-0-00034 1 7996
1989 FR940104-0-00034 1 8002
passage FR940104-0-00034 1 8006
expressed FR940104-0-00034 1 8014
strikes FR940104-0-00034 1 8022
balance FR940104-0-00034 1 8025
congressional FR940104-0-00034 1 8028
concern FR940104-0-00034 1 8029
fraud FR940104-0-00034 1 8032
sound FR940104-0-00034 1 8038
hand FR940104-0-00034 1 8044
33706 FR940104-0-00034 1 8063
4. FR940104-0-00034 1 8066
large FR940104-0-00034 1 8068
directed FR940104-0-00034 1 8099
cited FR940104-0-00034 1 8103
senator FR940104-0-00034 1 8107
hatch FR940104-0-00034 1 8108
authors FR940104-0-00034 1 8114
[ FR940104-0-00034 1 8129
] FR940104-0-00034 1 8131
providing FR940104-0-00034 1 8141
