should FR941206-1-00134 17 30383 30659 30684 30725 30737 31516 31754 32560 32753 32763 32902 33348 34217 34338 34769 34818 34847
remember FR941206-1-00134 1 30384
that FR941206-1-00134 57 30385 30480 30534 30582 30616 30628 30643 30678 30720 30745 30821 30841 30855 30888 30988 31187 31286 31315 31370 31417 31427 31686 31763 31877 32308 32528 32603 32841 32976 33170 33244 33248 33387 33433 33615 33740 33823 33859 34017 34038 34070 34216 34241 34274 34310 34345 34477 34519 34531 34553 34581 34766 34805 34825 34887 34976 34988
the FR941206-1-00134 231 30386 30405 30411 30436 30449 30452 30456 30461 30493 30530 30540 30545 30554 30558 30566 30592 30613 30629 30675 30679 30704 30717 30758 30787 30795 30822 30836 30846 30851 30858 30885 30893 30897 30931 30943 30953 30958 31001 31021 31025 31038 31041 31046 31071 31075 31127 31214 31221 31232 31236 31239 31269 31277 31311 31337 31362 31371 31379 31409 31414 31457 31473 31482 31491 31521 31537 31604 31609 31629 31636 31666 31690 31711 31725 31746 31774 31810 31826 31899 31903 31909 31919 31924 31937 31953 31961 31969 31981 31988 32037 32044 32058 32080 32115 32139 32144 32150 32199 32219 32225 32238 32257 32260 32311 32326 32336 32367 32433 32447 32487 32501 32577 32594 32600 32609 32613 32633 32637 32658 32671 32710 32739 32749 32769 32793 32813 32845 32898 32931 33069 33128 33132 33211 33214 33228 33270 33279 33283 33307 33319 33343 33383 33388 33393 33398 33401 33419 33430 33469 33480 33505 33535 33571 33598 33653 33662 33669 33682 33713 33717 33737 33741 33752 33767 33773 33782 33786 33796 33799 33807 33818 33832 33839 33844 33854 33895 33912 33921 33947 33955 33985 33991 33996 34034 34107 34115 34157 34177 34190 34206 34238 34266 34275 34291 34296 34311 34329 34340 34350 34358 34364 34388 34430 34448 34462 34472 34478 34507 34537 34578 34657 34679 34685 34724 34737 34767 34772 34789 34792 34806 34853 34861 34880 34901 34909 34912 34929 34940 34961 34968 34989
reuse FR941206-1-00134 1 30387
provision FR941206-1-00134 4 30388 30793 30843 31259
is FR941206-1-00134 39 30389 30395 30407 30414 30429 30458 30751 30889 30919 30945 31003 31043 31062 31080 31241 31812 31843 31946 32596 32632 33049 33269 33310 33709 33763 33813 33849 34057 34123 34145 34202 34270 34303 34469 34486 34675 34868 34920 34947
intended FR941206-1-00134 1 30390
for FR941206-1-00134 52 30391 30435 30557 30589 30742 30922 31020 31102 31231 31336 31357 31392 31499 31612 31644 31677 31987 32108 32128 32174 32249 32314 32329 32340 32357 32602 32606 32612 32636 32657 32694 32924 33051 33072 33173 33272 33312 33345 33436 33706 33720 33884 33924 33970 34121 34159 34393 34689 34756 34771 34809 34882
contaminated FR941206-1-00134 2 30392 34628
equipment FR941206-1-00134 11 30393 31301 31339 31647 31697 31733 31794 33125 33180 33660 35001
which FR941206-1-00134 13 30394 31674 31722 31887 32490 32631 32709 33145 33159 33707 34188 34698 34837
drained FR941206-1-00134 5 30396 30731 34810 34814 34862
of FR941206-1-00134 166 30397 30438 30451 30460 30463 30495 30562 30569 30575 30652 30732 30760 30766 30831 30857 30869 30879 30925 31067 31086 31180 31216 31223 31229 31235 31364 31401 31420 31445 31460 31475 31484 31501 31536 31599 31639 31692 31779 31815 31825 31852 31855 31906 31921 31990 31992 32028 32052 32060 32079 32099 32114 32179 32201 32229 32252 32259 32262 32286 32301 32332 32383 32401 32413 32417 32481 32503 32516 32525 32534 32585 32599 32615 32639 32718 32730 32751 32795 32798 32847 32864 32892 32926 32949 33015 33066 33134 33140 33175 33179 33187 33196 33213 33232 33253 33275 33332 33400 33462 33468 33539 33554 33557 33600 33618 33635 33641 33704 33716 33755 33769 33776 33803 33806 33820 33841 33856 33870 33915 33950 33957 33987 34036 34042 34075 34135 34139 34208 34223 34308 34342 34352 34360 34390 34415 34423 34432 34450 34464 34523 34539 34551 34561 34589 34637 34669 34696 34708 34719 34732 34746 34748 34759 34776 34782 34791 34794 34797 34840 34860 34908 34911 34914 34931 34970 34991
all FR941206-1-00134 6 30398 31019 31162 31554 33003 34777
free FR941206-1-00134 3 30399 30733 31033
flowing FR941206-1-00134 3 30400 30734 31034
liquid FR941206-1-00134 5 30401 30625 30735 31654 34396
( FR941206-1-00134 99 30402 30514 30634 30637 30640 30707 30710 30713 31106 31198 31209 31243 31273 31283 31326 31384 31387 31433 31451 31529 31542 31705 32002 32009 32012 32015 32020 32039 32131 32134 32268 32347 32350 32373 32404 32451 32452 32461 32478 32580 32649 32651 32663 32680 32697 32733 32782 32956 32959 32962 32965 33034 33055 33077 33080 33083 33092 33095 33098 33234 33371 33374 33377 33424 33448 33451 33454 33513 33516 33519 33522 33583 33629 33686 33932 33935 33982 34061 34064 34067 34118 34126 34405 34408 34434 34437 34440 34458 34495 34498 34501 34570 34655 34827 34830 34833 34864 34954 34956
ie FR941206-1-00134 6 30403 32003 32040 32581 33793 33867
, FR941206-1-00134 204 30404 30447 30497 30500 30523 30547 30618 30646 30649 30668 30674 30749 30771 30775 30780 30794 30805 30809 30812 30814 30853 30927 30934 30979 30981 30986 31010 31012 31031 31036 31049 31077 31089 31111 31120 31126 31134 31136 31143 31197 31203 31219 31224 31290 31292 31294 31302 31333 31342 31346 31367 31408 31448 31463 31469 31481 31497 31503 31547 31553 31568 31588 31592 31595 31603 31607 31614 31635 31657 31665 31681 31694 31721 31728 31739 31757 31841 31870 31892 31915 31928 31950 31960 32004 32041 32095 32164 32166 32168 32170 32186 32191 32206 32266 32275 32277 32394 32444 32459 32486 32511 32527 32535 32546 32569 32582 32591 32620 32630 32647 32655 32660 32685 32735 32738 32745 32773 32786 32787 32791 32823 32915 32934 32972 32974 33047 33090 33151 33152 33167 33171 33184 33189 33208 33233 33239 33254 33261 33267 33285 33294 33305 33362 33403 33531 33549 33587 33589 33590 33595 33603 33647 33666 33674 33676 33678 33680 33692 33693 33699 33727 33736 33792 33794 33835 33866 33868 33872 33875 33879 33954 33975 34013 34033 34049 34100 34147 34167 34182 34232 34237 34284 34288 34301 34349 34356 34366 34411 34443 34452 34466 34506 34577 34591 34609 34625 34673 34693 34727 34836 34845 34855 34857 34874
surface FR941206-1-00134 2 30406 30412
dry FR941206-1-00134 1 30408
) FR941206-1-00134 99 30409 30516 30636 30639 30642 30709 30712 30715 31110 31202 31211 31246 31275 31285 31349 31386 31389 31435 31453 31531 31544 31709 32006 32014 32017 32022 32023 32046 32136 32137 32270 32349 32352 32375 32416 32454 32463 32465 32480 32584 32653 32665 32667 32684 32721 32757 32788 32961 32964 32967 32968 33038 33057 33079 33082 33087 33094 33097 33100 33238 33373 33376 33379 33428 33450 33453 33456 33515 33518 33521 33526 33591 33634 33694 33934 33937 33989 34063 34066 34069 34120 34130 34407 34410 34436 34439 34442 34460 34497 34500 34503 34576 34672 34829 34832 34835 34867 34958 34959
and FR941206-1-00134 80 30410 30478 30512 30627 30699 30736 30854 30935 30947 30974 30982 31013 31093 31112 31157 31167 31220 31276 31295 31378 31490 31493 31569 31596 31608 31702 31735 31939 31983 31996 32018 32026 32072 32097 32171 32214 32227 32244 32271 32318 32642 32673 32746 32804 32819 32827 32838 32870 32978 32998 33017 33062 33126 33218 33325 33418 33438 33489 33537 33566 33625 33637 33681 33690 33722 33780 33920 33983 34080 34259 34328 34357 34369 34485 34574 34706 34788 34813 34858 34938
contamination FR941206-1-00134 4 30413 30976 31945 34334
demonstrated FR941206-1-00134 2 30415 34534
to FR941206-1-00134 97 30416 30529 30608 30650 30662 30703 30756 30833 30891 30904 30939 30949 30963 31006 31070 31148 31152 31212 31305 31344 31396 31506 31524 31545 31550 31601 31651 31772 31819 31863 31901 31918 31942 31951 31967 31973 31976 32035 32042 32068 32159 32197 32211 32223 32288 32325 32430 32624 32689 32723 32766 32777 32812 32830 32946 33001 33008 33068 33221 33258 33288 33302 33341 33355 33365 33382 33459 33493 33498 33503 33561 33575 33608 33631 33672 33790 34022 34052 34077 34220 34250 34293 34326 34386 34417 34471 34511 34535 34544 34557 34566 34596 34601 34677 34850 34922 34967
be FR941206-1-00134 44 30417 30660 30685 30726 30738 30863 31117 31390 31507 31525 31755 31784 31789 31880 31895 31933 31965 32066 32218 32295 32549 32561 32764 32947 33064 33138 33194 33263 33457 34023 34040 34053 34165 34218 34221 34347 34421 34521 34536 34614 34635 34819 34848 34892
less FR941206-1-00134 4 30418 30604 31252 31321
than FR941206-1-00134 8 30419 30605 31253 31322 32406 32815 33299 34631
100 FR941206-1-00134 4 30420 30424 31108 34191
micrograms FR941206-1-00134 1 30421
pcbs FR941206-1-00134 55 30422 30439 30464 30507 30570 30611 30626 30873 30883 30978 31217 31230 31256 31325 31424 31487 31558 31587 31627 31771 31856 31889 31907 31954 31971 32045 32049 32107 32120 32253 32469 32526 32590 33276 33296 33648 33742 33770 33783 33797 33825 33842 33861 33900 33906 33940 33966 33976 34122 34140 34292 34312 34915 34932 34971
per FR941206-1-00134 3 30423 34186 34193
square FR941206-1-00134 1 30425
centimeters FR941206-1-00134 1 30426
. FR941206-1-00134 137 30427 30455 30487 30489 30492 30543 30571 30573 30578 30591 30612 30672 30716 30747 30790 30838 30865 30867 30874 30915 30952 30967 30984 31000 31024 31068 31095 31140 31160 31183 31195 31257 31310 31331 31350 31406 31438 31444 31479 31509 31576 31611 31632 31648 31707 31710 31744 31777 31803 31816 31839 31860 31890 31911 31948 31980 32024 32093 32138 32184 32204 32254 32297 32299 32304 32335 32466 32499 32557 32605 32668 32758 32789 32859 32887 32929 32969 33011 33036 33039 33085 33088 33163 33201 33226 33277 33327 33360 33396 33426 33429 33484 33524 33527 33546 33592 33612 33664 33695 33734 33761 33811 33847 33877 33901 33938 34011 34055 34106 34131 34161 34200 34230 34268 34298 34335 34373 34375 34380 34399 34504 34541 34572 34605 34647 34702 34704 34712 34743 34761 34799 34821 34871 34904 34928 34960 34985
epa FR941206-1-00134 46 30428 30548 30583 30750 30839 30878 31204 31368 31515 31577 31842 31871 32008 32255 32309 32626 32686 32774 32824 32860 33012 33209 33240 33363 33404 33485 33532 33550 33596 33613 33667 33708 33762 33812 33848 34015 34056 34201 34269 34302 34381 34558 34592 34674 34878 34986
also FR941206-1-00134 12 30430 30525 30550 31191 31578 31668 33089 33241 33814 33850 34382 34803
proposing FR941206-1-00134 4 30431 30752 34058 34676
a FR941206-1-00134 69 30432 30572 30694 30782 30993 31007 31265 31398 31465 31670 31817 31977 32021 32089 32188 32282 32374 32384 32407 32414 32418 32427 32471 32475 32493 32541 32552 32716 32808 32832 32852 32951 33041 33059 33155 33198 33367 33407 33495 33563 33638 33702 33804 33828 33961 34048 34093 34099 34103 34173 34225 34234 34279 34324 34384 34406 34425 34435 34454 34545 34567 34584 34587 34617 34639 34694 34757 34895 34906
parallel FR941206-1-00134 1 30433
authorization FR941206-1-00134 4 30434 31523 31539 34963
use FR941206-1-00134 13 30437 30462 31101 31215 31340 31358 31459 31786 33657 33959 33971 34930 34969
in FR941206-1-00134 108 30440 30467 30509 30596 30656 30884 30930 30971 30992 30998 31082 31100 31122 31132 31141 31218 31262 31464 31495 31548 31618 31628 31633 31649 31662 31785 31795 31800 31857 31861 31912 31985 32033 32077 32112 32162 32280 32369 32381 32426 32440 32457 32500 32540 32597 32645 32669 32708 32759 32844 32850 32875 32939 32950 33025 33131 33141 33154 33165 33197 33205 33227 33338 33369 33380 33442 33543 33547 33570 33593 33606 33696 33730 33747 33751 33772 33785 33798 33826 33843 33862 33907 33946 33990 34092 34141 34224 34265 34306 34317 34424 34444 34493 34542 34593 34616 34638 34652 34683 34723 34774 34894 34898 34916 34933 34939 34943 34972
other FR941206-1-00134 16 30441 30468 30689 30807 31418 31583 31792 32273 32405 32820 32920 33004 33273 34370 34842 34995
pipelines FR941206-1-00134 4 30442 30477 34890 34919
or FR941206-1-00134 49 30443 30781 30815 30818 30835 31045 31059 31065 31137 31175 31532 31683 31787 31799 31832 32055 32182 32278 32386 32389 32411 32424 32431 32513 32523 32531 32567 32704 32856 32881 32919 33116 33123 33149 33177 33255 33300 33335 33466 33473 33501 33579 33658 34156 34180 34453 34475 34517 34526
air FR941206-1-00134 4 30444 30469 33016 34973
compressor FR941206-1-00134 4 30445 30470 34974 34983
systems FR941206-1-00134 4 30446 30471 31156 34742
with FR941206-1-00134 24 30448 30474 30519 30907 31015 31248 31564 31626 31759 31770 31791 32474 32726 32742 33027 33147 33161 33888 33905 34621 34643 34736 34900 34994
consent FR941206-1-00134 1 30450
regional FR941206-1-00134 3 30453 30788 30796
administrator FR941206-1-00134 3 30454 30789 30797
agency FR941206-1-00134 2 30457 34579
aware FR941206-1-00134 1 30459
as FR941206-1-00134 42 30465 30502 30532 30587 30687 30728 30740 30911 31032 31297 31439 31488 31560 31699 31929 32395 32397 32537 32551 32589 32715 32994 33058 33202 33268 33289 33528 33645 33759 33836 33838 34000 34007 34043 34089 34169 34176 34184 34286 34491 34649 34999
lubricants FR941206-1-00134 1 30466
not FR941206-1-00134 24 30472 30536 30826 30990 31303 31429 31749 31873 31956 32087 32124 32688 32776 32944 33220 33502 33744 33968 33984 34256 34481 34487 34869 34965
associated FR941206-1-00134 4 30473 32725 32741 34993
natural FR941206-1-00134 9 30475 34709 34720 34815 34888 34917 34934 34944 34981
gas FR941206-1-00134 10 30476 34710 34721 34816 34865 34889 34918 34935 34945 34982
believes FR941206-1-00134 3 30479 30840 34987
these FR941206-1-00134 12 30481 30585 30721 32075 32230 32322 32755 32848 32927 33023 33619 34924
uses FR941206-1-00134 3 30482 31591 31854
pose FR941206-1-00134 2 30483 30827
no FR941206-1-00134 4 30484 31016 32192 32572
greater FR941206-1-00134 6 30485 32056 32183 33298 34518 34630
risk FR941206-1-00134 8 30486 30830 32811 34325 34343 34353 34681 34990
3 FR941206-1-00134 3 30488 34409 34438
disposal FR941206-1-00134 58 30490 30494 30555 30574 30590 30743 30759 30783 30802 30823 30868 30973 31372 31502 31920 31926 31991 32091 32140 32167 32200 32241 32300 32312 32323 32338 32573 32579 32672 32692 32794 32816 32839 32846 32925 32954 32985 33005 33010 33052 33070 33266 33313 33434 33509 33536 33567 33718 33882 33922 34019 34276 34391 34687 34707 34807 34839 34859
issues FR941206-1-00134 4 30491 30533 32747 33705
nond FR941206-1-00134 3 30496 30617 30667
bound FR941206-1-00134 5 30498 30619 30669 30681 30722
materials FR941206-1-00134 13 30499 30586 30621 30671 30724 31485 31567 31941 33476 33643 33775 33865 33949
such FR941206-1-00134 20 30501 31559 31698 31752 31764 32290 32422 32536 32588 32893 32993 33135 33644 33925 33965 34168 34183 34285 34336 34998
plastic FR941206-1-00134 3 30503 30599 30682
insulating FR941206-1-00134 3 30504 30600 33280
material FR941206-1-00134 12 30505 30577 30601 33281 33293 33754 33788 33801 33834 33846 33898 33910
containing FR941206-1-00134 21 30506 30666 30872 30882 31226 31251 31423 31486 31557 31572 31586 32106 32507 32520 32868 32989 33181 34029 34085 34212 34245
found FR941206-1-00134 10 30508 31118 31395 32938 33746 33771 33945 33977 34942 34979
electrical FR941206-1-00134 15 30510 31300 31338 31421 31461 31518 31555 31561 31584 31646 31742 31793 31830 31858 31885
cabling FR941206-1-00134 1 30511
lead FR941206-1-00134 13 30513 30917 31078 31114 31144 31181 31193 31570 31868 31922 31940 31962 32104
pb FR941206-1-00134 1 30515
cable FR941206-1-00134 42 30517 30870 30881 30918 31002 31042 31055 31061 31079 31097 31115 31145 31182 31194 31225 31237 31240 31296 31318 31354 31394 31422 31462 31519 31552 31556 31562 31571 31585 31616 31753 31765 31781 31811 31838 31869 31886 31900 31963 32038 32105 32203
insulated FR941206-1-00134 1 30518
pcb FR941206-1-00134 66 30520 30593 30620 30653 30670 30680 30690 30695 30723 30761 30898 30965 31307 31399 31573 31593 31658 31925 31938 31994 32090 32152 32175 32240 32315 32341 32508 32705 32731 32799 32834 32872 32935 32990 33042 33060 33073 33107 33121 33124 33129 33246 33389 33470 33474 33506 33540 33558 33724 33808 33873 33889 33916 34004 34030 34086 34213 34246 34378 34397 34602 34663 34690 34843 34883 34996
oilsoaked FR941206-1-00134 3 30521 30886 31574
paper FR941206-1-00134 6 30522 30887 30960 31039 31575 33646
were FR941206-1-00134 5 30524 31428 33684 33784 33795
identified FR941206-1-00134 2 30526 32142
by FR941206-1-00134 20 30527 30539 30786 30850 30977 31074 31268 31413 31732 32143 32437 32701 32802 32817 32911 33111 33478 34524 34527 34785
commenters FR941206-1-00134 1 30528
anprm FR941206-1-00134 3 30531 30546 33402
are FR941206-1-00134 34 30535 30622 30989 30995 31057 31511 31687 31729 31955 32073 32110 32146 32195 32232 32343 32361 32470 32529 32622 32943 32971 32999 33330 33623 33649 33743 33927 33944 33967 34263 34714 34750 34977 35002
adequately FR941206-1-00134 1 30537
addressed FR941206-1-00134 1 30538
current FR941206-1-00134 9 30541 30630 30705 30859 31538 32932 33315 34401 34962
regulations FR941206-1-00134 7 30542 32153 32368 32933 33390 34402 34768
since FR941206-1-00134 3 30544 32468 33397
has FR941206-1-00134 7 30549 31098 32399 33019 33405 33533 34532
received FR941206-1-00134 3 30551 33406 34383
comments FR941206-1-00134 4 30552 31345 31510 34925
addressing FR941206-1-00134 2 30553 33022
requirements FR941206-1-00134 28 30556 31373 31381 32083 32173 32243 32313 32324 32328 32339 32356 32574 32611 32693 32986 33006 33395 33435 33510 33719 33883 33914 33923 34020 34431 34449 34463 34808
relatively FR941206-1-00134 1 30559
small FR941206-1-00134 41 30560 30654 32302 32316 32509 32695 32711 32770 32800 32835 32873 32936 32991 33043 33108 33182 33191 33215 33259 33321 33440 33471 33507 33541 33559 33601 33621 33725 33748 33809 33829 33890 34031 34087 34143 34149 34195 34214 34247 34315 34367
quantity FR941206-1-00134 7 30561 32428 32435 32477 33186 34117 34196
waste FR941206-1-00134 24 30563 30773 30778 31280 32544 32641 32854 32879 32885 32900 32907 33157 33421 33572 33577 34046 34091 34096 34228 34253 34282 34320 34456 34490
generated FR941206-1-00134 1 30564
during FR941206-1-00134 3 30565 31828 33655
chemical FR941206-1-00134 7 30567 30772 32853 32884 33156 33576 34455
analysis FR941206-1-00134 1 30568
pcbbound FR941206-1-00134 1 30576
one FR941206-1-00134 5 30579 30765 32558 34762 34875
commenter FR941206-1-00134 16 30580 30614 30676 30718 30852 30876 31076 31415 32145 32306 33384 34508 34763 34802 34823 34876
requested FR941206-1-00134 2 30581 33432
designate FR941206-1-00134 1 30584
unregulated FR941206-1-00134 2 30588 30741
concentration FR941206-1-00134 6 30594 30696 31228 31400 33840 33874
encased FR941206-1-00134 2 30595 31563
this FR941206-1-00134 22 30597 30792 30842 30968 31096 31258 31316 31352 31446 31780 31913 32202 32438 32728 33168 33206 33604 34162 34607 34653 34670 34801
solid FR941206-1-00134 11 30598 30777 31279 32543 32640 34045 34095 34227 34252 34281 34319
ranges FR941206-1-00134 1 30602
from FR941206-1-00134 18 30603 30624 30902 31037 31823 31833 31846 32007 32187 32421 33251 33256 33412 33652 33659 34102 34314 34752
50 FR941206-1-00134 14 30606 30698 30903 31254 31323 31404 32053 32180 33303 33525 33942 33980 34416 34952
ppm FR941206-1-00134 18 30607 30610 30701 30906 30914 31255 31324 31405 32054 32181 33304 33943 33981 34419 34484 34516 34633 34953
500 FR941206-1-00134 6 30609 30700 30905 34483 34515 34632
argues FR941206-1-00134 2 30615 30677
distinct FR941206-1-00134 1 30623
exemption FR941206-1-00134 7 30631 30860 32127 32772 32901 33217 34197
at FR941206-1-00134 31 30632 30754 31018 31374 31382 31402 31441 31527 31540 32050 32154 32177 32345 32363 33075 33117 33297 33446 33511 33930 33978 34009 34059 34278 34403 34413 34514 34629 34666 34949 34980
761.60 FR941206-1-00134 17 30633 30706 31377 32019 32346 32958 33054 33076 33091 33370 33447 33512 33931 34060 34404 34433 34826
b FR941206-1-00134 14 30635 30708 30866 32348 32960 33078 33093 33372 33449 33514 33933 34062 34496 34828
2 FR941206-1-00134 10 30638 31388 32016 32351 32963 33096 33375 33452 33517 34065
ii FR941206-1-00134 6 30641 30714 32966 33455 33520 34834
allows FR941206-1-00134 1 30644
persons FR941206-1-00134 2 30645 32888
except FR941206-1-00134 4 30647 31498 32698 33172
manufacturers FR941206-1-00134 5 30648 32703 32707 33174 33178
dispose FR941206-1-00134 3 30651 32891 34074
capacitors FR941206-1-00134 36 30655 32303 32317 32342 32510 32696 32801 32849 32874 32937 32992 33122 33130 33176 33183 33192 33260 33337 33441 33472 33542 33560 33573 33602 33622 33654 33663 33726 33749 33891 34032 34088 34150 34215 34248 34316
municipal FR941206-1-00134 11 30657 30776 32542 33199 33351 34044 34094 34226 34251 34280 34318
landfills FR941206-1-00134 5 30658 33352 33578 34254 34321
extended FR941206-1-00134 1 30661
cover FR941206-1-00134 1 30663
manufactured FR941206-1-00134 4 30664 31625 31769 33120
items FR941206-1-00134 5 30665 32928 32988 33926 34884
alternatively FR941206-1-00134 1 30673
insulation FR941206-1-00134 5 30683 30871 31489 31566 31631
treated FR941206-1-00134 2 30686 30739
`` FR941206-1-00134 15 30688 31678 32061 32378 32494 33029 33105 33290 34002 34582 34660 34765 34841 34852 34885
articles FR941206-1-00134 5 30691 33074 33917 34844 34997
'' FR941206-1-00134 15 30692 31682 32064 32467 32496 33033 33164 33292 34006 34648 34665 34800 34846 34872 34905
having FR941206-1-00134 2 30693 30729
between FR941206-1-00134 1 30697
pursuant FR941206-1-00134 1 30702
5 FR941206-1-00134 5 30711 33081 33936 34573 34831
suggests FR941206-1-00134 2 30719 31416
viewed FR941206-1-00134 1 30727
been FR941206-1-00134 6 30730 31099 31624 31768 34533 34555
under FR941206-1-00134 20 30744 30791 31520 32149 32247 32484 32497 32555 32618 32897 32930 33053 33314 33918 33972 34113 34198 34400 34548 34606
section FR941206-1-00134 4 30746 33207 33409 34549
however FR941206-1-00134 8 30748 31480 32205 32790 32973 33878 33974 34505
provisions FR941206-1-00134 1 30753
761.62 FR941206-1-00134 1 30755
address FR941206-1-00134 3 30757 32198 34387
nonn FR941206-1-00134 1 30762
wastes FR941206-1-00134 8 30763 31995 32176 32732 34398 34664 34692 34697
using FR941206-1-00134 2 30764 33661
four FR941206-1-00134 1 30767
options FR941206-1-00134 2 30768 34392
: FR941206-1-00134 3 30769 32377 33104
incineration FR941206-1-00134 5 30770 33461 33467 34525 34540
landfill FR941206-1-00134 13 30774 30779 32545 32855 32886 33158 33200 34097 34229 34267 34283 34457 34619
method FR941206-1-00134 4 30784 30803 30824 34530
approved FR941206-1-00134 4 30785 32877 32883 32953
could FR941206-1-00134 6 30798 31766 32294 33262 34164 34346
approve FR941206-1-00134 1 30799
an FR941206-1-00134 21 30800 30828 31741 31804 31829 32000 32069 32126 32207 32291 32387 32390 32857 32876 32882 33143 34001 34133 34445 34488 34528
alternate FR941206-1-00134 2 30801 34529
based FR941206-1-00134 2 30804 31261
among FR941206-1-00134 1 30806
things FR941206-1-00134 1 30808
on FR941206-1-00134 18 30810 31196 31264 31513 31581 31724 32118 32576 32677 32987 33766 33817 34025 34205 34233 34363 34559 34659
technical FR941206-1-00134 1 30811
environmental FR941206-1-00134 5 30813 31052 31805 31930 32250
wastespecific FR941206-1-00134 1 30816
characteristics FR941206-1-00134 1 30817
considerations FR941206-1-00134 1 30819
indicating FR941206-1-00134 2 30820 34273
would FR941206-1-00134 10 30825 30844 30861 31454 31504 31807 31821 32547 32842 33994
unreasonable FR941206-1-00134 1 30829
injury FR941206-1-00134 1 30832
health FR941206-1-00134 3 30834 32913 34327
environment FR941206-1-00134 7 30837 31610 31910 32814 33683 34297 34330
provide FR941206-1-00134 1 30845
flexibility FR941206-1-00134 1 30847
being FR941206-1-00134 2 30848 31411
sought FR941206-1-00134 1 30849
expansion FR941206-1-00134 1 30856
therefore FR941206-1-00134 6 30862 31407 31840 32185 33361 33665
unnecessary FR941206-1-00134 1 30864
another FR941206-1-00134 4 30875 32305 33102 34822
informed FR941206-1-00134 1 30877
leadsheathed FR941206-1-00134 1 30880
used FR941206-1-00134 6 30890 31081 31131 31147 31617 34146
wrap FR941206-1-00134 1 30892
copper FR941206-1-00134 1 30894
conductors FR941206-1-00134 1 30895
; FR941206-1-00134 5 30896 32353 32456 32564 33941
levels FR941206-1-00134 2 30899 30909
typically FR941206-1-00134 3 30900 31090 31129
range FR941206-1-00134 1 30901
some FR941206-1-00134 3 30908 31104 31778
reported FR941206-1-00134 1 30910
exceeding FR941206-1-00134 2 30912 32432
100000 FR941206-1-00134 1 30913
discarded FR941206-1-00134 1 30916
potentially FR941206-1-00134 2 30920 34563
stored FR941206-1-00134 2 30921 31064
long FR941206-1-00134 1 30923
periods FR941206-1-00134 1 30924
time FR941206-1-00134 4 30926 31105 33119 33605
pending FR941206-1-00134 1 30928
changes FR941206-1-00134 1 30929
metals FR941206-1-00134 1 30932
market FR941206-1-00134 1 30933
then FR941206-1-00134 4 30936 30956 32319 33306
ultimately FR941206-1-00134 1 30937
sent FR941206-1-00134 2 30938 34249
scrap FR941206-1-00134 5 30940 30954 32029 32213 32263
yards FR941206-1-00134 3 30941 30955 32030
where FR941206-1-00134 1 30942
metal FR941206-1-00134 1 30944
removed FR941206-1-00134 3 30946 33477 34751
sold FR941206-1-00134 1 30948
recycling FR941206-1-00134 6 30950 31978 32100 32264 33479 33791
operations FR941206-1-00134 3 30951 32101 32216
burn FR941206-1-00134 1 30957
pcbsoaked FR941206-1-00134 1 30959
without FR941206-1-00134 1 30961
regard FR941206-1-00134 2 30962 33607
its FR941206-1-00134 7 30964 31365 31476 31534 31590 33028 33491
content FR941206-1-00134 1 30966
may FR941206-1-00134 14 30969 31425 31622 31782 31788 31850 32065 32217 32981 33193 34039 34073 34420 34613
result FR941206-1-00134 5 30970 32717 32843 33250 33986
illegal FR941206-1-00134 2 30972 33265
site FR941206-1-00134 1 30975
dioxins FR941206-1-00134 1 30980
dibenzofurans FR941206-1-00134 1 30983
further FR941206-1-00134 5 30985 31944 31949 32193 32767
cables FR941206-1-00134 5 30987 31680 31685 31720 31859
contained FR941206-1-00134 2 30991 31320
conduit FR941206-1-00134 1 30994
often FR941206-1-00134 3 30996 31029 31730
abandoned FR941206-1-00134 5 30997 31014 31058 31790 32530
place FR941206-1-00134 3 30999 32163 34775
ripped FR941206-1-00134 1 31004
out FR941206-1-00134 3 31005 31689 31738
convenient FR941206-1-00134 1 31008
point FR941206-1-00134 2 31009 32559
cut FR941206-1-00134 3 31011 31022 31044
protection FR941206-1-00134 1 31017
end FR941206-1-00134 3 31023 31363 31474
pcbcontaining FR941206-1-00134 2 31026 33620
oil FR941206-1-00134 2 31027 31035
will FR941206-1-00134 2 31028 34289
leak FR941206-1-00134 2 31030 34294
when FR941206-1-00134 7 31040 31054 31431 31836 31882 31897 31935
covering FR941206-1-00134 1 31047
damaged FR941206-1-00134 2 31048 31731
thereby FR941206-1-00134 1 31050
creating FR941206-1-00134 1 31051
concerns FR941206-1-00134 2 31053 31864
runs FR941206-1-00134 1 31056
old FR941206-1-00134 1 31060
improperly FR941206-1-00134 2 31063 31813
disposed FR941206-1-00134 12 31066 31814 32533 32948 33065 33139 33195 34041 34222 34422 34522 34636
according FR941206-1-00134 2 31069 33067
information FR941206-1-00134 8 31072 31580 32634 33711 33852 34204 34337 34468
submitted FR941206-1-00134 2 31073 34556
high FR941206-1-00134 3 31083 33580 34426
voltage FR941206-1-00134 2 31084 31288
distribution FR941206-1-00134 7 31085 31124 31155 31494 31984 34741 34778
electric FR941206-1-00134 3 31087 31271 31684
power FR941206-1-00134 3 31088 31151 31190
5000 FR941206-1-00134 1 31091
volts FR941206-1-00134 1 31092
above FR941206-1-00134 1 31094
quite FR941206-1-00134 1 31103
about FR941206-1-00134 3 31107 31866 32234
years FR941206-1-00134 1 31109
although FR941206-1-00134 2 31113 31351
can FR941206-1-00134 6 31116 31736 31872 32890 34322 34891
everywhere FR941206-1-00134 1 31119
including FR941206-1-00134 4 31121 31244 31589 34728
overhead FR941206-1-00134 1 31123
lines FR941206-1-00134 1 31125
product FR941206-1-00134 1 31128
was FR941206-1-00134 10 31130 31146 31260 31355 31436 31675 31715 32713 34110 34509
underground FR941206-1-00134 3 31133 31619 31645
submerged FR941206-1-00134 1 31135
submersible FR941206-1-00134 1 31138
applications FR941206-1-00134 1 31139
particular FR941206-1-00134 1 31142
supply FR941206-1-00134 1 31149
primary FR941206-1-00134 2 31150 31189
vaulted FR941206-1-00134 1 31153
network FR941206-1-00134 1 31154
subway FR941206-1-00134 1 31158
transformers FR941206-1-00134 2 31159 31664
almost FR941206-1-00134 1 31161
utilities FR941206-1-00134 2 31163 31278
serving FR941206-1-00134 1 31164
metropolitan FR941206-1-00134 1 31165
areas FR941206-1-00134 2 31166 31798
most FR941206-1-00134 2 31168 32220
large FR941206-1-00134 7 31169 31184 32796 33555 34376 34394 34661
industrial FR941206-1-00134 7 31170 32805 32828 34512 34598 34611 34700
facilities FR941206-1-00134 5 31171 31186 32231 32287 33329
either FR941206-1-00134 3 31172 32851 33827
currently FR941206-1-00134 2 31173 32147
own FR941206-1-00134 1 31174
have FR941206-1-00134 6 31176 31192 31623 31767 32123 33860
owned FR941206-1-00134 3 31177 32700 33110
significant FR941206-1-00134 3 31178 33639 33962
quantities FR941206-1-00134 4 31179 32797 33556 33628
commercial FR941206-1-00134 3 31185 32803 32826
distribute FR941206-1-00134 1 31188
47 FR941206-1-00134 2 31199 33687
fr FR941206-1-00134 6 31200 32682 32784 33236 33585 33688
37352 FR941206-1-00134 1 31201
promulgated FR941206-1-00134 2 31205 31437
40 FR941206-1-00134 8 31206 31375 32155 32364 32370 34127 34622 34644
cfr FR941206-1-00134 8 31207 31376 32156 32365 32371 34128 34623 34645
761.30 FR941206-1-00134 7 31208 31383 31432 31450 31528 31541 34955
m FR941206-1-00134 4 31210 31385 31434 31543
authorize FR941206-1-00134 1 31213
servicing FR941206-1-00134 3 31222 31380 31898
any FR941206-1-00134 18 31227 31393 31582 31847 31884 32272 32379 32402 32441 33106 33112 33118 33185 33245 33880 34071 34361 34783
useful FR941206-1-00134 2 31233 31477
life FR941206-1-00134 2 31234 31478
provided FR941206-1-00134 2 31238 32344
serviced FR941206-1-00134 1 31242
rebuilding FR941206-1-00134 1 31245
only FR941206-1-00134 2 31247 33745
dielectric FR941206-1-00134 3 31249 31308 31659
fluid FR941206-1-00134 5 31250 31309 31660 33636 34479
part FR941206-1-00134 3 31263 32157 32439
study FR941206-1-00134 1 31266
conducted FR941206-1-00134 1 31267
edison FR941206-1-00134 1 31270
institute FR941206-1-00134 2 31272 32261
eei FR941206-1-00134 1 31274
activities FR941206-1-00134 8 31281 32034 32076 32130 32141 32720 32806 33024
group FR941206-1-00134 1 31282
uswag FR941206-1-00134 1 31284
described FR941206-1-00134 2 31287 34492
regulators FR941206-1-00134 1 31289
switches FR941206-1-00134 1 31291
electromagnets FR941206-1-00134 1 31293
mineral FR941206-1-00134 1 31298
oilfilled FR941206-1-00134 4 31299 31317 31353 31551
designed FR941206-1-00134 2 31304 32210
contain FR941206-1-00134 4 31306 31397 33626 33824
rulemaking FR941206-1-00134 2 31312 31328
record FR941206-1-00134 2 31313 31329
indicates FR941206-1-00134 2 31314 31762
generally FR941206-1-00134 3 31319 32548 32942
previous FR941206-1-00134 1 31327
ref FR941206-1-00134 6 31330 31706 33035 33084 33425 33523
6 FR941206-1-00134 2 31332 34575
support FR941206-1-00134 2 31334 34307
document FR941206-1-00134 1 31335
rule FR941206-1-00134 3 31341 32675 34654
response FR941206-1-00134 5 31343 31862 32449 32644 33381
august FR941206-1-00134 1 31347
1982 FR941206-1-00134 2 31348 33594
authorized FR941206-1-00134 3 31356 33969 34948
until FR941206-1-00134 3 31359 31470 33150
it FR941206-1-00134 4 31360 31471 31975 33048
reached FR941206-1-00134 2 31361 31472
lifecycle FR941206-1-00134 1 31366
required FR941206-1-00134 3 31369 32196 32945
followed FR941206-1-00134 1 31391
least FR941206-1-00134 1 31403
issue FR941206-1-00134 5 31410 33599 33956 34236 34389
raised FR941206-1-00134 3 31412 31865 33701
types FR941206-1-00134 1 31419
exist FR941206-1-00134 3 31426 31808 31822
anticipated FR941206-1-00134 1 31430
reflected FR941206-1-00134 1 31440
unit FR941206-1-00134 2 31442 34667
iid2 FR941206-1-00134 1 31443
preamble FR941206-1-00134 2 31447 34671
proposed FR941206-1-00134 3 31449 31522 33714
q FR941206-1-00134 2 31452 31530
expressly FR941206-1-00134 1 31455
allow FR941206-1-00134 2 31456 34770
continued FR941206-1-00134 2 31458 33958
totally FR941206-1-00134 1 31466
enclosed FR941206-1-00134 1 31467
manner FR941206-1-00134 2 31468 34896
installation FR941206-1-00134 1 31483
processing FR941206-1-00134 4 31492 31982 32109 32119
commerce FR941206-1-00134 3 31496 31959 31986
purposes FR941206-1-00134 1 31500
continue FR941206-1-00134 1 31505
unauthorized FR941206-1-00134 1 31508
solicited FR941206-1-00134 1 31512
whether FR941206-1-00134 4 31514 32761 33500 33781
include FR941206-1-00134 5 31517 31546 32160 33366 34339
inserted FR941206-1-00134 1 31526
expand FR941206-1-00134 1 31533
interpretation FR941206-1-00134 1 31535
addition FR941206-1-00134 2 31549 31650
pcbimpregnated FR941206-1-00134 1 31565
welcomes FR941206-1-00134 1 31579
concentrations FR941206-1-00134 5 31594 32051 32178 34414 34950
potential FR941206-1-00134 4 31597 32245 33344 33610
risks FR941206-1-00134 3 31598 33671 34902
exposure FR941206-1-00134 3 31600 33670 34992
workers FR941206-1-00134 2 31602 31820
general FR941206-1-00134 1 31605
public FR941206-1-00134 1 31606
example FR941206-1-00134 1 31613
highvoltage FR941206-1-00134 2 31615 31695
coal FR941206-1-00134 1 31620
mines FR941206-1-00134 3 31621 31640 31802
conductor FR941206-1-00134 1 31630
1954 FR941206-1-00134 1 31634
us FR941206-1-00134 1 31637
bureau FR941206-1-00134 3 31638 31667 31747
published FR941206-1-00134 3 31641 31669 32676
fireresistance FR941206-1-00134 1 31642
standards FR941206-1-00134 2 31643 31776
requiring FR941206-1-00134 1 31652
none FR941206-1-00134 1 31653
[ FR941206-1-00134 2 31655 34583
eg FR941206-1-00134 2 31656 32734
] FR941206-1-00134 2 31661 34585
liquidfilled FR941206-1-00134 1 31663
fire FR941206-1-00134 4 31671 31712 31743 32917
test FR941206-1-00134 3 31672 31714 31775
procedure FR941206-1-00134 1 31673
mandatory FR941206-1-00134 1 31676
trailing FR941206-1-00134 2 31679 31719
reeled FR941206-1-00134 1 31688
back FR941206-1-00134 1 31691
mobile FR941206-1-00134 1 31693
mining FR941206-1-00134 1 31696
continuous FR941206-1-00134 1 31700
miners FR941206-1-00134 1 31701
shuttle FR941206-1-00134 1 31703
cars FR941206-1-00134 1 31704
56 FR941206-1-00134 1 31708
resistance FR941206-1-00134 1 31713
considered FR941206-1-00134 2 31716 33264
prudent FR941206-1-00134 1 31717
because FR941206-1-00134 6 31718 32792 33616 33802 33964 34112
lie FR941206-1-00134 1 31723
mine FR941206-1-00134 2 31726 31796
floor FR941206-1-00134 1 31727
travel FR941206-1-00134 1 31734
short FR941206-1-00134 2 31737 31831
causing FR941206-1-00134 1 31740
while FR941206-1-00134 2 31745 34626
did FR941206-1-00134 1 31748
specify FR941206-1-00134 1 31750
how FR941206-1-00134 1 31751
made FR941206-1-00134 2 31756 32562
experience FR941206-1-00134 1 31758
naval FR941206-1-00134 1 31760
vessels FR941206-1-00134 1 31761
meet FR941206-1-00134 2 31773 33911
still FR941206-1-00134 2 31783 32861
storage FR941206-1-00134 3 31797 32165 34856
closed FR941206-1-00134 2 31801 32514
hazard FR941206-1-00134 2 31806 31818
if FR941206-1-00134 12 31809 32084 32121 32593 33278 33318 33894 33939 34014 34132 34299 34467
inhalation FR941206-1-00134 1 31824
fumes FR941206-1-00134 1 31827
dermal FR941206-1-00134 1 31834
contact FR941206-1-00134 2 31835 32625
splicing FR941206-1-00134 1 31837
seeking FR941206-1-00134 8 31844 33710 33764 33815 33851 34203 34271 34304
comment FR941206-1-00134 1 31845
person FR941206-1-00134 4 31848 32380 33113 34072
who FR941206-1-00134 6 31849 32031 32102 32752 32889 33114
know FR941206-1-00134 1 31851
past FR941206-1-00134 1 31853
handling FR941206-1-00134 3 31867 31883 34854
emphasize FR941206-1-00134 1 31874
strongly FR941206-1-00134 1 31875
enough FR941206-1-00134 1 31876
caution FR941206-1-00134 2 31878 31893
must FR941206-1-00134 7 31879 31894 31932 31964 33063 34520 34634
exercised FR941206-1-00134 2 31881 31896
contains FR941206-1-00134 3 31888 33295 33899
first FR941206-1-00134 2 31891 33735
prevent FR941206-1-00134 1 31902
inadvertent FR941206-1-00134 1 31904
release FR941206-1-00134 8 31905 32403 32410 32495 32554 32583 32595 32614
into FR941206-1-00134 4 31908 31958 34295 34926
instance FR941206-1-00134 1 31914
restrictions FR941206-1-00134 1 31916
attendant FR941206-1-00134 1 31917
complicate FR941206-1-00134 1 31923
process FR941206-1-00134 1 31927
releases FR941206-1-00134 4 31931 32251 32331 32360
controlled FR941206-1-00134 1 31934
separating FR941206-1-00134 1 31936
ensure FR941206-1-00134 3 31943 31952 32224
avoided FR941206-1-00134 1 31947
reintroduced FR941206-1-00134 1 31957
decontaminated FR941206-1-00134 1 31966
remove FR941206-1-00134 2 31968 32043
residual FR941206-1-00134 1 31970
prior FR941206-1-00134 3 31972 33007 33789
sending FR941206-1-00134 1 31974
operation FR941206-1-00134 1 31979
purpose FR941206-1-00134 1 31989
regulated FR941206-1-00134 6 31993 32148 33050 33311 34870 34893
their FR941206-1-00134 11 31997 32129 32235 32743 33336 33487 33609 33656 33697 33863 33908
destruction FR941206-1-00134 1 31998
require FR941206-1-00134 2 31999 33460
approval FR941206-1-00134 3 32001 32092 32242
permit FR941206-1-00134 2 32005 32082
see FR941206-1-00134 4 32010 32132 32957 34656
761.20 FR941206-1-00134 2 32011 32133
c FR941206-1-00134 3 32013 32135 32298
owners FR941206-1-00134 3 32025 32096 32226
operators FR941206-1-00134 3 32027 32098 32228
engage FR941206-1-00134 1 32032
decontaminate FR941206-1-00134 1 32036
and/or FR941206-1-00134 2 32047 33831
destroy FR941206-1-00134 1 32048
through FR941206-1-00134 3 32057 32538 34331
practice FR941206-1-00134 2 32059 33166
open FR941206-1-00134 2 32062 32512
burning FR941206-1-00134 1 32063
subject FR941206-1-00134 2 32067 33354
enforcement FR941206-1-00134 2 32070 32736
action FR941206-1-00134 2 32071 33359
conducting FR941206-1-00134 1 32074
violation FR941206-1-00134 2 32078 32113
tsca FR941206-1-00134 12 32081 32116 32151 32239 32337 32566 32952 33339 33408 34552 34618 34640
they FR941206-1-00134 3 32085 32122 34262
do FR941206-1-00134 2 32086 34255
possess FR941206-1-00134 1 32088
finally FR941206-1-00134 2 32094 34231
accept FR941206-1-00134 1 32103
operating FR941206-1-00134 1 32111
ban FR941206-1-00134 1 32117
obtained FR941206-1-00134 1 32125
761 FR941206-1-00134 1 32158
abandonment FR941206-1-00134 3 32161 34705 34773
permitting FR941206-1-00134 1 32169
manifesting FR941206-1-00134 1 32172
regulatory FR941206-1-00134 4 32189 32780 33224 33496
perspective FR941206-1-00134 2 32190 34927
rules FR941206-1-00134 3 32194 33071 33316
outreach FR941206-1-00134 2 32208 32292
program FR941206-1-00134 5 32209 32293 32840 33032 33568
reach FR941206-1-00134 1 32212
salvaging FR941206-1-00134 1 32215
appropriate FR941206-1-00134 2 32221 34686
mechanism FR941206-1-00134 1 32222
educated FR941206-1-00134 1 32233
responsibilities FR941206-1-00134 1 32236
regarding FR941206-1-00134 4 32237 32608 33712 33853
liabilities FR941206-1-00134 1 32246
cercla FR941206-1-00134 12 32248 32327 32354 32485 32498 32556 32570 32619 33357 33394 34114 34160
solicits FR941206-1-00134 1 32256
cooperation FR941206-1-00134 1 32258
industries FR941206-1-00134 1 32265
inc. FR941206-1-00134 1 32267
isri FR941206-1-00134 1 32269
individuals FR941206-1-00134 1 32274
organizations FR941206-1-00134 1 32276
associations FR941206-1-00134 1 32279
developing FR941206-1-00134 1 32281
comprehensive FR941206-1-00134 1 32283
mailing FR941206-1-00134 1 32284
list FR941206-1-00134 1 32285
whom FR941206-1-00134 1 32289
directed FR941206-1-00134 1 32296
suggested FR941206-1-00134 5 32307 34179 34764 34804 34877
define FR941206-1-00134 1 32310
cross FR941206-1-00134 2 32320 33391
reference FR941206-1-00134 2 32321 33392
reporting FR941206-1-00134 3 32330 32355 32610
hazardous FR941206-1-00134 9 32333 32358 32419 32472 32586 32616 32878 32906 33420
substances FR941206-1-00134 3 32334 32587 32617
substance FR941206-1-00134 4 32359 32420 32473 32604
listed FR941206-1-00134 1 32362
302.6. FR941206-1-00134 1 32366
302.6 FR941206-1-00134 1 32372
state FR941206-1-00134 2 32376 32977
charge FR941206-1-00134 1 32382
vessel FR941206-1-00134 2 32385 32423
offshore FR941206-1-00134 1 32388
onshore FR941206-1-00134 1 32391
facility FR941206-1-00134 3 32392 32425 32955
shall FR941206-1-00134 2 32393 33137
soon FR941206-1-00134 1 32396
he FR941206-1-00134 1 32398
knowledge FR941206-1-00134 1 32400
federally FR941206-1-00134 1 32408
permitted FR941206-1-00134 1 32409
application FR941206-1-00134 1 32412
pesticide FR941206-1-00134 1 32415
equal FR941206-1-00134 2 32429 33301
reportable FR941206-1-00134 4 32434 32476 32553 34116
determined FR941206-1-00134 6 32436 32775 33219 33668 34054 34595
24hour FR941206-1-00134 1 32442
period FR941206-1-00134 4 32443 34050 34101 34175
immediately FR941206-1-00134 1 32445
notify FR941206-1-00134 1 32446
national FR941206-1-00134 1 32448
center FR941206-1-00134 1 32450
800 FR941206-1-00134 2 32453 32652
4248802 FR941206-1-00134 1 32455
washington FR941206-1-00134 3 32458 32646 32659
dc FR941206-1-00134 3 32460 32648 32661
202 FR941206-1-00134 1 32462
4262675 FR941206-1-00134 1 32464
rq FR941206-1-00134 4 32479 32601 34119 34158
1 FR941206-1-00134 4 32482 32521 34124 34154
pound FR941206-1-00134 4 32483 32522 34125 34155
question FR941206-1-00134 2 32488 32750
becomes FR941206-1-00134 2 32489 33960
scenarios FR941206-1-00134 1 32491
constitute FR941206-1-00134 1 32492
case FR941206-1-00134 2 32502 33271
fluorescent FR941206-1-00134 19 32504 32865 32894 32995 33414 33443 33463 33481 33731 33756 33777 33885 33902 33951 33997 34026 34082 34209 34242
light FR941206-1-00134 23 32505 32517 32866 32895 32940 32996 33333 33415 33444 33464 33482 33732 33757 33778 33857 33886 33903 33952 33998 34027 34083 34210 34243
ballasts FR941206-1-00134 24 32506 32518 32867 32896 32941 32997 33334 33445 33465 33483 33733 33758 33779 33821 33858 33887 33904 33953 34028 34037 34084 34171 34211 34244
drums FR941206-1-00134 1 32515
collectively FR941206-1-00134 1 32519
more FR941206-1-00134 3 32524 32983 34897
otherwise FR941206-1-00134 1 32532
placement FR941206-1-00134 1 32539
regarded FR941206-1-00134 1 32550
clear FR941206-1-00134 1 32563
unlike FR941206-1-00134 1 32565
rcra FR941206-1-00134 2 32568 34199
imposes FR941206-1-00134 1 32571
itself FR941206-1-00134 1 32575
initial FR941206-1-00134 1 32578
even FR941206-1-00134 2 32592 33317
excess FR941206-1-00134 1 32598
specifics FR941206-1-00134 1 32607
readers FR941206-1-00134 3 32621 32970 33243
advised FR941206-1-00134 3 32623 32975 33000
's FR941206-1-00134 4 32627 33013 33350 33385
superfund/rcra FR941206-1-00134 1 32628
hotline FR941206-1-00134 1 32629
service FR941206-1-00134 2 32635 34753
office FR941206-1-00134 2 32638 33014
emergency FR941206-1-00134 1 32643
tollfree FR941206-1-00134 1 32650
4249346 FR941206-1-00134 1 32654
local FR941206-1-00134 6 32656 32905 32916 32921 32979 34740
area FR941206-1-00134 1 32662
703 FR941206-1-00134 1 32664
9209810 FR941206-1-00134 1 32666
promulgating FR941206-1-00134 1 32670
marking FR941206-1-00134 1 32674
february FR941206-1-00134 1 32678
1978 FR941206-1-00134 1 32679
43 FR941206-1-00134 1 32681
7150 FR941206-1-00134 1 32683
decided FR941206-1-00134 1 32687
impose FR941206-1-00134 4 32690 32778 32982 33222
special FR941206-1-00134 1 32691
those FR941206-1-00134 2 32699 33729
capacitor FR941206-1-00134 12 32702 32712 32771 32836 33044 33109 33216 33322 33508 33810 33830 34144
article FR941206-1-00134 3 32706 33061 34863
placed FR941206-1-00134 4 32714 34024 34264 34615
manufacturing FR941206-1-00134 1 32719
due FR941206-1-00134 1 32722
problems FR941206-1-00134 1 32724
regulating FR941206-1-00134 1 32727
class FR941206-1-00134 1 32729
difficulties FR941206-1-00134 1 32737
expense FR941206-1-00134 1 32740
collection/disposal FR941206-1-00134 1 32744
surrounding FR941206-1-00134 1 32748
incur FR941206-1-00134 1 32754
costs FR941206-1-00134 2 32756 34351
reassessing FR941206-1-00134 1 32760
steps FR941206-1-00134 1 32762
taken FR941206-1-00134 1 32765
limit FR941206-1-00134 1 32768
additional FR941206-1-00134 4 32779 33223 33881 34018
controls FR941206-1-00134 2 32781 33225
44 FR941206-1-00134 3 32783 33235 33584
31528 FR941206-1-00134 3 32785 33237 33588
posed FR941206-1-00134 1 32807
somewhat FR941206-1-00134 1 32809
larger FR941206-1-00134 1 32810
householders FR941206-1-00134 1 32818
infrequent FR941206-1-00134 1 32821
disposers FR941206-1-00134 1 32822
encouraged FR941206-1-00134 2 32825 33551
firms FR941206-1-00134 2 32829 33552
establish FR941206-1-00134 2 32831 33562
voluntary FR941206-1-00134 2 32833 33564
collection FR941206-1-00134 3 32837 32908 33565
incinerator FR941206-1-00134 5 32858 32880 33144 34446 34641
recommends FR941206-1-00134 1 32862
disposing FR941206-1-00134 3 32863 33331 33553
intact FR941206-1-00134 7 32869 33188 33324 33437 33721 34079 34258
nong FR941206-1-00134 5 32871 33190 33439 33723 34081
household FR941206-1-00134 3 32899 34090 34105
consider FR941206-1-00134 2 32903 34678
utilizing FR941206-1-00134 1 32904
efforts FR941206-1-00134 1 32909
sponsored FR941206-1-00134 1 32910
city/county FR941206-1-00134 1 32912
departments FR941206-1-00134 2 32914 32918
government FR941206-1-00134 1 32922
entities FR941206-1-00134 2 32923 34372
governments FR941206-1-00134 1 32980
stringent FR941206-1-00134 1 32984
determine FR941206-1-00134 2 33002 33499
undertaking FR941206-1-00134 1 33009
radiation FR941206-1-00134 1 33018
developed FR941206-1-00134 1 33020
guidance FR941206-1-00134 1 33021
conjunction FR941206-1-00134 1 33026
green FR941206-1-00134 1 33030
lights FR941206-1-00134 1 33031
53 FR941206-1-00134 1 33037
once FR941206-1-00134 2 33040 34261
starts FR941206-1-00134 1 33045
leaking FR941206-1-00134 2 33046 34313
d FR941206-1-00134 2 33056 34374
57 FR941206-1-00134 1 33086
iv FR941206-1-00134 1 33099
identifies FR941206-1-00134 1 33101
exception FR941206-1-00134 1 33103
manufactures FR941206-1-00134 1 33115
acquired FR941206-1-00134 1 33127
course FR941206-1-00134 1 33133
manufacture FR941206-1-00134 3 33136 33855 33871
... FR941206-1-00134 3 33142 33153 34604
complies FR941206-1-00134 2 33146 33160
761.70 FR941206-1-00134 3 33148 34451 34646
761.75 FR941206-1-00134 4 33162 34465 34494 34624
means FR941206-1-00134 2 33169 34787
mentioned FR941206-1-00134 1 33203
earlier FR941206-1-00134 3 33204 33530 34651
reevaluated FR941206-1-00134 1 33210
scope FR941206-1-00134 1 33212
federal FR941206-1-00134 1 33229
register FR941206-1-00134 1 33230
notice FR941206-1-00134 1 33231
warned FR941206-1-00134 1 33242
spillage FR941206-1-00134 1 33247
might FR941206-1-00134 1 33249
failure FR941206-1-00134 1 33252
damage FR941206-1-00134 1 33257
spills FR941206-1-00134 1 33274
inside FR941206-1-00134 1 33282
ballast FR941206-1-00134 5 33284 33309 33416 33896 33999
sometimes FR941206-1-00134 1 33286
referred FR941206-1-00134 1 33287
potting FR941206-1-00134 13 33291 33475 33753 33774 33787 33800 33833 33845 33864 33897 33909 33948 33992
entire FR941206-1-00134 1 33308
internal FR941206-1-00134 1 33320
remains FR941206-1-00134 1 33323
nonleaking FR941206-1-00134 2 33326 34260
many FR941206-1-00134 2 33328 33617
incinerators FR941206-1-00134 2 33340 33582
avoid FR941206-1-00134 1 33342
superfund FR941206-1-00134 2 33346 34568
liability FR941206-1-00134 1 33347
today FR941206-1-00134 1 33349
become FR941206-1-00134 2 33353 33892
future FR941206-1-00134 1 33356
cleanup FR941206-1-00134 2 33358 34569
proposes FR941206-1-00134 1 33364
statement FR941206-1-00134 1 33368
vii FR941206-1-00134 1 33378
suggestion FR941206-1-00134 1 33386
publication FR941206-1-00134 1 33399
21 FR941206-1-00134 2 33410 34550
petition FR941206-1-00134 4 33411 33488 33698 34547
several FR941206-1-00134 3 33413 34562 34744
recyclers FR941206-1-00134 1 33417
treatment FR941206-1-00134 1 33422
council FR941206-1-00134 1 33423
49 FR941206-1-00134 1 33427
petitioners FR941206-1-00134 5 33431 33700 33738 34178 34239
amended FR941206-1-00134 1 33458
granted FR941206-1-00134 1 33486
stated FR941206-1-00134 2 33490 34824
intention FR941206-1-00134 1 33492
initiate FR941206-1-00134 1 33494
investigation FR941206-1-00134 1 33497
amend FR941206-1-00134 1 33504
noted FR941206-1-00134 1 33529
discussed FR941206-1-00134 2 33534 34650
phaseout FR941206-1-00134 2 33538 33611
various FR941206-1-00134 1 33544
rulemakings FR941206-1-00134 1 33545
1979 FR941206-1-00134 1 33548
resulting FR941206-1-00134 1 33569
going FR941206-1-00134 1 33574
temperature FR941206-1-00134 1 33581
31514 FR941206-1-00134 1 33586
revisited FR941206-1-00134 1 33597
concluded FR941206-1-00134 1 33614
encapsulated FR941206-1-00134 1 33624
minimal FR941206-1-00134 1 33627
0.1 FR941206-1-00134 1 33630
0.6 FR941206-1-00134 1 33632
pounds FR941206-1-00134 1 33633
amount FR941206-1-00134 1 33640
absorbent FR941206-1-00134 1 33642
rarely FR941206-1-00134 1 33650
released FR941206-1-00134 1 33651
humans FR941206-1-00134 1 33673
food FR941206-1-00134 1 33675
feed FR941206-1-00134 1 33677
water FR941206-1-00134 2 33679 34333
low FR941206-1-00134 1 33685
37342 FR941206-1-00134 1 33689
37349 FR941206-1-00134 1 33691
number FR941206-1-00134 5 33703 34035 34108 34163 34207
amendment FR941206-1-00134 1 33715
specifically FR941206-1-00134 1 33728
indicated FR941206-1-00134 3 33739 34240 34580
but FR941206-1-00134 1 33750
well FR941206-1-00134 2 33760 33837
data FR941206-1-00134 4 33765 33816 34272 34305
level FR941206-1-00134 1 33768
rupture FR941206-1-00134 1 33805
percentage FR941206-1-00134 1 33819
recycled FR941206-1-00134 1 33822
date FR941206-1-00134 1 33869
etc FR941206-1-00134 1 33876
moot FR941206-1-00134 1 33893
definitional FR941206-1-00134 1 33913
761.3 FR941206-1-00134 2 33919 34010
already FR941206-1-00134 1 33928
prescribed FR941206-1-00134 1 33929
problem FR941206-1-00134 1 33963
761.30. FR941206-1-00134 1 33973
< FR941206-1-00134 1 33979
dilution FR941206-1-00134 1 33988
compound FR941206-1-00134 1 33993
qualify FR941206-1-00134 1 33995
excluded FR941206-1-00134 1 34003
products FR941206-1-00134 1 34005
defined FR941206-1-00134 1 34008
second FR941206-1-00134 1 34012
determines FR941206-1-00134 1 34016
need FR941206-1-00134 1 34021
within FR941206-1-00134 3 34047 34098 34172
needs FR941206-1-00134 1 34051
viii FR941206-1-00134 1 34068
up FR941206-1-00134 1 34076
25 FR941206-1-00134 3 34078 34109 34148
single FR941206-1-00134 1 34104
chosen FR941206-1-00134 1 34111
302.4 FR941206-1-00134 1 34129
estimate FR941206-1-00134 1 34134
approximately FR941206-1-00134 3 34136 34715 34729
2/3 FR941206-1-00134 1 34137
ounce FR941206-1-00134 1 34138
each FR941206-1-00134 2 34142 34795
equals FR941206-1-00134 1 34151
just FR941206-1-00134 1 34152
over FR941206-1-00134 1 34153
lower FR941206-1-00134 1 34166
10 FR941206-1-00134 1 34170
1year FR941206-1-00134 1 34174
higher FR941206-1-00134 1 34181
3000 FR941206-1-00134 1 34185
month FR941206-1-00134 2 34187 34194
approximates FR941206-1-00134 1 34189
kg FR941206-1-00134 1 34192
allowed FR941206-1-00134 1 34219
related FR941206-1-00134 1 34235
remain FR941206-1-00134 1 34257
practices FR941206-1-00134 1 34277
compaction FR941206-1-00134 1 34287
cause FR941206-1-00134 1 34290
true FR941206-1-00134 1 34300
statements FR941206-1-00134 1 34309
create FR941206-1-00134 1 34323
ground FR941206-1-00134 1 34332
degree FR941206-1-00134 1 34341
reduction FR941206-1-00134 2 34344 34354
achieved FR941206-1-00134 1 34348
methods FR941206-1-00134 1 34355
impacts FR941206-1-00134 1 34359
regulation FR941206-1-00134 2 34362 34913
economy FR941206-1-00134 1 34365
businesses FR941206-1-00134 1 34368
affected FR941206-1-00134 1 34371
volume FR941206-1-00134 3 34377 34395 34662
liquids FR941206-1-00134 5 34379 34412 34603 34784 34941
request FR941206-1-00134 1 34385
499 FR941206-1-00134 1 34418
efficiency FR941206-1-00134 1 34427
boiler FR941206-1-00134 1 34428
meeting FR941206-1-00134 3 34429 34447 34461
iii FR941206-1-00134 2 34441 34502
cwl FR941206-1-00134 2 34459 34473
presented FR941206-1-00134 2 34470 34903
owner FR941206-1-00134 1 34474
operator FR941206-1-00134 1 34476
does FR941206-1-00134 2 34480 34964
exceed FR941206-1-00134 1 34482
ignitable FR941206-1-00134 1 34489
8 FR941206-1-00134 1 34499
referring FR941206-1-00134 1 34510
sludges FR941206-1-00134 4 34513 34612 34627 34701
equivalent FR941206-1-00134 2 34538 34820
responding FR941206-1-00134 1 34543
citizens FR941206-1-00134 1 34546
had FR941206-1-00134 1 34554
behalf FR941206-1-00134 1 34560
responsible FR941206-1-00134 1 34564
parties FR941206-1-00134 1 34565
refs FR941206-1-00134 1 34571
s FR941206-1-00134 1 34586
matter FR941206-1-00134 1 34588
policy FR941206-1-00134 2 34590 34608
1985 FR941206-1-00134 1 34594
treat FR941206-1-00134 1 34597
sludge FR941206-1-00134 1 34599
similarly FR941206-1-00134 1 34600
pcbcontaminated FR941206-1-00134 1 34610
complying FR941206-1-00134 2 34620 34642
discussion FR941206-1-00134 1 34658
iia FR941206-1-00134 1 34668
sitespecific FR941206-1-00134 1 34680
factors FR941206-1-00134 1 34682
determining FR941206-1-00134 1 34684
mechanisms FR941206-1-00134 1 34688
remediation FR941206-1-00134 1 34691
category FR941206-1-00134 1 34695
includes FR941206-1-00134 1 34699
e FR941206-1-00134 1 34703
pipeline FR941206-1-00134 7 34711 34722 34749 34817 34866 34936 34946
there FR941206-1-00134 1 34713
1.5 FR941206-1-00134 1 34716
million FR941206-1-00134 1 34717
miles FR941206-1-00134 3 34718 34731 34747
united FR941206-1-00134 1 34725
states FR941206-1-00134 1 34726
275000 FR941206-1-00134 1 34730
interstate FR941206-1-00134 1 34733
transmission FR941206-1-00134 1 34734
line FR941206-1-00134 2 34735 34899
remainder FR941206-1-00134 1 34738
comprising FR941206-1-00134 1 34739
thousands FR941206-1-00134 1 34745
every FR941206-1-00134 1 34754
year FR941206-1-00134 1 34755
variety FR941206-1-00134 1 34758
reasons FR941206-1-00134 1 34760
mains FR941206-1-00134 1 34779
after FR941206-1-00134 1 34780
removal FR941206-1-00134 1 34781
reasonable FR941206-1-00134 1 34786
sealing FR941206-1-00134 1 34790
ends FR941206-1-00134 1 34793
segment FR941206-1-00134 1 34796
pipe FR941206-1-00134 1 34798
hydraulic FR941206-1-00134 2 34811 35000
machinery FR941206-1-00134 1 34812
addresses FR941206-1-00134 1 34838
revised FR941206-1-00134 1 34849
say FR941206-1-00134 1 34851
moreover FR941206-1-00134 1 34873
revise FR941206-1-00134 1 34879
definition FR941206-1-00134 1 34881
so FR941206-1-00134 1 34886
review FR941206-1-00134 1 34907
history FR941206-1-00134 1 34910
needed FR941206-1-00134 1 34921
put FR941206-1-00134 1 34923
compressors FR941206-1-00134 1 34937
below FR941206-1-00134 1 34951
i FR941206-1-00134 1 34957
extend FR941206-1-00134 1 34966
units FR941206-1-00134 1 34975
routinely FR941206-1-00134 1 34978
stations FR941206-1-00134 1 34984
much FR941206-1-00134 1 35003
