radioactive FR941206-1-00134 1 47129
wastes FR941206-1-00134 12 47130 47134 47137 47499 47557 47620 47635 48941 48997 49046 49060 49073
, FR941206-1-00134 204 47131 47151 47154 47175 47212 47231 47240 47251 47263 47266 47298 47311 47336 47356 47388 47416 47450 47452 47467 47481 47485 47487 47550 47603 47608 47647 47680 47701 47705 47749 47755 47819 47821 47823 47831 47840 47882 47891 47946 47950 47952 47978 47980 48000 48076 48125 48194 48223 48229 48236 48270 48314 48334 48358 48363 48417 48418 48421 48422 48480 48481 48482 48487 48507 48516 48517 48550 48569 48612 48673 48681 48685 48887 48899 48901 48904 48907 48911 48913 48942 48949 48951 48953 48955 48993 48998 49091 49136 49150 49192 49213 49223 49320 49323 49338 49357 49396 49434 49472 49481 49489 49511 49518 49530 49544 49564 49667 49669 49706 49711 49714 49726 49728 49796 49833 49841 49852 49853 49874 49926 49929 49936 49940 49944 49946 49948 49951 49964 49968 49970 49976 49977 50004 50041 50060 50062 50083 50088 50120 50135 50148 50160 50163 50178 50185 50189 50192 50211 50215 50217 50225 50358 50366 50376 50449 50462 50487 50495 50506 50515 50564 50573 50585 50587 50589 50592 50595 50604 50619 50664 50675 50679 50705 50711 50740 50764 50780 50852 50873 50909 50913 50921 50944 50947 50976 50984 50987 50998 51062 51104 51169 51177 51198 51229 51250 51281 51307 51314 51355 51459 51461 51501 51504 51508
or FR941206-1-00134 53 47132 47158 47161 47241 47273 47276 47290 47436 47447 47489 47492 47503 47569 47609 47706 47813 47841 47851 47867 47996 48115 48126 48255 48294 48332 48367 48639 48820 48856 48966 49032 49047 49085 49370 49628 49697 49718 49952 50008 50039 50355 50504 50647 50676 50712 50793 50890 50928 50956 51132 51144 51320 51371
rcra/mixed FR941206-1-00134 1 47133
and FR941206-1-00134 97 47135 47215 47261 47320 47345 47371 47464 47468 47523 47588 47640 47648 47720 47739 47754 47760 47800 47953 48015 48021 48066 48176 48182 48342 48379 48397 48404 48530 48592 48635 48686 48745 48802 48888 48914 48917 48956 49019 49056 49064 49110 49139 49151 49185 49205 49209 49218 49238 49258 49294 49321 49411 49486 49490 49565 49612 49661 49736 49748 49770 49779 49797 49886 49934 49959 49981 50183 50239 50250 50311 50324 50328 50333 50349 50377 50392 50413 50420 50463 50507 50560 50581 50600 50620 50812 50900 50905 51051 51080 51094 51243 51315 51325 51379 51462 51472 51511
pcb/rcra FR941206-1-00134 1 47136
could FR941206-1-00134 9 47138 47178 47216 47235 47427 49012 49099 50627 50637
also FR941206-1-00134 11 47139 47767 47786 48190 48263 48691 48746 48840 49517 49898 50101
be FR941206-1-00134 55 47140 47330 47339 47428 47475 47527 47637 47718 47726 47733 47791 47960 48305 48325 48493 48597 48974 48989 49002 49005 49013 49030 49145 49162 49306 49326 49429 49537 49644 49665 49700 49732 49806 49912 50259 50285 50390 50493 50511 50520 50531 50638 50668 50783 50923 50926 51021 51031 51098 51117 51150 51258 51286 51359 51470
required FR941206-1-00134 10 47141 47340 48972 49003 49143 50521 50924 51032 51151 51287
to FR941206-1-00134 127 47142 47173 47182 47205 47279 47303 47306 47329 47341 47349 47370 47408 47421 47459 47500 47509 47596 47599 47610 47653 47664 47717 47725 47790 47798 47906 47928 48081 48085 48100 48104 48130 48163 48207 48241 48249 48251 48265 48290 48296 48327 48362 48385 48410 48442 48521 48554 48633 48644 48693 48718 48755 48792 48796 48830 48883 48927 48947 48961 48973 49004 49034 49094 49101 49144 49202 49210 49227 49307 49311 49344 49417 49467 49476 49491 49503 49526 49554 49561 49578 49625 49658 49715 49998 50045 50054 50069 50092 50112 50149 50246 50287 50307 50435 50492 50522 50552 50701 50725 50745 50771 50789 50820 50825 50831 50925 50932 50940 50949 51026 51033 51038 51066 51076 51097 51116 51136 51146 51154 51186 51230 51265 51302 51369 51387 51469 51490
comply FR941206-1-00134 1 47143
with FR941206-1-00134 20 47144 47494 47695 47898 47970 47990 48044 48110 48978 49009 49242 49351 49479 49646 50534 50569 50597 50672 51375 51450
the FR941206-1-00134 215 47145 47148 47174 47183 47187 47191 47211 47232 47325 47343 47347 47350 47374 47378 47382 47390 47409 47444 47448 47465 47478 47504 47521 47544 47553 47561 47567 47570 47574 47586 47604 47613 47659 47666 47669 47677 47714 47722 47730 47750 47769 47772 47805 47824 47832 47871 47916 47932 47941 47964 47975 48001 48013 48033 48058 48074 48083 48087 48132 48141 48148 48152 48165 48174 48193 48201 48209 48227 48232 48235 48244 48275 48313 48343 48391 48420 48444 48461 48564 48568 48636 48645 48653 48662 48675 48682 48695 48702 48708 48739 48761 48793 48798 48842 48869 48884 49017 49082 49095 49212 49233 49302 49309 49316 49382 49480 49495 49520 49535 49541 49556 49571 49596 49615 49623 49647 49656 49707 49765 49801 49809 49812 49815 49856 49859 49867 49889 49908 49915 49954 49984 50028 50051 50076 50094 50106 50114 50150 50157 50170 50194 50204 50209 50262 50276 50303 50409 50425 50433 50445 50451 50468 50473 50479 50483 50488 50516 50525 50535 50538 50545 50553 50566 50570 50614 50624 50629 50641 50660 50665 50680 50687 50692 50726 50731 50753 50773 50786 50798 50808 50840 50846 50861 50888 50916 50933 51004 51052 51078 51087 51101 51111 51125 51129 51147 51155 51173 51188 51192 51196 51210 51216 51223 51232 51246 51255 51266 51275 51326 51332 51372 51376 51415 51454 51514
requirements FR941206-1-00134 15 47146 47816 47917 48795 48871 48886 48919 48938 49098 49122 49269 49278 49353 50554 51507
of FR941206-1-00134 159 47147 47207 47239 47245 47317 47361 47411 47462 47520 47546 47555 47560 47573 47585 47594 47606 47618 47642 47661 47779 47802 47861 47904 47918 47923 47934 47943 47986 47993 48019 48030 48090 48108 48112 48134 48150 48180 48216 48234 48246 48277 48286 48375 48395 48460 48470 48503 48584 48607 48650 48661 48665 48677 48698 48710 48741 48751 48763 48776 48800 48818 48828 48860 48881 48893 49021 49043 49058 49068 49070 49114 49315 49372 49414 49457 49461 49522 49599 49617 49650 49702 49743 49800 49811 49858 49879 49907 49931 49990 50030 50036 50050 50078 50108 50116 50126 50144 50152 50156 50180 50203 50221 50264 50294 50341 50369 50447 50453 50457 50470 50478 50482 50490 50537 50544 50549 50575 50606 50611 50613 50682 50690 50722 50735 50750 50755 50775 50802 50848 50857 50869 50892 50911 50918 50930 50960 51006 51084 51089 51124 51128 51143 51176 51191 51209 51215 51234 51241 51248 51268 51277 51334 51353 51367 51418 51432 51465 51494 51516
appropriate FR941206-1-00134 5 47149 47265 47351 48206 50386
federal FR941206-1-00134 4 47150 47703 47812 51174
( FR941206-1-00134 117 47152 47284 47287 47292 47309 47529 47532 47728 47736 47740 47766 47817 47828 47836 47876 47879 47920 47955 48006 48009 48097 48119 48122 48127 48158 48169 48319 48322 48352 48425 48430 48433 48474 48536 48538 48541 48557 48560 48572 48574 48577 48765 48768 48786 48789 48897 48982 48985 49104 49107 49130 49133 49153 49156 49179 49182 49186 49189 49252 49255 49259 49262 49288 49291 49295 49298 49330 49333 49585 49588 49591 49632 49635 49638 49672 49675 49678 49772 49830 49920 49961 50002 50175 50230 50233 50236 50240 50243 50313 50319 50321 50325 50330 50334 50557 50561 50583 50703 50815 50833 50955 50974 51042 51045 51048 51073 51163 51166 51178 51304 51308 51311 51317 51322 51344 51347 51350
ie FR941206-1-00134 6 47153 47310 48898 50003 50704 50975
nuclear FR941206-1-00134 1 47155
regulatory FR941206-1-00134 4 47156 47163 50095 50305
commission FR941206-1-00134 1 47157
epa FR941206-1-00134 57 47159 47252 47299 47357 47392 47440 47507 47579 47627 47700 47784 48077 48309 48464 48488 48551 48613 48705 48734 48779 48814 48866 49053 49224 49339 49358 49419 49435 49449 49500 49531 49723 49755 49846 49875 49980 49996 50020 50042 50057 50066 50089 50100 50226 50253 50299 50400 50431 50729 50805 50938 50985 51063 51120 51199 51251 51300
) FR941206-1-00134 117 47160 47289 47294 47295 47313 47534 47536 47738 47742 47744 47783 47830 47838 47839 47878 47881 47922 47957 48008 48011 48099 48121 48124 48129 48160 48171 48321 48324 48366 48432 48435 48436 48486 48540 48543 48544 48559 48562 48576 48579 48580 48767 48770 48788 48791 48920 48984 48987 49106 49109 49132 49135 49155 49158 49181 49184 49188 49191 49254 49257 49261 49264 49290 49293 49297 49300 49332 49335 49587 49590 49593 49634 49637 49640 49674 49677 49680 49774 49835 49922 49963 50007 50177 50232 50235 50238 50242 50245 50317 50323 50327 50332 50336 50337 50559 50563 50594 50720 50817 50836 50959 50978 51044 51047 51050 51075 51165 51168 51182 51306 51310 51313 51319 51324 51346 51349 51352
state FR941206-1-00134 5 47162 47708 47814 48823 48850
authorities FR941206-1-00134 1 47164
. FR941206-1-00134 121 47165 47229 47249 47296 47323 47354 47386 47402 47414 47439 47506 47578 47626 47675 47745 47765 47782 47856 47858 47869 47939 47998 48032 48072 48144 48187 48200 48231 48259 48289 48308 48371 48373 48390 48437 48457 48505 48545 48609 48652 48704 48733 48771 48773 48778 48836 48865 48921 48935 48963 48991 49026 49052 49089 49118 49120 49127 49170 49221 49265 49267 49274 49301 49336 49354 49381 49425 49448 49498 49516 49551 49574 49576 49582 49621 49654 49704 49722 49751 49786 49845 49870 49894 49924 49973 50018 50056 50081 50099 50154 50187 50201 50270 50291 50394 50424 50456 50472 50513 50541 50662 50686 50728 50762 50804 50866 50902 50937 50964 51023 51096 51141 51183 51226 51279 51336 51393 51423 51441 51478 51496
anyone FR941206-1-00134 2 47166 49092
storing FR941206-1-00134 2 47167 48046
pcb FR941206-1-00134 54 47168 47192 47271 47556 47619 47634 47752 47862 47889 47893 48022 48049 48183 48218 48278 48377 48423 48447 48472 48531 48565 48585 48655 48752 48803 48862 48940 48967 49023 49037 49044 49048 49059 49083 49096 49124 49137 49140 49174 49236 49239 49244 49784 49868 50277 50371 50539 50590 50642 50736 50849 50935 50942 51294
waste FR941206-1-00134 12 47169 47193 47209 48059 48219 48247 48345 48699 48753 48809 48833 48902
that FR941206-1-00134 54 47170 47196 47426 47443 47472 47540 47633 47656 47709 47895 47912 47924 48038 48312 48463 48490 48617 48707 48868 48969 49160 49196 49324 49346 49361 49437 49451 49534 49692 49729 49872 49877 49983 49994 50024 50033 50065 50257 50302 50353 50361 50385 50430 50524 50623 50640 50648 50795 50863 50999 51254 51273 51361 51380
was FR941206-1-00134 7 47171 47194 48414 48440 48465 48512 50397
subject FR941206-1-00134 3 47172 48643 49093
time FR941206-1-00134 7 47176 47213 47257 47756 48195 49214 49482
limit FR941206-1-00134 7 47177 47214 47757 48230 49215 49483 50941
provide FR941206-1-00134 3 47179 48877 51491
written FR941206-1-00134 3 47180 49368 51518
notification FR941206-1-00134 3 47181 50477 51283
regional FR941206-1-00134 9 47184 47233 47352 47366 47375 47445 50480 50625 51256
administrator FR941206-1-00134 8 47185 47234 47353 47376 47446 50481 50626 51257
for FR941206-1-00134 79 47186 47220 47259 47368 47377 47399 47497 47516 47612 47624 47734 47758 47887 47926 47963 48028 48047 48185 48197 48211 48214 48243 48284 48393 48496 48500 48510 48526 48581 48600 48604 48622 48647 48713 48806 48872 48909 48939 49123 49148 49216 49270 49279 49318 49484 49494 49734 49738 49768 49782 49820 49884 49957 50048 50072 50124 50166 50261 50296 50399 50406 50442 50757 50785 50839 50845 50855 50867 51014 51086 51092 51107 51158 51195 51206 51222 51239 51391 51457
region FR941206-1-00134 2 47188 47379
in FR941206-1-00134 64 47189 47201 47332 47380 47433 47543 47558 47671 47683 47693 47746 47909 47940 47961 47968 48017 48061 48073 48140 48178 48301 48340 48347 48458 48546 48610 48674 48726 48808 48834 48844 48930 48976 49007 49177 49250 49355 49378 49404 49630 49808 49866 49871 50084 50129 50198 50381 50532 50670 50813 50859 50877 50970 50992 51082 51100 51138 51172 51184 51227 51260 51337 51398 51452
which FR941206-1-00134 11 47190 47381 47517 47847 48172 48999 49775 49854 49902 50137 51453
stored FR941206-1-00134 6 47195 47385 48700 48975 49006 49014
they FR941206-1-00134 5 47197 48757 49161 49165 49374
had FR941206-1-00134 2 47198 50644
been FR941206-1-00134 3 47199 50645 51385
unsuccessful FR941206-1-00134 1 47200
their FR941206-1-00134 6 47202 47208 47318 47935 49379 50778
continuing FR941206-1-00134 1 47203
attempts FR941206-1-00134 2 47204 47598
dispose FR941206-1-00134 2 47206 47801
within FR941206-1-00134 6 47210 47804 49614 50608 50708 51121
receive FR941206-1-00134 1 47217
an FR941206-1-00134 24 47218 47333 47400 47518 47548 47583 47794 47910 48067 48336 48467 48878 48890 49366 49393 49418 49430 49991 50109 51000 51108 51289 51339 51502
extension FR941206-1-00134 6 47219 47401 47519 47549 47584 47788
one FR941206-1-00134 6 47221 47622 48273 50103 50891 51476
additional FR941206-1-00134 9 47222 47237 47435 47473 48497 48601 49276 49431 49443
year FR941206-1-00134 5 47223 47807 50610 50717 50963
provided FR941206-1-00134 3 47224 48057 48335
certain FR941206-1-00134 4 47225 47888 49275 50748
conditions FR941206-1-00134 4 47226 47395 47404 49020
were FR941206-1-00134 6 47227 47327 48454 49882 50501 50655
met FR941206-1-00134 1 47228
second FR941206-1-00134 1 47230
grant FR941206-1-00134 3 47236 50821 51067
extensions FR941206-1-00134 2 47238 47438
longer FR941206-1-00134 3 47242 47437 48596
upon FR941206-1-00134 1 47243
receipt FR941206-1-00134 1 47244
a FR941206-1-00134 77 47246 47269 47277 47280 47365 47431 47511 47672 47707 47947 47991 48102 48138 48252 48297 48386 48494 48522 48598 48666 48719 48782 48822 48849 48852 48861 49022 49036 49062 49078 49193 49198 49289 49313 49405 49408 49422 49465 49470 49548 49685 49798 49848 49988 50037 50142 50309 50331 50395 50407 50428 50437 50576 50621 50635 50683 50743 50747 50791 50822 50878 51035 51068 51105 51202 51207 51219 51293 51305 51318 51329 51356 51389 51412 51426 51438 51517
justified FR941206-1-00134 1 47247
request FR941206-1-00134 3 47248 51205 51221
third FR941206-1-00134 1 47250
would FR941206-1-00134 38 47253 47338 47358 47405 47541 47657 47785 48304 48492 48839 48959 48988 49000 49305 49428 49439 49506 49594 49643 49663 49683 49699 49724 50475 50510 50519 50530 50667 50694 50782 50796 50884 50922 51030 51114 51149 51200 51284
consider FR941206-1-00134 4 47254 47359 47787 48131
including FR941206-1-00134 6 47255 47892 48943 49173 50834 50945
sitespecific FR941206-1-00134 1 47256
frames FR941206-1-00134 1 47258
storage FR941206-1-00134 58 47260 47272 47319 47479 47522 47587 47759 47860 47884 47966 47985 48089 48107 48154 48199 48213 48238 48257 48299 48350 48374 48388 48392 48412 48448 48498 48509 48524 48602 48646 48663 48668 48679 48714 48721 48731 48775 48794 48799 48843 48875 49038 49055 49069 49097 49121 49169 49199 49217 49271 49280 49362 49485 49542 49579 49690 49739 50548
disposal FR941206-1-00134 28 47262 47274 47321 47524 47589 47601 47607 47761 48031 48048 48142 48186 48215 48253 48394 48511 48634 48648 48807 48863 49024 49057 49219 49487 50446 50605 50850 51247
where FR941206-1-00134 5 47264 49040 49687 51414 51428
when FR941206-1-00134 7 47267 47396 47721 47793 48272 49164 50266
approving FR941206-1-00134 2 47268 47397
tsca FR941206-1-00134 9 47270 47751 48853 48885 49890 49916 50171 51039 51354
application FR941206-1-00134 1 47275
modification FR941206-1-00134 2 47278 48783
previously FR941206-1-00134 1 47281
issued FR941206-1-00134 1 47282
approval FR941206-1-00134 10 47283 47372 47774 48864 49025 49084 50318 50441 51298 51327
see FR941206-1-00134 3 47285 47530 47768
761.60 FR941206-1-00134 4 47286 50229 50320 51303
e FR941206-1-00134 6 47288 50322 50816 51043 51164 51345
761.65 FR941206-1-00134 21 47291 47875 48118 48157 48318 48537 48556 48651 48764 48785 48981 49103 49129 49152 49178 49251 49329 49584 49631 49671 50556
d FR941206-1-00134 16 47293 50316 50440 50499 50528 50617 50632 50653 50699 50760 50829 50982 50996 51018 51271 51297
however FR941206-1-00134 9 47297 47979 47999 49090 49668 49727 50061 50739 51280
is FR941206-1-00134 45 47300 47418 47441 47591 47628 47650 47716 47724 47808 47885 48060 48070 48205 48240 48310 48339 48346 48552 48620 48629 48641 48735 48780 49074 49225 49359 49392 49402 49413 49463 49525 49532 49746 49897 50016 50090 50721 50742 50818 51064 51236 51252 51363 51425 51489
less FR941206-1-00134 2 47301 49749
receptive FR941206-1-00134 1 47302
allowing FR941206-1-00134 2 47304 49499
organizations FR941206-1-00134 1 47305
develop FR941206-1-00134 2 47307 51510
complexwide FR941206-1-00134 1 47308
nationwide FR941206-1-00134 1 47312
justifications FR941206-1-00134 1 47314
and/or FR941206-1-00134 1 47315
reports FR941206-1-00134 1 47316
activities FR941206-1-00134 10 47322 47686 47692 50500 50633 50654 50761 50948 50983 51272
if FR941206-1-00134 4 47324 50634 50677 51288
data FR941206-1-00134 4 47326 47348 47363 49493
allowed FR941206-1-00134 3 47328 47886 48513
submitted FR941206-1-00134 2 47331 50398
aggregate FR941206-1-00134 1 47334
form FR941206-1-00134 1 47335
resources FR941206-1-00134 1 47337
disaggregate FR941206-1-00134 1 47342
information FR941206-1-00134 6 47344 47456 48748 49387 50079 50173
transmit FR941206-1-00134 1 47346
nonetheless FR941206-1-00134 1 47355
aggregation FR941206-1-00134 2 47360 47614
these FR941206-1-00134 10 47362 47403 47747 48287 49115 49207 49352 49787 50073 51404
on FR941206-1-00134 23 47364 47430 47676 47712 48382 48407 48446 48518 48715 48729 48738 49077 49407 49445 49570 49851 49975 50274 50416 50467 50989 51003 51437
basis FR941206-1-00134 3 47367 49080 51440
submission FR941206-1-00134 1 47369
by FR941206-1-00134 19 47373 47566 47615 47699 47810 48813 48821 48848 49171 49231 49758 49764 49822 49864 50132 50887 51119 51212 51475
materials FR941206-1-00134 9 47383 49771 49960 50032 50550 50579 50607 50906 51495
are FR941206-1-00134 23 47384 47687 47896 48040 48282 48690 48758 48970 49050 49142 49166 49283 49349 49375 49789 50034 50164 50206 50272 50864 50967 51435 51467
finally FR941206-1-00134 2 47387 50663
under FR941206-1-00134 16 47389 47870 48419 48815 48825 48851 48933 49016 49128 49286 49328 49814 50075 51341 51400 51497
proposal FR941206-1-00134 5 47391 48549 48838 48923 50811
may FR941206-1-00134 9 47393 47453 47469 47526 47732 47762 49028 49911 50389
impose FR941206-1-00134 1 47394
requests FR941206-1-00134 4 47398 47789 50047 50071
vary FR941206-1-00134 1 47406
due FR941206-1-00134 1 47407
specifics FR941206-1-00134 1 47410
each FR941206-1-00134 4 47412 48302 50696 51015
situation FR941206-1-00134 2 47413 49686
therefore FR941206-1-00134 6 47415 47649 48506 49222 49705 50082
it FR941206-1-00134 9 47417 48204 49027 49248 49391 49397 49438 50781 51424
not FR941206-1-00134 27 47419 47581 47629 47651 47763 47914 47982 48036 48225 48360 48615 48642 48658 48724 48925 48945 49029 49111 49172 49399 49440 49664 50022 50505 50656 50854 51285
possible FR941206-1-00134 2 47420 47646
list FR941206-1-00134 2 47422 50151
every FR941206-1-00134 1 47423
conceivable FR941206-1-00134 1 47424
requirement FR941206-1-00134 8 47425 47525 47590 49220 49433 49553 50306 50434
imposed FR941206-1-00134 2 47429 47564
facility FR941206-1-00134 17 47432 48254 48258 48525 48703 49471 49550 50460 50484 50529 50661 50700 50719 50841 50879 51019 51413
granting FR941206-1-00134 2 47434 51338
proposing FR941206-1-00134 10 47442 48311 48553 48781 49226 49360 50091 50819 51065 51253
director FR941206-1-00134 1 47449
cmd FR941206-1-00134 1 47451
require FR941206-1-00134 5 47454 47471 49308 50476 51274
any FR941206-1-00134 5 47455 47842 48964 49442 51213
deemed FR941206-1-00134 1 47457
necessary FR941206-1-00134 1 47458
ensure FR941206-1-00134 3 47460 49477 51231
protection FR941206-1-00134 4 47461 48882 49843 49938
health FR941206-1-00134 3 47463 47502 51370
environment FR941206-1-00134 4 47466 47505 47670 51373
likewise FR941206-1-00134 2 47470 51061
steps FR941206-1-00134 2 47474 47655
taken FR941206-1-00134 1 47476
during FR941206-1-00134 2 47477 50979
period FR941206-1-00134 1 47480
such FR941206-1-00134 6 47482 47547 47551 48356 49462 50345
as FR941206-1-00134 24 47483 47552 47643 47645 47729 48137 48161 48357 48670 48672 48754 48858 49061 49473 49475 49641 49720 50255 50346 50404 50765 51170 51218 51410
marking FR941206-1-00134 2 47484 48950
inspection FR941206-1-00134 4 47486 49424 49885 50168
recordkeeping FR941206-1-00134 6 47488 48900 48952 49268 49277 49432
financial FR941206-1-00134 3 47490 48687 48915
assurance FR941206-1-00134 3 47491 48688 48916
complying FR941206-1-00134 2 47493 49350
alara FR941206-1-00134 1 47495
principles FR941206-1-00134 1 47496
pcb/radioactive FR941206-1-00134 1 47498
protect FR941206-1-00134 1 47501
wishes FR941206-1-00134 1 47508
make FR941206-1-00134 1 47510
distinction FR941206-1-00134 1 47512
between FR941206-1-00134 1 47513
those FR941206-1-00134 5 47514 47538 47691 50364 51485
situations FR941206-1-00134 2 47515 47539
legitimate FR941206-1-00134 2 47528 47792
example FR941206-1-00134 1 47531
3 FR941206-1-00134 3 47533 51046 51348
above FR941206-1-00134 4 47535 47743 48220 48267
versus FR941206-1-00134 1 47537
result FR941206-1-00134 2 47542 48725
abuse FR941206-1-00134 1 47545
acceptance FR941206-1-00134 1 47554
excess FR941206-1-00134 1 47559
capacity FR941206-1-00134 3 47562 47602 48664
limitations FR941206-1-00134 1 47563
either FR941206-1-00134 2 47565 49986
permit FR941206-1-00134 2 47568 47753
physical FR941206-1-00134 1 47571
constraints FR941206-1-00134 1 47572
technology FR941206-1-00134 1 47575
being FR941206-1-00134 4 47576 49284 50657 51237
used FR941206-1-00134 7 47577 49694 49733 50260 50969 51436 51456
does FR941206-1-00134 7 47580 47913 48035 48614 48924 49398 50021
believe FR941206-1-00134 4 47582 48037 48616 50023
warranted FR941206-1-00134 1 47592
because FR941206-1-00134 3 47593 48626 49681
failure FR941206-1-00134 1 47595
initiate FR941206-1-00134 1 47597
obtain FR941206-1-00134 3 47600 50308 50436
cost FR941206-1-00134 1 47605
allow FR941206-1-00134 9 47611 48086 48105 48242 48797 48841 50450 50695 50797
multiple FR941206-1-00134 1 47616
generators FR941206-1-00134 1 47617
into FR941206-1-00134 4 47621 49168 50444 51245
vehicle FR941206-1-00134 1 47623
shipment FR941206-1-00134 2 47625 48250
modifying FR941206-1-00134 1 47630
its FR941206-1-00134 4 47631 47662 50893 50990
view FR941206-1-00134 1 47632
should FR941206-1-00134 5 47636 48262 48594 50284 51020
properly FR941206-1-00134 3 47638 49468 51203
managed FR941206-1-00134 1 47639
disposed FR941206-1-00134 2 47641 50929
quickly FR941206-1-00134 1 47644
inclined FR941206-1-00134 1 47652
take FR941206-1-00134 1 47654
relieve FR941206-1-00134 2 47658 48443
generator FR941206-1-00134 1 47660
responsibility FR941206-1-00134 1 47663
remove FR941206-1-00134 1 47665
pcbs FR941206-1-00134 39 47667 47803 47849 47901 47945 47989 48020 48181 48777 48801 48896 48965 48992 50265 50295 50357 50448 50458 50471 50491 50509 50691 50756 50776 50803 50837 50862 50904 50908 50961 50966 51007 51085 51091 51235 51249 51278 51335 51392
from FR941206-1-00134 16 47668 47853 47931 47937 48563 48749 48895 49670 49914 49953 50010 50208 50373 50915 51110 51299
timely FR941206-1-00134 1 47673
manner FR941206-1-00134 1 47674
other FR941206-1-00134 12 47678 47811 48937 49086 49116 49568 50251 50350 50374 50542 51463 51506
hand FR941206-1-00134 1 47679
individuals FR941206-1-00134 2 47681 51024
engaged FR941206-1-00134 1 47682
onsite FR941206-1-00134 5 47684 49509 49528 49539 49558
remediation FR941206-1-00134 4 47685 49045 50343 50387
most FR941206-1-00134 4 47688 48145 48582 49452
likely FR941206-1-00134 1 47689
conducting FR941206-1-00134 3 47690 49783 50897
accordance FR941206-1-00134 2 47694 47969
some FR941206-1-00134 2 47696 49455
instrument FR941206-1-00134 1 47697
developed FR941206-1-00134 2 47698 49763
another FR941206-1-00134 1 47702
agency FR941206-1-00134 8 47704 48034 48202 49844 49939 49985 50107 50727
provides FR941206-1-00134 1 47710
instruction FR941206-1-00134 1 47711
what/how FR941206-1-00134 1 47713
project FR941206-1-00134 2 47715 47723
conducted FR941206-1-00134 4 47719 50658 51238 51386
completed FR941206-1-00134 1 47727
case FR941206-1-00134 3 47731 47942 48676
examples FR941206-1-00134 1 47735
1 FR941206-1-00134 19 47737 47806 47880 48098 48123 48323 48578 48986 49108 49292 49299 49589 49636 49676 50234 50609 50957 51012 51167
2 FR941206-1-00134 10 47741 48010 48128 48434 48542 48561 48769 48790 50241 51312
instances FR941206-1-00134 1 47748
apply FR941206-1-00134 3 47764 48264 48962
discussion FR941206-1-00134 1 47770
regarding FR941206-1-00134 2 47771 51331
coordinated FR941206-1-00134 1 47773
provision FR941206-1-00134 13 47775 48103 48155 48166 48239 48316 48439 48619 48712 48744 50622 50872 51330
at FR941206-1-00134 30 47776 47850 47864 47874 47902 48004 48051 48117 48156 48167 48317 48329 48701 48784 49513 49540 49547 49605 49888 49900 50097 50169 50193 50279 50555 50659 51008 51056 51071 51161
unit FR941206-1-00134 11 47777 49200 49272 49281 49347 49363 49380 49406 49446 49543 49580
iiik FR941206-1-00134 1 47778
this FR941206-1-00134 30 47780 48135 48260 48438 48501 48605 48618 48627 48711 48743 48837 48922 49010 49066 49229 49427 49504 49523 49552 49562 49607 49682 49895 50199 50223 50289 50870 51028 51139 51282
preamble FR941206-1-00134 1 47781
individual FR941206-1-00134 2 47795 51290
's FR941206-1-00134 10 47796 48548 50058 50086 50401 50411 50485 50810 50842 50880
ability FR941206-1-00134 1 47797
store FR941206-1-00134 1 47799
inhibited FR941206-1-00134 1 47809
disposal/remedial FR941206-1-00134 1 47815
eg FR941206-1-00134 2 47818 50584
rcra FR941206-1-00134 5 47820 48819 48829 48870 48934
cercla FR941206-1-00134 1 47822
clean FR941206-1-00134 2 47825 47833
water FR941206-1-00134 1 47826
act FR941206-1-00134 4 47827 47835 49840 50080
cwa FR941206-1-00134 1 47829
air FR941206-1-00134 1 47834
caa FR941206-1-00134 1 47837
statute FR941206-1-00134 2 47843 50038
governing FR941206-1-00134 1 47844
remedial FR941206-1-00134 1 47845
actions FR941206-1-00134 1 47846
involve FR941206-1-00134 1 47848
derived FR941206-1-00134 1 47852
federallyregulated FR941206-1-00134 1 47854
levels FR941206-1-00134 1 47855
4 FR941206-1-00134 1 47857
temporary FR941206-1-00134 12 47859 47883 47965 47984 48088 48106 48153 48198 48212 48237 48315 48508
liquid FR941206-1-00134 7 47863 47899 47944 48109 48136 48217 48344
500 FR941206-1-00134 8 47865 47994 48055 48094 48113 48221 48268 48330
ppm FR941206-1-00134 10 47866 47908 47995 48027 48056 48095 48114 48222 48269 48331
greater FR941206-1-00134 7 47868 47997 48024 48053 48092 48116 48333
existing FR941206-1-00134 5 47872 48228 48730 49689 49992
regulations FR941206-1-00134 12 47873 47977 48003 48084 48566 48656 49869 50278 50540 50643 50674 51405
c FR941206-1-00134 18 47877 48007 48120 48159 48170 48320 48431 48539 48558 48766 49131 49154 49180 49187 49253 49260 49331 50562
items FR941206-1-00134 7 47890 48023 48184 48804 48968 49049 49245
containers FR941206-1-00134 10 47894 48062 48370 48835 49126 49141 49176 49208 49240 51455
filled FR941206-1-00134 1 47897
containing FR941206-1-00134 3 47900 47988 50907
concentrations FR941206-1-00134 3 47903 48052 48111
50 FR941206-1-00134 2 47905 48026
499 FR941206-1-00134 1 47907
area FR941206-1-00134 7 47911 47967 48300 48389 48669 48722 49039
meet FR941206-1-00134 1 47915
paragraph FR941206-1-00134 1 47919
b FR941206-1-00134 13 47921 48787 48983 49105 49296 49586 49633 49673 50335 50558 51049 51323 51351
section FR941206-1-00134 6 47925 48816 48826 49011 51040 51342
up FR941206-1-00134 1 47927
30 FR941206-1-00134 3 47929 50709 51262
days FR941206-1-00134 5 47930 50710 51123 51134 51263
date FR941206-1-00134 4 47933 48571 50586 51127
removal FR941206-1-00134 1 47936
use FR941206-1-00134 5 47938 48478 50874 50886 51417
spill FR941206-1-00134 2 47948 48957
prevention FR941206-1-00134 3 47949 49933 50182
control FR941206-1-00134 4 47951 49839 50751 50772
countermeasure FR941206-1-00134 1 47954
spcc FR941206-1-00134 3 47956 48068 48337
plan FR941206-1-00134 4 47958 48069 48338 48684
must FR941206-1-00134 4 47959 49325 51358 51509
place FR941206-1-00134 3 47962 48341 49441
40 FR941206-1-00134 7 47971 48427 48979 49792 49826 50280 51057
cfr FR941206-1-00134 10 47972 48428 48980 49793 49813 49827 50281 51058 51402 51499
part FR941206-1-00134 6 47973 48859 49794 50035 50282 51059
112. FR941206-1-00134 1 47974
current FR941206-1-00134 4 47976 48002 48654 50304
do FR941206-1-00134 2 47981 48657
authorize FR941206-1-00134 2 47983 48012
liquids FR941206-1-00134 6 47987 48050 48091 48266 48328 50131
concentration FR941206-1-00134 3 47992 50912 50936
761.20 FR941206-1-00134 2 48005 48168
processing FR941206-1-00134 3 48014 48175 51079
distribution FR941206-1-00134 3 48016 48177 51081
commerce FR941206-1-00134 4 48018 48179 50860 51083
than FR941206-1-00134 6 48025 48054 48093 49546 50952 51011
purposes FR941206-1-00134 4 48029 50856 50868 51240
there FR941206-1-00134 5 48039 48491 48593 50741 51362
significant FR941206-1-00134 1 48041
risks FR941206-1-00134 1 48042
associated FR941206-1-00134 2 48043 51374
temporarily FR941206-1-00134 1 48045
meeting FR941206-1-00134 1 48063
dot FR941206-1-00134 3 48064 48368 50673
specifications FR941206-1-00134 1 48065
implemented FR941206-1-00134 1 48071
anprm FR941206-1-00134 1 48075
suggested FR941206-1-00134 2 48078 48191
two FR941206-1-00134 1 48079
approaches FR941206-1-00134 1 48080
amending FR941206-1-00134 3 48082 48151 48164
: FR941206-1-00134 2 48096 49904
add FR941206-1-00134 1 48101
holding/storing FR941206-1-00134 1 48133
step FR941206-1-00134 1 48139
process FR941206-1-00134 3 48143 49088 51194
commenters FR941206-1-00134 2 48146 48189
supported FR941206-1-00134 1 48147
option FR941206-1-00134 1 48149
opposed FR941206-1-00134 1 48162
allows FR941206-1-00134 3 48173 49197 51077
many FR941206-1-00134 1 48188
increasing FR941206-1-00134 1 48192
allotted FR941206-1-00134 1 48196
believes FR941206-1-00134 7 48203 48706 48867 49065 49436 49450 50986
extend FR941206-1-00134 2 48208 48926
allowance FR941206-1-00134 1 48210
but FR941206-1-00134 5 48224 48359 48944 49389 50853
beyond FR941206-1-00134 1 48226
point FR941206-1-00134 1 48233
accumulation FR941206-1-00134 1 48245
prior FR941206-1-00134 4 48248 48632 51135 51264
commercial FR941206-1-00134 3 48256 48678 51492
rationale FR941206-1-00134 2 48261 50405
especially FR941206-1-00134 2 48271 48994
considers FR941206-1-00134 1 48274
preponderance FR941206-1-00134 1 48276
transformer FR941206-1-00134 1 48279
owners FR941206-1-00134 1 48280
who FR941206-1-00134 1 48281
opting FR941206-1-00134 1 48283
reclassification FR941206-1-00134 1 48285
units FR941206-1-00134 7 48288 48811 48845 48876 48928 49691 49740
have FR941206-1-00134 6 48291 49341 49693 49709 51115 51384
them FR941206-1-00134 1 48292
build FR941206-1-00134 1 48293
ship FR941206-1-00134 1 48295
formal FR941206-1-00134 1 48298
instance FR941206-1-00134 1 48303
unduly FR941206-1-00134 1 48306
burdensome FR941206-1-00134 1 48307
extended FR941206-1-00134 1 48326
stationary FR941206-1-00134 1 48348
bulk FR941206-1-00134 1 48349
tanks FR941206-1-00134 1 48351
excluding FR941206-1-00134 1 48353
rolling FR941206-1-00134 1 48354
stock FR941206-1-00134 1 48355
limited FR941206-1-00134 2 48361 48946
tanker FR941206-1-00134 1 48364
trucks FR941206-1-00134 1 48365
specification FR941206-1-00134 1 48369
5 FR941206-1-00134 5 48372 49134 49183 49256 49334
large FR941206-1-00134 8 48376 48400 48471 48532 48586 48995 49041 49071
capacitors FR941206-1-00134 5 48378 48403 48473 48535 48589
pcbcontaminated FR941206-1-00134 4 48380 48405 48527 48623
equipment FR941206-1-00134 7 48381 48477 48504 48529 48608 48625 48628
pallets FR941206-1-00134 4 48383 48408 48519 48716
next FR941206-1-00134 4 48384 48409 48520 48717
qualified FR941206-1-00134 4 48387 48411 48523 48720
nong FR941206-1-00134 1 48396
structurally FR941206-1-00134 1 48398
undamaged FR941206-1-00134 1 48399
high FR941206-1-00134 3 48401 48533 48587
voltage FR941206-1-00134 3 48402 48534 48588
transformers FR941206-1-00134 1 48406
areas FR941206-1-00134 2 48413 50568
permitted FR941206-1-00134 3 48415 48812 48873
until FR941206-1-00134 3 48416 48450 50014
rule FR941206-1-00134 6 48424 48479 49850 49873 50792 51131
formerly FR941206-1-00134 1 48426
761.42 FR941206-1-00134 1 48429
designed FR941206-1-00134 2 48441 51468
burden FR941206-1-00134 3 48445 49444 51190
facilities FR941206-1-00134 6 48449 48453 48680 48732 49515 50830
epaapproved FR941206-1-00134 1 48451
incineration FR941206-1-00134 1 48452
commercially FR941206-1-00134 1 48455
available FR941206-1-00134 4 48456 49883 50165 50207
light FR941206-1-00134 1 48459
fact FR941206-1-00134 1 48462
initiating FR941206-1-00134 1 48466
accelerated FR941206-1-00134 1 48468
phaseout FR941206-1-00134 2 48469 48570
final FR941206-1-00134 3 48475 49849 51130
electrical FR941206-1-00134 3 48476 48528 48624
47 FR941206-1-00134 1 48483
fr FR941206-1-00134 2 48484 51180
37342 FR941206-1-00134 1 48485
recognized FR941206-1-00134 2 48489 50601
need FR941206-1-00134 3 48495 48599 50744
space FR941206-1-00134 2 48499 48603
type FR941206-1-00134 2 48502 48606
indefinitely FR941206-1-00134 1 48514
after FR941206-1-00134 1 48515
today FR941206-1-00134 2 48547 50085
delete FR941206-1-00134 1 48555
since FR941206-1-00134 5 48567 49390 49519 49741 50965
761.30 FR941206-1-00134 1 48573
l FR941206-1-00134 1 48575
uses FR941206-1-00134 1 48583
has FR941206-1-00134 6 48590 49756 50043 50139 50806 51291
passed FR941206-1-00134 1 48591
no FR941206-1-00134 7 48595 49342 49415 49567 50950 51009 51364
addition FR941206-1-00134 5 48611 49304 49356 50115 51228
needed FR941206-1-00134 1 48621
typically FR941206-1-00134 1 48630
drained FR941206-1-00134 2 48631 48637
hull FR941206-1-00134 1 48638
carcass FR941206-1-00134 1 48640
provisions FR941206-1-00134 3 48649 48762 51515
prohibit FR941206-1-00134 1 48659
expansion FR941206-1-00134 1 48660
given FR941206-1-00134 2 48667 49409
long FR941206-1-00134 1 48671
closure FR941206-1-00134 2 48683 48918
mechanisms FR941206-1-00134 1 48689
adjusted FR941206-1-00134 1 48692
reflect FR941206-1-00134 3 48694 49400 49595
increased FR941206-1-00134 1 48696
amount FR941206-1-00134 3 48697 50489 51029
deletion FR941206-1-00134 1 48709
will FR941206-1-00134 2 48723 50067
undue FR941206-1-00134 1 48727
hardships FR941206-1-00134 1 48728
soliciting FR941206-1-00134 1 48736
comments FR941206-1-00134 3 48737 50271 50301
appropriateness FR941206-1-00134 1 48740
deleting FR941206-1-00134 1 48742
seeks FR941206-1-00134 1 48747
storers FR941206-1-00134 1 48750
whether FR941206-1-00134 4 48756 50275 50496 50508
currently FR941206-1-00134 4 48759 48971 49337 49376
utilizing FR941206-1-00134 1 48760
6 FR941206-1-00134 3 48772 51041 51343
alternate FR941206-1-00134 1 48774
designated FR941206-1-00134 1 48805
management FR941206-1-00134 1 48810
3004 FR941206-1-00134 1 48817
authorized FR941206-1-00134 1 48824
3006 FR941206-1-00134 1 48827
manage FR941206-1-00134 2 48831 49469
hazardous FR941206-1-00134 3 48832 51419 51433
otherwise FR941206-1-00134 2 48846 49001
regulated FR941206-1-00134 1 48847
lookalike FR941206-1-00134 1 48854
law FR941206-1-00134 2 48855 50026
approved FR941206-1-00134 2 48857 49819
container FR941206-1-00134 1 48874
equal FR941206-1-00134 1 48879
level FR941206-1-00134 2 48880 50749
preclude FR941206-1-00134 1 48889
unreasonable FR941206-1-00134 2 48891 51365
risk FR941206-1-00134 2 48892 51366
injury FR941206-1-00134 2 48894 51368
tracking FR941206-1-00134 1 48903
secondary FR941206-1-00134 1 48905
containment FR941206-1-00134 1 48906
monitoring FR941206-1-00134 1 48908
leaks FR941206-1-00134 3 48910 49149 49319
inspections FR941206-1-00134 4 48912 49317 49510 49529
operating FR941206-1-00134 1 48929
interim FR941206-1-00134 3 48931 51053 51156
status FR941206-1-00134 1 48932
all FR941206-1-00134 4 48936 49688 50826 50903
containerization FR941206-1-00134 1 48948
manifesting FR941206-1-00134 1 48954
cleanup FR941206-1-00134 2 48958 49742
continue FR941206-1-00134 2 48960 50068
compliance FR941206-1-00134 7 48977 49008 49478 49703 50533 50596 50671
eligible FR941206-1-00134 1 48990
volume FR941206-1-00134 2 48996 49072
instead FR941206-1-00134 2 49015 50220
terms FR941206-1-00134 2 49018 50536
feasible FR941206-1-00134 1 49031
desirable FR941206-1-00134 1 49033
construct FR941206-1-00134 1 49035
volumes FR941206-1-00134 1 49042
concerned FR941206-1-00134 1 49051
views FR941206-1-00134 1 49054
continuum FR941206-1-00134 1 49063
issue FR941206-1-00134 1 49067
best FR941206-1-00134 1 49075
addressed FR941206-1-00134 1 49076
casebycase FR941206-1-00134 1 49079
through FR941206-1-00134 2 49081 50141
permitting FR941206-1-00134 1 49087
choose FR941206-1-00134 1 49100
follow FR941206-1-00134 1 49102
avail FR941206-1-00134 1 49112
themselves FR941206-1-00134 1 49113
options FR941206-1-00134 1 49117
7 FR941206-1-00134 1 49119
article FR941206-1-00134 2 49125 49175
articles FR941206-1-00134 2 49138 49237
checked FR941206-1-00134 1 49146
periodically FR941206-1-00134 1 49147
8 FR941206-1-00134 4 49157 49190 49263 49266
requires FR941206-1-00134 2 49159 49385
dated FR941206-1-00134 1 49163
placed FR941206-1-00134 2 49167 50466
loophole FR941206-1-00134 1 49194
exists FR941206-1-00134 1 49195
owner FR941206-1-00134 1 49201
omit FR941206-1-00134 1 49203
dating FR941206-1-00134 1 49204
inspecting FR941206-1-00134 1 49206
circumvent FR941206-1-00134 1 49211
correct FR941206-1-00134 1 49228
oversight FR941206-1-00134 1 49230
replacing FR941206-1-00134 1 49232
phrase FR941206-1-00134 1 49234
`` FR941206-1-00134 14 49235 49243 49600 49618 49651 49817 49905 50121 50875 51407 51411 51443 51448 51480
'' FR941206-1-00134 14 49241 49246 49603 49622 49655 49825 49974 50136 50883 51409 51442 51446 51479 51483
wherever FR941206-1-00134 1 49247
occurs FR941206-1-00134 2 49249 51422
operators FR941206-1-00134 5 49273 49282 49348 49364 49453
proposed FR941206-1-00134 5 49285 49583 49597 49608 49648
761.180 FR941206-1-00134 1 49287
first FR941206-1-00134 1 49303
operator FR941206-1-00134 1 49310
maintain FR941206-1-00134 4 49312 49454 49555 50746
record FR941206-1-00134 1 49314
cleanups FR941206-1-00134 1 49322
performed FR941206-1-00134 1 49327
inspectors FR941206-1-00134 2 49340 49501
way FR941206-1-00134 1 49343
verify FR941206-1-00134 1 49345
keep FR941206-1-00134 1 49365
uptodate FR941206-1-00134 1 49367
inventory FR941206-1-00134 7 49369 49458 49505 49524 49536 49557 49563
log FR941206-1-00134 4 49371 49384 49497 50577
what FR941206-1-00134 2 49373 49401
holding FR941206-1-00134 1 49377
annual FR941206-1-00134 5 49383 49394 49496 49572 51001
similar FR941206-1-00134 1 49386
; FR941206-1-00134 4 49388 49459 49824 50738
summary FR941206-1-00134 1 49395
actually FR941206-1-00134 1 49403
day FR941206-1-00134 1 49410
thus FR941206-1-00134 1 49412
assistance FR941206-1-00134 1 49416
inspector FR941206-1-00134 1 49420
performing FR941206-1-00134 1 49421
site FR941206-1-00134 2 49423 50486
although FR941206-1-00134 1 49426
operations FR941206-1-00134 1 49447
sort FR941206-1-00134 1 49456
maintenance FR941206-1-00134 2 49460 50574
almost FR941206-1-00134 1 49464
necessity FR941206-1-00134 1 49466
well FR941206-1-00134 1 49474
deadline FR941206-1-00134 1 49488
collect FR941206-1-00134 1 49492
access FR941206-1-00134 1 49502
greatly FR941206-1-00134 1 49507
facilitate FR941206-1-00134 2 49508 49527
particularly FR941206-1-00134 1 49512
larger FR941206-1-00134 1 49514
purpose FR941206-1-00134 2 49521 51088
requiring FR941206-1-00134 1 49533
maintained FR941206-1-00134 1 49538
rather FR941206-1-00134 1 49545
central FR941206-1-00134 1 49549
applies FR941206-1-00134 1 49559
only FR941206-1-00134 1 49560
affects FR941206-1-00134 1 49566
portion FR941206-1-00134 1 49569
records FR941206-1-00134 1 49573
9 FR941206-1-00134 1 49575
revision FR941206-1-00134 1 49577
criteria FR941206-1-00134 1 49581
iv FR941206-1-00134 3 49592 49639 49679
definition FR941206-1-00134 4 49598 49609 49616 49649
porous FR941206-1-00134 3 49601 49619 49652
surface FR941206-1-00134 3 49602 49620 49653
found FR941206-1-00134 2 49604 49807
761.3. FR941206-1-00134 1 49606
includes FR941206-1-00134 1 49610
concrete FR941206-1-00134 5 49611 49629 49662 49698 49719
cement FR941206-1-00134 5 49613 49627 49660 49696 49717
reference FR941206-1-00134 4 49624 49759 49823 49865
portland FR941206-1-00134 4 49626 49659 49695 49716
impervious FR941206-1-00134 1 49642
inconsistent FR941206-1-00134 1 49645
references FR941206-1-00134 4 49657 49708 49754 50153
deleted FR941206-1-00134 1 49666
create FR941206-1-00134 1 49684
out FR941206-1-00134 2 49701 51513
remained FR941206-1-00134 1 49710
albeit FR941206-1-00134 1 49712
parenthetically FR941206-1-00134 1 49713
acceptable FR941206-1-00134 1 49721
recommend FR941206-1-00134 1 49725
nonporous FR941206-1-00134 2 49730 49744
surfaces FR941206-1-00134 2 49731 49745
curbing FR941206-1-00134 1 49735
flooring FR941206-1-00134 1 49737
easier FR941206-1-00134 1 49747
costly FR941206-1-00134 1 49750
h. FR941206-1-00134 1 49752
astm FR941206-1-00134 14 49753 49773 49860 49880 49962 49978 50000 50052 50055 50117 50138 50161 50210 50248
incorporated FR941206-1-00134 3 49757 49863 49909
several FR941206-1-00134 1 49760
test FR941206-1-00134 4 49761 49803 49861 50158
standards FR941206-1-00134 7 49762 49788 49862 49881 50001 50053 50256
american FR941206-1-00134 2 49766 49955
society FR941206-1-00134 2 49767 49956
testing FR941206-1-00134 3 49769 49778 49958
describe FR941206-1-00134 1 49776
various FR941206-1-00134 1 49777
sampling FR941206-1-00134 1 49780
procedures FR941206-1-00134 3 49781 50254 51157
analyses FR941206-1-00134 1 49785
referenced FR941206-1-00134 1 49790
throughout FR941206-1-00134 1 49791
761 FR941206-1-00134 3 49795 49832 50283
listing FR941206-1-00134 2 49799 49857
applicable FR941206-1-00134 3 49802 50252 50678
methods FR941206-1-00134 2 49804 50368
can FR941206-1-00134 3 49805 50258 50362
back FR941206-1-00134 1 49810
heading FR941206-1-00134 1 49816
material FR941206-1-00134 4 49818 49910 50006 50666
incorporation FR941206-1-00134 1 49821
chapter FR941206-1-00134 1 49828
i FR941206-1-00134 3 49829 50326 51309
parts FR941206-1-00134 1 49831
763 FR941206-1-00134 1 49834
_subchapter FR941206-1-00134 1 49836
r_toxic FR941206-1-00134 1 49837
substances FR941206-1-00134 3 49838 51451 51466
environmental FR941206-1-00134 3 49842 49937 50382
published FR941206-1-00134 1 49847
updated FR941206-1-00134 1 49855
indicated FR941206-1-00134 1 49876
copies FR941206-1-00134 6 49878 49906 50013 50049 50155 50202
copying FR941206-1-00134 2 49887 50029
public FR941206-1-00134 4 49891 49917 50167 50732
reading FR941206-1-00134 1 49892
room FR941206-1-00134 1 49893
notation FR941206-1-00134 1 49896
included FR941206-1-00134 4 49899 50427 50547 51099
761.19 FR941206-1-00134 2 49901 50098
states FR941206-1-00134 2 49903 50788
obtained FR941206-1-00134 2 49913 51292
docket FR941206-1-00134 1 49918
office FR941206-1-00134 3 49919 49930 50179
7407 FR941206-1-00134 2 49921 50176
rm FR941206-1-00134 2 49923 50186
b607 FR941206-1-00134 2 49925 50188
northeast FR941206-1-00134 2 49927 50190
mall FR941206-1-00134 2 49928 50191
pollution FR941206-1-00134 2 49932 50181
toxics FR941206-1-00134 2 49935 50184
401 FR941206-1-00134 1 49941
m FR941206-1-00134 1 49942
st. FR941206-1-00134 1 49943
sw. FR941206-1-00134 1 49945
washington FR941206-1-00134 1 49947
dc FR941206-1-00134 1 49949
20460 FR941206-1-00134 1 49950
1916 FR941206-1-00134 2 49965 50212
race FR941206-1-00134 2 49966 50213
street FR941206-1-00134 2 49967 50214
philadelphia FR941206-1-00134 2 49969 50216
pa FR941206-1-00134 2 49971 50218
19103 FR941206-1-00134 1 49972
contacted FR941206-1-00134 1 49979
requested FR941206-1-00134 1 49982
produce FR941206-1-00134 1 49987
copy FR941206-1-00134 1 49989
agreement FR941206-1-00134 1 49993
grants FR941206-1-00134 1 49995
permission FR941206-1-00134 2 49997 50015
reproduce FR941206-1-00134 1 49999
copyrighted FR941206-1-00134 2 50005 50031
refrain FR941206-1-00134 1 50009
making FR941206-1-00134 1 50011
further FR941206-1-00134 2 50012 50763
granted FR941206-1-00134 1 50017
while FR941206-1-00134 1 50019
copyright FR941206-1-00134 1 50025
prohibits FR941206-1-00134 1 50027
regulation FR941206-1-00134 2 50040 50410
offered FR941206-1-00134 1 50044
refer FR941206-1-00134 1 50046
offer FR941206-1-00134 1 50059
makes FR941206-1-00134 1 50063
clear FR941206-1-00134 1 50064
satisfy FR941206-1-00134 1 50070
documents FR941206-1-00134 1 50074
freedom FR941206-1-00134 1 50077
notice FR941206-1-00134 2 50087 50200
modify FR941206-1-00134 1 50093
text FR941206-1-00134 1 50096
received FR941206-1-00134 4 50102 50300 50580 51118
comment FR941206-1-00134 5 50104 50396 50474 50546 50693
reminding FR941206-1-00134 1 50105
earlier FR941206-1-00134 2 50110 50197
commitment FR941206-1-00134 1 50111
propose FR941206-1-00134 1 50113
method FR941206-1-00134 3 50118 50123 50159
d4059 FR941206-1-00134 3 50119 50162 50249
standard FR941206-1-00134 3 50122 50205 50224
analysis FR941206-1-00134 2 50125 50263
polychlorinated FR941206-1-00134 1 50127
biphenyls FR941206-1-00134 1 50128
insulating FR941206-1-00134 1 50130
gas FR941206-1-00134 2 50133 50268
chromatography FR941206-1-00134 2 50134 50269
validated FR941206-1-00134 1 50140
series FR941206-1-00134 1 50143
round FR941206-1-00134 1 50145
robin FR941206-1-00134 1 50146
tests FR941206-1-00134 1 50147
nonconfidential FR941206-1-00134 1 50172
center FR941206-1-00134 1 50174
address FR941206-1-00134 1 50195
listed FR941206-1-00134 1 50196
19103. FR941206-1-00134 1 50219
incorporating FR941206-1-00134 1 50222
proposes FR941206-1-00134 2 50227 50939
adding FR941206-1-00134 1 50228
g FR941206-1-00134 2 50231 51074
iii FR941206-1-00134 2 50237 50244
identify FR941206-1-00134 1 50247
using FR941206-1-00134 1 50267
invited FR941206-1-00134 1 50273
amended FR941206-1-00134 1 50286
include FR941206-1-00134 1 50288
procedure FR941206-1-00134 1 50290
i. FR941206-1-00134 1 50292
manufacture FR941206-1-00134 9 50293 50452 50702 50754 50832 51005 51233 51276 51333
disposalrelated FR941206-1-00134 3 50297 50898 50919
studies FR941206-1-00134 2 50298 50920
rearch FR941206-1-00134 1 50310
development FR941206-1-00134 6 50312 50340 50847 50901 51095 51244
r FR941206-1-00134 15 50314 50438 50497 50526 50615 50630 50651 50697 50758 50827 50980 50994 51016 51269 51295
& FR941206-1-00134 15 50315 50439 50498 50527 50616 50631 50652 50698 50759 50828 50981 50995 51017 51270 51296
761.70 FR941206-1-00134 3 50329 51316 51321
limits FR941206-1-00134 1 50338
innovative FR941206-1-00134 2 50339 50351
effective FR941206-1-00134 2 50342 51126
technologies FR941206-1-00134 3 50344 50360 50851
identifying FR941206-1-00134 2 50347 50378
biological FR941206-1-00134 1 50348
processes FR941206-1-00134 2 50352 50365
destroy FR941206-1-00134 1 50354
contain FR941206-1-00134 1 50356
developing FR941206-1-00134 1 50359
enhance FR941206-1-00134 1 50363
finding FR941206-1-00134 1 50367
separating FR941206-1-00134 1 50370
contaminants FR941206-1-00134 2 50372 50379
media FR941206-1-00134 2 50375 50593
present FR941206-1-00134 1 50380
samples FR941206-1-00134 1 50383
so FR941206-1-00134 1 50384
techniques FR941206-1-00134 1 50388
selected FR941206-1-00134 1 50391
applied FR941206-1-00134 1 50393
consideration FR941206-1-00134 1 50402
citing FR941206-1-00134 1 50403
change FR941206-1-00134 1 50408
inflexible FR941206-1-00134 1 50412
harmful FR941206-1-00134 1 50414
effects FR941206-1-00134 1 50415
international FR941206-1-00134 2 50417 50769
scientific FR941206-1-00134 1 50418
exchange FR941206-1-00134 1 50419
us FR941206-1-00134 1 50421
competitive/technological FR941206-1-00134 1 50422
advancement FR941206-1-00134 1 50423
commenter FR941206-1-00134 2 50426 50809
suggestion FR941206-1-00134 1 50429
eliminate FR941206-1-00134 2 50432 50464
research FR941206-1-00134 8 50443 50602 50737 50844 50882 50899 51093 51242
13.23 FR941206-1-00134 2 50454 50714
lbs FR941206-1-00134 1 50455
per FR941206-1-00134 4 50459 50716 50718 50962
annually FR941206-1-00134 2 50461 51152
restrictions FR941206-1-00134 1 50465
import/export FR941206-1-00134 1 50469
handled FR941206-1-00134 1 50494
laboratory FR941206-1-00134 5 50502 50599 51408 51444 51481
scale FR941206-1-00134 3 50503 51445 51482
manufactured FR941206-1-00134 2 50512 50865
additionally FR941206-1-00134 1 50514
principal FR941206-1-00134 1 50517
researcher FR941206-1-00134 1 50518
certify FR941206-1-00134 1 50523
features FR941206-1-00134 1 50543
pursuant FR941206-1-00134 5 50551 50931 51037 51153 51301
labelling FR941206-1-00134 1 50565
work FR941206-1-00134 2 50567 51449
ml FR941206-1-00134 1 50571
mark FR941206-1-00134 1 50572
covering FR941206-1-00134 1 50578
shipped FR941206-1-00134 2 50582 50669
source FR941206-1-00134 1 50588
weight FR941206-1-00134 1 50591
osha FR941206-1-00134 2 50598 51394
practices FR941206-1-00134 1 50603
completion FR941206-1-00134 1 50612
activity FR941206-1-00134 3 50618 51140 51378
terminate FR941206-1-00134 1 50628
determination FR941206-1-00134 1 50636
made FR941206-1-00134 2 50639 51360
violated FR941206-1-00134 1 50646
bona FR941206-1-00134 1 50649
fide FR941206-1-00134 1 50650
laws FR941206-1-00134 1 50681
foreign FR941206-1-00134 1 50684
nation FR941206-1-00134 1 50685
potential FR941206-1-00134 1 50688
quantity FR941206-1-00134 1 50689
0.5 FR941206-1-00134 1 50706
kilograms FR941206-1-00134 1 50707
roughly FR941206-1-00134 1 50713
pounds FR941206-1-00134 1 50715
particular FR941206-1-00134 1 50723
concern FR941206-1-00134 1 50724
recognizes FR941206-1-00134 1 50730
policy FR941206-1-00134 2 50733 50794
importance FR941206-1-00134 1 50734
over FR941206-1-00134 1 50752
more FR941206-1-00134 3 50766 50951 51010
countries FR941206-1-00134 1 50767
ratify FR941206-1-00134 1 50768
agreements FR941206-1-00134 1 50770
movement FR941206-1-00134 2 50774 50801
across FR941206-1-00134 1 50777
borders FR941206-1-00134 1 50779
inappropriate FR941206-1-00134 1 50784
united FR941206-1-00134 1 50787
establish FR941206-1-00134 1 50790
indiscriminate FR941206-1-00134 1 50799
transboundary FR941206-1-00134 1 50800
considered FR941206-1-00134 1 50807
761.80 FR941206-1-00134 2 50814 51072
class FR941206-1-00134 6 50823 51069 51102 51197 51217 51225
exemption FR941206-1-00134 6 50824 51070 51103 51109 51211 51340
import FR941206-1-00134 2 50835 50946
solely FR941206-1-00134 2 50838 50876
own FR941206-1-00134 2 50843 50881
distributing FR941206-1-00134 1 50858
rulemaking FR941206-1-00134 1 50871
mean FR941206-1-00134 1 50885
manufacturer FR941206-1-00134 1 50889
wholly FR941206-1-00134 1 50894
owned FR941206-1-00134 1 50895
subsidiaries FR941206-1-00134 1 50896
regardless FR941206-1-00134 1 50910
resulting FR941206-1-00134 1 50914
conduct FR941206-1-00134 1 50917
decontaminated FR941206-1-00134 1 50927
original FR941206-1-00134 1 50934
manufacturing FR941206-1-00134 3 50943 51112 51159
454 FR941206-1-00134 1 50953
grams FR941206-1-00134 1 50954
pound FR941206-1-00134 2 50958 51013
generally FR941206-1-00134 1 50968
extremely FR941206-1-00134 1 50971
small FR941206-1-00134 2 50972 51430
quantities FR941206-1-00134 3 50973 51431 51493
micrograms FR941206-1-00134 1 50977
based FR941206-1-00134 1 50988
experience FR941206-1-00134 1 50991
issuing FR941206-1-00134 1 50993
approvals FR941206-1-00134 1 50997
limitation FR941206-1-00134 1 51002
adequate FR941206-1-00134 1 51022
wishing FR941206-1-00134 1 51025
exceed FR941206-1-00134 1 51027
submit FR941206-1-00134 1 51034
petition FR941206-1-00134 3 51036 51106 51148
procedural FR941206-1-00134 1 51054
rules FR941206-1-00134 1 51055
750. FR941206-1-00134 1 51060
exporting FR941206-1-00134 1 51090
prohibitions FR941206-1-00134 1 51113
60 FR941206-1-00134 2 51122 51133
engaging FR941206-1-00134 1 51137
renewals FR941206-1-00134 1 51142
modifications FR941206-1-00134 1 51145
exemptions FR941206-1-00134 1 51160
750.11 FR941206-1-00134 1 51162
finalized FR941206-1-00134 1 51171
register FR941206-1-00134 1 51175
59 FR941206-1-00134 1 51179
16991 FR941206-1-00134 1 51181
order FR941206-1-00134 1 51185
reduce FR941206-1-00134 1 51187
paperwork FR941206-1-00134 1 51189
renewal FR941206-1-00134 3 51193 51208 51220
deem FR941206-1-00134 1 51201
filed FR941206-1-00134 1 51204
member FR941206-1-00134 1 51214
entire FR941206-1-00134 1 51224
notified FR941206-1-00134 1 51259
writing FR941206-1-00134 1 51261
commencement FR941206-1-00134 1 51267
contains FR941206-1-00134 1 51328
demonstration FR941206-1-00134 1 51357
exempted FR941206-1-00134 1 51377
good FR941206-1-00134 1 51381
faith FR941206-1-00134 1 51382
efforts FR941206-1-00134 1 51383
find FR941206-1-00134 1 51388
substitute FR941206-1-00134 1 51390
regulates FR941206-1-00134 1 51395
workplace FR941206-1-00134 2 51396 51427
safety FR941206-1-00134 1 51397
laboratories FR941206-1-00134 1 51399
29 FR941206-1-00134 2 51401 51498
1910.1450. FR941206-1-00134 1 51403
define FR941206-1-00134 1 51406
'laboratory FR941206-1-00134 1 51416
chemicals FR941206-1-00134 2 51420 51434
' FR941206-1-00134 1 51421
relatively FR941206-1-00134 1 51429
nonn FR941206-1-00134 1 51439
means FR941206-1-00134 1 51447
reactions FR941206-1-00134 1 51458
transfers FR941206-1-00134 1 51460
handling FR941206-1-00134 1 51464
easily FR941206-1-00134 1 51471
safely FR941206-1-00134 1 51473
manipulated FR941206-1-00134 1 51474
person FR941206-1-00134 1 51477
excludes FR941206-1-00134 1 51484
workplaces FR941206-1-00134 1 51486
whose FR941206-1-00134 1 51487
function FR941206-1-00134 1 51488
1910.1450 FR941206-1-00134 1 51500
employer FR941206-1-00134 1 51503
among FR941206-1-00134 1 51505
carry FR941206-1-00134 1 51512
chemical FR941206-1-00134 1 51519
hygiene FR941206-1-00134 1 51520
