2605 FR941206-1-00134 4 2258 2305 2358 2410
( FR941206-1-00134 77 2259 2262 2265 2273 2276 2279 2302 2306 2309 2312 2320 2323 2326 2355 2359 2362 2365 2373 2376 2379 2407 2411 2414 2417 2436 2454 2496 2513 2516 2519 2523 2566 2584 2589 2594 2599 2631 2653 2842 2918 2940 3012 3130 3140 3173 3190 3909 3921 3973 4009 4085 4259 4562 4629 4741 4827 5034 5046 5062 5109 5111 5166 5194 5225 5294 5349 5554 5563 5608 5750 5875 5933 5936 6317 6348 6416 6496
e FR941206-1-00134 8 2260 2274 2307 2321 2360 2374 2412 4260
) FR941206-1-00134 76 2261 2264 2267 2268 2275 2278 2281 2308 2311 2314 2315 2322 2325 2328 2361 2364 2367 2368 2375 2378 2381 2413 2416 2419 2420 2438 2456 2498 2515 2518 2525 2526 2575 2586 2591 2596 2601 2635 2657 2852 2932 2944 3018 3132 3142 3180 3197 3911 3926 3986 4022 4093 4261 4574 4635 4747 4829 5054 5064 5113 5114 5174 5204 5233 5303 5351 5557 5565 5617 5765 5889 5935 5944 6321 6350 6418
1 FR941206-1-00134 5 2263 2277 2310 5338 5616
a FR941206-1-00134 59 2266 2351 2465 2514 2533 2554 2585 2675 2754 2801 2866 2888 2924 3061 3096 3628 3902 4048 4129 4232 4429 4679 4816 4858 5063 5119 5132 5184 5213 5231 5277 5286 5370 5390 5431 5447 5577 5597 5746 5753 5799 5805 5829 5835 5844 5853 5880 5909 5926 5949 5969 6017 6082 6087 6295 6300 6341 6378 6427
. FR941206-1-00134 111 2269 2316 2369 2421 2491 2527 2559 2571 2636 2658 2720 2748 2805 2869 2945 2977 3019 3046 3091 3113 3143 3204 3230 3248 3250 3324 3328 3521 3773 3874 3879 3884 3895 3927 3987 4023 4046 4094 4133 4199 4277 4310 4331 4382 4389 4401 4431 4463 4515 4539 4570 4575 4615 4644 4687 4711 4724 4772 4803 4836 4864 4882 4900 4939 4994 5050 5055 5095 5130 5190 5197 5234 5266 5298 5304 5337 5339 5341 5399 5405 5421 5442 5458 5496 5498 5503 5550 5558 5591 5618 5734 5818 5906 5940 5945 5981 6024 6072 6107 6168 6199 6214 6233 6251 6282 6284 6288 6322 6351 6404 6458
tsca FR941206-1-00134 8 2270 2317 2370 2493 3319 4680 4685 5513
section FR941206-1-00134 9 2271 2318 2371 2494 4325 5075 5733 6144 6150
6 FR941206-1-00134 3 2272 2319 2372
b FR941206-1-00134 9 2280 2313 2327 2366 2380 2418 2497 2524 5350
provides FR941206-1-00134 3 2282 2382 5201
broad FR941206-1-00134 1 2283
authority FR941206-1-00134 4 2284 2332 2502 2536
for FR941206-1-00134 55 2285 2389 2487 2698 2733 2795 2820 2853 2986 2998 3157 3276 3296 3303 3315 3375 3513 3532 3574 3583 3600 3640 3647 3664 3703 3744 3786 3795 3805 3818 3916 4054 4292 4332 4505 4926 4935 4997 5022 5187 5264 5279 5319 5331 5434 5507 5582 5923 6164 6172 6200 6273 6310 6397 6436
epa FR941206-1-00134 37 2286 2330 2388 2422 2500 2528 2672 2721 2751 2808 2958 3020 3092 3205 4098 4138 4352 4381 4725 4774 4807 4965 5002 5116 5239 5273 5305 5406 5424 5443 5459 5532 5669 5982 6117 6253 6292
to FR941206-1-00134 98 2287 2294 2333 2444 2463 2477 2503 2537 2579 2679 2684 2726 2758 2761 2769 2824 2843 2872 2897 2948 2961 2968 3008 3023 3051 3064 3133 3214 3236 3270 3627 3653 3700 3776 3833 3952 4037 4060 4067 4076 4156 4245 4253 4305 4412 4440 4548 4555 4560 4665 4971 4974 4988 5005 5008 5076 5083 5091 5146 5178 5218 5383 5446 5589 5632 5661 5672 5677 5687 5696 5707 5731 5772 5788 5794 5833 5947 5997 6040 6096 6120 6123 6130 6137 6140 6154 6178 6210 6246 6255 6286 6335 6340 6356 6370 6407 6432 6453
promulgate FR941206-1-00134 1 2288
rules FR941206-1-00134 8 2289 2683 3045 3410 3966 5417 5511 5713
that FR941206-1-00134 36 2290 2383 2433 2557 2730 2893 3106 3118 3147 4097 4224 4236 4281 4296 4443 4500 4524 4967 5012 5188 5216 5308 5463 5567 5682 5801 5837 5978 5984 6026 6084 6184 6323 6377 6443 6467
would FR941206-1-00134 27 2291 2449 2696 2731 2816 2862 3107 3115 3199 3206 4297 4375 4467 4520 4580 5306 5791 5811 5822 5967 5975 6094 6207 6383 6393 6419 6445
require FR941206-1-00134 8 2292 2863 4377 5118 5307 5657 5814 5917
pcbs FR941206-1-00134 56 2293 2347 2406 2547 2692 2835 2841 2851 2973 3028 3075 3122 3217 3277 3299 3306 3474 3507 3512 3519 3554 3636 3663 3723 3750 3756 3918 3956 4055 4123 4215 4350 4499 4640 4783 4802 4854 4878 5029 5145 5224 5228 5284 5336 5398 5465 5569 5602 5642 5683 5740 5767 6224 6250 6268 6316
be FR941206-1-00134 29 2295 2485 2873 3200 3993 4218 4503 4666 4704 5016 5089 5176 5311 5649 5697 5708 5792 5795 5852 5968 5995 6028 6097 6179 6208 6211 6231 6336 6469
marked FR941206-1-00134 1 2296
with FR941206-1-00134 18 2297 2664 2784 3083 3162 4226 4238 4349 4601 4627 4801 4822 4834 4877 5160 6159 6257 6278
clear FR941206-1-00134 1 2298
and FR941206-1-00134 95 2299 2344 2401 2453 2482 2602 2616 2625 2781 2792 2813 2831 2836 2846 2915 2930 2988 3003 3055 3058 3080 3086 3089 3181 3286 3357 3363 3371 3387 3487 3525 3542 3585 3602 3621 3670 3719 3769 3779 3856 3957 4004 4115 4158 4185 4189 4197 4287 4307 4315 4346 4363 4387 4416 4494 4532 4552 4592 4625 4641 4748 4765 4812 4830 4845 4879 4929 4959 4978 4985 5086 5093 5155 5211 5250 5326 5518 5523 5646 5654 5702 5715 5781 5810 5972 6002 6063 6147 6153 6240 6243 6264 6275 6368 6439
adequate FR941206-1-00134 1 2300
warnings FR941206-1-00134 1 2301
15 FR941206-1-00134 4 2303 2356 2408 2520
usc FR941206-1-00134 6 2304 2357 2409 2521 2633 2655
2 FR941206-1-00134 7 2324 2363 2517 3179 3196 4092 5497
gives FR941206-1-00134 2 2329 2499
the FR941206-1-00134 181 2331 2335 2393 2396 2430 2447 2480 2501 2535 2560 2605 2613 2623 2680 2689 2708 2727 2734 2759 2767 2785 2818 2821 2854 2870 2880 2885 2898 2903 2912 2935 2949 2964 2969 2978 2982 3004 3025 3043 3066 3070 3101 3110 3145 3209 3222 3228 3231 3238 3246 3282 3409 3431 3503 3558 3579 3596 3735 3777 3798 3866 3896 3913 3936 3940 4017 4024 4038 4051 4095 4110 4116 4135 4142 4145 4159 4162 4177 4270 4278 4308 4321 4371 4390 4394 4404 4421 4432 4583 4656 4691 4694 4714 4718 4759 4790 4796 4823 4842 4850 4865 4885 4951 4960 4976 4989 5009 5020 5025 5027 5039 5044 5056 5071 5074 5103 5147 5161 5179 5220 5223 5242 5251 5281 5316 5320 5333 5342 5356 5363 5386 5397 5453 5471 5473 5481 5484 5510 5515 5529 5559 5585 5623 5626 5629 5674 5688 5692 5719 5736 5773 5824 5850 5912 5918 5954 5958 5973 6007 6077 6092 6103 6111 6131 6142 6148 6175 6182 6185 6247 6258 6270 6279 6357 6361 6371 6411 6421 6456 6459 6472
authorize FR941206-1-00134 2 2334 6420
manufacture FR941206-1-00134 3 2336 2397 3661
, FR941206-1-00134 213 2337 2339 2343 2398 2400 2452 2505 2508 2538 2542 2550 2582 2587 2592 2597 2619 2671 2710 2750 2765 2777 2791 2807 2925 2927 2929 2939 2990 2994 3000 3002 3016 3017 3032 3038 3060 3079 3159 3198 3258 3266 3278 3368 3370 3715 3806 3923 3931 3934 3945 3960 3969 3975 3995 4001 4013 4016 4027 4034 4050 4101 4108 4137 4168 4181 4184 4188 4194 4196 4201 4230 4242 4262 4339 4343 4345 4351 4361 4370 4444 4447 4471 4475 4480 4486 4490 4493 4507 4528 4531 4543 4549 4572 4596 4606 4608 4611 4631 4654 4660 4669 4676 4689 4697 4713 4733 4745 4746 4763 4789 4806 4853 4884 4928 4950 4958 4964 4996 5001 5036 5136 5149 5171 5227 5238 5272 5327 5330 5352 5361 5392 5423 5486 5501 5544 5546 5547 5552 5553 5614 5622 5633 5637 5639 5666 5679 5714 5739 5743 5755 5757 5760 5775 5786 5789 5790 5809 5827 5832 5839 5848 5855 5857 5861 5864 5866 5868 5870 5872 5882 5884 5886 5890 5893 5896 5898 5911 5952 5966 5971 5985 6005 6013 6035 6041 6044 6049 6052 6057 6062 6066 6068 6091 6100 6109 6116 6202 6217 6225 6229 6237 6239 6261 6263 6269 6290 6291 6354 6375 6391 6410 6424 6431
processing FR941206-1-00134 4 2338 2399 2845 3374
distribution FR941206-1-00134 4 2340 2402 2847 3360
in FR941206-1-00134 76 2341 2348 2403 2548 2568 2648 2668 2687 2772 2848 2884 2910 2934 2955 2975 3030 3035 3042 3077 3144 3227 3240 3245 3361 3444 3557 3757 3820 3919 3924 3932 3963 4102 4134 4149 4221 4231 4398 4408 4445 4452 4461 4594 4623 4677 4708 4752 4804 5060 5140 5158 5208 5212 5235 5268 5285 5328 5403 5414 5429 5526 5537 5571 5576 5619 5644 5699 5745 5798 5907 5953 5957 6073 6110 6188 6405
commerce FR941206-1-00134 4 2342 2404 2849 3362
use FR941206-1-00134 13 2345 2549 2558 2976 3031 3078 3364 3439 3673 3754 3920 4506 5700
of FR941206-1-00134 182 2346 2405 2442 2475 2546 2556 2563 2572 2604 2629 2661 2677 2691 2718 2736 2756 2787 2850 2856 2865 2890 2905 2938 2957 2966 3027 3069 3100 3125 3216 3224 3243 3252 3265 3298 3305 3333 3365 3392 3397 3430 3456 3465 3470 3477 3489 3495 3499 3506 3511 3517 3534 3539 3551 3570 3578 3595 3607 3617 3635 3662 3698 3706 3726 3755 3767 3790 3797 3800 3825 3827 3838 3865 3886 3904 3939 3978 4058 4072 4105 4122 4126 4144 4154 4164 4179 4192 4220 4250 4264 4272 4303 4323 4326 4335 4393 4403 4420 4425 4604 4639 4668 4693 4717 4736 4755 4788 4795 4798 4810 4818 4841 4849 4874 4887 4904 4907 4953 4962 4980 5032 5043 5051 5073 5134 5144 5157 5183 5198 5222 5245 5254 5257 5283 5300 5322 5335 5365 5388 5437 5449 5452 5455 5479 5490 5500 5509 5520 5528 5584 5628 5685 5691 5721 5725 5742 5797 5807 5846 5903 5920 5925 5941 5991 6019 6089 6134 6174 6181 6213 6249 6297 6299 6308 6313 6363 6366 6381 6401 6451 6462 6465
other FR941206-1-00134 16 2349 2540 2743 2788 3084 3434 3522 4288 4316 4613 4642 4880 5097 5901 6160 6235
than FR941206-1-00134 10 2350 2703 3135 3166 3183 3980 4062 4074 4078 4455
totally FR941206-1-00134 2 2352 3552
enclosed FR941206-1-00134 2 2353 3553
manner FR941206-1-00134 2 2354 5800
3 FR941206-1-00134 4 2377 2415 4897 6283
any FR941206-1-00134 6 2384 2509 2544 5838 5873 5900
person FR941206-1-00134 1 2385
may FR941206-1-00134 10 2386 2423 2484 2529 4216 4275 4501 4648 4703 5648
petition FR941206-1-00134 1 2387
an FR941206-1-00134 17 2390 2427 2439 2472 3591 3843 4151 4207 4222 4246 4300 5141 5921 6030 6395 6434 6448
exemption FR941206-1-00134 7 2391 2428 3417 3421 3432 3677 3785
from FR941206-1-00134 15 2392 2511 2715 2908 3984 4161 4176 4206 4380 4537 5377 5483 5879 5977 6021
prohibition FR941206-1-00134 1 2394
on FR941206-1-00134 26 2395 2834 2837 2996 3074 3155 3424 3624 3935 3942 3998 4031 4120 4128 4141 4671 4941 5019 5038 5718 5828 6102 6192 6289 6330 6426
by FR941206-1-00134 14 2424 2506 2530 2612 2622 2840 2972 3814 4892 5069 5313 5531 5779 6471
rule FR941206-1-00134 12 2425 2507 2531 2565 2650 2917 3781 4330 5344 5360 5738 6413
grant FR941206-1-00134 2 2426 2532
if FR941206-1-00134 4 2429 4365 6014 6226
administrator FR941206-1-00134 7 2431 5826 5914 5960 6079 6423 6474
finds FR941206-1-00134 1 2432
: FR941206-1-00134 3 2434 3850 5539
`` FR941206-1-00134 17 2435 3103 3211 3868 4165 4434 4698 4859 5105 5357 5578 5592 5651 5698 5962 5999 6327
i FR941206-1-00134 1 2437
unreasonable FR941206-1-00134 6 2440 2473 2716 4152 4301 6449
risk FR941206-1-00134 19 2441 2474 2717 2804 2965 4153 4271 4302 4653 5128 5244 5806 5845 6018 6033 6088 6105 6429 6450
injury FR941206-1-00134 6 2443 2476 2719 4155 4304 6452
health FR941206-1-00134 6 2445 2478 2830 4157 4306 6454
or FR941206-1-00134 43 2446 2479 2639 2745 2775 2907 3120 3151 3218 3593 3613 4243 4269 4450 4513 4612 4636 4684 4738 4770 4786 4914 5247 5292 5375 5380 5393 5395 5411 5418 5635 5761 5766 5769 5876 5887 5899 5989 6046 6054 6069 6455 6485
environment FR941206-1-00134 9 2448 2481 2970 4160 4309 5148 5472 5774 6457
not FR941206-1-00134 24 2450 2470 3406 3992 4298 4376 4502 4521 4546 4581 4721 4776 5408 5574 5595 5656 5705 5803 5812 5994 6038 6203 6384 6446
result FR941206-1-00134 4 2451 4049 5139 5387
ii FR941206-1-00134 4 2455 3249 3323 3883
good FR941206-1-00134 1 2457
faith FR941206-1-00134 1 2458
efforts FR941206-1-00134 2 2459 3022
have FR941206-1-00134 7 2460 2894 4777 4793 4916 5466 6095
been FR941206-1-00134 4 2461 3950 4917 5468
made FR941206-1-00134 2 2462 6081
develop FR941206-1-00134 1 2464
chemical FR941206-1-00134 6 2466 3504 4233 4681 4936 6345
substance FR941206-1-00134 1 2467
which FR941206-1-00134 13 2468 2483 2799 2815 2860 3589 3839 4028 4042 4426 4588 5079 5680
does FR941206-1-00134 6 2469 4775 4792 5594 5802 5842
present FR941206-1-00134 5 2471 2800 3154 5804 5843
substituted FR941206-1-00134 1 2486
such FR941206-1-00134 15 2488 2551 3996 4173 4340 4508 5289 5493 5751 5783 5908 6074 6218 6480 6492
polychlorinated FR941206-1-00134 1 2489
biphenyl FR941206-1-00134 1 2490
'' FR941206-1-00134 17 2492 3105 3213 3870 4172 4437 4701 4861 5107 5359 5581 5607 5653 5701 5964 6001 6352
18 FR941206-1-00134 1 2495
exempt FR941206-1-00134 1 2504
state FR941206-1-00134 10 2510 2534 2746 2991 3087 3679 3693 5215 6238 6262
subsection FR941206-1-00134 1 2512
2617 FR941206-1-00134 1 2522
among FR941206-1-00134 1 2539
things FR941206-1-00134 1 2541
regulate FR941206-1-00134 1 2543
aspect FR941206-1-00134 1 2545
as FR941206-1-00134 37 2552 2610 2620 2827 2829 3202 3912 3961 3997 4047 4174 4341 4368 4509 4690 4758 4857 4918 4920 5123 5125 5131 5230 5290 5355 5385 5494 5728 5752 5784 6006 6195 6197 6219 6338 6481 6493
requiring FR941206-1-00134 1 2553
notification FR941206-1-00134 5 2555 2914 3778 3813 3855
rcra FR941206-1-00134 3 2561 3283 3308
portion FR941206-1-00134 1 2562
this FR941206-1-00134 20 2564 2573 2649 2876 3928 4106 4324 4942 5052 5199 5236 5255 5301 5309 5400 5435 5620 5732 5819 5942
discussed FR941206-1-00134 1 2567
unit FR941206-1-00134 10 2569 2669 3649 3655 5048 5195 5296 5764 5860 5938
iia7 FR941206-1-00134 1 2570
preamble FR941206-1-00134 6 2574 3247 5053 5200 5302 5943
is FR941206-1-00134 27 2576 2673 2722 2752 2809 3093 3234 4099 4353 4410 4438 4720 4895 4969 5003 5240 5274 5407 5425 5460 5670 6016 6086 6118 6128 6170 6325
issued FR941206-1-00134 1 2577
pursuant FR941206-1-00134 2 2578 4244
sections FR941206-1-00134 2 2580 4104
1006 FR941206-1-00134 1 2581
2002 FR941206-1-00134 1 2583
3004 FR941206-1-00134 2 2588 2593
u FR941206-1-00134 1 2590
v FR941206-1-00134 1 2595
3005 FR941206-1-00134 1 2598
c FR941206-1-00134 4 2600 5112 5934 6417
3007 FR941206-1-00134 1 2603
solid FR941206-1-00134 2 2606 2626
waste FR941206-1-00134 24 2607 2627 2700 2738 3416 3500 3536 4234 4289 4317 4338 4482 4489 4682 4862 4889 4937 4948 5258 5723 5758 5862 6127 6346
disposal FR941206-1-00134 66 2608 2682 2690 2728 2797 2858 2867 2989 3267 3347 3350 3353 3376 3383 3435 3461 3464 3469 3476 3488 3494 3498 3514 3586 3603 3707 3801 4163 4285 4313 4357 4373 4731 4902 4956 4963 4979 4992 5023 5185 5265 5321 5367 5432 5454 5475 5502 5524 5579 5598 5659 5748 5816 5840 5904 5928 5987 6132 6157 6186 6248 6333 6389 6403 6440 6466
act FR941206-1-00134 3 2609 2618 4767
amended FR941206-1-00134 2 2611 2621
resource FR941206-1-00134 1 2614
conservation FR941206-1-00134 1 2615
recovery FR941206-1-00134 1 2617
hazardous FR941206-1-00134 1 2624
amendments FR941206-1-00134 2 2628 3775
1984 FR941206-1-00134 1 2630
42 FR941206-1-00134 2 2632 2654
6924 FR941206-1-00134 1 2634
no FR941206-1-00134 4 2637 3148 4569 5549
additions FR941206-1-00134 1 2638
changes FR941206-1-00134 8 2640 2757 2947 3007 3041 3050 3524 3819
are FR941206-1-00134 20 2641 2704 2954 3153 4283 4320 4385 4428 4448 4525 4545 4589 4620 4662 5080 5100 5205 5573 5603 6037
proposed FR941206-1-00134 19 2642 2877 2952 3006 3253 3273 3301 3312 3774 3887 3965 4329 4405 5059 5104 5737 5820 5931 6412
at FR941206-1-00134 17 2643 3098 3123 3610 3967 4056 4070 4255 4359 4837 4911 5024 5345 6114 6145 6151 6414
40 FR941206-1-00134 9 2644 2919 4227 4239 4256 5167 5346 5662 6342
cfr FR941206-1-00134 10 2645 2920 3763 4228 4240 4257 5168 5347 5663 6343
part FR941206-1-00134 7 2646 2921 3933 4011 4430 5169 5664
300 FR941206-1-00134 1 2647
under FR941206-1-00134 12 2651 2707 2742 3281 3307 3318 4655 5102 5512 5711 5735 5930
cercla FR941206-1-00134 3 2652 3287 3293
96019657 FR941206-1-00134 1 2656
f. FR941206-1-00134 4 2659 3493 3555 3816
summary FR941206-1-00134 1 2660
proposal FR941206-1-00134 1 2662
consistent FR941206-1-00134 2 2663 2783
these FR941206-1-00134 10 2665 3964 4311 4383 4646 4750 4905 5712 6022 6408
authorities FR941206-1-00134 2 2666 2747
described FR941206-1-00134 1 2667
ie FR941206-1-00134 5 2670 3922 4630 5035 5638
proposing FR941206-1-00134 11 2674 2724 2753 2810 3095 4100 4354 5004 5426 5671 6119
number FR941206-1-00134 5 2676 2755 2889 4797 4952
modifications FR941206-1-00134 3 2678 2725 3832
pcb FR941206-1-00134 71 2681 2737 2796 2913 2950 3044 3111 3149 3163 3219 3259 3316 3334 3338 3342 3380 3393 3483 3535 3540 3564 3571 3608 3619 3641 3668 3692 3738 3745 3810 3892 3898 3958 3976 4018 4040 4147 4170 4267 4510 4518 4526 4529 4533 4540 4557 4578 4586 4618 4658 4674 4730 4912 4947 4955 4983 4998 5013 5041 5162 5191 5371 5440 5456 5521 5722 5986 6166 6205 6332 6402
provide FR941206-1-00134 4 2685 4413 6386 6394
flexibility FR941206-1-00134 3 2686 5428 6390
addressing FR941206-1-00134 1 2688
where FR941206-1-00134 7 2693 3988 4782 5115 5464 6076 6162
specific FR941206-1-00134 3 2694 4388 5366
conditions FR941206-1-00134 1 2695
allow FR941206-1-00134 5 2697 2732 5006 5084 5823
different FR941206-1-00134 4 2699 4333 6437 6463
management FR941206-1-00134 5 2701 2739 4290 4318 4977
activities FR941206-1-00134 6 2702 2740 2798 3426 3681 6158
currently FR941206-1-00134 3 2705 4200 6011
available FR941206-1-00134 2 2706 4991
regulations FR941206-1-00134 15 2709 2729 2760 2768 2951 3899 3941 4041 4052 4096 4118 4148 4659 5693 6244
while FR941206-1-00134 2 2711 4773
still FR941206-1-00134 4 2712 2974 3029 3076
providing FR941206-1-00134 1 2713
protection FR941206-1-00134 2 2714 6060
also FR941206-1-00134 6 2723 3094 3207 5275 6108 6293
recognition FR941206-1-00134 1 2735
undertaken FR941206-1-00134 1 2741
federal FR941206-1-00134 6 2744 2789 2936 3085 6236 6260
furthermore FR941206-1-00134 1 2749
delete FR941206-1-00134 2 2762 5673
outofdate FR941206-1-00134 1 2763
provisions FR941206-1-00134 6 2764 2782 2979 2993 5317 6133
modify FR941206-1-00134 1 2766
address FR941206-1-00134 4 2770 2817 4975 5065
problems FR941206-1-00134 1 2771
their FR941206-1-00134 4 2773 4265 4672 6156
applicability FR941206-1-00134 2 2774 5072
implementation FR941206-1-00134 2 2776 3332
make FR941206-1-00134 2 2778 5834
certain FR941206-1-00134 6 2779 2811 4190 6064 6193 6311
policies FR941206-1-00134 3 2780 3059 5420
requirements FR941206-1-00134 12 2786 2794 3566 3639 3646 3771 3804 3882 5021 5058 5368 6441
statutes FR941206-1-00134 1 2790
reduce FR941206-1-00134 2 2793 2963
de FR941206-1-00134 1 2802
minimis FR941206-1-00134 1 2803
finally FR941206-1-00134 1 2806
authorizations FR941206-1-00134 3 2812 6143 6198
exemptions FR941206-1-00134 1 2814
need FR941206-1-00134 2 2819 5706
scientific FR941206-1-00134 2 2822 3758
community FR941206-1-00134 4 2823 3068 6177 6281
conduct FR941206-1-00134 1 2825
research FR941206-1-00134 1 2826
well FR941206-1-00134 5 2828 4722 5124 6058 6196
environmental FR941206-1-00134 7 2832 4473 4652 4761 5077 5098 5381
studies FR941206-1-00134 2 2833 3666
media FR941206-1-00134 4 2838 4474 5288 6314
contaminated FR941206-1-00134 9 2839 3999 4068 4348 4472 4626 4800 4876 5778
include FR941206-1-00134 11 2844 2879 2981 3048 3953 4468 4522 4542 4582 6034 6477
development FR941206-1-00134 1 2855
innovative FR941206-1-00134 1 2857
technologies FR941206-1-00134 1 2859
otherwise FR941206-1-00134 3 2861 3971 5770
issuance FR941206-1-00134 1 2864
approval FR941206-1-00134 5 2868 3684 3702 4379 5924
topics FR941206-1-00134 2 2871 3242
addressed FR941206-1-00134 4 2874 3407 5101 6360
through FR941206-1-00134 2 2875 2902
rulemaking FR941206-1-00134 5 2878 3254 3876 3888 4973
16 FR941206-1-00134 1 2881
issues FR941206-1-00134 5 2882 2892 3405 3462 5068
identified FR941206-1-00134 1 2883
anprm FR941206-1-00134 3 2886 4136 6358
plus FR941206-1-00134 1 2887
additional FR941206-1-00134 4 2891 4284 4312 5262
either FR941206-1-00134 3 2895 4678 5415
come FR941206-1-00134 1 2896
agency FR941206-1-00134 5 2899 3071 3452 4279 4791
's FR941206-1-00134 11 2900 2959 3021 3072 3311 4328 4808 5270 5533 5610 5961
attention FR941206-1-00134 1 2901
submission FR941206-1-00134 3 2904 3796 5919
comments FR941206-1-00134 3 2906 4140 6409
experience FR941206-1-00134 2 2909 3453
implementing FR941206-1-00134 1 2911
manifesting FR941206-1-00134 3 2916 3780 3857
761 FR941206-1-00134 4 2922 4012 5170 5665
subparts FR941206-1-00134 1 2923
d FR941206-1-00134 3 2926 6136 6190
j FR941206-1-00134 1 2928
k FR941206-1-00134 1 2931
published FR941206-1-00134 2 2933 6294
register FR941206-1-00134 1 2937
54 FR941206-1-00134 1 2941
fr FR941206-1-00134 4 2942 3014 4743 6319
52716 FR941206-1-00134 1 2943
several FR941206-1-00134 5 2946 4103 4355 5504 6305
today FR941206-1-00134 4 2953 3310 4327 5269
support FR941206-1-00134 1 2956
effort FR941206-1-00134 2 2960 3063
significantly FR941206-1-00134 1 2962
release FR941206-1-00134 3 2967 5143 5485
posed FR941206-1-00134 1 2971
affected FR941206-1-00134 1 2980
1year FR941206-1-00134 3 2983 3580 3597
time FR941206-1-00134 4 2984 3581 3598 5026
limit FR941206-1-00134 5 2985 3428 3582 3599 5219
storage FR941206-1-00134 16 2987 2997 3533 3565 3569 3584 3601 3606 3616 3630 3634 3638 3648 3654 3829 3834
enhancement FR941206-1-00134 3 2992 3680 3694
restrictions FR941206-1-00134 1 2995
reuse FR941206-1-00134 3 2999 3455 3575
decontamination FR941206-1-00134 2 3001 3355
previously FR941206-1-00134 1 3005
transformer FR941206-1-00134 2 3009 3541
reclassification FR941206-1-00134 1 3010
procedures FR941206-1-00134 5 3011 3358 4396 4407 4424
58 FR941206-1-00134 1 3013
60970 FR941206-1-00134 1 3015
promote FR941206-1-00134 1 3024
phaseout FR941206-1-00134 1 3026
especially FR941206-1-00134 2 3033 5487
those FR941206-1-00134 6 3034 5151 5314 5488 5641 6125
electrical FR941206-1-00134 3 3036 3943 4605
equipment FR941206-1-00134 7 3037 3367 3544 3623 3732 3759 4614
go FR941206-1-00134 1 3039
beyond FR941206-1-00134 1 3040
they FR941206-1-00134 6 3047 4274 4427 4457 4661 6444
contemplated FR941206-1-00134 1 3049
various FR941206-1-00134 2 3052 6259
compliance FR941206-1-00134 2 3053 6276
monitoring FR941206-1-00134 1 3054
enforcement FR941206-1-00134 3 3056 5182 5419
strategies FR941206-1-00134 1 3057
greater FR941206-1-00134 6 3062 3165 3614 4073 4453 5427
inform FR941206-1-00134 1 3065
regulated FR941206-1-00134 3 3067 6176 6280
position FR941206-1-00134 1 3073
expanded FR941206-1-00134 1 3081
cooperation FR941206-1-00134 1 3082
agencies FR941206-1-00134 2 3088 6161
departments FR941206-1-00134 1 3090
definition FR941206-1-00134 3 3097 3229 3538
761.3 FR941206-1-00134 2 3099 3968
term FR941206-1-00134 4 3102 3210 3867 4433
pcbcontaminated FR941206-1-00134 7 3104 3114 3203 3212 3543 3547 3622
apply FR941206-1-00134 3 3108 3208 6245
across FR941206-1-00134 1 3109
program FR941206-1-00134 2 3112 3294
mean FR941206-1-00134 1 3116
anything FR941206-1-00134 1 3117
contains FR941206-1-00134 1 3119
contacts FR941206-1-00134 1 3121
concentrations FR941206-1-00134 5 3124 3164 4026 4057 4071
50 FR941206-1-00134 8 3126 3808 3905 3947 3981 4059 4213 4633
parts FR941206-1-00134 3 3127 3137 3906
per FR941206-1-00134 9 3128 3138 3169 3186 3907 4081 4124 4923 4932
million FR941206-1-00134 4 3129 3139 3908 4898
ppm FR941206-1-00134 11 3131 3141 3612 3749 3809 3910 3948 3982 4064 4214 4634
less FR941206-1-00134 6 3134 3182 3979 4061 4077 5081
500 FR941206-1-00134 4 3136 3611 3748 4063
event FR941206-1-00134 1 3146
liquids FR941206-1-00134 8 3150 3484 3714 3718 3727 4344 4534 4541
nons FR941206-1-00134 2 3152 3729
surfaces FR941206-1-00134 5 3156 3161 4000 4069 4347
measurement FR941206-1-00134 1 3158
then FR941206-1-00134 2 3160 5916
10 FR941206-1-00134 4 3167 3175 4075 4087
micrograms FR941206-1-00134 3 3168 3185 4080
100 FR941206-1-00134 7 3170 3184 3187 3192 4079 4082 4089
square FR941206-1-00134 3 3171 3188 4083
centimeters FR941206-1-00134 3 3172 3189 4084
> FR941206-1-00134 2 3174 4086
m FR941206-1-00134 3 3176 3193 4090
g/100 FR941206-1-00134 2 3177 3194
cm FR941206-1-00134 2 3178 3195
< FR941206-1-00134 4 3191 3807 4088 4632
defined FR941206-1-00134 2 3201 3962
classes FR941206-1-00134 3 3215 4191 6312
items FR941206-1-00134 4 3220 4527 6206 6216
meeting FR941206-1-00134 1 3221
levels FR941206-1-00134 3 3223 4006 4638
contamination FR941206-1-00134 3 3225 4114 5992
specified FR941206-1-00134 1 3226
following FR941206-1-00134 1 3232
outline FR941206-1-00134 1 3233
provided FR941206-1-00134 2 3235 6442
assist FR941206-1-00134 1 3237
reader FR941206-1-00134 1 3239
locating FR941206-1-00134 1 3241
interest FR941206-1-00134 1 3244
notice FR941206-1-00134 5 3251 3885 4107 5271 6296
a. FR941206-1-00134 10 3255 3290 3345 3418 3440 3463 3527 3685 3782 3889
large FR941206-1-00134 21 3256 3378 3481 3618 3890 4166 4202 4293 4336 4435 4464 4516 4576 4616 4699 4908 4945 4981 5209 5323 5438
volume FR941206-1-00134 20 3257 3379 3482 3891 4167 4203 4294 4337 4436 4465 4517 4577 4617 4700 4909 4946 4982 5253 5324 5439
wastes FR941206-1-00134 29 3260 3340 3344 3403 3893 4171 4175 4204 4295 4442 4466 4492 4519 4523 4579 4587 4619 4647 4702 4910 4984 5000 5014 5152 5193 5325 5441 5457 6167
1. FR941206-1-00134 8 3261 3382 3414 3567 3672 3682 3713 3859
antin FR941206-1-00134 3 3262 5340 5358
2. FR941206-1-00134 8 3263 3384 3437 3576 3675 3691 3721 3861
status FR941206-1-00134 3 3264 5499 5517
3. FR941206-1-00134 5 3268 3390 3460 3587 3724
alternatives FR941206-1-00134 5 3269 4987 5007 6285 6339
landfilling FR941206-1-00134 5 3271 3516 4561 4938 6287
4. FR941206-1-00134 3 3272 3395 3604
remediation FR941206-1-00134 7 3274 3313 3335 3339 4999 5057 5519
strategy FR941206-1-00134 2 3275 3314
including FR941206-1-00134 4 3279 3716 4734 5776
cleanup FR941206-1-00134 7 3280 3297 3304 3561 4020 5164 6438
corrective FR941206-1-00134 1 3284
action FR941206-1-00134 2 3285 5817
remedial FR941206-1-00134 2 3288 4813
programs FR941206-1-00134 3 3289 3336 6266
background FR941206-1-00134 2 3291 3894
b. FR941206-1-00134 9 3292 3348 3377 3422 3447 3468 3529 3688 3788
policy FR941206-1-00134 5 3295 3562 4021 5165 5448
c. FR941206-1-00134 8 3300 3351 3401 3427 3451 3475 3537 3793
approach FR941206-1-00134 3 3302 3687 3690
d. FR941206-1-00134 8 3309 3404 3433 3454 3480 3545 3802 5668
spills FR941206-1-00134 6 3317 3811 4740 5138 5522 5780
i. FR941206-1-00134 4 3320 3515 3660 3836
selfimplementing FR941206-1-00134 6 3321 3689 4356 4372 4395 4423
option FR941206-1-00134 5 3322 3326 3330 5108 5433
performancebased FR941206-1-00134 2 3325 3352
iii FR941206-1-00134 3 3327 3520 5297
riskbased FR941206-1-00134 4 3329 3346 5106 5927
e. FR941206-1-00134 4 3331 3485 3549 3812
5. FR941206-1-00134 2 3337 3615
6. FR941206-1-00134 2 3341 3632
nonn FR941206-1-00134 2 3343 5192
leachabilitybased FR941206-1-00134 1 3349
7. FR941206-1-00134 2 3354 3637
standards FR941206-1-00134 2 3356 3671
8. FR941206-1-00134 2 3359 3644
decontaminated FR941206-1-00134 2 3366 6228
structures FR941206-1-00134 1 3369
materials FR941206-1-00134 5 3372 3442 3450 4470 4497
9. FR941206-1-00134 2 3373 3651
articles FR941206-1-00134 5 3381 3394 3572 3959 4530
open FR941206-1-00134 1 3385
burning FR941206-1-00134 1 3386
industrial FR941206-1-00134 3 3388 4186 4481
furnaces FR941206-1-00134 1 3389
characterization FR941206-1-00134 3 3391 3396 4817
natural FR941206-1-00134 4 3398 3457 3490 6220
gas FR941206-1-00134 4 3399 3458 3491 6221
pipelines FR941206-1-00134 3 3400 3459 6222
pcb/radioactive FR941206-1-00134 1 3402
when FR941206-1-00134 3 3408 4456 5259
were FR941206-1-00134 9 3411 4007 4029 4035 4065 4458 4784 4855 5694
originally FR941206-1-00134 2 3412 4459
promulgated FR941206-1-00134 1 3413
household FR941206-1-00134 1 3415
broadly FR941206-1-00134 1 3419
define FR941206-1-00134 1 3420
impact FR941206-1-00134 2 3423 3938
recycling FR941206-1-00134 1 3425
scope FR941206-1-00134 1 3429
considerations FR941206-1-00134 2 3436 4045
unauthorized FR941206-1-00134 1 3438
pcbimpregnated FR941206-1-00134 2 3441 3448
used FR941206-1-00134 5 3443 4439 4554 5229 6337
duct FR941206-1-00134 1 3445
systems FR941206-1-00134 1 3446
insulation FR941206-1-00134 3 3449 3472 4512
pcbbound FR941206-1-00134 1 3466
material FR941206-1-00134 6 3467 3764 4875 5045 5379 5878
cable FR941206-1-00134 1 3471
containing FR941206-1-00134 5 3473 4211 4498 6223 6315
small FR941206-1-00134 3 3478 3783 4598
capacitors FR941206-1-00134 2 3479 3620
abandonment FR941206-1-00134 1 3486
pipeline FR941206-1-00134 1 3492
solvents FR941206-1-00134 2 3496 4553
g. FR941206-1-00134 3 3497 3563 3823
generated FR941206-1-00134 4 3501 4449 4591 4705
during FR941206-1-00134 1 3502
analysis FR941206-1-00134 1 3505
h. FR941206-1-00134 3 3508 3657 3831
transboundary FR941206-1-00134 1 3509
movement FR941206-1-00134 1 3510
liquid FR941206-1-00134 4 3518 3609 3989 4127
regulatory FR941206-1-00134 5 3523 3880 3914 5010 5516
clarifications FR941206-1-00134 1 3526
marking FR941206-1-00134 2 3528 3768
dot FR941206-1-00134 1 3530
containers FR941206-1-00134 2 3531 3643
drained FR941206-1-00134 1 3546
transformers FR941206-1-00134 4 3548 3746 3944 4558
transfer FR941206-1-00134 3 3550 3824 4610
change FR941206-1-00134 1 3556
reportable FR941206-1-00134 1 3559
quantity_spill FR941206-1-00134 1 3560
indefinite FR941206-1-00134 1 3568
designated FR941206-1-00134 1 3573
clarification FR941206-1-00134 8 3577 3697 3712 3789 3837 3864 5135 5508
situations FR941206-1-00134 1 3588
warrant FR941206-1-00134 1 3590
extension FR941206-1-00134 1 3592
waiver FR941206-1-00134 1 3594
temporary FR941206-1-00134 1 3605
pallets FR941206-1-00134 1 3625
next FR941206-1-00134 1 3626
qualified FR941206-1-00134 1 3629
area FR941206-1-00134 1 3631
alternate FR941206-1-00134 3 3633 3704 4248
article FR941206-1-00134 1 3642
recordkeeping FR941206-1-00134 2 3645 3770
operators FR941206-1-00134 1 3650
revision FR941206-1-00134 1 3652
criteria FR941206-1-00134 1 3656
astm FR941206-1-00134 1 3658
references FR941206-1-00134 1 3659
disposalrelated FR941206-1-00134 1 3665
j. FR941206-1-00134 2 3667 3846
samples FR941206-1-00134 3 3669 3858 3990
authorization FR941206-1-00134 1 3674
class FR941206-1-00134 1 3676
k. FR941206-1-00134 2 3678 3854
coordinated FR941206-1-00134 1 3683
interactive FR941206-1-00134 1 3686
grants FR941206-1-00134 1 3695
l. FR941206-1-00134 2 3696 3863
requirement FR941206-1-00134 2 3699 3743
request FR941206-1-00134 1 3701
methods FR941206-1-00134 8 3705 4286 4314 6307 6334 6365 6400 6464
m. FR941206-1-00134 2 3708 5299
wet FR941206-1-00134 1 3709
weight/dry FR941206-1-00134 1 3710
weight FR941206-1-00134 3 3711 4131 4886
organic FR941206-1-00134 1 3717
wastewater FR941206-1-00134 1 3720
nond FR941206-1-00134 3 3722 4169 6331
mixtures FR941206-1-00134 1 3725
and/or FR941206-1-00134 1 3728
n. FR941206-1-00134 1 3730
oilfilled FR941206-1-00134 1 3731
manufactured FR941206-1-00134 1 3733
after FR941206-1-00134 1 3734
ban FR941206-1-00134 1 3736
o. FR941206-1-00134 1 3737
voltage FR941206-1-00134 1 3739
regulators FR941206-1-00134 1 3740
p. FR941206-1-00134 1 3741
registration FR941206-1-00134 1 3742
; FR941206-1-00134 3 3747 4212 6489
q. FR941206-1-00134 1 3751
rectifiers FR941206-1-00134 1 3752
r. FR941206-1-00134 1 3753
s. FR941206-1-00134 1 3760
remove FR941206-1-00134 1 3761
outdated FR941206-1-00134 1 3762
t. FR941206-1-00134 1 3765
chart FR941206-1-00134 1 3766
iv FR941206-1-00134 1 3772
quantity FR941206-1-00134 1 3784
solids FR941206-1-00134 1 3787
exception FR941206-1-00134 1 3791
reporting FR941206-1-00134 1 3792
timing FR941206-1-00134 1 3794
certificate FR941206-1-00134 1 3799
manifest FR941206-1-00134 1 3803
transporters FR941206-1-00134 1 3815
renotification FR941206-1-00134 1 3817
facility FR941206-1-00134 3 3821 3869 5749
operations FR941206-1-00134 1 3822
ownership FR941206-1-00134 1 3826
commercial FR941206-1-00134 2 3828 4901
facilities FR941206-1-00134 2 3830 3835
disposers FR941206-1-00134 1 3840
must FR941206-1-00134 2 3841 5015
submit FR941206-1-00134 2 3842 5948
annual FR941206-1-00134 1 3844
report FR941206-1-00134 1 3845
financial FR941206-1-00134 1 3847
assurance FR941206-1-00134 1 3848
mechanism FR941206-1-00134 1 3849
nont FR941206-1-00134 1 3851
corporate FR941206-1-00134 1 3852
guarantee FR941206-1-00134 1 3853
general FR941206-1-00134 3 3860 4446 5329
definitions FR941206-1-00134 1 3862
v. FR941206-1-00134 1 3871
confidentiality FR941206-1-00134 1 3872
vi FR941206-1-00134 1 3873
official FR941206-1-00134 1 3875
record FR941206-1-00134 1 3877
vii FR941206-1-00134 1 3878
assessment FR941206-1-00134 3 3881 5129 6430
current FR941206-1-00134 6 3897 4146 4266 4657 4990 5343
generally FR941206-1-00134 2 3900 6353
establish FR941206-1-00134 1 3901
concentration FR941206-1-00134 9 3903 3977 4005 4268 4675 5042 5282 5334 5372
threshold FR941206-1-00134 1 3915
authorized FR941206-1-00134 4 3917 3955 4208 4504
service FR941206-1-00134 4 3925 4462 4538 5033
was FR941206-1-00134 2 3929 5373
based FR941206-1-00134 9 3930 4030 4119 4670 4940 5018 5037 6101 6425
economic FR941206-1-00134 2 3937 4044
but FR941206-1-00134 4 3946 4544 6036 6392
has FR941206-1-00134 2 3949 6080
extended FR941206-1-00134 1 3951
all FR941206-1-00134 4 3954 5096 6165 6204
unless FR941206-1-00134 1 3970
noted FR941206-1-00134 1 3972
eg FR941206-1-00134 2 3974 5226
resulting FR941206-1-00134 1 3983
dilution FR941206-1-00134 2 3985 5413
could FR941206-1-00134 6 3991 5117 5915 6027 6230 6468
collected FR941206-1-00134 1 3994
surface FR941206-1-00134 5 4002 4025 4113 5894 6055
sampling FR941206-1-00134 3 4003 4391 4406
developed FR941206-1-00134 1 4008
see FR941206-1-00134 4 4010 5047 5295 5937
subpart FR941206-1-00134 5 4014 5172 5667 6135 6189
g FR941206-1-00134 2 4015 5173
spill FR941206-1-00134 4 4019 5163 5189 5854
dermal FR941206-1-00134 1 4032
exposure FR941206-1-00134 13 4033 4273 5067 5122 5127 5249 5492 5808 5847 6020 6032 6090 6104
equated FR941206-1-00134 1 4036
existing FR941206-1-00134 3 4039 4117 6008
included FR941206-1-00134 2 4043 4749
established FR941206-1-00134 2 4053 5318
applied FR941206-1-00134 1 4066
g/100cm FR941206-1-00134 1 4091
codify FR941206-1-00134 1 4109
relationship FR941206-1-00134 1 4111
between FR941206-1-00134 1 4112
milligrams FR941206-1-00134 1 4121
liter FR941206-1-00134 1 4125
dry FR941206-1-00134 1 4130
basis FR941206-1-00134 2 4132 5831
requested FR941206-1-00134 2 4139 4726
effectiveness FR941206-1-00134 1 4143
preventing FR941206-1-00134 1 4150
shredding FR941206-1-00134 1 4178
automobiles FR941206-1-00134 1 4180
white FR941206-1-00134 1 4182
goods FR941206-1-00134 1 4183
scrap FR941206-1-00134 3 4187 5541 5556
soils FR941206-1-00134 2 4193 4342
sludges FR941206-1-00134 4 4195 4479 4485 5291
sediments FR941206-1-00134 4 4198 5293 5785 6071
derived FR941206-1-00134 1 4205
original FR941206-1-00134 3 4209 4673 5040
source FR941206-1-00134 1 4210
only FR941206-1-00134 4 4217 5150 5640 6385
disposed FR941206-1-00134 10 4219 4667 4787 5156 5643 5684 5724 5741 5796 6212
incinerator FR941206-1-00134 2 4223 4686
complies FR941206-1-00134 2 4225 4237
761.70 FR941206-1-00134 1 4229
landfill FR941206-1-00134 5 4235 4683 5756 5897 6347
761.75 FR941206-1-00134 2 4241 6344
approved FR941206-1-00134 2 4247 6470
method FR941206-1-00134 2 4249 5929
destruction FR941206-1-00134 2 4251 6479
equivalent FR941206-1-00134 1 4252
incineration FR941206-1-00134 2 4254 4927
761.60 FR941206-1-00134 4 4258 5590 5678 6115
regardless FR941206-1-00134 1 4263
pose FR941206-1-00134 4 4276 4299 4650 6447
believes FR941206-1-00134 3 4280 4966 5983
there FR941206-1-00134 3 4282 6015 6085
techniques FR941206-1-00134 2 4291 4319
subject FR941206-1-00134 2 4322 6129
kinds FR941206-1-00134 1 4334
options FR941206-1-00134 7 4358 4374 4384 4993 5263 6187 6382
761.61 FR941206-1-00134 5 4360 5061 5110 5932 6415
761.62 FR941206-1-00134 1 4362
761.79. FR941206-1-00134 1 4364
followed FR941206-1-00134 2 4366 5312
exactly FR941206-1-00134 1 4367
written FR941206-1-00134 1 4369
prior FR941206-1-00134 4 4378 4559 5686 5787
detailed FR941206-1-00134 1 4386
portions FR941206-1-00134 1 4392
appear FR941206-1-00134 1 4397
appendices FR941206-1-00134 2 4399 4409
iiii FR941206-1-00134 1 4400
placement FR941206-1-00134 1 4402
intended FR941206-1-00134 1 4411
better FR941206-1-00134 1 4414
continuity FR941206-1-00134 1 4415
should FR941206-1-00134 3 4417 5088 5993
facilitate FR941206-1-00134 1 4418
understanding FR941206-1-00134 1 4419
overall FR941206-1-00134 2 4422 5252
describe FR941206-1-00134 1 4441
managed FR941206-1-00134 3 4451 4593 5017
volumes FR941206-1-00134 3 4454 4599 5210
placed FR941206-1-00134 2 4460 5744
dredged FR941206-1-00134 1 4469
municipal FR941206-1-00134 1 4476
sewage FR941206-1-00134 1 4477
treatment FR941206-1-00134 8 4478 4484 5763 5859 6309 6367 6484 6495
water FR941206-1-00134 3 4483 5892 5895
auto FR941206-1-00134 1 4487
shredder FR941206-1-00134 2 4488 4888
demolition FR941206-1-00134 1 4491
specifically FR941206-1-00134 1 4495
listed FR941206-1-00134 1 4496
impregnated FR941206-1-00134 1 4511
gaskets FR941206-1-00134 1 4514
being FR941206-1-00134 1 4535
removed FR941206-1-00134 1 4536
limited FR941206-1-00134 3 4547 5625 6039
dielectric FR941206-1-00134 1 4550
fluid FR941206-1-00134 1 4551
flush FR941206-1-00134 1 4556
ge FR941206-1-00134 1 4563
solvent FR941206-1-00134 1 4564
distillation FR941206-1-00134 1 4565
case FR941206-1-00134 2 4566 5910
[ FR941206-1-00134 1 4567
docket FR941206-1-00134 1 4568
tsca- FR941206-1-00134 1 4571
] FR941206-1-00134 1 4573
more FR941206-1-00134 1 4584
traditional FR941206-1-00134 1 4585
typically FR941206-1-00134 1 4590
discrete FR941206-1-00134 1 4595
relatively FR941206-1-00134 1 4597
associated FR941206-1-00134 3 4600 4821 4833
individual FR941206-1-00134 1 4602
pieces FR941206-1-00134 1 4603
mechanical FR941206-1-00134 1 4607
heat FR941206-1-00134 1 4609
frequently FR941206-1-00134 1 4621
heterogenous FR941206-1-00134 1 4622
nature FR941206-1-00134 1 4624
low FR941206-1-00134 1 4628
varying FR941206-1-00134 1 4637
constituents FR941206-1-00134 1 4643
although FR941206-1-00134 2 4645 6252
now FR941206-1-00134 1 4649
little FR941206-1-00134 1 4651
usually FR941206-1-00134 1 4663
required FR941206-1-00134 2 4664 6209
second FR941206-1-00134 1 4688
name FR941206-1-00134 1 4692
category FR941206-1-00134 3 4695 5256 5436
implies FR941206-1-00134 1 4696
each FR941206-1-00134 1 4706
year FR941206-1-00134 1 4707
enormous FR941206-1-00134 1 4709
amounts FR941206-1-00134 1 4710
however FR941206-1-00134 2 4712 5422
actual FR941206-1-00134 1 4715
magnitude FR941206-1-00134 1 4716
problem FR941206-1-00134 1 4719
documented FR941206-1-00134 1 4723
information FR941206-1-00134 4 4727 4768 4778 4943
about FR941206-1-00134 1 4728
historic FR941206-1-00134 1 4729
sites FR941206-1-00134 12 4732 4756 4799 4820 4832 4844 4852 4867 4957 5525 6023 6025
areas FR941206-1-00134 6 4735 5777 5990 6048 6051 6061
major FR941206-1-00134 1 4737
longterm FR941206-1-00134 1 4739
46 FR941206-1-00134 1 4742
22144 FR941206-1-00134 1 4744
data FR941206-1-00134 1 4751
its FR941206-1-00134 2 4753 5416
listing FR941206-1-00134 1 4754
known FR941206-1-00134 2 4757 5354
comprehensive FR941206-1-00134 1 4760
response FR941206-1-00134 3 4762 4814 6406
compensation FR941206-1-00134 1 4764
liability FR941206-1-00134 1 4766
system FR941206-1-00134 1 4769
cerclis FR941206-1-00134 3 4771 4835 4851
characterizing FR941206-1-00134 1 4779
every FR941206-1-00134 1 4780
site FR941206-1-00134 7 4781 5580 5599 5841 5851 5905 6093
spilled FR941206-1-00134 4 4785 5568 5604 5768
estimates FR941206-1-00134 1 4794
1991 FR941206-1-00134 1 4805
office FR941206-1-00134 1 4809
emergency FR941206-1-00134 1 4811
completed FR941206-1-00134 1 4815
1218 FR941206-1-00134 1 4819
national FR941206-1-00134 1 4824
priorities FR941206-1-00134 1 4825
list FR941206-1-00134 1 4826
npl FR941206-1-00134 3 4828 4843 4866
29461 FR941206-1-00134 1 4831
approximately FR941206-1-00134 4 4838 4846 4870 4896
20 FR941206-1-00134 1 4839
percent FR941206-1-00134 2 4840 4848
7 FR941206-1-00134 1 4847
characterized FR941206-1-00134 1 4856
predominant FR941206-1-00134 1 4860
type FR941206-1-00134 2 4863 5902
alone FR941206-1-00134 1 4868
contain FR941206-1-00134 1 4869
34070000 FR941206-1-00134 1 4871
cubic FR941206-1-00134 3 4872 4924 4933
yards FR941206-1-00134 2 4873 6043
substances FR941206-1-00134 1 4881
similarly FR941206-1-00134 1 4883
produced FR941206-1-00134 1 4890
annually FR941206-1-00134 1 4891
metal FR941206-1-00134 2 4893 5542
recyclers FR941206-1-00134 1 4894
tons FR941206-1-00134 1 4899
costs FR941206-1-00134 1 4903
types FR941206-1-00134 1 4906
incinerators FR941206-1-00134 1 4913
landfills FR941206-1-00134 3 4915 5634 5645
high FR941206-1-00134 1 4919
$ FR941206-1-00134 2 4921 4930
2300 FR941206-1-00134 1 4922
yard FR941206-1-00134 2 4925 4934
550 FR941206-1-00134 1 4931
concerning FR941206-1-00134 1 4944
generation FR941206-1-00134 1 4949
old FR941206-1-00134 1 4954
cost FR941206-1-00134 1 4961
it FR941206-1-00134 4 4968 5260 5606 6169
appropriate FR941206-1-00134 2 4970 6163
commence FR941206-1-00134 1 4972
propose FR941206-1-00134 1 4986
therefore FR941206-1-00134 3 4995 5087 5703
mandate FR941206-1-00134 1 5011
contaminating FR941206-1-00134 1 5028
came FR941206-1-00134 1 5030
out FR941206-1-00134 1 5031
iia4 FR941206-1-00134 2 5049 5939
indirect FR941206-1-00134 4 5066 5121 5248 5491
limiting FR941206-1-00134 1 5070
settings FR941206-1-00134 2 5078 5099
likely FR941206-1-00134 1 5082
migration FR941206-1-00134 1 5085
easier FR941206-1-00134 1 5090
characterize FR941206-1-00134 1 5092
remediate FR941206-1-00134 1 5094
sitespecific FR941206-1-00134 2 5120 6428
direct FR941206-1-00134 2 5126 5246
point FR941206-1-00134 1 5133
since FR941206-1-00134 1 5137
illegal FR941206-1-00134 1 5142
cleaned FR941206-1-00134 3 5153 5709 6098
up FR941206-1-00134 3 5154 5710 6099
accordance FR941206-1-00134 1 5159
will FR941206-1-00134 1 5175
entitled FR941206-1-00134 2 5177 6326
presumption FR941206-1-00134 1 5180
against FR941206-1-00134 1 5181
violation FR941206-1-00134 2 5186 5970
iia6 FR941206-1-00134 1 5196
further FR941206-1-00134 2 5202 5815
discussion FR941206-1-00134 1 5203
often FR941206-1-00134 1 5206
found FR941206-1-00134 2 5207 5570
physical FR941206-1-00134 2 5214 6490
tends FR941206-1-00134 1 5217
mobility FR941206-1-00134 1 5221
plasticizer FR941206-1-00134 1 5232
instance FR941206-1-00134 1 5237
recognizing FR941206-1-00134 2 5241 5462
reduced FR941206-1-00134 2 5243 5374
considers FR941206-1-00134 1 5261
elsewhere FR941206-1-00134 1 5267
reproposing FR941206-1-00134 1 5276
process FR941206-1-00134 2 5278 5310
determining FR941206-1-00134 2 5280 5332
multiphasic FR941206-1-00134 1 5287
using FR941206-1-00134 1 5315
761.1 FR941206-1-00134 1 5348
commonly FR941206-1-00134 1 5353
prohibits FR941206-1-00134 1 5362
avoidance FR941206-1-00134 1 5364
because FR941206-1-00134 2 5369 5601
shifted FR941206-1-00134 1 5376
one FR941206-1-00134 2 5378 5478
medium FR941206-1-00134 1 5382
another FR941206-1-00134 1 5384
adding FR941206-1-00134 1 5389
diluent FR941206-1-00134 1 5391
separating FR941206-1-00134 1 5394
concentrating FR941206-1-00134 1 5396
provision FR941206-1-00134 2 5401 5821
remains FR941206-1-00134 2 5402 5444
effect FR941206-1-00134 2 5404 5627
promoting FR941206-1-00134 1 5409
intentional FR941206-1-00134 1 5410
fortuitous FR941206-1-00134 1 5412
choosing FR941206-1-00134 1 5430
committed FR941206-1-00134 1 5445
stringent FR941206-1-00134 1 5450
regulation FR941206-1-00134 1 5451
simply FR941206-1-00134 1 5461
already FR941206-1-00134 1 5467
released FR941206-1-00134 2 5469 5771
into FR941206-1-00134 1 5470
critical FR941206-1-00134 1 5474
issue FR941206-1-00134 2 5476 6362
becomes FR941206-1-00134 1 5477
mitigating FR941206-1-00134 1 5480
damage FR941206-1-00134 1 5482
aspects FR941206-1-00134 1 5489
bioaccumulation FR941206-1-00134 1 5495
commenters FR941206-1-00134 3 5505 6355 6369
asked FR941206-1-00134 1 5506
governing FR941206-1-00134 1 5514
light FR941206-1-00134 1 5527
ruling FR941206-1-00134 2 5530 5611
chief FR941206-1-00134 2 5534 5560
judicial FR941206-1-00134 2 5535 5561
officer FR941206-1-00134 2 5536 5562
re FR941206-1-00134 1 5538
standard FR941206-1-00134 2 5540 5555
company FR941206-1-00134 1 5543
tscav- FR941206-1-00134 1 5545
appeal FR941206-1-00134 1 5548
874 FR941206-1-00134 1 5551
cjo FR941206-1-00134 3 5564 5609 5624
held FR941206-1-00134 1 5566
soil FR941206-1-00134 2 5572 5593
necessarily FR941206-1-00134 2 5575 5813
purposes FR941206-1-00134 1 5583
prefatory FR941206-1-00134 4 5586 5630 5675 6009
note FR941206-1-00134 4 5587 5631 5676 6010
exclusion FR941206-1-00134 1 5588
become FR941206-1-00134 1 5596
merely FR941206-1-00134 1 5600
onto FR941206-1-00134 1 5605
page FR941206-1-00134 1 5612
13 FR941206-1-00134 1 5613
paragraph FR941206-1-00134 2 5615 6113
decision FR941206-1-00134 1 5621
dumps FR941206-1-00134 2 5636 5647
considered FR941206-1-00134 3 5650 5695 6029
ine FR941206-1-00134 2 5652 6000
do FR941206-1-00134 1 5655
proper FR941206-1-00134 1 5658
according FR941206-1-00134 1 5660
states FR941206-1-00134 1 5681
effective FR941206-1-00134 1 5689
date FR941206-1-00134 1 5690
did FR941206-1-00134 1 5704
substitute FR941206-1-00134 1 5716
language FR941206-1-00134 2 5717 6122
disposition FR941206-1-00134 1 5720
before FR941206-1-00134 1 5726
1978 FR941206-1-00134 1 5727
introductory FR941206-1-00134 2 5729 6112
text FR941206-1-00134 1 5730
land FR941206-1-00134 3 5747 5762 5858
dump FR941206-1-00134 2 5754 5856
pile FR941206-1-00134 2 5759 5863
releases FR941206-1-00134 1 5782
presumed FR941206-1-00134 1 5793
regional FR941206-1-00134 6 5825 5913 5959 6078 6422 6473
casebycase FR941206-1-00134 1 5830
finding FR941206-1-00134 2 5836 6106
whether FR941206-1-00134 1 5849
stream FR941206-1-00134 3 5865 5881 6065
river FR941206-1-00134 3 5867 5883 6067
pond FR941206-1-00134 2 5869 5885
lake FR941206-1-00134 3 5871 5888 6070
sediment FR941206-1-00134 1 5874
dredge FR941206-1-00134 1 5877
ground FR941206-1-00134 1 5891
application FR941206-1-00134 4 5922 5951 6435 6476
failure FR941206-1-00134 1 5946
complete FR941206-1-00134 1 5950
timeframe FR941206-1-00134 1 5955
stipulated FR941206-1-00134 1 5956
callin FR941206-1-00134 1 5963
letter FR941206-1-00134 1 5965
violations FR941206-1-00134 1 5974
accrue FR941206-1-00134 1 5976
day FR941206-1-00134 1 5979
forward FR941206-1-00134 1 5980
units FR941206-1-00134 1 5988
allowed FR941206-1-00134 1 5996
remain FR941206-1-00134 1 5998
thus FR941206-1-00134 1 6003
unaddressed FR941206-1-00134 1 6004
allows FR941206-1-00134 1 6012
immediate FR941206-1-00134 1 6031
school FR941206-1-00134 1 6042
food FR941206-1-00134 1 6045
feed FR941206-1-00134 1 6047
residential FR941206-1-00134 1 6050
underground FR941206-1-00134 1 6053
waters FR941206-1-00134 1 6056
head FR941206-1-00134 1 6059
cases FR941206-1-00134 1 6075
determination FR941206-1-00134 1 6083
add FR941206-1-00134 1 6121
instruct FR941206-1-00134 1 6124
whose FR941206-1-00134 1 6126
refer FR941206-1-00134 1 6138
back FR941206-1-00134 1 6139
both FR941206-1-00134 1 6141
761.30 FR941206-1-00134 1 6146
prohibitions FR941206-1-00134 2 6149 6194
761.20 FR941206-1-00134 1 6152
coordinate FR941206-1-00134 2 6155 6256
important FR941206-1-00134 1 6171
members FR941206-1-00134 1 6173
cognizant FR941206-1-00134 1 6180
fact FR941206-1-00134 1 6183
hinge FR941206-1-00134 1 6191
example FR941206-1-00134 1 6201
some FR941206-1-00134 1 6215
properly FR941206-1-00134 1 6227
reused FR941206-1-00134 1 6232
many FR941206-1-00134 1 6234
local FR941206-1-00134 2 6241 6265
laws FR941206-1-00134 1 6242
attempts FR941206-1-00134 1 6254
controlling FR941206-1-00134 1 6267
ultimate FR941206-1-00134 1 6271
responsibility FR941206-1-00134 1 6272
coordination FR941206-1-00134 1 6274
rests FR941206-1-00134 1 6277
availability FR941206-1-00134 1 6298
draft FR941206-1-00134 2 6301 6372
guidance FR941206-1-00134 3 6302 6329 6374
document FR941206-1-00134 2 6303 6324
outlining FR941206-1-00134 1 6304
alternative FR941206-1-00134 3 6306 6364 6399
56 FR941206-1-00134 1 6318
26745 FR941206-1-00134 1 6320
interim FR941206-1-00134 2 6328 6373
cwl FR941206-1-00134 1 6349
who FR941206-1-00134 1 6359
stated FR941206-1-00134 1 6376
wider FR941206-1-00134 1 6379
range FR941206-1-00134 2 6380 6461
much FR941206-1-00134 1 6387
needed FR941206-1-00134 1 6388
incentive FR941206-1-00134 1 6396
developing FR941206-1-00134 1 6398
approve FR941206-1-00134 1 6433
wide FR941206-1-00134 1 6460
upon FR941206-1-00134 1 6475
thermal FR941206-1-00134 3 6478 6483 6494
infrared FR941206-1-00134 1 6482
circulating FR941206-1-00134 1 6486
bed FR941206-1-00134 1 6487
combustor FR941206-1-00134 1 6488
separation FR941206-1-00134 1 6491
rotary FR941206-1-00134 1 6497
