abrogation FR940810-2-00105 2 210 226
abrogating FR940810-2-00105 1 211
the FR940810-2-00105 19 212 220 229 242 252 260 268 310 313 327 331 334 340 344 351 360 370 394 411
nasd FR940810-2-00105 6 213 253 269 311 335 361
's FR940810-2-00105 4 214 222 254 362
october FR940810-2-00105 1 215
25th FR940810-2-00105 1 216
rule FR940810-2-00105 4 217 255 272 353
change FR940810-2-00105 4 218 256 273 354
. FR940810-2-00105 12 219 262 284 291 303 325 355 380 409 413 420 424
commission FR940810-2-00105 5 221 314 328 341 412
order FR940810-2-00105 1 223
of FR940810-2-00105 3 224 241 315
summary FR940810-2-00105 1 225
suggested FR940810-2-00105 1 227
that FR940810-2-00105 1 228
procedures FR940810-2-00105 1 230
provided FR940810-2-00105 1 231
by FR940810-2-00105 3 232 304 410
section FR940810-2-00105 2 233 276
19 FR940810-2-00105 2 234 277
( FR940810-2-00105 7 235 238 278 281 293 300 406
b FR940810-2-00105 2 236 279
) FR940810-2-00105 7 237 240 280 283 295 302 408
2 FR940810-2-00105 3 239 282 285
act FR940810-2-00105 3 243 261 288
provide FR940810-2-00105 1 244
a FR940810-2-00105 3 245 305 337
more FR940810-2-00105 1 246
appropriate FR940810-2-00105 1 247
mechanism FR940810-2-00105 1 248
for FR940810-2-00105 2 249 339
determining FR940810-2-00105 1 250
whether FR940810-2-00105 3 251 348 374
is FR940810-2-00105 2 257 377
consistent FR940810-2-00105 1 258
with FR940810-2-00105 1 259
thus FR940810-2-00105 1 263
, FR940810-2-00105 17 264 266 267 294 301 308 309 323 357 369 387 393 398 400 404 407 417
on FR940810-2-00105 2 265 359
refiled FR940810-2-00105 1 270
its FR940810-2-00105 4 271 316 320 366
pursuant FR940810-2-00105 1 274
to FR940810-2-00105 9 275 318 342 346 349 364 372 375 401
securities FR940810-2-00105 1 286
exchange FR940810-2-00105 1 287
release FR940810-2-00105 1 289
no FR940810-2-00105 1 290
34000 FR940810-2-00105 1 292
; FR940810-2-00105 2 296 428
59 FR940810-2-00105 1 297
fr FR940810-2-00105 2 298 422
23909 FR940810-2-00105 1 299
letter FR940810-2-00105 3 306 332 382
dated FR940810-2-00105 1 307
advised FR940810-2-00105 1 312
decision FR940810-2-00105 2 317 363
withdraw FR940810-2-00105 2 319 365
selectnet FR940810-2-00105 1 321
filing FR940810-2-00105 1 322
srnasd9363 FR940810-2-00105 1 324
3 FR940810-2-00105 2 326 381
has FR940810-2-00105 1 329
considered FR940810-2-00105 1 330
from FR940810-2-00105 2 333 383
as FR940810-2-00105 1 336
request FR940810-2-00105 1 338
terminate FR940810-2-00105 1 343
proceeding FR940810-2-00105 2 345 371
determine FR940810-2-00105 2 347 373
disapprove FR940810-2-00105 2 350 376
proposed FR940810-2-00105 1 352
accordingly FR940810-2-00105 1 356
based FR940810-2-00105 1 358
proposal FR940810-2-00105 1 367
srnasd9361 FR940810-2-00105 1 368
hereby FR940810-2-00105 1 378
terminated FR940810-2-00105 1 379
robert FR940810-2-00105 1 384
e. FR940810-2-00105 1 385
aber FR940810-2-00105 1 386
vice FR940810-2-00105 1 388
president FR940810-2-00105 1 389
and FR940810-2-00105 1 390
general FR940810-2-00105 1 391
counsel FR940810-2-00105 1 392
nasdaq FR940810-2-00105 1 395
stock FR940810-2-00105 1 396
market FR940810-2-00105 1 397
inc. FR940810-2-00105 1 399
michael FR940810-2-00105 1 402
ryan FR940810-2-00105 1 403
sec FR940810-2-00105 1 405
margaret FR940810-2-00105 1 414
h. FR940810-2-00105 1 415
mcfarland FR940810-2-00105 1 416
deputy FR940810-2-00105 1 418
secretary FR940810-2-00105 1 419
[ FR940810-2-00105 1 421
doc FR940810-2-00105 1 423
9419445 FR940810-2-00105 1 425
filed FR940810-2-00105 1 426
8994 FR940810-2-00105 1 427
8:45 FR940810-2-00105 1 429
am FR940810-2-00105 1 430
] FR940810-2-00105 1 431
billing FR940810-2-00105 1 432
code FR940810-2-00105 1 433
801001m FR940810-2-00105 1 434
[ FR940810-2-00106 2 0 1080
release FR940810-2-00106 1 1
no FR940810-2-00106 3 2 7 1022
. FR940810-2-00106 23 3 8 39 138 156 207 218 231 242 246 252 316 405 432 498 533 569 602 627 713 836 1032 1115
3434485 FR940810-2-00106 1 4
; FR940810-2-00106 7 5 13 225 881 935 963 1091
file FR940810-2-00106 1 6
srnasd9415 FR940810-2-00106 1 9
] FR940810-2-00106 2 10 1092
selfregulatory FR940810-2-00106 2 11 158
organizations FR940810-2-00106 1 12
notice FR940810-2-00106 3 14 73 144
of FR940810-2-00106 65 15 17 24 50 55 84 162 165 167 186 191 199 204 213 237 262 268 273 281 283 290 299 310 313 341 343 369 470 478 485 491 507 513 518 538 546 548 558 567 618 630 647 684 727 735 740 746 751 780 782 801 844 869 876 885 900 904 927 931 978 982 1028 1036 1083 1087
filing FR940810-2-00106 1 16
proposed FR940810-2-00106 7 18 115 150 169 215 219 226
rule FR940810-2-00106 5 19 116 151 170 216
change FR940810-2-00106 5 20 117 152 171 217
by FR940810-2-00106 10 21 135 278 375 543 582 807 1000 1007 1108
national FR940810-2-00106 2 22 82
association FR940810-2-00106 10 23 83 95 201 270 285 301 515 550 748
securities FR940810-2-00106 15 25 52 85 101 342 372 454 496 590 619 781 804 871 887 1038
dealers FR940810-2-00106 2 26 86
, FR940810-2-00106 52 27 38 62 72 79 80 87 123 125 129 183 196 235 240 244 265 293 307 381 387 434 440 464 502 504 510 551 571 679 719 743 757 765 813 833 838 847 853 861 891 893 896 908 922 938 1065 1067 1070 1072 1077 1102 1107
inc. FR940810-2-00106 2 28 88
relating FR940810-2-00106 2 29 448
to FR940810-2-00106 37 30 41 145 176 287 329 408 437 449 461 482 530 577 608 613 641 663 681 707 766 768 862 866 888 910 924 949 973 975 996 1024 1039 1048 1053 1061 1079 1103
the FR940810-2-00106 75 31 51 81 100 114 136 139 149 163 168 172 187 200 211 214 259 269 279 284 288 300 311 322 337 353 376 394 406 430 435 443 450 453 462 489 492 514 536 544 549 552 559 565 572 586 600 628 656 671 682 685 690 703 747 776 792 808 824 870 877 886 901 915 928 968 979 1004 1014 1018 1026 1029 1037 1049 1062 1084
nasd FR940810-2-00106 6 32 91 137 173 188 233
's FR940810-2-00106 9 33 160 189 202 271 302 516 749 879
freeriding FR940810-2-00106 3 34 179 254
and FR940810-2-00106 20 35 102 126 180 255 304 473 475 480 495 521 564 589 698 730 732 737 964 1017 1074
withholding FR940810-2-00106 3 36 181 256
interpretation FR940810-2-00106 11 37 182 185 261 318 523 541 573 607 667 714
pursuant FR940810-2-00106 2 40 286
section FR940810-2-00106 8 42 197 266 294 308 511 744 848
19 FR940810-2-00106 1 43
( FR940810-2-00106 12 44 47 57 66 69 89 105 248 296 361 941 965
b FR940810-2-00106 3 45 67 966
) FR940810-2-00106 12 46 49 61 68 71 97 113 250 298 367 943 967
1 FR940810-2-00106 10 48 70 198 208 232 247 267 512 745 849
exchange FR940810-2-00106 2 53 103
act FR940810-2-00106 2 54 59
1934 FR940810-2-00106 1 56
`` FR940810-2-00106 7 58 90 94 106 110 253 363
'' FR940810-2-00106 7 60 92 96 108 112 257 366
15 FR940810-2-00106 1 63
usc FR940810-2-00106 1 64
78s FR940810-2-00106 1 65
is FR940810-2-00106 17 74 141 174 210 222 276 319 417 465 501 555 623 960 990 1006 1043 1097
hereby FR940810-2-00106 1 75
given FR940810-2-00106 2 76 579
that FR940810-2-00106 7 77 324 634 650 939 958 1012
on FR940810-2-00106 5 78 148 595 599 692
or FR940810-2-00106 24 93 109 388 399 403 455 598 645 677 711 758 818 829 834 854 898 903 909 917 923 994 1052 1078 1100
filed FR940810-2-00106 1 98
with FR940810-2-00106 8 99 467 724 762 858 914 918 986
commission FR940810-2-00106 3 104 111 140
sec FR940810-2-00106 2 107 245
as FR940810-2-00106 9 118 378 382 396 534 716 810 826 957
described FR940810-2-00106 1 119
in FR940810-2-00106 19 120 223 229 352 393 427 488 505 528 535 585 655 791 823 874 952 1046 1057 1112
items FR940810-2-00106 2 121 131
i FR940810-2-00106 2 122 306
ii FR940810-2-00106 1 124
iii FR940810-2-00106 7 127 195 243 264 509 742 846
below FR940810-2-00106 3 128 209 962
which FR940810-2-00106 6 130 347 525 621 693 786
have FR940810-2-00106 4 132 326 446 664
been FR940810-2-00106 1 133
prepared FR940810-2-00106 1 134
publishing FR940810-2-00106 1 142
this FR940810-2-00106 7 143 317 522 606 666 944 1113
solicit FR940810-2-00106 1 146
comments FR940810-2-00106 1 147
from FR940810-2-00106 3 153 389 819
interested FR940810-2-00106 1 154
persons FR940810-2-00106 1 155
i. FR940810-2-00106 1 157
organization FR940810-2-00106 1 159
statement FR940810-2-00106 1 161
terms FR940810-2-00106 1 164
substance FR940810-2-00106 1 166
proposing FR940810-2-00106 1 175
amend FR940810-2-00106 1 177
its FR940810-2-00106 2 178 610
an FR940810-2-00106 11 184 327 379 397 421 483 639 648 708 811 827
board FR940810-2-00106 6 190 280 545 566 601 629
governors FR940810-2-00106 5 192 282 547 568 631
under FR940810-2-00106 1 193
article FR940810-2-00106 7 194 263 291 305 508 741 845
rules FR940810-2-00106 6 203 236 272 312 517 750
fair FR940810-2-00106 6 205 238 274 314 519 752
practice FR940810-2-00106 6 206 239 275 315 520 753
text FR940810-2-00106 1 212
new FR940810-2-00106 1 220
language FR940810-2-00106 1 221
italics FR940810-2-00106 1 224
deletions FR940810-2-00106 1 227
are FR940810-2-00106 4 228 373 593 805
brackets FR940810-2-00106 1 230
manual FR940810-2-00106 1 234
art FR940810-2-00106 1 241
cch FR940810-2-00106 1 249
¶2151.06 FR940810-2-00106 1 251
introduction FR940810-2-00106 1 258
following FR940810-2-00106 2 260 689
adopted FR940810-2-00106 1 277
provisions FR940810-2-00106 1 289
vii FR940810-2-00106 1 292
3 FR940810-2-00106 2 295 309
a FR940810-2-00106 46 297 331 344 350 362 383 390 400 410 418 425 556 578 615 624 635 642 653 738 755 759 763 770 783 789 814 820 842 851 855 859 911 925 942 950 953 976 983 987 997 1008 1040 1044 1058 1081 1104
bylaws FR940810-2-00106 1 303
based FR940810-2-00106 1 320
upon FR940810-2-00106 1 321
premise FR940810-2-00106 1 323
members FR940810-2-00106 1 325
obligation FR940810-2-00106 1 328
make FR940810-2-00106 3 330 409 769
bona FR940810-2-00106 3 332 411 771
fide FR940810-2-00106 3 333 412 772
public FR940810-2-00106 13 334 338 345 413 463 486 616 625 704 773 777 784 1050
distribution FR940810-2-00106 6 335 395 414 617 774 825
at FR940810-2-00106 6 336 349 652 702 775 788
offering FR940810-2-00106 7 339 346 649 705 778 785 1051
price FR940810-2-00106 4 340 431 706 779
trade FR940810-2-00106 4 348 479 736 787
premium FR940810-2-00106 3 351 654 790
secondary FR940810-2-00106 6 354 358 657 694 793 797
market FR940810-2-00106 6 355 359 658 695 794 798
whenever FR940810-2-00106 2 356 795
such FR940810-2-00106 11 357 371 499 531 674 700 796 803 933 1001 1089
begins FR940810-2-00106 2 360 799
hot FR940810-2-00106 2 364 1030
issue FR940810-2-00106 3 365 422 1031
regardless FR940810-2-00106 2 368 800
whether FR940810-2-00106 2 370 802
acquired FR940810-2-00106 3 374 806 873
member FR940810-2-00106 20 377 386 391 444 636 756 764 809 817 821 832 852 860 878 902 916 926 977 988 1082
underwriter FR940810-2-00106 5 380 398 812 828 1064
selling FR940810-2-00106 4 384 401 815 830
group FR940810-2-00106 4 385 402 816 831
participating FR940810-2-00106 2 392 822
otherwise FR940810-2-00106 2 404 835
failure FR940810-2-00106 2 407 436
when FR940810-2-00106 2 415 442
there FR940810-2-00106 2 416 622
demand FR940810-2-00106 3 419 451 626
for FR940810-2-00106 6 420 452 620 673 754 850
can FR940810-2-00106 1 423
be FR940810-2-00106 5 424 575 661 722 841
factor FR940810-2-00106 1 426
artificially FR940810-2-00106 1 428
raising FR940810-2-00106 1 429
thus FR940810-2-00106 2 433 570
do FR940810-2-00106 1 438
so FR940810-2-00106 2 439 872
especially FR940810-2-00106 1 441
may FR940810-2-00106 1 445
information FR940810-2-00106 1 447
other FR940810-2-00106 6 456 540 906 920 1010 1094
factors FR940810-2-00106 1 457
not FR940810-2-00106 5 458 660 947 971 991
generally FR940810-2-00106 1 459
known FR940810-2-00106 1 460
inconsistent FR940810-2-00106 2 466 723
high FR940810-2-00106 2 468 725
standards FR940810-2-00106 2 469 726
commercial FR940810-2-00106 2 471 728
honor FR940810-2-00106 2 472 729
just FR940810-2-00106 2 474 731
equitable FR940810-2-00106 2 476 733
principles FR940810-2-00106 2 477 734
leads FR940810-2-00106 1 481
impairment FR940810-2-00106 1 484
confidence FR940810-2-00106 1 487
fairness FR940810-2-00106 1 490
investment FR940810-2-00106 2 493 587
banking FR940810-2-00106 2 494 588
business FR940810-2-00106 4 497 561 591 687
conduct FR940810-2-00106 2 500 562
therefore FR940810-2-00106 2 503 837
violation FR940810-2-00106 3 506 739 843
thereof FR940810-2-00106 2 524 554
establishes FR940810-2-00106 1 526
guidelines FR940810-2-00106 1 527
respect FR940810-2-00106 2 529 1047
activity FR940810-2-00106 1 532
case FR940810-2-00106 1 537
any FR940810-2-00106 13 539 868 875 884 889 905 919 932 1035 1054 1088 1093 1109
issued FR940810-2-00106 1 542
implementation FR940810-2-00106 1 553
function FR940810-2-00106 1 557
district FR940810-2-00106 1 560
committees FR940810-2-00106 2 563 597
will FR940810-2-00106 2 574 604
applied FR940810-2-00106 1 576
factual FR940810-2-00106 1 580
situation FR940810-2-00106 1 581
individuals FR940810-2-00106 1 583
active FR940810-2-00106 1 584
who FR940810-2-00106 4 592 637 1042 1096
serving FR940810-2-00106 1 594
these FR940810-2-00106 1 596
they FR940810-2-00106 1 603
construe FR940810-2-00106 1 605
effectuate FR940810-2-00106 1 609
overall FR940810-2-00106 1 611
purpose FR940810-2-00106 1 612
assure FR940810-2-00106 1 614
has FR940810-2-00106 2 632 1021
determined FR940810-2-00106 1 633
makes FR940810-2-00106 1 638
allocation FR940810-2-00106 2 640 1027
restricted FR940810-2-00106 4 643 675 1015 1019
person FR940810-2-00106 17 644 676 710 760 856 912 934 951 984 1002 1016 1020 1041 1055 1090 1095 1110
account FR940810-2-00106 3 646 678 712
trades FR940810-2-00106 1 651
shall FR940810-2-00106 5 659 721 840 946 970
considered FR940810-2-00106 1 662
violated FR940810-2-00106 1 665
if FR940810-2-00106 2 668 1003
it FR940810-2-00106 3 669 720 839
cancels FR940810-2-00106 1 670
allocations FR940810-2-00106 1 672
prior FR940810-2-00106 1 680
end FR940810-2-00106 1 683
first FR940810-2-00106 1 686
day FR940810-2-00106 1 688
date FR940810-2-00106 1 691
trading FR940810-2-00106 1 696
commences FR940810-2-00106 1 697
reallocates FR940810-2-00106 1 699
security FR940810-2-00106 1 701
nond FR940810-2-00106 1 709
except FR940810-2-00106 1 715
provided FR940810-2-00106 2 717 936
herein FR940810-2-00106 1 718
associated FR940810-2-00106 4 761 857 913 985
fail FR940810-2-00106 1 767
: FR940810-2-00106 2 863 940
1. FR940810-2-00106 1 864
continue FR940810-2-00106 1 865
hold FR940810-2-00106 1 867
accounts FR940810-2-00106 1 880
2. FR940810-2-00106 1 882
sell FR940810-2-00106 2 883 1034
officer FR940810-2-00106 1 890
director FR940810-2-00106 1 892
general FR940810-2-00106 1 894
partner FR940810-2-00106 1 895
employee FR940810-2-00106 1 897
agent FR940810-2-00106 1 899
broker/dealer FR940810-2-00106 3 907 921 1009
immediate FR940810-2-00106 3 929 980 1085
family FR940810-2-00106 3 930 981 1086
however FR940810-2-00106 1 937
prohibition FR940810-2-00106 2 945 969
apply FR940810-2-00106 2 948 972
limited FR940810-2-00106 1 954
registration FR940810-2-00106 1 955
category FR940810-2-00106 1 956
term FR940810-2-00106 1 959
defined FR940810-2-00106 1 961
sales FR940810-2-00106 1 974
whose FR940810-2-00106 1 989
supported FR940810-2-00106 2 992 1098
directly FR940810-2-00106 2 993 1099
indirectly FR940810-2-00106 2 995 1101
material FR940810-2-00106 2 998 1105
extent FR940810-2-00106 2 999 1106
sale FR940810-2-00106 1 1005
than FR940810-2-00106 1 1011
employing FR940810-2-00106 1 1013
ability FR940810-2-00106 1 1023
control FR940810-2-00106 1 1025
3. FR940810-2-00106 1 1033
finder FR940810-2-00106 1 1045
acting FR940810-2-00106 1 1056
fiduciary FR940810-2-00106 1 1059
capacity FR940810-2-00106 1 1060
managing FR940810-2-00106 1 1063
including FR940810-2-00106 1 1066
among FR940810-2-00106 1 1068
others FR940810-2-00106 1 1069
attorneys FR940810-2-00106 1 1071
accountants FR940810-2-00106 1 1073
financial FR940810-2-00106 1 1075
consultants FR940810-2-00106 1 1076
specified FR940810-2-00106 1 1111
paragraph FR940810-2-00106 1 1114
4. FR940810-2-00107 1 0
sell FR940810-2-00107 7 1 177 218 392 418 500 796
any FR940810-2-00107 21 2 5 33 66 76 79 104 148 153 169 178 181 185 294 298 381 393 407 501 506 797
securities FR940810-2-00107 14 3 70 102 179 222 332 356 396 424 504 583 630 777 800
to FR940810-2-00107 25 4 44 65 75 95 139 163 180 227 279 328 335 368 370 380 406 429 447 491 505 546 676 758 770 801
senior FR940810-2-00107 1 6
officer FR940810-2-00107 1 7
of FR940810-2-00107 29 8 72 98 143 147 220 250 254 282 285 315 354 372 383 394 422 502 512 536 595 640 670 673 696 729 740 750 776 798
a FR940810-2-00107 18 9 141 164 207 215 230 319 415 513 529 589 607 634 650 708 726 745 802
bank FR940810-2-00107 8 10 105 508 515 538 684 760 806
, FR940810-2-00107 47 11 16 19 25 40 45 48 51 54 59 63 73 106 111 114 120 127 133 137 162 167 193 197 212 214 350 397 405 412 414 455 465 469 473 482 509 516 539 579 603 658 662 669 685 718 722 761
savings FR940810-2-00107 2 12 107
and FR940810-2-00107 12 13 108 245 290 361 375 493 565 580 703 733 748
loan FR940810-2-00107 2 14 109
institution FR940810-2-00107 2 15 110
insurance FR940810-2-00107 2 17 112
company FR940810-2-00107 7 18 24 113 119 518 541 687
[ FR940810-2-00107 6 20 26 115 121 140 345
registered FR940810-2-00107 5 21 27 116 122 727
] FR940810-2-00107 6 22 28 117 123 152 349
investment FR940810-2-00107 8 23 29 49 52 56 118 124 343
advisory FR940810-2-00107 2 30 125
firm FR940810-2-00107 2 31 126
or FR940810-2-00107 31 32 55 61 64 74 78 85 89 92 100 128 135 138 160 201 239 277 306 310 399 420 477 519 542 627 659 663 688 719 764 805
other FR940810-2-00107 11 34 80 129 154 408 456 520 543 666 689 765
institutional FR940810-2-00107 2 35 130
type FR940810-2-00107 2 36 131
account FR940810-2-00107 4 37 132 182 295
( FR940810-2-00107 32 38 190 194 198 202 229 236 240 246 259 270 291 303 307 312 462 466 470 474 478 528 557 561 597 619 623 642 647 712 734 786 790
including FR940810-2-00107 1 39
but FR940810-2-00107 1 41
not FR940810-2-00107 6 42 274 362 575 585 781
limited FR940810-2-00107 1 43
hedge FR940810-2-00107 1 46
funds FR940810-2-00107 1 47
partnerships FR940810-2-00107 1 50
corporations FR940810-2-00107 1 53
clubs FR940810-2-00107 1 57
) FR940810-2-00107 32 58 192 196 200 204 231 238 242 248 261 272 293 305 309 314 464 468 472 476 480 530 559 563 599 621 625 644 649 714 736 788 792
domestic FR940810-2-00107 5 60 134 507 510 759
foreign FR940810-2-00107 4 62 136 514 803
person FR940810-2-00107 10 67 81 150 155 170 186 266 299 675 702
in FR940810-2-00107 17 68 172 183 234 257 268 296 338 364 388 438 460 555 588 617 633 784
the FR940810-2-00107 38 69 96 144 251 280 286 324 331 347 352 355 373 377 395 401 423 436 484 503 548 571 582 593 611 629 638 655 671 674 678 683 694 715 730 741 756 773 799
department FR940810-2-00107 1 71
employee FR940810-2-00107 1 77
who FR940810-2-00107 2 82 156
may FR940810-2-00107 3 83 217 417
influence FR940810-2-00107 1 84
whose FR940810-2-00107 1 86
activities FR940810-2-00107 1 87
directly FR940810-2-00107 3 88 159 276
indirectly FR940810-2-00107 3 90 161 278
involve FR940810-2-00107 1 91
are FR940810-2-00107 2 93 780
related FR940810-2-00107 1 94
function FR940810-2-00107 1 97
buying FR940810-2-00107 1 99
selling FR940810-2-00107 1 101
for FR940810-2-00107 6 103 450 496 522 744 767
member FR940810-2-00107 9 142 216 284 325 348 416 431 731 742
immediate FR940810-2-00107 3 145 252 287
family FR940810-2-00107 3 146 253 288
such FR940810-2-00107 9 149 265 283 336 384 442 497 537 577
; FR940810-2-00107 10 151 210 244 289 322 410 601 646 711 732
is FR940810-2-00107 8 157 326 359 386 534 568 652 723
supported FR940810-2-00107 1 158
material FR940810-2-00107 1 165
extent FR940810-2-00107 1 166
by FR940810-2-00107 3 168 700 725
specified FR940810-2-00107 3 171 187 300
this FR940810-2-00107 2 173 316
paragraph FR940810-2-00107 7 174 258 269 302 317 596 641
. FR940810-2-00107 4 175 390 498 794
5. FR940810-2-00107 1 176
which FR940810-2-00107 2 184 297
under FR940810-2-00107 2 188 301
paragraphs FR940810-2-00107 6 189 235 461 556 618 785
1 FR940810-2-00107 5 191 463 558 620 787
2 FR940810-2-00107 4 195 260 271 467
3 FR940810-2-00107 4 199 237 304 471
4 FR940810-2-00107 4 203 241 308 475
hereof FR940810-2-00107 8 205 243 262 564 600 626 645 793
has FR940810-2-00107 2 206 318
beneficial FR940810-2-00107 2 208 320
interest FR940810-2-00107 2 209 321
provided FR940810-2-00107 3 211 263 411
however FR940810-2-00107 2 213 413
part FR940810-2-00107 2 219 421
its FR940810-2-00107 3 221 660 720
acquired FR940810-2-00107 2 223 425
as FR940810-2-00107 8 224 366 426 488 545 691 693 707
described FR940810-2-00107 2 225 427
above FR940810-2-00107 4 226 400 428 481
: FR940810-2-00107 3 228 527 808
persons FR940810-2-00107 8 232 255 337 385 553 578 615 782
enumerated FR940810-2-00107 7 233 256 267 459 554 616 783
b FR940810-2-00107 3 247 313 648
members FR940810-2-00107 2 249 371
that FR940810-2-00107 11 264 330 351 376 441 570 581 610 628 701 772
does FR940810-2-00107 1 273
contribute FR940810-2-00107 1 275
support FR940810-2-00107 1 281
c FR940810-2-00107 2 292 713
subparagraph FR940810-2-00107 1 311
if FR940810-2-00107 1 323
prepared FR940810-2-00107 1 327
demonstrate FR940810-2-00107 1 329
were FR940810-2-00107 3 333 614 631
sold FR940810-2-00107 6 334 358 379 587 632 779
accordance FR940810-2-00107 1 339
with FR940810-2-00107 5 340 346 592 637 755
their FR940810-2-00107 1 341
normal FR940810-2-00107 2 342 737
practice FR940810-2-00107 1 344
aggregate FR940810-2-00107 1 353
so FR940810-2-00107 2 357 778
insubstantial FR940810-2-00107 2 360 387
disproportionate FR940810-2-00107 1 363
amount FR940810-2-00107 3 365 378 389
compared FR940810-2-00107 1 367
sales FR940810-2-00107 1 369
public FR940810-2-00107 4 374 402 453 485
one FR940810-2-00107 1 382
6. FR940810-2-00107 1 391
at FR940810-2-00107 3 398 483 682
offering FR940810-2-00107 2 403 486
price FR940810-2-00107 2 404 487
broker/dealer FR940810-2-00107 3 409 432 804
all FR940810-2-00107 2 419 751
another FR940810-2-00107 1 430
upon FR940810-2-00107 1 433
receipt FR940810-2-00107 1 434
from FR940810-2-00107 1 435
latter FR940810-2-00107 1 437
writing FR940810-2-00107 1 439
assurance FR940810-2-00107 2 440 567
purchase FR940810-2-00107 1 443
would FR940810-2-00107 4 444 551 574 584
be FR940810-2-00107 5 445 552 576 586 606
made FR940810-2-00107 4 446 535 653 681
fill FR940810-2-00107 1 448
orders FR940810-2-00107 1 449
bona FR940810-2-00107 1 451
fide FR940810-2-00107 1 452
customers FR940810-2-00107 1 454
than FR940810-2-00107 1 457
those FR940810-2-00107 1 458
5 FR940810-2-00107 3 479 562 624
an FR940810-2-00107 3 489 523 531
accommodation FR940810-2-00107 1 490
them FR940810-2-00107 1 492
without FR940810-2-00107 1 494
compensation FR940810-2-00107 1 495
7. FR940810-2-00107 1 499
branch FR940810-2-00107 1 511
trust FR940810-2-00107 4 517 540 686 762
conduit FR940810-2-00107 3 521 544 690
undisclosed FR940810-2-00107 2 524 768
principal FR940810-2-00107 2 525 728
unless FR940810-2-00107 2 526 807
affirmative FR940810-2-00107 1 532
inquiry FR940810-2-00107 2 533 679
whether FR940810-2-00107 1 547
ultimate FR940810-2-00107 4 549 572 612 774
purchasers FR940810-2-00107 3 550 573 613
through FR940810-2-00107 3 560 622 789
satisfactory FR940810-2-00107 1 566
received FR940810-2-00107 1 569
manner FR940810-2-00107 2 590 635
inconsistent FR940810-2-00107 2 591 636
provisions FR940810-2-00107 2 594 639
6 FR940810-2-00107 3 598 643 791
otherwise FR940810-2-00107 1 602
there FR940810-2-00107 1 604
shall FR940810-2-00107 1 605
rebuttable FR940810-2-00107 1 608
presumption FR940810-2-00107 1 609
recording FR940810-2-00107 1 651
on FR940810-2-00107 2 654 664
order FR940810-2-00107 2 656 716
ticket FR940810-2-00107 2 657 717
equivalent FR940810-2-00107 2 661 721
some FR940810-2-00107 1 665
supporting FR940810-2-00107 1 667
document FR940810-2-00107 1 668
name FR940810-2-00107 1 672
whom FR940810-2-00107 1 677
was FR940810-2-00107 3 680 698 705
well FR940810-2-00107 1 692
substance FR940810-2-00107 1 695
what FR940810-2-00107 2 697 704
said FR940810-2-00107 1 699
done FR940810-2-00107 1 706
result FR940810-2-00107 1 709
thereof FR940810-2-00107 1 710
initialed FR940810-2-00107 1 724
d FR940810-2-00107 1 735
supervisory FR940810-2-00107 1 738
procedures FR940810-2-00107 1 739
provide FR940810-2-00107 1 743
close FR940810-2-00107 1 746
followup FR940810-2-00107 1 747
review FR940810-2-00107 1 749
transactions FR940810-2-00107 1 752
entered FR940810-2-00107 1 753
into FR940810-2-00107 1 754
referred FR940810-2-00107 1 757
companies FR940810-2-00107 1 763
conduits FR940810-2-00107 1 766
principals FR940810-2-00107 1 769
assure FR940810-2-00107 1 771
recipients FR940810-2-00107 1 775
8. FR940810-2-00107 1 795
( FR940810-2-00108 26 0 58 62 77 83 112 137 141 181 186 249 287 550 554 887 1116 1152 1176 1215 1265 1269 1304 1391 1403 1427 1470
a FR940810-2-00108 40 1 7 27 48 69 92 173 189 244 263 317 327 381 396 523 562 637 746 771 795 811 878 980 999 1037 1074 1127 1135 1141 1160 1216 1233 1279 1319 1322 1362 1369 1408 1415 1444
) FR940810-2-00108 26 2 60 64 79 85 114 139 143 183 188 251 289 552 556 909 1121 1157 1187 1217 1267 1271 1306 1393 1405 1429 1472
in FR940810-2-00108 33 3 15 50 56 68 86 101 135 172 275 342 384 389 433 453 493 627 658 736 815 834 903 956 1025 1047 1143 1249 1263 1282 1365 1379 1418 1447
the FR940810-2-00108 109 4 16 22 31 42 51 73 87 102 108 128 150 154 166 177 194 210 213 217 222 230 252 267 270 295 305 331 345 359 363 367 409 419 436 442 446 449 454 461 469 480 494 538 546 565 578 587 601 615 634 651 671 681 728 737 777 781 808 819 823 841 857 865 912 921 940 945 986 990 1007 1010 1013 1020 1026 1030 1034 1043 1059 1063 1083 1091 1111 1144 1164 1181 1205 1211 1220 1223 1226 1231 1237 1250 1297 1309 1312 1315 1336 1343 1366 1419 1423 1435 1448 1452 1455 1487 1498 1513
case FR940810-2-00108 4 5 88 738 905
of FR940810-2-00108 69 6 41 75 89 119 153 179 209 212 232 266 307 344 347 358 369 403 431 441 448 451 463 479 498 522 531 548 567 636 640 653 670 717 739 742 773 780 794 801 822 845 867 880 924 939 951 982 989 1009 1036 1076 1110 1114 1134 1166 1185 1210 1222 1236 1242 1288 1299 1311 1321 1339 1411 1457 1465 1486
foreign FR940810-2-00108 9 8 33 93 121 223 279 296 332 1175
broker/dealer FR940810-2-00108 8 9 34 94 122 224 297 333 468
or FR940810-2-00108 36 10 35 67 82 95 123 198 202 225 256 281 298 316 334 361 375 399 496 504 529 589 685 687 690 700 768 896 977 1071 1170 1174 1303 1342 1354 1388 1497
bank FR940810-2-00108 7 11 36 96 124 226 299 335
which FR940810-2-00108 13 12 29 44 97 301 325 405 519 542 660 745 791 1138
is FR940810-2-00108 13 13 98 191 260 458 877 916 928 954 1023 1033 1368 1397
participating FR940810-2-00108 2 14 100
distribution FR940810-2-00108 3 17 52 103
as FR940810-2-00108 14 18 47 104 125 227 229 243 626 649 664 712 725 889 933
an FR940810-2-00108 8 19 105 116 370 581 694 722 740
underwriter FR940810-2-00108 4 20 106 821 1045
, FR940810-2-00108 59 21 66 107 163 197 201 208 255 259 315 324 350 374 379 394 412 445 560 600 614 633 697 699 704 732 734 754 761 763 765 767 818 843 900 910 942 960 962 970 972 974 976 1090 1158 1172 1193 1196 1199 1225 1252 1285 1302 1314 1378 1386 1450 1454 1459 1494
agreement FR940810-2-00108 3 23 1022 1040
among FR940810-2-00108 1 24
underwriters FR940810-2-00108 1 25
contains FR940810-2-00108 1 26
provision FR940810-2-00108 1 28
obligates FR940810-2-00108 1 30
said FR940810-2-00108 2 32 235
not FR940810-2-00108 15 37 99 159 169 415 483 576 604 752 758 931 967 1003 1130 1190
to FR940810-2-00108 42 38 53 91 126 215 300 417 435 476 485 517 540 570 596 607 642 655 666 668 680 713 789 836 852 891 918 935 937 948 998 1006 1053 1096 1107 1163 1192 1219 1290 1308 1332 1440 1511
sell FR940810-2-00108 3 39 608 1131
any FR940810-2-00108 11 40 355 643 949 1055 1167 1246 1259 1286 1340 1461
securities FR940810-2-00108 30 43 155 167 503 508 512 518 533 572 611 641 654 677 706 743 756 790 803 838 848 925 965 995 1060 1064 1084 1112 1118 1133 1289
it FR940810-2-00108 2 45 1050
receives FR940810-2-00108 2 46 146
participant FR940810-2-00108 1 49
persons FR940810-2-00108 11 54 133 162 474 486 855 908 953 1244 1413 1467
enumerated FR940810-2-00108 3 55 134 1262
paragraphs FR940810-2-00108 5 57 136 549 569 1264
1 FR940810-2-00108 4 59 138 1266 1392
through FR940810-2-00108 4 61 140 553 1268
5 FR940810-2-00108 3 63 142 1109
above FR940810-2-00108 4 65 443 557 842
manner FR940810-2-00108 2 70 174
inconsistent FR940810-2-00108 3 71 175 407
with FR940810-2-00108 15 72 176 278 408 488 586 831 1098 1208 1296 1361 1399 1414 1438 1443
provisions FR940810-2-00108 6 74 178 346 444 1008 1298
paragraph FR940810-2-00108 5 76 180 285 426 477
6 FR940810-2-00108 2 78 182
hereof FR940810-2-00108 4 80 144 184 1272
; FR940810-2-00108 8 81 185 247 730 958 1402 1426 1468
b FR940810-2-00108 3 84 288 1305
sales FR940810-2-00108 8 90 302 338 667 844 886 890 936
selling FR940810-2-00108 1 109
member FR940810-2-00108 11 110 268 382 397 588 602 913 1128 1206 1227 1316
: FR940810-2-00108 4 111 1018 1214 1390
i FR940810-2-00108 1 113
makes FR940810-2-00108 1 115
affirmative FR940810-2-00108 1 117
inquiry FR940810-2-00108 3 118 218 1506
such FR940810-2-00108 22 120 161 413 610 656 675 705 719 755 816 885 888 952 964 1148 1255 1283 1291 1352 1381 1466 1502
whether FR940810-2-00108 2 127 718
ultimate FR940810-2-00108 2 129 151
purchasers FR940810-2-00108 6 130 152 994 1057 1089 1093
would FR940810-2-00108 9 131 158 168 603 624 646 650 661 1094
be FR940810-2-00108 20 132 160 170 291 340 352 387 597 605 647 662 708 759 826 850 872 968 1004 1067 1294
and FR940810-2-00108 26 145 164 239 248 429 439 619 715 893 911 930 943 1125 1200 1239 1253 1375 1396 1460 1469 1475 1479 1483 1490 1505 1509
satisfactory FR940810-2-00108 1 147
assurance FR940810-2-00108 3 148 329 378
that FR940810-2-00108 16 149 165 237 336 527 735 799 920 944 963 1049 1258 1351 1358 1377 1501
so FR940810-2-00108 2 156 926
purchased FR940810-2-00108 4 157 598 996 1065
sold FR940810-2-00108 8 171 679 709 760 927 947 969 1086
ii FR940810-2-00108 1 187
recording FR940810-2-00108 1 190
made FR940810-2-00108 7 192 220 311 341 388 851 1484
on FR940810-2-00108 3 193 472 810
order FR940810-2-00108 2 195 253
ticket FR940810-2-00108 2 196 254
its FR940810-2-00108 2 199 257
equivalent FR940810-2-00108 2 200 258
upon FR940810-2-00108 3 203 273 422
some FR940810-2-00108 3 204 528 800
other FR940810-2-00108 9 205 376 629 701 1056 1201 1462 1477 1480
supporting FR940810-2-00108 1 206
document FR940810-2-00108 1 207
name FR940810-2-00108 1 211
person FR940810-2-00108 8 214 238 563 645 1260 1360 1371 1442
whom FR940810-2-00108 3 216 571 593
was FR940810-2-00108 4 219 234 241 1051
at FR940810-2-00108 4 221 354 362 1140
well FR940810-2-00108 1 228
substance FR940810-2-00108 1 231
what FR940810-2-00108 2 233 240
by FR940810-2-00108 12 236 262 283 293 380 424 537 727 807 1087 1422 1434
done FR940810-2-00108 1 242
result FR940810-2-00108 1 245
thereof FR940810-2-00108 2 246 320
iii FR940810-2-00108 1 250
initialed FR940810-2-00108 1 261
registered FR940810-2-00108 3 264 590 1179
principal FR940810-2-00108 1 265
. FR940810-2-00108 21 269 321 366 392 427 465 509 558 612 631 673 783 814 839 869 992 1028 1041 1061 1079 1122
obligations FR940810-2-00108 2 271 420
imposed FR940810-2-00108 2 272 421
members FR940810-2-00108 5 274 464 490 669 938
their FR940810-2-00108 1 276
dealings FR940810-2-00108 1 277
broker/dealers FR940810-2-00108 1 280
banks FR940810-2-00108 1 282
this FR940810-2-00108 12 284 308 322 348 425 513 784 832 1276 1300 1373 1400
8 FR940810-2-00108 2 286 555
can FR940810-2-00108 2 290 351
fulfilled FR940810-2-00108 1 292
having FR940810-2-00108 2 294 1245
falling FR940810-2-00108 1 303
within FR940810-2-00108 3 304 545 564
scope FR940810-2-00108 5 306 428 438 547 566
interpretation FR940810-2-00108 13 309 349 432 481 514 729 785 833 1011 1277 1301 1374 1401
are FR940810-2-00108 12 310 406 520 534 543 678 792 804 902 1016 1085 1507
execute FR940810-2-00108 1 312
form FR940810-2-00108 3 313 323 372
rf1 FR940810-2-00108 1 314
reasonable FR940810-2-00108 1 318
facsimile FR940810-2-00108 1 319
gives FR940810-2-00108 1 326
blanket FR940810-2-00108 1 328
from FR940810-2-00108 7 330 592 693 864 1069 1230 1329
no FR940810-2-00108 2 337 1359
will FR940810-2-00108 3 339 414 871
contravention FR940810-2-00108 1 343
obtained FR940810-2-00108 2 353 1318
district FR940810-2-00108 1 356
office FR940810-2-00108 2 357 365
association FR940810-2-00108 1 360
executive FR940810-2-00108 1 364
acceptance FR940810-2-00108 1 368
executed FR940810-2-00108 1 371
fr1 FR940810-2-00108 1 373
written FR940810-2-00108 3 377 1039 1323
must FR940810-2-00108 2 383 1293
all FR940810-2-00108 6 385 530 628 1099 1243 1412
instances FR940810-2-00108 1 386
good FR940810-2-00108 1 390
faith FR940810-2-00108 1 391
thus FR940810-2-00108 2 393 632
if FR940810-2-00108 7 395 561 674 875 1012 1254 1495
knows FR940810-2-00108 1 398
should FR940810-2-00108 1 400
have FR940810-2-00108 3 401 577 721
known FR940810-2-00108 1 402
facts FR940810-2-00108 1 404
representations FR940810-2-00108 1 410
received FR940810-2-00108 3 411 1229 1491
operate FR940810-2-00108 1 416
satisfy FR940810-2-00108 1 418
him FR940810-2-00108 2 423 609
intent FR940810-2-00108 3 430 440 447
addition FR940810-2-00108 1 434
obvious FR940810-2-00108 1 437
board FR940810-2-00108 2 450 866
governors FR940810-2-00108 2 452 868
following FR940810-2-00108 5 455 776 985 1014 1212
specific FR940810-2-00108 1 456
situations FR940810-2-00108 2 457 630
outlined FR940810-2-00108 1 459
for FR940810-2-00108 8 460 744 770 828 884 979 1058 1073
guidance FR940810-2-00108 1 462
limited FR940810-2-00108 2 466 1191
business FR940810-2-00108 5 467 702 882 1240 1463
restrictions FR940810-2-00108 1 470
placed FR940810-2-00108 1 471
associated FR940810-2-00108 2 473 487
pursuant FR940810-2-00108 3 475 997 1106
2 FR940810-2-00108 4 478 1080 1081 1404
shall FR940810-2-00108 8 482 515 757 786 825 966 1002 1066
apply FR940810-2-00108 4 484 516 625 788
nasd FR940810-2-00108 1 489
engaged FR940810-2-00108 1 491
solely FR940810-2-00108 1 492
purchase FR940810-2-00108 1 495
sale FR940810-2-00108 3 497 1070 1287
either FR940810-2-00108 2 499 1209
investment FR940810-2-00108 8 500 583 723 859 1123 1168 1182 1197
company/variable FR940810-2-00108 1 501
contracts FR940810-2-00108 1 502
direct FR940810-2-00108 1 505
participation FR940810-2-00108 1 506
program FR940810-2-00108 1 507
issuer FR940810-2-00108 5 510 539 682 809 846
directed FR940810-2-00108 5 511 536 574 806 847
part FR940810-2-00108 2 521 793
public FR940810-2-00108 6 524 672 796 941 1136 1348
offering FR940810-2-00108 7 525 741 782 797 824 991 1137
notwithstanding FR940810-2-00108 3 526 798 840
those FR940810-2-00108 4 532 568 802 837
specifically FR940810-2-00108 2 535 805
accounts FR940810-2-00108 3 541 657 1203
included FR940810-2-00108 1 544
3 FR940810-2-00108 2 551 1428
therefore FR940810-2-00108 1 559
were FR940810-2-00108 2 573 595
did FR940810-2-00108 1 575
required FR940810-2-00108 3 579 726 858
[ FR940810-2-00108 7 580 585 895 1132 1261 1325 1382
] FR940810-2-00108 7 582 599 899 1159 1273 1328 1384
history FR940810-2-00108 3 584 724 860
representative FR940810-2-00108 1 591
they FR940810-2-00108 1 594
permitted FR940810-2-00108 1 606
also FR940810-2-00108 2 613 787
`` FR940810-2-00108 4 616 620 1117 1153
disproportionate FR940810-2-00108 3 617 663 932
'' FR940810-2-00108 4 618 622 1120 1156
insubstantial FR940810-2-00108 3 621 929 955
tests FR940810-2-00108 1 623
directing FR940810-2-00108 2 635 652
substantial FR940810-2-00108 1 638
number FR940810-2-00108 1 639
one FR940810-2-00108 2 644 950
prohibited FR940810-2-00108 1 648
amounts FR940810-2-00108 1 659
compared FR940810-2-00108 2 665 934
issuerdirected FR940810-2-00108 1 676
's FR940810-2-00108 2 683 1345
employees FR940810-2-00108 4 684 689 720 898
directors FR940810-2-00108 2 686 691
potential FR940810-2-00108 1 688
resulting FR940810-2-00108 1 692
intended FR940810-2-00108 1 695
merger FR940810-2-00108 1 696
acquisition FR940810-2-00108 1 698
combination FR940810-2-00108 1 703
may FR940810-2-00108 3 707 849 1129
without FR940810-2-00108 2 710 856
limitation FR940810-2-00108 1 711
amount FR940810-2-00108 4 714 923 946 957
regardless FR940810-2-00108 1 716
provided FR940810-2-00108 2 731 959
however FR940810-2-00108 2 733 961
bona FR940810-2-00108 1 747
fide FR940810-2-00108 1 748
independent FR940810-2-00108 2 749 1346
market FR940810-2-00108 3 750 1146 1150
does FR940810-2-00108 1 751
exist FR940810-2-00108 1 753
transferred FR940810-2-00108 2 762 971
assigned FR940810-2-00108 2 764 973
pledged FR940810-2-00108 2 766 975
hypothecated FR940810-2-00108 2 769 978
period FR940810-2-00108 3 772 981 1075
three FR940810-2-00108 3 774 983 1077
months FR940810-2-00108 3 775 984 1078
effective FR940810-2-00108 2 778 987
date FR940810-2-00108 2 779 988
nonn FR940810-2-00108 1 812
basis FR940810-2-00108 1 813
cases FR940810-2-00108 1 817
managing FR940810-2-00108 2 820 1044
responsible FR940810-2-00108 1 827
insuring FR940810-2-00108 1 829
compliance FR940810-2-00108 1 830
respect FR940810-2-00108 2 835 1439
none/director FR940810-2-00108 1 853
restricted FR940810-2-00108 5 854 907 1068 1274 1370
after FR940810-2-00108 1 861
receiving FR940810-2-00108 1 862
permission FR940810-2-00108 3 863 870 915
given FR940810-2-00108 1 873
only FR940810-2-00108 1 874
there FR940810-2-00108 1 876
demonstration FR940810-2-00108 1 879
valid FR940810-2-00108 1 881
reasons FR940810-2-00108 1 883
distributors FR940810-2-00108 1 892
suppliers FR940810-2-00108 1 894
key FR940810-2-00108 1 897
who FR940810-2-00108 1 901
each FR940810-2-00108 2 904 1441
incidentally FR940810-2-00108 1 906
seeking FR940810-2-00108 1 914
prepared FR940810-2-00108 1 917
demonstrate FR940810-2-00108 1 919
aggregate FR940810-2-00108 1 922
standby FR940810-2-00108 6 993 1000 1021 1031 1088 1092
arrangement FR940810-2-00108 2 1001 1032
subject FR940810-2-00108 2 1005 1035
conditions FR940810-2-00108 1 1015
met FR940810-2-00108 1 1017
1. FR940810-2-00108 1 1019
disclosed FR940810-2-00108 1 1024
prospectus FR940810-2-00108 2 1027 1104
2. FR940810-2-00108 1 1029
formal FR940810-2-00108 1 1038
3. FR940810-2-00108 1 1042
represents FR940810-2-00108 1 1046
writing FR940810-2-00108 1 1048
unable FR940810-2-00108 1 1052
find FR940810-2-00108 1 1054
4. FR940810-2-00108 1 1062
transfer FR940810-2-00108 1 1072
when FR940810-2-00108 1 1082
need FR940810-2-00108 1 1095
comply FR940810-2-00108 1 1097
applicable FR940810-2-00108 1 1100
regulatory FR940810-2-00108 1 1101
requirements FR940810-2-00108 1 1102
including FR940810-2-00108 3 1103 1188 1451
delivery FR940810-2-00108 1 1105
section FR940810-2-00108 1 1108
act FR940810-2-00108 3 1113 1119 1184
1933 FR940810-2-00108 1 1115
partnerships FR940810-2-00108 1 1124
corporations FR940810-2-00108 1 1126
trade FR940810-2-00108 1 1139
premium FR940810-2-00108 1 1142
secondary FR940810-2-00108 2 1145 1149
whenever FR940810-2-00108 1 1147
begins FR940810-2-00108 1 1151
hot FR940810-2-00108 2 1154 1161
issue FR940810-2-00108 2 1155 1162
account FR940810-2-00108 12 1165 1232 1251 1284 1292 1344 1367 1420 1424 1436 1449 1488
partnership FR940810-2-00108 1 1169
corporation FR940810-2-00108 1 1171
domestic FR940810-2-00108 1 1173
except FR940810-2-00108 1 1177
companies FR940810-2-00108 1 1178
under FR940810-2-00108 3 1180 1275 1372
company FR940810-2-00108 1 1183
1940 FR940810-2-00108 1 1186
but FR940810-2-00108 1 1189
hedge FR940810-2-00108 1 1194
funds FR940810-2-00108 1 1195
clubs FR940810-2-00108 1 1198
like FR940810-2-00108 1 1202
unless FR940810-2-00108 1 1204
complies FR940810-2-00108 1 1207
alternatives FR940810-2-00108 1 1213
prior FR940810-2-00108 2 1218 1307
execution FR940810-2-00108 2 1221 1310
transaction FR940810-2-00108 2 1224 1313
has FR940810-2-00108 7 1228 1278 1317 1394 1406 1430 1473
current FR940810-2-00108 3 1234 1326 1409
list FR940810-2-00108 2 1235 1410
names FR940810-2-00108 1 1238
connections FR940810-2-00108 2 1241 1464
beneficial FR940810-2-00108 5 1247 1280 1363 1416 1445
interest FR940810-2-00108 5 1248 1281 1364 1417 1446
information FR940810-2-00108 3 1256 1432 1482
discloses FR940810-2-00108 1 1257
4 FR940810-2-00108 2 1270 1471
consistent FR940810-2-00108 1 1295
copy FR940810-2-00108 1 1320
representation FR940810-2-00108 2 1324 1385
opinion FR940810-2-00108 2 1327 1383
counsel FR940810-2-00108 4 1330 1353 1387 1496
admitted FR940810-2-00108 1 1331
practice FR940810-2-00108 1 1333
law FR940810-2-00108 1 1334
before FR940810-2-00108 1 1335
highest FR940810-2-00108 1 1337
court FR940810-2-00108 1 1338
state FR940810-2-00108 1 1341
certified FR940810-2-00108 1 1347
accountant FR940810-2-00108 4 1349 1355 1389 1499
stating FR940810-2-00108 2 1350 1376
reasonably FR940810-2-00108 1 1356
believes FR940810-2-00108 1 1357
providing FR940810-2-00108 1 1380
reviewed FR940810-2-00108 4 1395 1407 1431 1476
familiar FR940810-2-00108 1 1398
supplied FR940810-2-00108 2 1421 1433
manager FR940810-2-00108 3 1425 1437 1489
identity FR940810-2-00108 1 1453
nature FR940810-2-00108 1 1456
employment FR940810-2-00108 1 1458
requested FR940810-2-00108 1 1474
documents FR940810-2-00108 1 1478
pertinent FR940810-2-00108 1 1481
inquiries FR940810-2-00108 1 1485
responses FR940810-2-00108 1 1492
thereto FR940810-2-00108 1 1493
determines FR940810-2-00108 1 1500
further FR940810-2-00108 1 1503
review FR940810-2-00108 1 1504
necessary FR940810-2-00108 1 1508
relevant FR940810-2-00108 1 1510
determine FR940810-2-00108 1 1512
correct FR940810-2-00108 1 1514
