repair FR941206-1-00134 6 45249 45484 45896 45956 45999 46039
prior FR941206-1-00134 6 45250 45264 45616 45934 48248 48632
to FR941206-1-00134 149 45251 45265 45291 45308 45312 45377 45422 45503 45542 45556 45602 45607 45617 45655 45669 45683 45714 45727 45746 45750 45789 45803 45836 45850 45879 45900 45935 45961 46055 46076 46115 46124 46198 46211 46252 46282 46302 46314 46331 46338 46401 46500 46504 46524 46558 46667 46744 46761 46765 46783 46820 46936 46939 46949 46956 47047 47073 47078 47087 47104 47142 47173 47182 47205 47279 47303 47306 47329 47341 47349 47370 47408 47421 47459 47500 47509 47596 47599 47610 47653 47664 47717 47725 47790 47798 47906 47928 48081 48085 48100 48104 48130 48163 48207 48241 48249 48251 48265 48290 48296 48327 48362 48385 48410 48442 48521 48554 48633 48644 48693 48718 48755 48792 48796 48830 48883 48927 48947 48961 48973 49004 49034 49094 49101 49144 49202 49210 49227 49307 49311 49344 49417 49467 49476 49491 49503 49526 49554 49561 49578 49625 49658 49715 49998 50045 50054 50069 50092 50112
some FR941206-1-00134 3 45252 47696 49455
future FR941206-1-00134 2 45253 45470
resale FR941206-1-00134 1 45254
or FR941206-1-00134 66 45255 45352 45392 45449 45485 45529 45672 45706 45709 45780 45820 45832 45920 46058 46091 46334 46460 46480 46580 46594 46607 46731 46849 47009 47101 47115 47132 47158 47161 47241 47273 47276 47290 47436 47447 47489 47492 47503 47569 47609 47706 47813 47841 47851 47867 47996 48115 48126 48255 48294 48332 48367 48639 48820 48856 48966 49032 49047 49085 49370 49628 49697 49718 49952 50008 50039
may FR941206-1-00134 13 45256 45861 45988 46300 46661 47393 47453 47469 47526 47732 47762 49028 49911
be FR941206-1-00134 55 45257 45378 45493 45543 45557 45600 45653 45684 45726 45770 45801 45923 45959 45982 46018 46095 46168 46283 46642 46781 46866 47140 47330 47339 47428 47475 47527 47637 47718 47726 47733 47791 47960 48305 48325 48493 48597 48974 48989 49002 49005 49013 49030 49145 49162 49306 49326 49429 49537 49644 49665 49700 49732 49806 49912
in FR941206-1-00134 70 45258 45271 45278 45286 45317 45328 45409 45578 45605 45712 45731 45738 45852 45877 46005 46256 46271 46285 46454 46493 46527 46564 46619 46644 46724 46896 47189 47201 47332 47380 47433 47543 47558 47671 47683 47693 47746 47909 47940 47961 47968 48017 48061 48073 48140 48178 48301 48340 48347 48458 48546 48610 48674 48726 48808 48834 48844 48930 48976 49007 49177 49250 49355 49378 49404 49630 49808 49866 49871 50084
storage FR941206-1-00134 88 45259 45279 45314 45372 45405 45413 45445 45622 45633 45642 45688 45732 45775 45807 45905 45927 45941 45967 46004 46013 46070 46110 46178 46189 46244 46342 46615 46637 46756 46790 47063 47260 47272 47319 47479 47522 47587 47759 47860 47884 47966 47985 48089 48107 48154 48199 48213 48238 48257 48299 48350 48374 48388 48392 48412 48448 48498 48509 48524 48602 48646 48663 48668 48679 48714 48721 48731 48775 48794 48799 48843 48875 49038 49055 49069 49097 49121 49169 49199 49217 49271 49280 49362 49485 49542 49579 49690 49739
for FR941206-1-00134 131 45260 45267 45280 45284 45315 45335 45373 45406 45414 45446 45468 45483 45510 45545 45547 45575 45587 45623 45628 45639 45690 45722 45733 45776 45808 45838 45869 45871 45895 45906 45942 45955 45966 45991 45998 46024 46038 46050 46069 46149 46160 46179 46188 46207 46243 46245 46261 46345 46364 46383 46394 46407 46411 46420 46428 46488 46517 46539 46562 46614 46636 46647 46680 46692 46721 46755 46774 46789 46893 46967 46992 47034 47056 47062 47124 47186 47220 47259 47368 47377 47399 47497 47516 47612 47624 47734 47758 47887 47926 47963 48028 48047 48185 48197 48211 48214 48243 48284 48393 48496 48500 48510 48526 48581 48600 48604 48622 48647 48713 48806 48872 48909 48939 49123 49148 49216 49270 49279 49318 49484 49494 49734 49738 49768 49782 49820 49884 49957 50048 50072 50124
`` FR941206-1-00134 13 45261 45277 45830 46324 46332 49235 49243 49600 49618 49651 49817 49905 50121
reuse FR941206-1-00134 16 45262 45281 45316 45374 45407 45415 45447 45546 45624 45734 45777 45809 45831 45872 45907 45943
'' FR941206-1-00134 12 45263 45282 45835 46330 46337 49241 49246 49603 49622 49655 49825 49974
purging FR941206-1-00134 1 45266
metal FR941206-1-00134 1 45268
reclamation FR941206-1-00134 1 45269
. FR941206-1-00134 138 45270 45302 45367 45408 45430 45490 45536 45594 45626 45648 45675 45696 45719 45735 45759 45783 45813 45842 45859 45873 45908 45944 45984 46015 46060 46062 46073 46111 46181 46247 46277 46287 46308 46344 46397 46496 46519 46599 46601 46618 46683 46700 46768 46793 46887 46920 47036 47052 47121 47165 47229 47249 47296 47323 47354 47386 47402 47414 47439 47506 47578 47626 47675 47745 47765 47782 47856 47858 47869 47939 47998 48032 48072 48144 48187 48200 48231 48259 48289 48308 48371 48373 48390 48437 48457 48505 48545 48609 48652 48704 48733 48771 48773 48778 48836 48865 48921 48935 48963 48991 49026 49052 49089 49118 49120 49127 49170 49221 49265 49267 49274 49301 49336 49354 49381 49425 49448 49498 49516 49551 49574 49576 49582 49621 49654 49704 49722 49751 49786 49845 49870 49894 49924 49973 50018 50056 50081 50099
many FR941206-1-00134 2 45272 48188
cases FR941206-1-00134 1 45273
, FR941206-1-00134 229 45274 45304 45324 45363 45391 45401 45411 45448 45464 45475 45487 45495 45502 45514 45522 45592 45737 45741 45794 45925 45963 45970 46000 46023 46029 46040 46045 46066 46133 46159 46162 46183 46185 46194 46205 46221 46223 46225 46228 46230 46289 46310 46359 46361 46363 46371 46387 46409 46433 46459 46503 46531 46536 46554 46571 46575 46582 46611 46621 46623 46633 46646 46649 46678 46688 46705 46730 46734 46736 46743 46752 46759 46786 46802 46813 46870 46903 46911 46946 46970 47008 47011 47032 47054 47059 47068 47083 47093 47100 47127 47131 47151 47154 47175 47212 47231 47240 47251 47263 47266 47298 47311 47336 47356 47388 47416 47450 47452 47467 47481 47485 47487 47550 47603 47608 47647 47680 47701 47705 47749 47755 47819 47821 47823 47831 47840 47882 47891 47946 47950 47952 47978 47980 48000 48076 48125 48194 48223 48229 48236 48270 48314 48334 48358 48363 48417 48418 48421 48422 48480 48481 48482 48487 48507 48516 48517 48550 48569 48612 48673 48681 48685 48887 48899 48901 48904 48907 48911 48913 48942 48949 48951 48953 48955 48993 48998 49091 49136 49150 49192 49213 49223 49320 49323 49338 49357 49396 49434 49472 49481 49489 49511 49518 49530 49544 49564 49667 49669 49706 49711 49714 49726 49728 49796 49833 49841 49852 49853 49874 49926 49929 49936 49940 49944 49946 49948 49951 49964 49968 49970 49976 49977 50004 50041 50060 50062 50083 50088 50120
these FR941206-1-00134 16 45275 45434 45679 46259 46551 46794 47040 47362 47403 47747 48287 49115 49207 49352 49787 50073
units FR941206-1-00134 9 45276 45990 48288 48811 48845 48876 48928 49691 49740
remain FR941206-1-00134 1 45283
years FR941206-1-00134 5 45285 45340 45354 45553 45695
locations FR941206-1-00134 1 45287
that FR941206-1-00134 57 45288 45320 45539 45768 45786 45816 45914 45929 45950 46085 46087 46131 46163 46292 46347 46403 46660 46814 46905 47112 47170 47196 47426 47443 47472 47540 47633 47656 47709 47895 47912 47924 48038 48312 48463 48490 48617 48707 48868 48969 49160 49196 49324 49346 49361 49437 49451 49534 49692 49729 49872 49877 49983 49994 50024 50033 50065
are FR941206-1-00134 25 45289 45540 46196 46348 46354 46515 46908 47070 47118 47384 47687 47896 48040 48282 48690 48758 48970 49050 49142 49166 49283 49349 49375 49789 50034
exposed FR941206-1-00134 1 45290
the FR941206-1-00134 280 45292 45297 45300 45342 45356 45360 45381 45383 45394 45398 45412 45438 45440 45450 45454 45458 45469 45473 45477 45479 45507 45511 45524 45533 45561 45564 45572 45576 45580 45591 45608 45618 45621 45632 45637 45641 45658 45664 45673 45687 45702 45715 45729 45747 45756 45766 45773 45806 45843 45854 45857 45863 45867 45880 45884 45901 45915 45945 45962 45973 45978 45996 46012 46021 46031 46036 46041 46047 46053 46056 46065 46078 46102 46104 46117 46132 46137 46140 46164 46173 46184 46213 46233 46241 46254 46305 46316 46360 46366 46369 46374 46388 46404 46408 46425 46445 46447 46450 46455 46461 46463 46466 46471 46476 46482 46520 46528 46533 46548 46559 46610 46620 46632 46673 46710 46718 46722 46726 46732 46738 46741 46751 46766 46785 46838 46854 46862 46891 46897 46913 46926 46951 46986 46990 47000 47006 47013 47017 47031 47058 47082 47094 47106 47145 47148 47174 47183 47187 47191 47211 47232 47325 47343 47347 47350 47374 47378 47382 47390 47409 47444 47448 47465 47478 47504 47521 47544 47553 47561 47567 47570 47574 47586 47604 47613 47659 47666 47669 47677 47714 47722 47730 47750 47769 47772 47805 47824 47832 47871 47916 47932 47941 47964 47975 48001 48013 48033 48058 48074 48083 48087 48132 48141 48148 48152 48165 48174 48193 48201 48209 48227 48232 48235 48244 48275 48313 48343 48391 48420 48444 48461 48564 48568 48636 48645 48653 48662 48675 48682 48695 48702 48708 48739 48761 48793 48798 48842 48869 48884 49017 49082 49095 49212 49233 49302 49309 49316 49382 49480 49495 49520 49535 49541 49556 49571 49596 49615 49623 49647 49656 49707 49765 49801 49809 49812 49815 49856 49859 49867 49889 49908 49915 49954 49984 50028 50051 50076 50094 50106 50114
elements FR941206-1-00134 1 45293
which FR941206-1-00134 20 45294 45579 46195 46514 46603 46708 46715 46725 46747 46775 46861 47190 47381 47517 47847 48172 48999 49775 49854 49902
further FR941206-1-00134 2 45295 50012
compromise FR941206-1-00134 1 45296
integrity FR941206-1-00134 1 45298
of FR941206-1-00134 158 45299 45338 45350 45359 45389 45397 45416 45453 45472 45498 45506 45517 45532 45559 45590 45620 45631 45678 45693 45704 45755 45778 45805 45824 45856 45889 45917 45928 45931 45947 46011 46030 46033 46035 46043 46052 46064 46097 46145 46192 46215 46258 46263 46274 46351 46379 46390 46452 46468 46550 46609 46631 46675 46707 46712 46837 46856 46901 46915 47005 47090 47096 47147 47207 47239 47245 47317 47361 47411 47462 47520 47546 47555 47560 47573 47585 47594 47606 47618 47642 47661 47779 47802 47861 47904 47918 47923 47934 47943 47986 47993 48019 48030 48090 48108 48112 48134 48150 48180 48216 48234 48246 48277 48286 48375 48395 48460 48470 48503 48584 48607 48650 48661 48665 48677 48698 48710 48741 48751 48763 48776 48800 48818 48828 48860 48881 48893 49021 49043 49058 49068 49070 49114 49315 49372 49414 49457 49461 49522 49599 49617 49650 49702 49743 49800 49811 49858 49879 49907 49931 49990 50030 50036 50050 50078 50108 50116 50126
unit FR941206-1-00134 15 45301 45997 46272 46432 47777 49200 49272 49281 49347 49363 49380 49406 49446 49543 49580
therefore FR941206-1-00134 8 45303 46309 47415 47649 48506 49222 49705 50082
epa FR941206-1-00134 59 45305 45500 45697 45736 45814 46001 46074 46112 46127 46248 46311 46398 46624 46701 46927 47037 47159 47252 47299 47357 47392 47440 47507 47579 47627 47700 47784 48077 48309 48464 48488 48551 48613 48705 48734 48779 48814 48866 49053 49224 49339 49358 49419 49435 49449 49500 49531 49723 49755 49846 49875 49980 49996 50020 50042 50057 50066 50089 50100
is FR941206-1-00134 60 45306 45365 45461 45582 45742 45787 45903 45912 45939 46106 46113 46142 46154 46175 46237 46249 46294 46312 46376 46444 46474 46484 46728 47043 47300 47418 47441 47591 47628 47650 47716 47724 47808 47885 48060 48070 48205 48240 48310 48339 48346 48552 48620 48629 48641 48735 48780 49074 49225 49359 49392 49402 49413 49463 49525 49532 49746 49897 50016 50090
proposing FR941206-1-00134 12 45307 46114 46251 46313 47044 47442 48311 48553 48781 49226 49360 50091
add FR941206-1-00134 2 45309 48101
new FR941206-1-00134 1 45310
761.67 FR941206-1-00134 1 45311
limit FR941206-1-00134 16 45313 45965 46068 46187 46613 46635 46754 46788 47061 47085 47177 47214 47757 48230 49215 49483
an FR941206-1-00134 33 45318 45499 45588 45597 45629 45645 45761 46009 46235 46565 46605 46629 46763 46941 47218 47333 47400 47518 47548 47583 47794 47910 48067 48336 48467 48878 48890 49366 49393 49418 49430 49991 50109
area FR941206-1-00134 8 45319 47911 47967 48300 48389 48669 48722 49039
was FR941206-1-00134 12 45321 45347 45442 45481 45882 45976 47171 47194 48414 48440 48465 48512
not FR941206-1-00134 36 45322 45462 45800 45922 45981 46167 46171 46250 46295 46355 46865 47020 47071 47419 47581 47629 47651 47763 47914 47982 48036 48225 48360 48615 48642 48658 48724 48925 48945 49029 49111 49172 49399 49440 49664 50022
designed FR941206-1-00134 2 45323 48441
constructed FR941206-1-00134 1 45325
and FR941206-1-00134 105 45326 45402 45427 45476 45523 45569 45661 45818 45822 45897 45968 46046 46071 46147 46190 46206 46299 46327 46368 46381 46414 46434 46555 46583 46616 46638 46672 46757 46760 46791 46811 46843 46884 46912 46955 47026 47042 47064 47109 47135 47215 47261 47320 47345 47371 47464 47468 47523 47588 47640 47648 47720 47739 47754 47760 47800 47953 48015 48021 48066 48176 48182 48342 48379 48397 48404 48530 48592 48635 48686 48745 48802 48888 48914 48917 48956 49019 49056 49064 49110 49139 49151 49185 49205 49209 49218 49238 49258 49294 49321 49411 49486 49490 49565 49612 49661 49736 49748 49770 49779 49797 49886 49934 49959 49981
operated FR941206-1-00134 1 45327
compliance FR941206-1-00134 6 45329 46973 48977 49008 49478 49703
with FR941206-1-00134 20 45330 45424 46694 46853 46876 46974 47144 47494 47695 47898 47970 47990 48044 48110 48978 49009 49242 49351 49479 49646
761.65 FR941206-1-00134 25 45331 46081 46120 46319 47048 47291 47875 48118 48157 48318 48537 48556 48651 48764 48785 48981 49103 49129 49152 49178 49251 49329 49584 49631 49671
( FR941206-1-00134 107 45332 45527 45792 46082 46121 46151 46320 46385 46413 46430 46437 46440 46541 46798 46807 46828 46844 46868 46899 46931 46964 46978 46996 47027 47049 47152 47284 47287 47292 47309 47529 47532 47728 47736 47740 47766 47817 47828 47836 47876 47879 47920 47955 48006 48009 48097 48119 48122 48127 48158 48169 48319 48322 48352 48425 48430 48433 48474 48536 48538 48541 48557 48560 48572 48574 48577 48765 48768 48786 48789 48897 48982 48985 49104 49107 49130 49133 49153 49156 49179 49182 49186 49189 49252 49255 49259 49262 49288 49291 49295 49298 49330 49333 49585 49588 49591 49632 49635 49638 49672 49675 49678 49772 49830 49920 49961 50002
b FR941206-1-00134 10 45333 46438 47921 48787 48983 49105 49296 49586 49633 49673
) FR941206-1-00134 107 45334 45531 45798 46084 46123 46170 46322 46396 46419 46439 46442 46443 46553 46800 46810 46830 46846 46886 46919 46933 46966 46980 46998 47029 47051 47160 47289 47294 47295 47313 47534 47536 47738 47742 47744 47783 47830 47838 47839 47878 47881 47922 47957 48008 48011 48099 48121 48124 48129 48160 48171 48321 48324 48366 48432 48435 48436 48486 48540 48543 48544 48559 48562 48576 48579 48580 48767 48770 48788 48791 48920 48984 48987 49106 49109 49132 49135 49155 49158 49181 49184 49188 49191 49254 49257 49261 49264 49290 49293 49297 49300 49332 49335 49587 49590 49593 49634 49637 49640 49674 49677 49680 49774 49835 49922 49963 50007
a FR941206-1-00134 76 45336 45344 45465 45515 45548 45584 45676 45691 45752 45847 45887 45910 45937 46083 46088 46122 46157 46296 46321 46494 46713 46824 46877 46944 46960 46982 47050 47075 47088 47097 47110 47246 47269 47277 47280 47365 47431 47511 47672 47707 47947 47991 48102 48138 48252 48297 48386 48494 48522 48598 48666 48719 48782 48822 48849 48852 48861 49022 49036 49062 49078 49193 49198 49289 49313 49405 49408 49422 49465 49470 49548 49685 49798 49848 49988 50037
maximum FR941206-1-00134 1 45337
3 FR941206-1-00134 9 45339 45353 45552 45694 46441 46600 46845 46979 47533
from FR941206-1-00134 22 45341 45355 45571 45893 46101 46201 46323 46392 46547 46568 46860 47668 47853 47931 47937 48563 48749 48895 49670 49914 49953 50010
date FR941206-1-00134 17 45343 45358 45396 45439 45452 45460 45478 45974 46049 46103 46138 46389 46406 46446 46462 47933 48571
pcb FR941206-1-00134 65 45345 45368 45384 45418 45525 45528 45534 45537 45565 45779 45784 45825 46027 46089 46092 46203 46216 46325 46328 46335 46651 47168 47192 47271 47556 47619 47634 47752 47862 47889 47893 48022 48049 48183 48218 48278 48377 48423 48447 48472 48531 48565 48585 48655 48752 48803 48862 48940 48967 49023 49037 49044 49048 49059 49083 49096 49124 49137 49140 49174 49236 49239 49244 49784 49868
article FR941206-1-00134 9 45346 45419 45535 45566 45581 46090 46326 49125 49175
taken FR941206-1-00134 7 45348 45387 46143 46349 46377 46537 47476
out FR941206-1-00134 6 45349 45388 46144 46350 46378 49701
service FR941206-1-00134 8 45351 45390 45894 45986 46146 46352 46380 46393
effective FR941206-1-00134 4 45357 45395 45451 47002
final FR941206-1-00134 5 45361 45399 45455 48475 49849
rule FR941206-1-00134 7 45362 45400 45456 48424 48479 49850 49873
whichever FR941206-1-00134 1 45364
later FR941206-1-00134 3 45366 45612 46358
articles FR941206-1-00134 7 45369 45385 45513 45538 46204 49138 49237
placed FR941206-1-00134 7 45370 45403 45443 46108 46176 46239 49167
into FR941206-1-00134 9 45371 45404 45444 46109 46177 46240 46424 47621 49168
would FR941206-1-00134 36 45375 45420 45436 45492 45554 45599 45652 45681 45725 45763 45799 46641 46716 47253 47338 47358 47405 47541 47657 47785 48304 48492 48839 48959 48988 49000 49305 49428 49439 49506 49594 49643 49663 49683 49699 49724
have FR941206-1-00134 8 45376 45421 45555 45682 48291 49341 49693 49709
labeled FR941206-1-00134 1 45379
at FR941206-1-00134 28 45380 45686 46080 46119 46318 46509 46823 47776 47850 47864 47874 47902 48004 48051 48117 48156 48167 48317 48329 48701 48784 49513 49540 49547 49605 49888 49900 50097
time FR941206-1-00134 19 45382 45885 45964 46067 46186 46612 46634 46753 46787 47060 47084 47103 47176 47213 47257 47756 48195 49214 49482
were FR941206-1-00134 6 45386 46697 47227 47327 48454 49882
upon FR941206-1-00134 4 45393 45496 47003 47243
addition FR941206-1-00134 6 45410 45713 48611 49304 49356 50115
any FR941206-1-00134 13 45417 45518 45662 45804 45926 46415 46543 46587 46595 47455 47842 48964 49442
comply FR941206-1-00134 2 45423 47143
all FR941206-1-00134 5 45425 45649 46341 48936 49688
marking FR941206-1-00134 3 45426 47484 48950
recordkeeping FR941206-1-00134 7 45428 47488 48900 48952 49268 49277 49432
regulations FR941206-1-00134 10 45429 45749 46935 47873 47977 48003 48084 48566 48656 49869
information FR941206-1-00134 6 45431 47344 47456 48748 49387 50079
required FR941206-1-00134 8 45432 45494 45601 47141 47340 48972 49003 49143
on FR941206-1-00134 28 45433 45644 45701 45972 46136 46232 46627 46685 46925 46943 46959 47364 47430 47676 47712 48382 48407 48446 48518 48715 48729 48738 49077 49407 49445 49570 49851 49975
labels FR941206-1-00134 1 45435
include FR941206-1-00134 6 45437 45636 45846 45862 46505 47067
equipment FR941206-1-00134 27 45441 45474 45480 45724 45730 45782 45785 45826 45841 45858 45890 45918 45933 45949 45979 46037 46054 46141 46165 46174 48381 48477 48504 48529 48608 48625 48628
if FR941206-1-00134 7 45457 45488 46470 46481 46737 47016 47324
other FR941206-1-00134 12 45459 46208 46416 46576 46772 46921 47678 47811 48937 49086 49116 49568
known FR941206-1-00134 1 45463
projected FR941206-1-00134 1 45466
location FR941206-1-00134 1 45467
use FR941206-1-00134 6 45471 45509 46540 46981 47938 48478
scheduled FR941206-1-00134 1 45482
servicing FR941206-1-00134 1 45486
appropriate FR941206-1-00134 6 45489 46643 47149 47265 47351 48206
individuals FR941206-1-00134 2 45491 47681
request FR941206-1-00134 3 45497 47007 47248
inspector FR941206-1-00134 2 45501 49420
provide FR941206-1-00134 3 45504 47179 48877
records FR941206-1-00134 3 45505 46016 49573
potential FR941206-1-00134 1 45508
stored FR941206-1-00134 12 45512 45544 45723 46284 46485 46729 47195 47385 48700 48975 49006 49014
description FR941206-1-00134 1 45516
leak FR941206-1-00134 1 45519
containment FR941206-1-00134 2 45520 48906
precautions FR941206-1-00134 1 45521
status FR941206-1-00134 4 45526 45791 45855 48932
pcbcontaminated FR941206-1-00134 6 45530 45781 48380 48405 48527 48623
intended FR941206-1-00134 1 45541
period FR941206-1-00134 7 45549 45593 45625 45634 46134 46410 47480
longer FR941206-1-00134 4 45550 47242 47437 48596
than FR941206-1-00134 13 45551 45613 46265 46490 46511 46664 46750 46817 46985 48025 48054 48093 49546
disposed FR941206-1-00134 3 45558 46096 47641
unless FR941206-1-00134 1 45560
person FR941206-1-00134 1 45562
storing FR941206-1-00134 4 45563 45870 47167 48046
had FR941206-1-00134 2 45567 47198
requested FR941206-1-00134 3 45568 46699 49982
received FR941206-1-00134 3 45570 46702 50102
regional FR941206-1-00134 11 45573 45609 45659 45665 46719 47184 47233 47352 47366 47375 47445
administrator FR941206-1-00134 10 45574 45610 45660 45666 46720 47185 47234 47353 47376 47446
region FR941206-1-00134 4 45577 46723 47188 47379
located FR941206-1-00134 1 45583
written FR941206-1-00134 3 45585 47180 49368
approval FR941206-1-00134 8 45586 45656 47283 47372 47774 48864 49025 49084
extension FR941206-1-00134 17 45589 45598 45630 45650 46606 46630 46764 46894 46942 47001 47014 47219 47401 47519 47549 47584 47788
anyone FR941206-1-00134 3 45595 47166 49092
requesting FR941206-1-00134 1 45596
do FR941206-1-00134 3 45603 47981 48657
so FR941206-1-00134 1 45604
writing FR941206-1-00134 1 45606
no FR941206-1-00134 5 45611 48595 49342 49415 49567
6 FR941206-1-00134 2 45614 48772
months FR941206-1-00134 2 45615 45993
expiration FR941206-1-00134 1 45619
requests FR941206-1-00134 7 45627 45651 45699 47398 47789 50047 50071
must FR941206-1-00134 5 45635 46017 46094 47959 49325
rationale FR941206-1-00134 2 45638 48261
exceeding FR941206-1-00134 1 45640
limitation FR941206-1-00134 2 45643 47033
articlebyarticle FR941206-1-00134 1 45646
basis FR941206-1-00134 5 45647 46948 46962 47367 49080
subject FR941206-1-00134 6 45654 45802 45960 47172 48643 49093
by FR941206-1-00134 20 45657 45772 46020 46026 46156 46532 47373 47566 47615 47699 47810 48813 48821 48848 49171 49231 49758 49764 49822 49864
conditions FR941206-1-00134 5 45663 47226 47395 47404 49020
deems FR941206-1-00134 1 45667
necessary FR941206-1-00134 2 45668 47458
protect FR941206-1-00134 2 45670 47501
health FR941206-1-00134 3 45671 47463 47502
environment FR941206-1-00134 4 45674 47466 47505 47670
record FR941206-1-00134 2 45677 49314
evaluations FR941206-1-00134 1 45680
kept FR941206-1-00134 1 45685
site FR941206-1-00134 3 45689 46826 49423
minimum FR941206-1-00134 1 45692
also FR941206-1-00134 17 45698 46399 46522 46698 46770 46971 47139 47767 47786 48190 48263 48691 48746 48840 49517 49898 50101
comment FR941206-1-00134 2 45700 50104
inclusion FR941206-1-00134 1 45703
sitespecific FR941206-1-00134 2 45705 47256
nationwide FR941206-1-00134 2 45707 47312
exemption FR941206-1-00134 1 45708
waiver FR941206-1-00134 3 45710 45717 46608
provisions FR941206-1-00134 4 45711 46014 48649 48762
proposed FR941206-1-00134 9 45716 45811 46270 46435 49285 49583 49597 49608 49648
provision FR941206-1-00134 12 45718 46714 47775 48103 48155 48166 48239 48316 48439 48619 48712 48744
one FR941206-1-00134 6 45720 45874 47221 47622 48273 50103
option FR941206-1-00134 2 45721 48149
reclassify FR941206-1-00134 1 45728
another FR941206-1-00134 2 45739 47702
rulemaking FR941206-1-00134 1 45740
currently FR941206-1-00134 7 45743 46182 46278 48759 48971 49337 49376
considering FR941206-1-00134 1 45744
modifications FR941206-1-00134 1 45745
reclassification FR941206-1-00134 5 45748 45757 45833 45864 48285
facilitate FR941206-1-00134 3 45751 49508 49527
widespread FR941206-1-00134 1 45753
application FR941206-1-00134 2 45754 47275
procedures FR941206-1-00134 3 45758 46689 49781
such FR941206-1-00134 13 45760 45936 46006 46218 46655 46695 46803 46871 47482 47547 47551 48356 49462
approach FR941206-1-00134 1 45762
significantly FR941206-1-00134 1 45764
reduce FR941206-1-00134 1 45765
risk FR941206-1-00134 2 45767 48892
might FR941206-1-00134 1 45769
posed FR941206-1-00134 1 45771
longterm FR941206-1-00134 1 45774
reclassified FR941206-1-00134 1 45788
nonb FR941206-1-00134 1 45790
ie FR941206-1-00134 7 45793 46386 46869 47153 47310 48898 50003
< FR941206-1-00134 1 45795
50 FR941206-1-00134 4 45796 46512 47905 48026
ppm FR941206-1-00134 12 45797 46513 47866 47908 47995 48027 48056 48095 48114 48222 48269 48331
restrictions FR941206-1-00134 2 45810 46691
today FR941206-1-00134 3 45812 48547 50085
recommends FR941206-1-00134 1 45815
owners FR941206-1-00134 2 45817 48280
users FR941206-1-00134 1 45819
brokers FR941206-1-00134 1 45821
servicers FR941206-1-00134 2 45823 46022
develop FR941206-1-00134 2 45827 47307
their FR941206-1-00134 6 45828 47202 47208 47318 47935 49379
own FR941206-1-00134 1 45829
schedule FR941206-1-00134 3 45834 45844 45865
account FR941206-1-00134 1 45837
properly FR941206-1-00134 3 45839 47638 49468
retained FR941206-1-00134 1 45840
should FR941206-1-00134 5 45845 46780 47636 48262 48594
simple FR941206-1-00134 1 45848
inventory FR941206-1-00134 8 45849 49369 49458 49505 49524 49536 49557 49563
aid FR941206-1-00134 1 45851
monitoring FR941206-1-00134 2 45853 48908
this FR941206-1-00134 28 45860 46275 46279 46293 46497 47780 48135 48260 48438 48501 48605 48618 48627 48711 48743 48837 48922 49010 49066 49229 49427 49504 49523 49552 49562 49607 49682 49895
and/or FR941206-1-00134 3 45866 46690 47315
purpose FR941206-1-00134 2 45868 49521
question FR941206-1-00134 1 45875
raised FR941206-1-00134 1 45876
response FR941206-1-00134 1 45878
anprm FR941206-1-00134 4 45881 46622 46898 48075
whether FR941206-1-00134 3 45883 46628 48756
between FR941206-1-00134 2 45886 47513
piece FR941206-1-00134 3 45888 45916 45930
's FR941206-1-00134 6 45891 46128 47796 48548 50058 50086
removal FR941206-1-00134 3 45892 46391 47936
its FR941206-1-00134 3 45898 47631 47662
return FR941206-1-00134 2 45899 46051
owner FR941206-1-00134 4 45902 45946 46057 49201
considered FR941206-1-00134 3 45904 45940 47039
until FR941206-1-00134 5 45909 46357 48416 48450 50014
determination FR941206-1-00134 2 45911 45938
made FR941206-1-00134 1 45913
can FR941206-1-00134 5 45919 45921 46166 46864 49805
repaired FR941206-1-00134 3 45924 45983 46169
electrical FR941206-1-00134 4 45932 48476 48528 48624
malfunctioning FR941206-1-00134 1 45948
has FR941206-1-00134 6 45951 46281 47038 48590 49756 50043
been FR941206-1-00134 2 45952 47199
sent FR941206-1-00134 1 45953
offsite FR941206-1-00134 1 45954
will FR941206-1-00134 3 45957 48723 50067
still FR941206-1-00134 1 45958
disposal FR941206-1-00134 46 45969 46072 46150 46180 46191 46246 46384 46395 46412 46429 46472 46518 46563 46617 46639 46676 46758 46792 46850 47065 47091 47116 47262 47274 47321 47524 47589 47601 47607 47761 48031 48048 48142 48186 48215 48253 48394 48511 48634 48648 48807 48863 49024 49057 49219 49487
beginning FR941206-1-00134 1 45971
it FR941206-1-00134 9 45975 46153 47417 48204 49027 49248 49391 49397 49438
determined FR941206-1-00134 2 45977 46155
could FR941206-1-00134 8 45980 47138 47178 47216 47235 47427 49012 49099
although FR941206-1-00134 2 45985 49426
facilities FR941206-1-00134 6 45987 48449 48453 48680 48732 49515
hold FR941206-1-00134 1 45989
several FR941206-1-00134 4 45992 46703 47045 49760
while FR941206-1-00134 2 45994 50019
scheduling FR941206-1-00134 1 45995
views FR941206-1-00134 2 46002 49054
prolonged FR941206-1-00134 1 46003
situations FR941206-1-00134 9 46007 46602 46645 46696 46746 46773 46795 47515 47539
as FR941206-1-00134 24 46008 46219 46269 46656 46804 46872 46989 47483 47552 47643 47645 47729 48137 48161 48357 48670 48672 48754 48858 49061 49473 49475 49641 49720
abuse FR941206-1-00134 2 46010 47545
maintained FR941206-1-00134 2 46019 49538
review FR941206-1-00134 1 46025
inspectors FR941206-1-00134 3 46028 49340 49501
dates FR941206-1-00134 1 46032
receipt FR941206-1-00134 2 46034 47244
type FR941206-1-00134 3 46042 48502 48606
malfunction FR941206-1-00134 1 46044
anticipated FR941206-1-00134 1 46048
user FR941206-1-00134 1 46059
2 FR941206-1-00134 11 46061 46829 46965 47741 48010 48128 48434 48542 48561 48769 48790
clarification FR941206-1-00134 1 46063
proposes FR941206-1-00134 1 46075
clarify FR941206-1-00134 2 46077 46402
requirement FR941206-1-00134 10 46079 46640 46767 47066 47425 47525 47590 49220 49433 49553
states FR941206-1-00134 6 46086 46427 46458 46479 46561 49903
container FR941206-1-00134 3 46093 46242 48874
within FR941206-1-00134 6 46098 46304 47022 47210 47804 49614
1 FR941206-1-00134 20 46099 46266 46665 46799 46818 46932 47737 47806 47880 48098 48123 48323 48578 48986 49108 49292 49299 49589 49636 49676
year FR941206-1-00134 6 46100 46267 46666 46819 47223 47807
item FR941206-1-00134 2 46105 46236
first FR941206-1-00134 4 46107 46238 47053 49303
amend FR941206-1-00134 1 46116
language FR941206-1-00134 2 46118 46317
explicitly FR941206-1-00134 1 46125
state FR941206-1-00134 7 46126 46495 47162 47708 47814 48823 48850
original FR941206-1-00134 1 46129
intent FR941206-1-00134 1 46130
begins FR941206-1-00134 1 46135
when FR941206-1-00134 10 46139 46152 46172 46373 47267 47396 47721 47793 48272 49164
designated FR941206-1-00134 3 46148 46382 48805
servicer FR941206-1-00134 1 46158
example FR941206-1-00134 3 46161 46648 47531
drums FR941206-1-00134 1 46193
used FR941206-1-00134 5 46197 46210 47577 49694 49733
collect FR941206-1-00134 2 46199 49492
liquid FR941206-1-00134 8 46200 47863 47899 47944 48109 48136 48217 48344
various FR941206-1-00134 2 46202 49777
containers FR941206-1-00134 13 46209 46257 46286 46329 47894 48062 48370 48835 49126 49141 49176 49208 49240
store FR941206-1-00134 3 46212 47079 47799
accumulation FR941206-1-00134 3 46214 46255 48245
wastes FR941206-1-00134 19 46217 46506 46544 46682 46859 46969 47080 47130 47134 47137 47499 47557 47620 47635 48941 48997 49046 49060 49073
oil FR941206-1-00134 2 46220 46367
rags FR941206-1-00134 1 46222
booties FR941206-1-00134 1 46224
cleanup FR941206-1-00134 3 46226 48958 49742
debris FR941206-1-00134 1 46227
etc. FR941206-1-00134 1 46229
starts FR941206-1-00134 2 46231 46372
day FR941206-1-00134 2 46234 49410
allow FR941206-1-00134 9 46253 46717 46937 47611 48086 48105 48242 48797 48841
items FR941206-1-00134 9 46260 46336 47890 48023 48184 48804 48968 49049 49245
periods FR941206-1-00134 1 46262
greater FR941206-1-00134 8 46264 47868 47997 48024 48053 48092 48116 48333
except FR941206-1-00134 1 46268
iiig3 FR941206-1-00134 1 46273
preamble FR941206-1-00134 2 46276 47781
waste FR941206-1-00134 17 46280 46483 46822 46953 47126 47169 47193 47209 48059 48219 48247 48345 48699 48753 48809 48833 48902
however FR941206-1-00134 8 46288 47297 47979 47999 49090 49668 49727 50061
comments FR941206-1-00134 5 46290 46626 46684 46704 48737
suggested FR941206-1-00134 3 46291 48078 48191
common FR941206-1-00134 1 46297
practice FR941206-1-00134 1 46298
lead FR941206-1-00134 1 46301
disagreements FR941206-1-00134 1 46303
regulated FR941206-1-00134 2 46306 48847
community FR941206-1-00134 1 46307
change FR941206-1-00134 1 46315
pcbs FR941206-1-00134 24 46333 46421 46448 46464 46502 46508 46525 46552 46584 46863 46883 47667 47803 47849 47901 47945 47989 48020 48181 48777 48801 48896 48965 48992
effectively FR941206-1-00134 1 46339
capture FR941206-1-00134 1 46340
scenarios FR941206-1-00134 1 46343
transformers FR941206-1-00134 2 46346 48406
but FR941206-1-00134 6 46353 47069 48224 48359 48944 49389
drained FR941206-1-00134 3 46356 48631 48637
clock FR941206-1-00134 1 46362
both FR941206-1-00134 2 46365 46882
transformer FR941206-1-00134 3 46370 46375 48279
wants FR941206-1-00134 1 46400
start FR941206-1-00134 1 46405
applicable FR941206-1-00134 2 46417 49802
requirements FR941206-1-00134 16 46418 46851 47117 47146 47816 47917 48795 48871 48886 48919 48938 49098 49122 49269 49278 49353
legally FR941206-1-00134 1 46422
returned FR941206-1-00134 2 46423 46557
united FR941206-1-00134 5 46426 46457 46478 46529 46560
see FR941206-1-00134 4 46431 47285 47530 47768
761.20 FR941206-1-00134 3 46436 48005 48168
reach FR941206-1-00134 2 46449 46465
port FR941206-1-00134 2 46451 46467
entry FR941206-1-00134 2 46453 46469
continental FR941206-1-00134 2 46456 46477
facility FR941206-1-00134 9 46473 46567 47432 48254 48258 48525 48703 49471 49550
outside FR941206-1-00134 1 46475
during FR941206-1-00134 2 46486 47477
transport FR941206-1-00134 1 46487
more FR941206-1-00134 4 46489 46663 46749 46816
10 FR941206-1-00134 1 46491
days FR941206-1-00134 3 46492 47024 47930
policy FR941206-1-00134 2 46498 46521
applies FR941206-1-00134 3 46499 46523 49559
certain FR941206-1-00134 5 46501 46857 47225 47888 49275
containing FR941206-1-00134 4 46507 46881 47900 47988
less FR941206-1-00134 3 46510 47301 49749
imported FR941206-1-00134 2 46516 46585
purchased FR941206-1-00134 1 46526
states. FR941206-1-00134 1 46530
us FR941206-1-00134 4 46534 46569 46572 46577
government FR941206-1-00134 2 46535 46578
overseas FR941206-1-00134 1 46538
including FR941206-1-00134 6 46542 46929 47255 47892 48943 49173
directly FR941206-1-00134 1 46545
resulting FR941206-1-00134 1 46546
remediation FR941206-1-00134 6 46549 46825 46840 46848 47685 49045
subsequently FR941206-1-00134 1 46556
approved FR941206-1-00134 3 46566 48857 49819
embassies FR941206-1-00134 1 46570
military FR941206-1-00134 1 46573
installations FR941206-1-00134 2 46574 46579
territories FR941206-1-00134 1 46581
under FR941206-1-00134 15 46586 46592 47389 47870 48419 48815 48825 48851 48933 49016 49128 49286 49328 49814 50075
federal FR941206-1-00134 5 46588 46596 47150 47703 47812
administrative FR941206-1-00134 1 46589
order FR941206-1-00134 1 46590
issued FR941206-1-00134 3 46591 46740 47282
tsca FR941206-1-00134 7 46593 47270 47751 48853 48885 49890 49916
court FR941206-1-00134 1 46597
action FR941206-1-00134 2 46598 46834
warrant FR941206-1-00134 1 46604
solicited FR941206-1-00134 1 46625
innovative FR941206-1-00134 1 46650
destructive FR941206-1-00134 1 46652
technologies FR941206-1-00134 3 46653 46659 46801
; FR941206-1-00134 11 46654 46671 46827 46842 46963 46977 46995 47025 49388 49459 49824
biological FR941206-1-00134 1 46657
treatment FR941206-1-00134 3 46658 47098 47114
take FR941206-1-00134 2 46662 47654
achieve FR941206-1-00134 1 46668
acceptable FR941206-1-00134 2 46669 49721
levels FR941206-1-00134 2 46670 47855
absence FR941206-1-00134 2 46674 47095
capacity FR941206-1-00134 5 46677 47092 47562 47602 48664
specifically FR941206-1-00134 1 46679
pcb/radioactive FR941206-1-00134 5 46681 46952 46968 47125 47498
alternative FR941206-1-00134 1 46686
options FR941206-1-00134 3 46687 46907 49117
dealing FR941206-1-00134 1 46693
most FR941206-1-00134 6 46706 46888 47688 48145 48582 49452
supported FR941206-1-00134 3 46709 46890 48147
establishment FR941206-1-00134 1 46711
material FR941206-1-00134 4 46727 49818 49910 50006
director FR941206-1-00134 3 46733 46739 47449
cmd FR941206-1-00134 2 46735 47451
permit FR941206-1-00134 4 46742 46987 47568 47753
recognize FR941206-1-00134 1 46745
require FR941206-1-00134 6 46748 46815 46972 47454 47471 49308
grant FR941206-1-00134 2 46762 47236
commenters FR941206-1-00134 5 46769 46889 46922 48146 48189
identified FR941206-1-00134 1 46771
they FR941206-1-00134 6 46776 47197 48757 49161 49165 49374
believe FR941206-1-00134 5 46777 47582 48037 48616 50023
equal FR941206-1-00134 2 46778 48879
consideration FR941206-1-00134 1 46779
given FR941206-1-00134 3 46782 48667 49409
extending FR941206-1-00134 2 46784 47057
included FR941206-1-00134 2 46796 49899
: FR941206-1-00134 5 46797 46930 47074 48096 49904
thermal FR941206-1-00134 2 46805 46808
separation FR941206-1-00134 1 46806
desorption FR941206-1-00134 1 46809
bioremediation FR941206-1-00134 1 46812
process FR941206-1-00134 5 46821 46988 47108 48143 49088
limited FR941206-1-00134 4 46831 47072 48361 48946
expedited FR941206-1-00134 1 46832
remedial FR941206-1-00134 2 46833 47845
undertaken FR941206-1-00134 1 46835
ahead FR941206-1-00134 1 46836
main FR941206-1-00134 1 46839
effort FR941206-1-00134 1 46841
conflicting FR941206-1-00134 1 46847
associated FR941206-1-00134 2 46852 48043
presence FR941206-1-00134 1 46855
cod FR941206-1-00134 1 46858
separated FR941206-1-00134 1 46867
mine FR941206-1-00134 1 46873
cable FR941206-1-00134 1 46874
coated FR941206-1-00134 1 46875
solid FR941206-1-00134 1 46878
antig FR941206-1-00134 1 46879
compound FR941206-1-00134 1 46880
mercury FR941206-1-00134 1 46885
grounds FR941206-1-00134 1 46892
cited FR941206-1-00134 1 46895
justification FR941206-1-00134 1 46900
need FR941206-1-00134 4 46902 47077 48495 48599
demonstration FR941206-1-00134 2 46904 47111
treatment/disposal FR941206-1-00134 1 46906
being FR941206-1-00134 4 46909 47119 47576 49284
pursued FR941206-1-00134 2 46910 47120
submission FR941206-1-00134 3 46914 47004 47369
periodic FR941206-1-00134 1 46916
progress FR941206-1-00134 1 46917
reports FR941206-1-00134 3 46918 46958 47316
offered FR941206-1-00134 2 46923 50044
variations FR941206-1-00134 1 46924
proposal FR941206-1-00134 5 46928 47391 48549 48838 48923
modify FR941206-1-00134 2 46934 50093
doe FR941206-1-00134 1 46938
seek FR941206-1-00134 1 46940
complexwide FR941206-1-00134 2 46945 47308
multifacility FR941206-1-00134 1 46947
address FR941206-1-00134 1 46950
situation FR941206-1-00134 3 46954 47413 49686
submit FR941206-1-00134 1 46957
biennial FR941206-1-00134 1 46961
alara FR941206-1-00134 2 46975 47495
principles FR941206-1-00134 2 46976 47496
letter FR941206-1-00134 1 46983
rather FR941206-1-00134 2 46984 49545
mechanism FR941206-1-00134 1 46991
granting FR941206-1-00134 2 46993 47434
extensions FR941206-1-00134 4 46994 47035 47238 47438
4 FR941206-1-00134 2 46997 47857
make FR941206-1-00134 3 46999 47012 47510
alternatively FR941206-1-00134 1 47010
automatic FR941206-1-00134 1 47015
agency FR941206-1-00134 8 47018 47704 48034 48202 49844 49939 49985 50107
does FR941206-1-00134 8 47019 47580 47913 48035 48614 48924 49398 50021
object FR941206-1-00134 1 47021
90 FR941206-1-00134 1 47023
5 FR941206-1-00134 6 47028 48372 49134 49183 49256 49334
eliminate FR941206-1-00134 1 47030
suggestions FR941206-1-00134 1 47041
changes FR941206-1-00134 1 47046
criteria FR941206-1-00134 3 47055 47123 49581
demonstrated FR941206-1-00134 1 47076
beyond FR941206-1-00134 2 47081 48226
due FR941206-1-00134 2 47086 47407
lack FR941206-1-00134 1 47089
technology FR941206-1-00134 2 47099 47575
insufficient FR941206-1-00134 1 47102
complete FR941206-1-00134 1 47105
treatment/destruction FR941206-1-00134 1 47107
relevant FR941206-1-00134 1 47113
additional FR941206-1-00134 10 47122 47222 47237 47435 47473 48497 48601 49276 49431 49443
pcb/fissionable FR941206-1-00134 1 47128
radioactive FR941206-1-00134 1 47129
rcra/mixed FR941206-1-00134 1 47133
pcb/rcra FR941206-1-00134 1 47136
nuclear FR941206-1-00134 1 47155
regulatory FR941206-1-00134 3 47156 47163 50095
commission FR941206-1-00134 1 47157
authorities FR941206-1-00134 1 47164
notification FR941206-1-00134 1 47181
unsuccessful FR941206-1-00134 1 47200
continuing FR941206-1-00134 1 47203
attempts FR941206-1-00134 2 47204 47598
dispose FR941206-1-00134 2 47206 47801
receive FR941206-1-00134 1 47217
provided FR941206-1-00134 3 47224 48057 48335
met FR941206-1-00134 1 47228
second FR941206-1-00134 1 47230
justified FR941206-1-00134 1 47247
third FR941206-1-00134 1 47250
consider FR941206-1-00134 4 47254 47359 47787 48131
frames FR941206-1-00134 1 47258
where FR941206-1-00134 3 47264 49040 49687
approving FR941206-1-00134 2 47268 47397
modification FR941206-1-00134 2 47278 48783
previously FR941206-1-00134 1 47281
761.60 FR941206-1-00134 1 47286
e FR941206-1-00134 1 47288
d FR941206-1-00134 1 47293
receptive FR941206-1-00134 1 47302
allowing FR941206-1-00134 2 47304 49499
organizations FR941206-1-00134 1 47305
justifications FR941206-1-00134 1 47314
activities FR941206-1-00134 3 47322 47686 47692
data FR941206-1-00134 4 47326 47348 47363 49493
allowed FR941206-1-00134 3 47328 47886 48513
submitted FR941206-1-00134 1 47331
aggregate FR941206-1-00134 1 47334
form FR941206-1-00134 1 47335
resources FR941206-1-00134 1 47337
disaggregate FR941206-1-00134 1 47342
transmit FR941206-1-00134 1 47346
nonetheless FR941206-1-00134 1 47355
aggregation FR941206-1-00134 2 47360 47614
materials FR941206-1-00134 4 47383 49771 49960 50032
finally FR941206-1-00134 1 47387
impose FR941206-1-00134 1 47394
vary FR941206-1-00134 1 47406
specifics FR941206-1-00134 1 47410
each FR941206-1-00134 2 47412 48302
possible FR941206-1-00134 2 47420 47646
list FR941206-1-00134 1 47422
every FR941206-1-00134 1 47423
conceivable FR941206-1-00134 1 47424
imposed FR941206-1-00134 2 47429 47564
deemed FR941206-1-00134 1 47457
ensure FR941206-1-00134 2 47460 49477
protection FR941206-1-00134 4 47461 48882 49843 49938
likewise FR941206-1-00134 1 47470
steps FR941206-1-00134 2 47474 47655
inspection FR941206-1-00134 3 47486 49424 49885
financial FR941206-1-00134 3 47490 48687 48915
assurance FR941206-1-00134 3 47491 48688 48916
complying FR941206-1-00134 2 47493 49350
wishes FR941206-1-00134 1 47508
distinction FR941206-1-00134 1 47512
those FR941206-1-00134 3 47514 47538 47691
legitimate FR941206-1-00134 2 47528 47792
above FR941206-1-00134 4 47535 47743 48220 48267
versus FR941206-1-00134 1 47537
result FR941206-1-00134 2 47542 48725
acceptance FR941206-1-00134 1 47554
excess FR941206-1-00134 1 47559
limitations FR941206-1-00134 1 47563
either FR941206-1-00134 2 47565 49986
physical FR941206-1-00134 1 47571
constraints FR941206-1-00134 1 47572
warranted FR941206-1-00134 1 47592
because FR941206-1-00134 3 47593 48626 49681
failure FR941206-1-00134 1 47595
initiate FR941206-1-00134 1 47597
obtain FR941206-1-00134 1 47600
cost FR941206-1-00134 1 47605
multiple FR941206-1-00134 1 47616
generators FR941206-1-00134 1 47617
vehicle FR941206-1-00134 1 47623
shipment FR941206-1-00134 2 47625 48250
modifying FR941206-1-00134 1 47630
view FR941206-1-00134 1 47632
managed FR941206-1-00134 1 47639
quickly FR941206-1-00134 1 47644
inclined FR941206-1-00134 1 47652
relieve FR941206-1-00134 2 47658 48443
generator FR941206-1-00134 1 47660
responsibility FR941206-1-00134 1 47663
remove FR941206-1-00134 1 47665
timely FR941206-1-00134 1 47673
manner FR941206-1-00134 1 47674
hand FR941206-1-00134 1 47679
engaged FR941206-1-00134 1 47682
onsite FR941206-1-00134 5 47684 49509 49528 49539 49558
likely FR941206-1-00134 1 47689
conducting FR941206-1-00134 2 47690 49783
accordance FR941206-1-00134 2 47694 47969
instrument FR941206-1-00134 1 47697
developed FR941206-1-00134 2 47698 49763
provides FR941206-1-00134 1 47710
instruction FR941206-1-00134 1 47711
what/how FR941206-1-00134 1 47713
project FR941206-1-00134 2 47715 47723
conducted FR941206-1-00134 1 47719
completed FR941206-1-00134 1 47727
case FR941206-1-00134 3 47731 47942 48676
examples FR941206-1-00134 1 47735
instances FR941206-1-00134 1 47748
apply FR941206-1-00134 3 47764 48264 48962
discussion FR941206-1-00134 1 47770
regarding FR941206-1-00134 1 47771
coordinated FR941206-1-00134 1 47773
iiik FR941206-1-00134 1 47778
individual FR941206-1-00134 1 47795
ability FR941206-1-00134 1 47797
inhibited FR941206-1-00134 1 47809
disposal/remedial FR941206-1-00134 1 47815
eg FR941206-1-00134 1 47818
rcra FR941206-1-00134 5 47820 48819 48829 48870 48934
cercla FR941206-1-00134 1 47822
clean FR941206-1-00134 2 47825 47833
water FR941206-1-00134 1 47826
act FR941206-1-00134 4 47827 47835 49840 50080
cwa FR941206-1-00134 1 47829
air FR941206-1-00134 1 47834
caa FR941206-1-00134 1 47837
statute FR941206-1-00134 2 47843 50038
governing FR941206-1-00134 1 47844
actions FR941206-1-00134 1 47846
involve FR941206-1-00134 1 47848
derived FR941206-1-00134 1 47852
federallyregulated FR941206-1-00134 1 47854
temporary FR941206-1-00134 12 47859 47883 47965 47984 48088 48106 48153 48198 48212 48237 48315 48508
500 FR941206-1-00134 8 47865 47994 48055 48094 48113 48221 48268 48330
existing FR941206-1-00134 5 47872 48228 48730 49689 49992
c FR941206-1-00134 17 47877 48007 48120 48159 48170 48320 48431 48539 48558 48766 49131 49154 49180 49187 49253 49260 49331
filled FR941206-1-00134 1 47897
concentrations FR941206-1-00134 3 47903 48052 48111
499 FR941206-1-00134 1 47907
meet FR941206-1-00134 1 47915
paragraph FR941206-1-00134 1 47919
section FR941206-1-00134 4 47925 48816 48826 49011
up FR941206-1-00134 1 47927
30 FR941206-1-00134 1 47929
spill FR941206-1-00134 2 47948 48957
prevention FR941206-1-00134 2 47949 49933
control FR941206-1-00134 2 47951 49839
countermeasure FR941206-1-00134 1 47954
spcc FR941206-1-00134 3 47956 48068 48337
plan FR941206-1-00134 4 47958 48069 48338 48684
place FR941206-1-00134 3 47962 48341 49441
40 FR941206-1-00134 5 47971 48427 48979 49792 49826
cfr FR941206-1-00134 6 47972 48428 48980 49793 49813 49827
part FR941206-1-00134 4 47973 48859 49794 50035
112. FR941206-1-00134 1 47974
current FR941206-1-00134 3 47976 48002 48654
authorize FR941206-1-00134 2 47983 48012
liquids FR941206-1-00134 5 47987 48050 48091 48266 48328
concentration FR941206-1-00134 1 47992
processing FR941206-1-00134 2 48014 48175
distribution FR941206-1-00134 2 48016 48177
commerce FR941206-1-00134 2 48018 48179
purposes FR941206-1-00134 1 48029
there FR941206-1-00134 3 48039 48491 48593
significant FR941206-1-00134 1 48041
risks FR941206-1-00134 1 48042
temporarily FR941206-1-00134 1 48045
meeting FR941206-1-00134 1 48063
dot FR941206-1-00134 2 48064 48368
specifications FR941206-1-00134 1 48065
implemented FR941206-1-00134 1 48071
two FR941206-1-00134 1 48079
approaches FR941206-1-00134 1 48080
amending FR941206-1-00134 3 48082 48151 48164
holding/storing FR941206-1-00134 1 48133
step FR941206-1-00134 1 48139
opposed FR941206-1-00134 1 48162
allows FR941206-1-00134 2 48173 49197
increasing FR941206-1-00134 1 48192
allotted FR941206-1-00134 1 48196
believes FR941206-1-00134 6 48203 48706 48867 49065 49436 49450
extend FR941206-1-00134 2 48208 48926
allowance FR941206-1-00134 1 48210
point FR941206-1-00134 1 48233
commercial FR941206-1-00134 2 48256 48678
especially FR941206-1-00134 2 48271 48994
considers FR941206-1-00134 1 48274
preponderance FR941206-1-00134 1 48276
who FR941206-1-00134 1 48281
opting FR941206-1-00134 1 48283
them FR941206-1-00134 1 48292
build FR941206-1-00134 1 48293
ship FR941206-1-00134 1 48295
formal FR941206-1-00134 1 48298
instance FR941206-1-00134 1 48303
unduly FR941206-1-00134 1 48306
burdensome FR941206-1-00134 1 48307
extended FR941206-1-00134 1 48326
stationary FR941206-1-00134 1 48348
bulk FR941206-1-00134 1 48349
tanks FR941206-1-00134 1 48351
excluding FR941206-1-00134 1 48353
rolling FR941206-1-00134 1 48354
stock FR941206-1-00134 1 48355
tanker FR941206-1-00134 1 48364
trucks FR941206-1-00134 1 48365
specification FR941206-1-00134 1 48369
large FR941206-1-00134 8 48376 48400 48471 48532 48586 48995 49041 49071
capacitors FR941206-1-00134 5 48378 48403 48473 48535 48589
pallets FR941206-1-00134 4 48383 48408 48519 48716
next FR941206-1-00134 4 48384 48409 48520 48717
qualified FR941206-1-00134 4 48387 48411 48523 48720
nong FR941206-1-00134 1 48396
structurally FR941206-1-00134 1 48398
undamaged FR941206-1-00134 1 48399
high FR941206-1-00134 3 48401 48533 48587
voltage FR941206-1-00134 3 48402 48534 48588
areas FR941206-1-00134 1 48413
permitted FR941206-1-00134 3 48415 48812 48873
formerly FR941206-1-00134 1 48426
761.42 FR941206-1-00134 1 48429
burden FR941206-1-00134 2 48445 49444
epaapproved FR941206-1-00134 1 48451
incineration FR941206-1-00134 1 48452
commercially FR941206-1-00134 1 48455
available FR941206-1-00134 2 48456 49883
light FR941206-1-00134 1 48459
fact FR941206-1-00134 1 48462
initiating FR941206-1-00134 1 48466
accelerated FR941206-1-00134 1 48468
phaseout FR941206-1-00134 2 48469 48570
47 FR941206-1-00134 1 48483
fr FR941206-1-00134 1 48484
37342 FR941206-1-00134 1 48485
recognized FR941206-1-00134 1 48489
space FR941206-1-00134 2 48499 48603
indefinitely FR941206-1-00134 1 48514
after FR941206-1-00134 1 48515
delete FR941206-1-00134 1 48555
since FR941206-1-00134 4 48567 49390 49519 49741
761.30 FR941206-1-00134 1 48573
l FR941206-1-00134 1 48575
uses FR941206-1-00134 1 48583
passed FR941206-1-00134 1 48591
needed FR941206-1-00134 1 48621
typically FR941206-1-00134 1 48630
hull FR941206-1-00134 1 48638
carcass FR941206-1-00134 1 48640
prohibit FR941206-1-00134 1 48659
expansion FR941206-1-00134 1 48660
long FR941206-1-00134 1 48671
closure FR941206-1-00134 2 48683 48918
mechanisms FR941206-1-00134 1 48689
adjusted FR941206-1-00134 1 48692
reflect FR941206-1-00134 3 48694 49400 49595
increased FR941206-1-00134 1 48696
amount FR941206-1-00134 1 48697
deletion FR941206-1-00134 1 48709
undue FR941206-1-00134 1 48727
hardships FR941206-1-00134 1 48728
soliciting FR941206-1-00134 1 48736
appropriateness FR941206-1-00134 1 48740
deleting FR941206-1-00134 1 48742
seeks FR941206-1-00134 1 48747
storers FR941206-1-00134 1 48750
utilizing FR941206-1-00134 1 48760
alternate FR941206-1-00134 1 48774
management FR941206-1-00134 1 48810
3004 FR941206-1-00134 1 48817
authorized FR941206-1-00134 1 48824
3006 FR941206-1-00134 1 48827
manage FR941206-1-00134 2 48831 49469
hazardous FR941206-1-00134 1 48832
otherwise FR941206-1-00134 2 48846 49001
lookalike FR941206-1-00134 1 48854
law FR941206-1-00134 2 48855 50026
level FR941206-1-00134 1 48880
preclude FR941206-1-00134 1 48889
unreasonable FR941206-1-00134 1 48891
injury FR941206-1-00134 1 48894
tracking FR941206-1-00134 1 48903
secondary FR941206-1-00134 1 48905
leaks FR941206-1-00134 3 48910 49149 49319
inspections FR941206-1-00134 4 48912 49317 49510 49529
operating FR941206-1-00134 1 48929
interim FR941206-1-00134 1 48931
containerization FR941206-1-00134 1 48948
manifesting FR941206-1-00134 1 48954
continue FR941206-1-00134 2 48960 50068
eligible FR941206-1-00134 1 48990
volume FR941206-1-00134 2 48996 49072
instead FR941206-1-00134 1 49015
terms FR941206-1-00134 1 49018
feasible FR941206-1-00134 1 49031
desirable FR941206-1-00134 1 49033
construct FR941206-1-00134 1 49035
volumes FR941206-1-00134 1 49042
concerned FR941206-1-00134 1 49051
continuum FR941206-1-00134 1 49063
issue FR941206-1-00134 1 49067
best FR941206-1-00134 1 49075
addressed FR941206-1-00134 1 49076
casebycase FR941206-1-00134 1 49079
through FR941206-1-00134 1 49081
permitting FR941206-1-00134 1 49087
choose FR941206-1-00134 1 49100
follow FR941206-1-00134 1 49102
avail FR941206-1-00134 1 49112
themselves FR941206-1-00134 1 49113
7 FR941206-1-00134 1 49119
checked FR941206-1-00134 1 49146
periodically FR941206-1-00134 1 49147
8 FR941206-1-00134 4 49157 49190 49263 49266
requires FR941206-1-00134 2 49159 49385
dated FR941206-1-00134 1 49163
loophole FR941206-1-00134 1 49194
exists FR941206-1-00134 1 49195
omit FR941206-1-00134 1 49203
dating FR941206-1-00134 1 49204
inspecting FR941206-1-00134 1 49206
circumvent FR941206-1-00134 1 49211
correct FR941206-1-00134 1 49228
oversight FR941206-1-00134 1 49230
replacing FR941206-1-00134 1 49232
phrase FR941206-1-00134 1 49234
wherever FR941206-1-00134 1 49247
occurs FR941206-1-00134 1 49249
operators FR941206-1-00134 5 49273 49282 49348 49364 49453
761.180 FR941206-1-00134 1 49287
operator FR941206-1-00134 1 49310
maintain FR941206-1-00134 3 49312 49454 49555
cleanups FR941206-1-00134 1 49322
performed FR941206-1-00134 1 49327
way FR941206-1-00134 1 49343
verify FR941206-1-00134 1 49345
keep FR941206-1-00134 1 49365
uptodate FR941206-1-00134 1 49367
log FR941206-1-00134 3 49371 49384 49497
what FR941206-1-00134 2 49373 49401
holding FR941206-1-00134 1 49377
annual FR941206-1-00134 4 49383 49394 49496 49572
similar FR941206-1-00134 1 49386
summary FR941206-1-00134 1 49395
actually FR941206-1-00134 1 49403
thus FR941206-1-00134 1 49412
assistance FR941206-1-00134 1 49416
performing FR941206-1-00134 1 49421
operations FR941206-1-00134 1 49447
sort FR941206-1-00134 1 49456
maintenance FR941206-1-00134 1 49460
almost FR941206-1-00134 1 49464
necessity FR941206-1-00134 1 49466
well FR941206-1-00134 1 49474
deadline FR941206-1-00134 1 49488
access FR941206-1-00134 1 49502
greatly FR941206-1-00134 1 49507
particularly FR941206-1-00134 1 49512
larger FR941206-1-00134 1 49514
requiring FR941206-1-00134 1 49533
central FR941206-1-00134 1 49549
only FR941206-1-00134 1 49560
affects FR941206-1-00134 1 49566
portion FR941206-1-00134 1 49569
9 FR941206-1-00134 1 49575
revision FR941206-1-00134 1 49577
iv FR941206-1-00134 3 49592 49639 49679
definition FR941206-1-00134 4 49598 49609 49616 49649
porous FR941206-1-00134 3 49601 49619 49652
surface FR941206-1-00134 3 49602 49620 49653
found FR941206-1-00134 2 49604 49807
761.3. FR941206-1-00134 1 49606
includes FR941206-1-00134 1 49610
concrete FR941206-1-00134 5 49611 49629 49662 49698 49719
cement FR941206-1-00134 5 49613 49627 49660 49696 49717
reference FR941206-1-00134 4 49624 49759 49823 49865
portland FR941206-1-00134 4 49626 49659 49695 49716
impervious FR941206-1-00134 1 49642
inconsistent FR941206-1-00134 1 49645
references FR941206-1-00134 3 49657 49708 49754
deleted FR941206-1-00134 1 49666
create FR941206-1-00134 1 49684
remained FR941206-1-00134 1 49710
albeit FR941206-1-00134 1 49712
parenthetically FR941206-1-00134 1 49713
recommend FR941206-1-00134 1 49725
nonporous FR941206-1-00134 2 49730 49744
surfaces FR941206-1-00134 2 49731 49745
curbing FR941206-1-00134 1 49735
flooring FR941206-1-00134 1 49737
easier FR941206-1-00134 1 49747
costly FR941206-1-00134 1 49750
h. FR941206-1-00134 1 49752
astm FR941206-1-00134 10 49753 49773 49860 49880 49962 49978 50000 50052 50055 50117
incorporated FR941206-1-00134 3 49757 49863 49909
test FR941206-1-00134 3 49761 49803 49861
standards FR941206-1-00134 6 49762 49788 49862 49881 50001 50053
american FR941206-1-00134 2 49766 49955
society FR941206-1-00134 2 49767 49956
testing FR941206-1-00134 3 49769 49778 49958
describe FR941206-1-00134 1 49776
sampling FR941206-1-00134 1 49780
analyses FR941206-1-00134 1 49785
referenced FR941206-1-00134 1 49790
throughout FR941206-1-00134 1 49791
761 FR941206-1-00134 2 49795 49832
listing FR941206-1-00134 2 49799 49857
methods FR941206-1-00134 1 49804
back FR941206-1-00134 1 49810
heading FR941206-1-00134 1 49816
incorporation FR941206-1-00134 1 49821
chapter FR941206-1-00134 1 49828
i FR941206-1-00134 1 49829
parts FR941206-1-00134 1 49831
763 FR941206-1-00134 1 49834
_subchapter FR941206-1-00134 1 49836
r_toxic FR941206-1-00134 1 49837
substances FR941206-1-00134 1 49838
environmental FR941206-1-00134 2 49842 49937
published FR941206-1-00134 1 49847
updated FR941206-1-00134 1 49855
indicated FR941206-1-00134 1 49876
copies FR941206-1-00134 4 49878 49906 50013 50049
copying FR941206-1-00134 2 49887 50029
public FR941206-1-00134 2 49891 49917
reading FR941206-1-00134 1 49892
room FR941206-1-00134 1 49893
notation FR941206-1-00134 1 49896
761.19 FR941206-1-00134 2 49901 50098
obtained FR941206-1-00134 1 49913
docket FR941206-1-00134 1 49918
office FR941206-1-00134 2 49919 49930
7407 FR941206-1-00134 1 49921
rm FR941206-1-00134 1 49923
b607 FR941206-1-00134 1 49925
northeast FR941206-1-00134 1 49927
mall FR941206-1-00134 1 49928
pollution FR941206-1-00134 1 49932
toxics FR941206-1-00134 1 49935
401 FR941206-1-00134 1 49941
m FR941206-1-00134 1 49942
st. FR941206-1-00134 1 49943
sw. FR941206-1-00134 1 49945
washington FR941206-1-00134 1 49947
dc FR941206-1-00134 1 49949
20460 FR941206-1-00134 1 49950
1916 FR941206-1-00134 1 49965
race FR941206-1-00134 1 49966
street FR941206-1-00134 1 49967
philadelphia FR941206-1-00134 1 49969
pa FR941206-1-00134 1 49971
19103 FR941206-1-00134 1 49972
contacted FR941206-1-00134 1 49979
produce FR941206-1-00134 1 49987
copy FR941206-1-00134 1 49989
agreement FR941206-1-00134 1 49993
grants FR941206-1-00134 1 49995
permission FR941206-1-00134 2 49997 50015
reproduce FR941206-1-00134 1 49999
copyrighted FR941206-1-00134 2 50005 50031
refrain FR941206-1-00134 1 50009
making FR941206-1-00134 1 50011
granted FR941206-1-00134 1 50017
copyright FR941206-1-00134 1 50025
prohibits FR941206-1-00134 1 50027
regulation FR941206-1-00134 1 50040
refer FR941206-1-00134 1 50046
offer FR941206-1-00134 1 50059
makes FR941206-1-00134 1 50063
clear FR941206-1-00134 1 50064
satisfy FR941206-1-00134 1 50070
documents FR941206-1-00134 1 50074
freedom FR941206-1-00134 1 50077
notice FR941206-1-00134 1 50087
text FR941206-1-00134 1 50096
reminding FR941206-1-00134 1 50105
earlier FR941206-1-00134 1 50110
commitment FR941206-1-00134 1 50111
propose FR941206-1-00134 1 50113
method FR941206-1-00134 2 50118 50123
d4059 FR941206-1-00134 1 50119
standard FR941206-1-00134 1 50122
analysis FR941206-1-00134 1 50125
polychlorinated FR941206-1-00134 1 50127
