continued FR940104-0-00034 1 19280
antagonism FR940104-0-00034 1 19281
between FR940104-0-00034 2 19282 24270
fda FR940104-0-00034 65 19283 19289 19629 19660 19684 19718 19851 20141 20305 20342 20365 20533 20566 20630 20660 20798 20846 20923 20944 21021 21696 21850 21863 22138 22365 22612 22638 22679 22708 22725 22914 22931 23004 23094 23137 23284 23303 23330 23424 23464 23593 23632 23682 23858 23949 23981 24137 24198 24247 24307 24356 24383 24402 24447 24553 24592 24671 24779 24802 24987 25100 25126 25143 25174 25265
and FR940104-0-00034 55 19284 19553 19600 19643 19771 19815 19846 19866 19919 19945 20242 20254 20260 20317 20508 20532 20772 20904 21156 21263 21481 21672 21691 21797 22030 22074 22146 22240 22573 22701 22753 22897 22926 23159 23184 23278 23311 23512 23541 23843 23974 23976 24272 24289 24379 24532 24586 24646 24835 24874 24994 25115 25157 25165 25239
the FR940104-0-00034 367 19285 19305 19312 19316 19331 19358 19380 19384 19426 19503 19528 19533 19545 19562 19566 19594 19612 19618 19634 19656 19681 19696 19712 19724 19738 19747 19777 19788 19796 19804 19811 19827 19840 19854 19875 19894 19925 19962 19969 20004 20011 20018 20028 20038 20042 20053 20071 20110 20115 20121 20135 20162 20169 20173 20190 20200 20203 20209 20212 20268 20289 20298 20302 20311 20319 20331 20358 20390 20393 20397 20410 20413 20420 20425 20441 20451 20457 20476 20519 20537 20552 20558 20592 20604 20611 20615 20619 20634 20643 20663 20669 20703 20719 20733 20738 20741 20747 20759 20765 20773 20812 20822 20826 20830 20833 20858 20862 20867 20872 20888 20894 20899 20905 20908 20911 20914 20926 20947 20955 20965 20974 21006 21024 21044 21048 21067 21091 21120 21126 21136 21168 21210 21261 21289 21292 21334 21364 21374 21409 21414 21438 21447 21489 21508 21528 21539 21552 21612 21617 21652 21687 21738 21748 21753 21786 21789 21815 21822 21831 21837 21840 21853 21858 21866 21869 21882 21906 21911 21926 21938 22034 22043 22147 22164 22167 22183 22208 22227 22234 22275 22279 22299 22308 22312 22316 22319 22328 22342 22347 22357 22379 22399 22436 22452 22466 22477 22481 22484 22493 22496 22502 22513 22532 22540 22544 22553 22556 22569 22579 22599 22621 22635 22645 22650 22669 22674 22686 22696 22705 22711 22728 22743 22762 22812 22826 22847 22868 22885 22902 22907 22911 22924 22938 22951 22962 22971 22977 22980 22987 23001 23020 23029 23087 23107 23148 23156 23160 23164 23172 23177 23193 23211 23216 23226 23234 23242 23249 23267 23308 23341 23352 23359 23385 23392 23404 23421 23461 23492 23496 23499 23504 23507 23522 23545 23568 23578 23609 23629 23655 23660 23719 23730 23755 23771 23789 23794 23826 23855 23882 23888 23892 23910 24026 24096 24116 24128 24194 24263 24268 24325 24335 24347 24364 24376 24414 24421 24429 24438 24458 24471 24484 24500 24517 24520 24537 24540 24543 24547 24569 24612 24617 24622 24641 24644 24651 24679 24682 24708 24712 24716 24719 24724 24730 24734 24749 24762 24776 24787 24799 24825 24851 24885 24894 24949 24969 24980 24983 24997 25003 25006 25009 25040 25051 25062 25102 25113 25118 25129 25134 25147 25154 25179 25195 25216 25242 25249 25261
food FR940104-0-00034 59 19286 20014 20232 20264 20312 20320 20387 20438 20600 20670 20674 21118 21145 21262 21639 21728 21733 21762 21794 21844 21848 21894 21920 22041 22049 22124 22145 22171 22192 22218 22231 22361 22385 22439 22470 22487 22497 22554 22629 22751 22908 23049 23364 23706 23765 23846 24039 24126 24254 24377 24380 24636 24910 24954 24957 24964 24999 25086 25236
industry FR940104-0-00034 1 19287
. FR940104-0-00034 170 19288 19310 19354 19377 19493 19557 19593 19622 19652 19672 19719 19776 19850 19868 19884 19903 19933 19957 19974 20000 20016 20036 20061 20086 20112 20127 20168 20283 20325 20363 20417 20440 20482 20494 20563 20610 20624 20657 20692 20756 20797 20820 20857 20938 20973 21020 21050 21097 21114 21166 21208 21282 21351 21369 21392 21418 21464 21484 21523 21545 21561 21563 21574 21602 21616 21651 21694 21744 21777 21809 21849 21861 21953 21966 21971 21981 21994 21996 22002 22020 22023 22101 22125 22219 22253 22301 22345 22362 22386 22451 22474 22505 22555 22576 22595 22633 22676 22707 22724 22791 22817 22853 22877 22899 22913 22930 22966 22986 22993 23023 23069 23090 23132 23167 23241 23297 23328 23380 23418 23445 23467 23502 23574 23615 23668 23677 23707 23724 23766 23781 23847 23873 23894 23921 23960 23990 24010 24044 24127 24160 24189 24241 24262 24302 24350 24369 24382 24401 24434 24475 24504 24552 24591 24616 24670 24699 24736 24768 24801 24815 24845 24860 24882 24914 25005 25111 25173 25189 25201 25258
believes FR940104-0-00034 3 19290 22639 22726
that FR940104-0-00034 172 19291 19319 19334 19387 19429 19458 19547 19645 19720 19781 19799 19853 19947 19952 19972 19981 20006 20041 20076 20150 20172 20304 20310 20318 20327 20357 20372 20412 20466 20472 20591 20601 20702 20706 20732 20790 20802 20883 20902 20943 20952 20977 21023 21057 21075 21129 21132 21191 21269 21275 21306 21308 21373 21396 21424 21449 21470 21488 21495 21527 21533 21551 21577 21606 21620 21655 21700 21723 21830 21833 21925 22047 22080 22166 22201 22204 22232 22287 22315 22321 22326 22350 22396 22425 22427 22509 22525 22546 22620 22624 22640 22663 22688 22727 22746 22856 22864 22882 22889 22968 22979 22992 22998 23003 23042 23044 23062 23109 23136 23171 23186 23238 23246 23260 23283 23302 23334 23348 23366 23398 23423 23431 23435 23490 23544 23555 23653 23659 23729 23759 23812 23819 23941 23964 23980 23994 24014 24054 24131 24140 24166 24184 24197 24246 24266 24284 24306 24358 24449 24451 24479 24519 24536 24556 24621 24659 24673 24707 24714 24756 24804 24808 24820 24836 24888 24929 24938 25039 25194 25209 25254 25264
it FR940104-0-00034 29 19292 19345 19430 19506 19517 21186 21233 21701 21709 21735 21804 21810 21819 21923 22304 22548 22689 23209 23257 23279 23483 23644 23694 23760 24805 24816 24889 24907 25183
provided FR940104-0-00034 3 19293 19597 20078
ample FR940104-0-00034 1 19294
guidance FR940104-0-00034 1 19295
on FR940104-0-00034 30 19296 19603 19640 19688 19757 19839 20614 20695 20752 20817 21437 21821 22085 22341 22355 22486 22501 22803 22906 23106 23122 23182 23712 24020 24599 24893 25032 25133 25186 25270
what FR940104-0-00034 8 19297 19604 19975 19988 19995 20027 23013 23448
types FR940104-0-00034 2 19298 19605
of FR940104-0-00034 218 19299 19318 19386 19425 19445 19499 19527 19535 19544 19561 19606 19636 19658 19674 19683 19698 19740 19803 19813 19822 19829 19843 19856 19877 19896 19968 19971 20013 20026 20031 20073 20109 20164 20202 20211 20267 20291 20297 20330 20333 20370 20392 20453 20478 20536 20539 20554 20560 20587 20598 20606 20646 20667 20740 20749 20778 20814 20832 20861 20869 20874 20898 20907 20913 20957 21005 21028 21090 21110 21117 21122 21138 21291 21295 21333 21338 21354 21421 21457 21476 21491 21510 21541 21554 21665 21732 21740 21747 21785 21824 21839 21847 21857 21868 21892 21905 21929 21974 22053 22078 22144 22169 22182 22191 22210 22229 22236 22243 22274 22281 22298 22311 22318 22330 22383 22398 22435 22438 22460 22476 22483 22495 22526 22543 22587 22598 22606 22659 22673 22698 22715 22731 22764 22782 22788 22815 22829 22849 22887 22910 22961 23031 23077 23104 23147 23179 23213 23228 23233 23236 23251 23266 23288 23340 23354 23406 23460 23487 23498 23525 23567 23577 23608 23628 23657 23718 23754 23784 23837 23876 23891 23912 23924 23933 24050 24092 24098 24118 24146 24162 24171 24286 24297 24316 24346 24366 24387 24392 24423 24467 24486 24516 24542 24573 24643 24689 24726 24748 24764 24789 24798 24824 24850 24876 24896 24962 24982 25002 25008 25053 25061 25106 25117 25146 25178 25204 25244 25251
statements FR940104-0-00034 9 19300 19563 19607 24445 24450 24478 24686 24702 24720
constitute FR940104-0-00034 2 19301 19608
health FR940104-0-00034 72 19302 19306 19352 19446 19512 19571 19609 19613 19641 19662 19700 19789 19805 19814 19842 20136 20166 20335 20354 20426 20444 20480 20750 20815 20834 20881 20959 20978 21030 21058 21076 21112 21140 21390 21504 21519 21543 21742 21754 21807 21826 21870 21991 22212 22238 22647 22670 22699 22784 22799 22903 22939 23098 23131 23144 23180 23253 23356 23386 23433 23480 23536 23583 23795 23861 23874 24530 24584 24613 25012 25148 25180
claims FR940104-0-00034 51 19303 19307 19479 19572 19610 19614 19642 19663 19701 19755 19806 20005 20065 20087 20137 20427 20751 20816 20835 20870 20932 20979 21031 21059 21077 21391 21505 21520 21755 21871 22700 22785 22800 22904 23099 23145 23181 23254 23291 23387 23434 23584 23614 23796 23862 24218 24411 24614 24658 24706 25013
in FR940104-0-00034 118 19304 19315 19369 19400 19475 19611 19702 19730 19787 19793 19818 19890 19984 20010 20062 20067 20089 20120 20134 20145 20368 20378 20385 20406 20424 20434 20436 20461 20500 20521 20543 20603 20633 20642 20672 20829 20853 20887 20896 20910 20984 21017 21033 21102 21147 21197 21254 21325 21331 21343 21557 21646 21711 21791 21865 21937 22126 22155 22173 22215 22278 22353 22368 22387 22407 22413 22441 22516 22539 22552 22596 22618 22692 22834 22860 22878 22921 23007 23019 23086 23264 23295 23384 23391 23401 23469 23495 23521 23551 23589 23670 23705 23751 23793 23825 23881 23885 23931 24029 24181 24334 24352 24443 24457 24524 24545 24603 24625 24678 24753 24761 24775 24792 24904 25066 25076 25124 25167
final FR940104-0-00034 13 19308 19615 20138 20428 20484 20635 20836 21415 21872 23009 23388 23508 23797
rule FR940104-0-00034 12 19309 19320 19616 20139 20414 20429 20485 20837 21873 23389 23509 23798
as FR940104-0-00034 72 19311 19349 19367 19398 19583 19691 19913 19922 20049 20058 20381 20383 20475 20492 20627 20825 20891 20893 21360 21401 21582 21669 21680 21708 21862 21916 22033 22076 22195 22578 22718 22820 22942 22944 22957 22959 23203 23230 23256 23639 23763 23919 23956 23972 23988 24000 24018 24037 24041 24045 24078 24124 24151 24190 24206 24209 24211 24321 24324 24328 24397 24557 24566 24634 24697 24865 25045 25064 25072 25074 25139 25228
agency FR940104-0-00034 24 19313 19595 20116 20328 20398 20620 20827 21335 21365 21816 22600 22651 22780 22869 22952 22972 22988 23661 23791 24415 24521 24618 24683 24886
explained FR940104-0-00034 8 19314 20207 20736 20828 21423 21864 24357 25022
preamble FR940104-0-00034 5 19317 20831 21867 24354 25007
( FR940104-0-00034 155 19321 19371 19374 19402 19405 19435 19451 19465 19478 19530 19538 19541 19587 19590 20079 20082 20100 20103 20106 20147 20177 20197 20216 20219 20222 20227 20233 20236 20239 20243 20246 20249 20255 20270 20273 20276 20279 20294 20463 20502 20505 20509 20512 20545 20548 20578 20581 20584 20648 20651 20654 20683 20686 20689 20838 21012 21035 21038 21150 21153 21157 21160 21163 21179 21182 21200 21223 21226 21229 21235 21256 21264 21297 21300 21303 21327 21345 21348 21571 21648 21657 21660 21713 21716 21719 21773 21782 21874 21899 21902 21985 22006 22017 22065 22070 22128 22131 22134 22157 22176 22179 22265 22268 22271 22295 22370 22373 22376 22409 22415 22418 22421 22443 22456 22488 22518 22521 22733 22736 22739 22755 22758 22836 22839 23033 23036 23039 23051 23451 23454 23457 23527 23599 23602 23605 23619 23622 23625 23799 24063 24102 24653 24739 24742 24745 24795 24919 24922 24925 25015 25034 25047 25056 25082 25091
58 FR940104-0-00034 6 19322 20839 21875 23528 23803 25016
fr FR940104-0-00034 6 19323 20840 21876 23529 23804 25017
2478 FR940104-0-00034 4 19324 20841 21877 23805
at FR940104-0-00034 28 19325 19339 19617 20195 20409 20728 20842 20970 21010 21095 21172 21214 21273 21626 21878 21959 22068 22948 22967 23060 23079 23650 23699 23806 24276 24943 24968 25019
2479 FR940104-0-00034 1 19326
through FR940104-0-00034 2 19327 19760
2488 FR940104-0-00034 1 19328
) FR940104-0-00034 155 19329 19373 19376 19404 19407 19440 19455 19471 19492 19540 19543 19556 19589 19592 20084 20085 20102 20105 20108 20149 20179 20215 20221 20224 20225 20229 20238 20241 20245 20248 20251 20252 20257 20275 20278 20281 20282 20296 20465 20504 20507 20511 20514 20547 20550 20580 20583 20586 20650 20653 20656 20685 20688 20691 20844 21019 21037 21040 21152 21155 21159 21162 21165 21181 21184 21207 21225 21228 21231 21237 21258 21266 21299 21302 21305 21329 21347 21350 21576 21650 21659 21662 21715 21718 21721 21776 21784 21880 21901 21904 21988 22009 22022 22099 22100 22130 22133 22136 22159 22178 22181 22267 22270 22273 22297 22372 22375 22378 22411 22417 22420 22423 22445 22458 22498 22520 22523 22735 22738 22741 22757 22760 22838 22841 23035 23038 23041 23057 23453 23456 23459 23531 23601 23604 23607 23621 23624 23627 23808 24074 24120 24669 24741 24744 24747 24797 24921 24924 24927 25021 25036 25049 25058 25084 25093
, FR940104-0-00034 240 19330 19357 19379 19396 19418 19420 19422 19437 19441 19453 19467 19469 19505 19514 19532 19559 19704 19706 19733 19751 19753 19763 19765 19768 19770 19824 19832 19845 19879 19881 19898 19900 19905 19918 19924 19936 19961 19993 20020 20052 20064 20091 20093 20114 20140 20199 20316 20341 20389 20419 20530 20565 20626 20629 20659 20730 20744 20758 20771 20824 20845 20864 20918 21014 21071 21099 21176 21185 21202 21204 21220 21232 21241 21243 21247 21259 21313 21315 21319 21330 21382 21387 21399 21403 21454 21460 21478 21480 21547 21559 21565 21569 21580 21587 21596 21598 21707 21722 21750 21757 21759 21779 21796 21801 21881 21921 21947 21949 21956 21977 21983 21998 22004 22010 22013 22027 22029 22042 22092 22094 22104 22106 22115 22117 22137 22160 22193 22277 22303 22349 22364 22390 22490 22524 22530 22583 22603 22610 22637 22678 22742 22752 22761 22768 22794 22819 22825 22881 22946 22970 23011 23053 23187 23192 23255 23277 23349 23358 23365 23368 23374 23376 23420 23506 23514 23517 23526 23532 23550 23554 23631 23681 23709 23742 23744 23748 23802 23818 23821 23828 23830 23832 23834 23839 23849 23903 23936 24017 24023 24048 24065 24081 24104 24193 24219 24233 24235 24239 24278 24292 24299 24323 24337 24339 24341 24343 24355 24371 24412 24446 24460 24462 24464 24477 24494 24498 24561 24718 24752 24755 24770 24783 24834 24847 24867 24869 24871 24873 24884 24930 24948 24985 24990 25110 25128 25138 25150 25232 25238 25260
definition FR940104-0-00034 13 19332 19477 20538 21337 21891 21928 22143 22168 22280 22605 22763 22828 24788
establishes FR940104-0-00034 1 19333
a FR940104-0-00034 202 19335 19350 19363 19372 19390 19403 19443 19495 19510 19539 19548 19578 19588 19598 19624 19835 19862 19943 19950 19966 20032 20050 20059 20132 20156 20165 20183 20231 20334 20350 20353 20479 20546 20570 20596 20599 20607 20637 20707 20712 20724 20850 20875 20878 20920 20958 21002 21055 21111 21123 21130 21139 21144 21189 21280 21309 21346 21352 21419 21465 21514 21542 21548 21621 21638 21675 21724 21727 21730 21741 21761 21793 21806 21825 21843 21886 22048 22107 22123 22196 22202 22211 22217 22230 22237 22241 22244 22247 22251 22289 22324 22331 22334 22360 22384 22461 22507 22527 22536 22588 22625 22628 22747 22750 22756 22804 22807 22837 22870 22891 23017 23045 23067 23200 23204 23286 23346 23355 23363 23475 23479 23485 23488 23534 23620 23636 23640 23646 23651 23679 23686 23691 23710 23713 23726 23735 23764 23782 23810 23841 23845 23896 23943 24032 24038 24042 24055 24059 24066 24079 24083 24090 24100 24105 24125 24141 24152 24167 24172 24187 24207 24242 24250 24253 24256 24287 24314 24317 24452 24473 24480 24488 24502 24507 24529 24558 24581 24583 24588 24595 24606 24628 24635 24638 24790 24898 24909 24912 24933 24936 24953 24956 24960 24963 24974 25037 25059 25085 25094 25140 25202 25229
claim FR940104-0-00034 50 19336 19353 19359 19381 19513 19790 20133 20167 20204 20336 20355 20445 20481 20734 20900 20909 20960 21113 21141 21281 21544 21743 21808 21827 21841 22213 22239 22290 22325 22671 22940 23068 23357 23481 23537 23680 23711 23727 24531 24538 24582 24585 24590 24607 24934 24975 24984 25135 25149 25181
must FR940104-0-00034 10 19337 19360 19382 20175 21142 21187 21238 21267 23361 24951
have FR940104-0-00034 13 19338 19834 20151 20768 20989 21963 22246 22535 22890 22964 23967 24178 25255
least FR940104-0-00034 1 19340
two FR940104-0-00034 1 19341
basic FR940104-0-00034 1 19342
elements FR940104-0-00034 3 19343 19501 22684
for FR940104-0-00034 63 19344 19665 19749 19915 19934 19955 20131 20188 20352 20486 20717 20930 20963 20999 21085 21518 21591 21686 21734 21814 21919 21945 22039 22051 22061 22087 22189 22285 22512 22568 22657 22666 22695 22779 22786 22984 23176 23316 23324 23371 23439 23515 23538 23572 23585 23734 23739 23815 23823 23857 23863 23870 23948 23978 24006 24058 24441 24681 24759 24778 24935 25226 25268
to FR940104-0-00034 132 19346 19389 19415 19448 19481 19488 19522 19670 19694 19736 19745 19861 19873 19909 19930 19978 20046 20097 20152 20160 20345 20404 20432 20449 20456 20468 20497 20526 20568 20573 20576 20589 20639 20811 20821 20848 20877 20924 20933 20961 20993 21061 21080 21134 21194 21260 21278 21407 21429 21446 21512 21623 21636 21705 21736 21766 21817 21828 21835 22199 22206 22250 22307 22333 22464 22468 22480 22534 22549 22634 22652 22661 22801 22845 22875 22893 22936 22975 23028 23065 23095 23124 23128 23141 23189 23281 23306 23350 23413 23415 23429 23465 23503 23611 23689 23788 23859 23909 23950 24071 24086 24094 24110 24114 24156 24226 24231 24312 24408 24419 24426 24437 24511 24527 24534 24611 24632 24665 24684 24694 24723 24780 24843 24931 24940 24972 24986 24991 25109 25142 25151 25162
be FR940104-0-00034 77 19347 19361 19509 19520 19551 19570 19650 19928 19965 19991 19998 20008 20047 20056 20153 20161 20180 20206 20230 20258 20338 20595 20709 20735 20954 20982 21106 21135 21143 21188 21195 21538 21589 21624 21634 21637 21726 21737 21764 21767 21800 21836 22059 22083 22207 22337 22339 22429 22550 22627 22631 22749 22956 23351 23362 23437 23690 23761 23778 23946 23998 24025 24035 24087 24111 24122 24149 24455 24512 24663 24695 24705 24856 24941 24952 24992 25030
regulated FR940104-0-00034 7 19348 20057 23999 24036 24123 24150 24696
`` FR940104-0-00034 30 19351 19364 19391 19511 20528 20540 20665 21339 21676 21681 21760 21887 21893 21909 22035 22081 22149 22170 22186 22282 22401 22557 22563 22607 22765 22830 23206 23325 24567 24574
'' FR940104-0-00034 30 19355 19366 19397 19515 20531 20542 20680 21342 21679 21695 21772 21890 21895 21954 22037 22098 22161 22172 22194 22284 22412 22560 22577 22611 22769 22833 23224 23329 24571 24576
first FR940104-0-00034 1 19356
about FR940104-0-00034 5 19362 20871 21288 24687 24821
substance FR940104-0-00034 34 19365 19388 20157 20174 20471 20529 20541 20593 20708 20876 21131 21169 21211 21310 21622 21725 21832 22108 22203 22332 22358 22508 22626 22748 23046 23360 23489 24251 24544 24937 24950 25041 25063 25119
defined FR940104-0-00034 3 19368 19399 19584
ยง101.14 FR940104-0-00034 26 19370 19401 19586 20146 20218 20235 20272 20462 20501 20544 20588 20647 20682 21034 21178 21222 21296 21344 21712 22127 22369 22414 22732 22754 22835 23032
2 FR940104-0-00034 9 19375 20228 20240 20513 20549 21154 21183 21265 25057
secondly FR940104-0-00034 1 19378
characterize FR940104-0-00034 1 19383
relationship FR940104-0-00034 6 19385 20873 22249 22329 22892 24509
disease FR940104-0-00034 24 19392 19409 19439 19579 19754 20184 20713 20879 22252 22335 22805 22894 23838 24101 24318 24348 24468 24489 24548 24690 24713 24727 24735 24765
or FR940104-0-00034 72 19393 19410 19423 19442 19490 19580 19632 19707 19759 19882 19901 19994 20185 20676 20714 20723 20731 20782 20880 20949 20996 21063 21082 21244 21248 21316 21320 21411 21461 21585 21599 21729 21845 21950 22095 22118 22150 22402 22433 22806 23222 23377 23390 23409 23588 23648 23666 23697 23745 23835 23915 24040 24204 24230 24236 24255 24344 24394 24465 24490 24495 24549 24637 24902 24911 24955 24959 25071 25090 25096 25101 25247
healthrelated FR940104-0-00034 12 19394 19411 19581 20186 20715 20950 20997 21064 21083 22808 24491 24550
condition FR940104-0-00034 8 19395 19412 19582 20187 20716 22809 24492 24551
6 FR940104-0-00034 2 19406 19591
: FR940104-0-00034 8 19408 19723 20176 21234 21908 23809 25023 25033
means FR940104-0-00034 4 19413 19762 21924 22424
damage FR940104-0-00034 1 19414
an FR940104-0-00034 17 19416 19678 19692 19940 21087 21107 21361 22062 22260 22593 22719 23321 23716 24046 24191 24837 25125
organ FR940104-0-00034 1 19417
part FR940104-0-00034 7 19419 19967 22354 22880 24754 25069 25079
structure FR940104-0-00034 3 19421 22872 22883
system FR940104-0-00034 1 19424
body FR940104-0-00034 6 19427 21439 21688 22504 22541 22570
such FR940104-0-00034 22 19428 19449 19482 19646 19911 19923 19959 20347 21400 21425 21581 22592 23143 23252 23613 23877 23942 23954 23986 24565 24701 24861
does FR940104-0-00034 11 19431 19871 19888 20799 21697 21710 22613 23331 23580 24199 24214
not FR940104-0-00034 53 19432 19473 19486 19508 19554 19569 19576 19889 20095 20287 20323 20344 20516 20762 20784 20800 20945 21042 21451 21698 21799 22112 22122 22394 22584 22614 22771 22955 22990 23332 23581 23634 23684 23844 23928 23983 24177 24200 24215 24362 24417 24497 24578 24587 24647 24704 24806 24813 24891 25121 25224 25234 25241
function FR940104-0-00034 1 19433
properly FR940104-0-00034 1 19434
eg FR940104-0-00034 10 19436 19452 19466 19531 19764 21013 21201 22489 24064 24103
cardiovascular FR940104-0-00034 1 19438
state FR940104-0-00034 1 19444
leading FR940104-0-00034 1 19447
dysfunctioning FR940104-0-00034 1 19450
hypertension FR940104-0-00034 1 19454
; FR940104-0-00034 8 19456 19743 20226 20253 21989 25055 25081 25089
except FR940104-0-00034 1 19457
diseases FR940104-0-00034 6 19459 19483 20948 20995 21062 21081
resulting FR940104-0-00034 2 19460 22810
from FR940104-0-00034 15 19461 19680 19942 20399 21388 21413 21443 21502 22262 22811 23477 23561 24319 24691 24786
essential FR940104-0-00034 3 19462 21458 22683
nutrient FR940104-0-00034 7 19463 21190 21670 21677 22528 22558 23149
deficiencies FR940104-0-00034 1 19464
scurvy FR940104-0-00034 1 19468
pellagra FR940104-0-00034 1 19470
are FR940104-0-00034 28 19472 19484 20094 20361 21276 21404 21441 21684 22459 22472 22566 22664 23063 23427 23442 24004 24280 24285 24660 24766 24812 24831 24841 25199 25223 25233 25240 25248
included FR940104-0-00034 2 19474 21196
this FR940104-0-00034 28 19476 19782 19800 19857 19869 19885 19931 20483 20561 20769 20794 20803 20855 20936 21431 21613 22140 22220 22256 22388 22448 22861 23396 23446 23901 24132 24353 25027
pertaining FR940104-0-00034 1 19480
thereby FR940104-0-00034 1 19485
subject FR940104-0-00034 20 19487 19521 19929 20096 20163 20450 20477 20956 21109 21137 21739 21838 22209 22235 23188 23353 24610 24631 25243 25250
101.14 FR940104-0-00034 3 19489 21149 24918
101.70 FR940104-0-00034 1 19491
if FR940104-0-00034 9 19494 19920 20037 21167 21209 21803 22994 23725 25112
statement FR940104-0-00034 4 19496 19550 23792 23902
has FR940104-0-00034 14 19497 19596 19714 22366 22531 22591 22690 22866 22932 22982 23005 24384 24817 24976
one FR940104-0-00034 13 19498 19673 20699 20940 21603 21664 22052 22432 22821 22854 23937 24049 24515
these FR940104-0-00034 30 19500 19675 19982 20125 20284 20373 20401 20490 20522 21052 21355 21358 21524 22054 22641 22681 22789 22795 23008 23168 23470 23671 23785 23925 24051 24163 24359 24372 25187 25205
without FR940104-0-00034 2 19502 22792
other FR940104-0-00034 20 19504 19525 19653 19708 19761 20470 21215 21250 21482 21593 21627 21961 22089 23133 23298 23737 23916 23991 24944 25158
would FR940104-0-00034 29 19507 19568 19630 19648 19668 19808 19825 19833 19927 19964 20745 20767 20781 20783 20792 21104 21378 21427 21496 21506 22973 23113 23152 23472 23674 23757 23945 23982 25212
although FR940104-0-00034 4 19516 23895 24654 24700
may FR940104-0-00034 24 19518 19990 19997 20007 20022 20055 20069 20205 20594 20953 21078 21588 21632 22082 22428 23436 23633 23879 24223 24454 24482 24493 24496 24703
still FR940104-0-00034 1 19519
regulation FR940104-0-00034 11 19523 19858 19870 19886 19932 22697 23227 24320 24633 25088 25127
under FR940104-0-00034 19 19524 19585 19958 20017 20262 20935 21177 21221 21896 22102 22292 22346 22668 22685 23596 23616 23773 23854 24996
provisions FR940104-0-00034 21 19526 19855 20266 20391 20448 20491 21027 21053 21359 21756 22622 22642 22672 22682 22796 22905 22920 22941 23890 25001 25198
act FR940104-0-00034 32 19529 19546 20019 20111 20269 20299 20395 21749 21787 21907 22184 22276 22300 22313 22348 22675 22706 22925 23342 23462 23579 23610 23630 23756 23856 23893 24326 24680 24750 24777 24800 25004
requirement FR940104-0-00034 17 19534 20705 20766 20796 20805 21056 21128 21294 21377 21432 21494 21615 22198 22222 22450 22745 23347
section FR940104-0-00034 18 19536 20098 20292 21745 21780 21897 22174 22263 22293 23338 23449 23575 23597 23617 23752 24737 24793 24917
403 FR940104-0-00034 8 19537 20099 20293 21746 21781 22294 23450 23598
1 FR940104-0-00034 12 19542 20104 20178 20223 20506 21039 21236 21903 22269 23623 24743 25035
label FR940104-0-00034 4 19549 19865 20321 24378
truthful FR940104-0-00034 1 19552
misleading FR940104-0-00034 2 19555 20324
thus FR940104-0-00034 8 19558 20113 20418 21098 21778 22302 23848 24883
all FR940104-0-00034 10 19560 21607 22475 23071 23317 23953 24389 24600 24809 25153
mentioned FR940104-0-00034 1 19564
by FR940104-0-00034 22 19565 19717 20124 20922 21047 21363 21640 21935 22024 22258 22491 22648 23275 23319 23345 23395 24258 24728 24733 24829 24979 25099
comments FR940104-0-00034 39 19567 19626 19654 19676 20126 20613 21285 21356 21371 21393 21422 21467 21486 21525 21854 22580 22712 22963 23026 23092 23134 23169 23243 23299 23769 23786 23898 23905 23926 23962 23992 24012 24052 24164 24244 24264 25192 25206 25262
because FR940104-0-00034 10 19573 20518 21433 22225 22542 23146 23208 23643 23693 25220
they FR940104-0-00034 5 19574 20001 21072 23239 24003
do FR940104-0-00034 9 19575 21041 21450 22111 22797 22991 23466 23675 24361
address FR940104-0-00034 2 19577 24523
lengthy FR940104-0-00034 1 19599
detailed FR940104-0-00034 1 19601
discussion FR940104-0-00034 1 19602
pages FR940104-0-00034 1 19619
cited FR940104-0-00034 2 19620 21046
above FR940104-0-00034 2 19621 23701
12. FR940104-0-00034 1 19623
few FR940104-0-00034 6 19625 20886 21466 23897 24243 25203
asked FR940104-0-00034 2 19627 23977
whether FR940104-0-00034 13 19628 19659 20668 22323 22356 24031 24183 24249 24526 24605 24627 24897 24906
remove FR940104-0-00034 2 19631 21408
prohibit FR940104-0-00034 3 19633 20746 21379
publishing FR940104-0-00034 1 19635
books FR940104-0-00034 4 19637 19878 19897 19996
containing FR940104-0-00034 3 19638 21385 24143
information FR940104-0-00034 5 19639 19713 19817 23117 25160
argued FR940104-0-00034 3 19644 20701 23993
regulations FR940104-0-00034 15 19647 19664 19791 19807 19983 20636 21032 22694 23010 23393 23422 23471 23673 24360 24373
clearly FR940104-0-00034 4 19649 21105 21531 24721
unconstitutional FR940104-0-00034 2 19651 19849
addressed FR940104-0-00034 2 19655 23770
issue FR940104-0-00034 2 19657 20616
's FR940104-0-00034 21 19661 19685 19864 20534 20621 20775 21336 21689 22571 22601 23138 23196 23270 23594 23721 24138 24169 24988 25136 25144 25266
dietary FR940104-0-00034 45 19666 19689 19741 20379 20407 20442 20454 20487 20498 20555 20574 20608 20640 20677 20754 20818 20987 21174 21218 21367 21380 21500 21535 21608 21630 22589 22722 22773 22851 23261 23293 23407 23440 23539 23586 23637 23687 23775 23917 24294 24367 24390 24424 25010 25230
supplements FR940104-0-00034 39 19667 19690 19742 20380 20408 20455 20488 20499 20556 20575 20641 20755 20819 21368 21381 21426 21501 21536 21609 22723 22774 22852 23262 23294 23318 23408 23441 23540 23587 23776 23918 23955 24273 24295 24368 24391 24425 24430 25211
apply FR940104-0-00034 4 19669 20430 20467 20524
advertising FR940104-0-00034 7 19671 19883 19902 20021 20039 20068 20090
interpreted FR940104-0-00034 1 19677
excerpt FR940104-0-00034 2 19679 19721
report FR940104-0-00034 1 19682
task FR940104-0-00034 2 19686 19725
force FR940104-0-00034 2 19687 19726
attempt FR940104-0-00034 2 19693 24418
disallow FR940104-0-00034 1 19695
use FR940104-0-00034 17 19697 19910 20030 21943 23723 23736 23824 23868 24016 24062 24170 24224 24442 24650 24760 24967 25227
unapproved FR940104-0-00034 3 19699 23957 24398
magazines FR940104-0-00034 3 19703 19880 19899
newsletters FR940104-0-00034 2 19705 19769
media FR940104-0-00034 2 19709 19823
channels FR940104-0-00034 1 19710
unless FR940104-0-00034 3 19711 20349 24428
been FR940104-0-00034 6 19715 20990 23969 24818 24977 25256
preapproved FR940104-0-00034 1 19716
reads FR940104-0-00034 1 19722
considered FR940104-0-00034 4 19727 23779 24857 24880
various FR940104-0-00034 2 19728 20786
issues FR940104-0-00034 2 19729 24518
its FR940104-0-00034 13 19731 21029 22654 22693 22716 22934 23048 23054 23372 23740 24021 24259 24406
deliberations FR940104-0-00034 1 19732
including FR940104-0-00034 2 19734 20632
how FR940104-0-00034 9 19735 19744 20764 20779 23123 24506 24533 24648 24655
assure FR940104-0-00034 1 19737
safety FR940104-0-00034 9 19739 20265 24432 24916 25000 25114 25164 25197 25218
limit FR940104-0-00034 5 19746 19987 20002 20946 23323
potential FR940104-0-00034 4 19748 20971 22533 22783
fraud FR940104-0-00034 1 19750
ie FR940104-0-00034 2 19752 23052
made FR940104-0-00034 7 19756 20009 20066 20088 22338 23438 24661
labels FR940104-0-00034 1 19758
magazine FR940104-0-00034 2 19766 19944
articles FR940104-0-00034 5 19767 19989 21933 22187 24757
advertisements FR940104-0-00034 1 19772
* FR940104-0-00034 9 19773 19774 19775 21769 21770 21771 25024 25025 25026
comment FR940104-0-00034 18 19778 19797 20700 20760 20774 20941 20975 21049 21549 21604 21618 21653 22822 23800 23938 24129 24195 24304
further FR940104-0-00034 2 19779 23300
asserted FR940104-0-00034 11 19780 20976 21372 21487 21526 21550 21605 23301 24130 24265 25208
same FR940104-0-00034 2 19783 20458
intent FR940104-0-00034 5 19784 21509 23162 24642 24668
is FR940104-0-00034 76 19785 19953 19976 19980 20035 20044 20077 20194 20306 20314 20322 20473 20515 20602 20631 20661 20671 20727 20969 21009 21094 21133 21170 21192 21212 21702 21811 21834 21842 22121 22205 22214 22223 22233 22305 22359 22510 22842 22863 22915 23014 23016 23219 23343 23367 23382 23425 23447 23557 23663 23715 23732 23813 23820 23840 23851 23869 24075 24134 24186 24252 24274 24510 24514 24608 24630 24640 24675 24772 24900 24908 24939 25042 25120 25184 25274
reflected FR940104-0-00034 2 19786 22367
proposed FR940104-0-00034 15 19792 20367 20474 20493 20567 20622 20628 20704 20787 20931 21375 23097 23672 25196 25217
november FR940104-0-00034 2 19794 20369
1991. FR940104-0-00034 1 19795
stated FR940104-0-00034 8 19798 21654 23135 23185 23245 24019 24053 24305
broadbased FR940104-0-00034 1 19801
application FR940104-0-00034 1 19802
severely FR940104-0-00034 1 19809
jeopardize FR940104-0-00034 1 19810
reporting FR940104-0-00034 1 19812
diseaserelated FR940104-0-00034 1 19816
almost FR940104-0-00034 3 19819 23070 25213
every FR940104-0-00034 2 19820 22585
form FR940104-0-00034 6 19821 20388 20439 20605 20675 20679
inhibit FR940104-0-00034 1 19826
evolution FR940104-0-00034 1 19828
scientific FR940104-0-00034 2 19830 25155
knowledge FR940104-0-00034 1 19831
significant FR940104-0-00034 3 19836 19977 20809
negative FR940104-0-00034 1 19837
impact FR940104-0-00034 1 19838
public FR940104-0-00034 2 19841 22646
america FR940104-0-00034 1 19844
was FR940104-0-00034 6 19847 20415 23073 23258 23304 23519
likely FR940104-0-00034 1 19848
advises FR940104-0-00034 5 19852 21022 24448 24672 24803
pertain FR940104-0-00034 5 19859 21060 21079 22479 24722
only FR940104-0-00034 12 19860 20003 20288 20431 20612 21001 22506 23543 23866 23884 24330 24375
product FR940104-0-00034 21 19863 19951 19973 20034 20043 20054 21417 23714 23720 23731 23811 24175 24185 24453 24472 24481 24501 24629 24652 24709 24899
labeling FR940104-0-00034 12 19867 19914 19970 20012 20075 21199 23547 23883 24022 24213 24381 24444
nothing FR940104-0-00034 5 19872 23383 23468 23669 23750
censor FR940104-0-00034 1 19874
content FR940104-0-00034 1 19876
also FR940104-0-00034 9 19887 20301 20981 21073 21468 21633 22058 23244 24619
any FR940104-0-00034 18 19891 20469 20527 20808 21249 21321 21492 21642 22151 22403 22616 22776 23335 23402 23432 23590 23913 24179
way FR940104-0-00034 5 19892 19986 21940 23403 23591
regulate FR940104-0-00034 5 19893 23612 23985 24201 24409
availability FR940104-0-00034 3 19895 23405 24365
however FR940104-0-00034 8 19904 20092 20564 20757 22105 22818 23708 24476
firms FR940104-0-00034 2 19906 19938
sometimes FR940104-0-00034 3 19907 19937 22057
choose FR940104-0-00034 2 19908 23414
material FR940104-0-00034 2 19912 19926
their FR940104-0-00034 6 19916 21434 23126 23934 24007 24212
products FR940104-0-00034 6 19917 20015 21579 21992 22790 24693
used FR940104-0-00034 12 19921 20048 21918 21934 22188 22511 22551 23970 24333 24664 24854 24863
example FR940104-0-00034 4 19935 23516 24047 24192
copy FR940104-0-00034 1 19939
article FR940104-0-00034 3 19941 19948 19963
display FR940104-0-00034 1 19946
with FR940104-0-00034 19 19949 20182 20308 20618 20711 21852 22704 22710 22775 22873 22917 22923 23292 23337 23887 23900 24136 24435 25169
offered FR940104-0-00034 1 19954
sale FR940104-0-00034 2 19956 24422
circumstances FR940104-0-00034 4 19960 21790 23553 23772
note FR940104-0-00034 1 19979
no FR940104-0-00034 7 19985 20118 23558 23852 24385 24676 24773
published FR940104-0-00034 2 19992 23520
printed FR940104-0-00034 1 19999
provide FR940104-0-00034 7 20023 20171 20925 21074 21462 21532 23175
objective FR940104-0-00034 1 20024
evidence FR940104-0-00034 1 20025
intended FR940104-0-00034 10 20029 20045 22996 23428 23722 23733 23814 23822 24015 24758
particular FR940104-0-00034 3 20033 20795 21003
reveals FR940104-0-00034 2 20040 23728
drug FR940104-0-00034 22 20051 20060 22245 22283 23205 23641 23692 23842 23889 24043 24080 24153 24188 24208 24217 24257 24474 24503 24589 24639 24791 24913
addition FR940104-0-00034 1 20063
affect FR940104-0-00034 6 20070 20994 23400 23592 24363 24374
type FR940104-0-00034 1 20072
nutrition FR940104-0-00034 2 20074 21198
see FR940104-0-00034 5 20080 20217 20234 20271 21967
ยง101.9 FR940104-0-00034 1 20081
j FR940104-0-00034 1 20083
r FR940104-0-00034 6 20101 20295 21783 22296 23452 23600
b FR940104-0-00034 28 20107 20148 20220 20237 20244 20274 20464 20503 20510 20579 20649 20684 21036 21151 21158 21180 21224 21298 21714 22129 22272 22371 22416 22734 23034 23626 24746 24920
finds FR940104-0-00034 2 20117 24887
merit FR940104-0-00034 2 20119 22617
concerns FR940104-0-00034 2 20122 24433
expressed FR940104-0-00034 4 20123 21286 23906 23939
b. FR940104-0-00034 1 20128
preliminary FR940104-0-00034 16 20129 20359 20374 20402 20421 20459 20804 21127 21293 21376 21493 21614 22197 22221 22449 22744
requirements FR940104-0-00034 11 20130 20290 20360 20375 20403 20422 20460 20520 20788 25172 25219
established FR940104-0-00034 5 20142 20423 22983 23006 23394
several FR940104-0-00034 2 20143 23961
criteria FR940104-0-00034 3 20144 20170 20285
met FR940104-0-00034 2 20154 20362
before FR940104-0-00034 1 20155
will FR940104-0-00034 18 20158 20337 20806 21795 21798 22643 22770 23399 23683 24403 24416 24469 24522 24577 24593 24710 25131 25175
qualify FR940104-0-00034 2 20159 20934
associated FR940104-0-00034 2 20181 20710
which FR940104-0-00034 16 20189 20718 20865 20964 21000 21086 21683 21751 21792 22162 22469 22565 22874 23215 23518 23774
general FR940104-0-00034 7 20191 20696 20720 21025 21068 22462 24559
us FR940104-0-00034 7 20192 20721 20889 21007 21069 21092 23268
population FR940104-0-00034 7 20193 20697 20722 20890 21008 21070 21093
risk FR940104-0-00034 9 20196 20729 20972 21011 21096 24097 24117 24485 24570
alternatively FR940104-0-00034 1 20198
relevance FR940104-0-00034 2 20201 20906
within FR940104-0-00034 7 20208 20557 20737 21119 22431 22454 25050
context FR940104-0-00034 6 20210 20739 20912 21121 22862 23497
daily FR940104-0-00034 8 20213 20742 20916 21124 23088 23500 23570 24113
diet FR940104-0-00034 6 20214 20743 20917 21125 23089 23501
3 FR940104-0-00034 21 20247 20256 20277 20582 20652 20687 21161 21227 21301 21349 21717 22132 22180 22374 22419 22737 22759 22840 23037 24923 25083
i FR940104-0-00034 13 20250 20585 20655 20690 21164 21230 21304 21720 22135 22377 22422 22740 23040
safe FR940104-0-00034 4 20259 20315 24993 25046
lawful FR940104-0-00034 2 20261 24995
applicable FR940104-0-00034 4 20263 22927 24998 25170
ii FR940104-0-00034 2 20280 24926
reflect FR940104-0-00034 2 20286 22465
but FR940104-0-00034 3 20300 22947 24413
fact FR940104-0-00034 5 20303 20903 22165 22216 22257
charged FR940104-0-00034 2 20307 22916
ensuring FR940104-0-00034 1 20309
supply FR940104-0-00034 2 20313 23240
given FR940104-0-00034 2 20326 22867
evaluations FR940104-0-00034 2 20329 20348
validity FR940104-0-00034 1 20332
resource FR940104-0-00034 1 20339
intensive FR940104-0-00034 1 20340
decided FR940104-0-00034 1 20343
undertake FR940104-0-00034 1 20346
petition FR940104-0-00034 3 20351 20895 25171
demonstrates FR940104-0-00034 1 20356
while FR940104-0-00034 6 20364 21051 23922 24082 24267 24293
had FR940104-0-00034 1 20366
1991 FR940104-0-00034 2 20371 21987
cover FR940104-0-00034 1 20376
substances FR940104-0-00034 13 20377 20405 20433 21444 21682 22426 22564 22816 22888 23078 24310 24332 24396
well FR940104-0-00034 1 20382
foods FR940104-0-00034 9 20384 20435 22079 22286 22896 23183 23231 23973 24001
conventional FR940104-0-00034 3 20386 20437 20673
ds FR940104-0-00034 1 20394
precluded FR940104-0-00034 1 20396
applying FR940104-0-00034 1 20400
time FR940104-0-00034 2 20411 24093
finalized FR940104-0-00034 1 20416
supplement FR940104-0-00034 19 20443 20609 20678 21416 21678 22529 22559 22590 23202 23476 23546 23638 23688 24033 24056 24084 24142 25011 25231
proposal FR940104-0-00034 2 20446 25014
contained FR940104-0-00034 1 20447
components FR940104-0-00034 5 20452 20553 21116 22190 22787
retains FR940104-0-00034 1 20489
specific FR940104-0-00034 4 20495 20571 24060 24439
reference FR940104-0-00034 3 20496 20572 20638
necessary FR940104-0-00034 6 20517 21277 21685 22567 23064 24971
paragraphs FR940104-0-00034 1 20523
generally FR940104-0-00034 2 20525 25043
revision FR940104-0-00034 2 20535 20623
includes FR940104-0-00034 5 20551 21752 21932 22185 22562
coverage FR940104-0-00034 1 20559
term FR940104-0-00034 1 20562
add FR940104-0-00034 1 20569
paragraph FR940104-0-00034 1 20577
clarify FR940104-0-00034 1 20590
component FR940104-0-00034 7 20597 21731 21846 22228 22242 22586 24961
agreed FR940104-0-00034 2 20617 23899
accordingly FR940104-0-00034 2 20625 22677
codified FR940104-0-00034 1 20644
language FR940104-0-00034 1 20645
specifically FR940104-0-00034 2 20658 25207
inserting FR940104-0-00034 1 20662
phrase FR940104-0-00034 3 20664 22148 22400
regardless FR940104-0-00034 2 20666 23232
into FR940104-0-00034 2 20681 22895
1. FR940104-0-00034 1 20693
effect FR940104-0-00034 12 20694 20770 21252 21323 21644 22153 22405 22482 22515 22538 22594 22730
13. FR940104-0-00034 1 20698
subpopulation FR940104-0-00034 1 20725
thereof FR940104-0-00034 1 20726
appearance FR940104-0-00034 3 20748 20813 23178
herbal FR940104-0-00034 4 20753 21499 21534 25210
did FR940104-0-00034 2 20761 23927
explain FR940104-0-00034 1 20763
own FR940104-0-00034 1 20776
analysis FR940104-0-00034 1 20777
garlic FR940104-0-00034 3 20780 20791 21402
meet FR940104-0-00034 5 20785 20793 21430 21611 22447
indicated FR940104-0-00034 1 20789
agree FR940104-0-00034 2 20801 23333
present FR940104-0-00034 6 20807 21171 21213 22772 23085 24431
barriers FR940104-0-00034 2 20810 22778
contrary FR940104-0-00034 3 20823 22636 23505
2499 FR940104-0-00034 1 20843
intends FR940104-0-00034 1 20847
employ FR940104-0-00034 1 20849
flexible FR940104-0-00034 3 20851 22604 22958
approach FR940104-0-00034 2 20852 24133
interpreting FR940104-0-00034 1 20854
provision FR940104-0-00034 5 20856 20863 20937 24677 24774
alternative FR940104-0-00034 1 20859
aspect FR940104-0-00034 3 20860 21290 23030
creates FR940104-0-00034 1 20866
possibility FR940104-0-00034 1 20868
relatedcondition FR940104-0-00034 1 20882
affects FR940104-0-00034 1 20884
very FR940104-0-00034 1 20885
long FR940104-0-00034 2 20892 24210
support FR940104-0-00034 2 20897 23932
addresses FR940104-0-00034 1 20901
total FR940104-0-00034 2 20915 21205
evidences FR940104-0-00034 1 20919
determination FR940104-0-00034 2 20921 24139
widest FR940104-0-00034 1 20927
latitude FR940104-0-00034 1 20928
possible FR940104-0-00034 2 20929 22945
14. FR940104-0-00034 1 20939
requested FR940104-0-00034 1 20942
conditions FR940104-0-00034 5 20951 20998 21065 21084 23191
those FR940104-0-00034 8 20962 21384 21666 22662 22919 23084 23702 24331
entire FR940104-0-00034 1 20966
united FR940104-0-00034 3 20967 21968 25103
states FR940104-0-00034 4 20968 21758 21969 25104
should FR940104-0-00034 11 20980 22393 22630 23777 23996 24024 24034 24121 24148 24176 24308
allowed FR940104-0-00034 1 20983
cases FR940104-0-00034 1 20985
where FR940104-0-00034 2 20986 24002
factors FR940104-0-00034 3 20988 22344 24602
conclusively FR940104-0-00034 1 20991
shown FR940104-0-00034 2 20992 21635
subportion FR940104-0-00034 1 21004
ovarian FR940104-0-00034 2 21015 21100
cancer FR940104-0-00034 4 21016 21101 24073 24119
women FR940104-0-00034 2 21018 21103
eligibility FR940104-0-00034 1 21026
contain FR940104-0-00034 3 21043 21054 21473
restriction FR940104-0-00034 1 21045
affecting FR940104-0-00034 3 21066 22492 24546
identified FR940104-0-00034 1 21088
subgroup FR940104-0-00034 1 21089
appropriate FR940104-0-00034 5 21108 21813 22343 22665 23552
2. FR940104-0-00034 1 21115
appears FR940104-0-00034 1 21146
ยง FR940104-0-00034 1 21148
decreased FR940104-0-00034 4 21173 21217 21629 24946
levels FR940104-0-00034 13 21175 21219 21274 21631 23061 23080 23103 23150 23235 23315 23700 24947 24970
required FR940104-0-00034 3 21193 23015 25161
cholesterol FR940104-0-00034 2 21203 24159
fat FR940104-0-00034 1 21206
than FR940104-0-00034 10 21216 21594 21628 22090 22500 23083 23119 23564 23738 24945
contribute FR940104-0-00034 2 21239 21311
taste FR940104-0-00034 9 21240 21312 21595 21946 22026 22091 22114 23373 23741
aroma FR940104-0-00034 9 21242 21314 21597 21948 22028 22093 22116 23375 23743
nutritive FR940104-0-00034 17 21245 21317 21340 21600 21951 22031 22096 22119 22608 22766 22813 22831 23055 23326 23378 23746 24008
value FR940104-0-00034 17 21246 21318 21341 21601 21952 22032 22097 22120 22609 22767 22814 22832 23056 23327 23379 23747 24009
technical FR940104-0-00034 7 21251 21322 21643 21667 22152 22404 22514
listed FR940104-0-00034 5 21253 21324 21645 22154 22406
ยง170.3 FR940104-0-00034 9 21255 21326 21647 21656 22156 22408 22442 22455 22517
o FR940104-0-00034 9 21257 21328 21649 21658 22158 22410 22444 22457 22519
retain FR940104-0-00034 2 21268 23047
attribute FR940104-0-00034 1 21270
when FR940104-0-00034 5 21271 21910 23058 23482 24154
consumed FR940104-0-00034 12 21272 21590 21625 22050 22060 22084 23059 23274 23369 24005 24155 24942
justify FR940104-0-00034 4 21279 23066 24932 24973
15. FR940104-0-00034 1 21283
numerous FR940104-0-00034 1 21284
concern FR940104-0-00034 3 21287 23072 23940
requires FR940104-0-00034 3 21307 23043 23542
view FR940104-0-00034 2 21332 22597
number FR940104-0-00034 3 21353 21420 23783
characterized FR940104-0-00034 2 21357 24513
attack FR940104-0-00034 2 21362 22720
against FR940104-0-00034 3 21366 22721 23198
some FR940104-0-00034 7 21370 21485 21578 22949 22960 23091 24011
especially FR940104-0-00034 1 21383
herbs FR940104-0-00034 12 21386 21398 21472 21522 23864 23878 23914 23966 23987 23995 24393 25222
bearing FR940104-0-00034 3 21389 21503 23478
pointed FR940104-0-00034 2 21394 22823
out FR940104-0-00034 4 21395 22824 24405 24555
many FR940104-0-00034 7 21397 21471 23025 23768 23904 23965 25191
specially FR940104-0-00034 1 21405
processed FR940104-0-00034 1 21406
flavor FR940104-0-00034 1 21410
odor FR940104-0-00034 1 21412
fail FR940104-0-00034 2 21428 25215
beneficial FR940104-0-00034 2 21435 23116
effects FR940104-0-00034 5 21436 21668 22802 23817 23872
often FR940104-0-00034 1 21440
derived FR940104-0-00034 2 21442 24859
unique FR940104-0-00034 2 21445 24288
plant FR940104-0-00034 3 21448 24832 24858
promote FR940104-0-00034 1 21452
growth FR940104-0-00034 1 21453
replace FR940104-0-00034 1 21455
loss FR940104-0-00034 1 21456
nutrients FR940104-0-00034 4 21459 21483 23105 23237
energy FR940104-0-00034 1 21463
noted FR940104-0-00034 5 21469 21619 23170 23963 24196
insignificant FR940104-0-00034 1 21474
amounts FR940104-0-00034 2 21475 24145
vitamins FR940104-0-00034 3 21477 23229 23696
minerals FR940104-0-00034 2 21479 23698
adoption FR940104-0-00034 1 21490
automatically FR940104-0-00034 4 21497 22446 23984 24579
disqualify FR940104-0-00034 1 21498
undermine FR940104-0-00034 1 21507
congress FR940104-0-00034 6 21511 22254 22865 22900 22995 23247
establish FR940104-0-00034 1 21513
nondrug FR940104-0-00034 1 21515
review FR940104-0-00034 4 21516 22658 23287 25177
process FR940104-0-00034 2 21517 25267
involving FR940104-0-00034 2 21521 23100
1990 FR940104-0-00034 3 21529 23165 23173
amendments FR940104-0-00034 3 21530 23166 23174
can FR940104-0-00034 8 21537 22336 22954 22989 24662 24855 24890 25029
topic FR940104-0-00034 1 21540
furthermore FR940104-0-00034 2 21546 25259
court FR940104-0-00034 3 21553 21884 22045
appeals FR940104-0-00034 1 21555
held FR940104-0-00034 1 21556
nutrilab FR940104-0-00034 6 21558 21859 21883 21955 22044 22103
inc FR940104-0-00034 1 21560
v FR940104-0-00034 3 21562 21970 21995
schweiker FR940104-0-00034 1 21564
713 FR940104-0-00034 3 21566 21957 22066
f.2d FR940104-0-00034 4 21567 21958 22015 22067
335 FR940104-0-00034 1 21568
338 FR940104-0-00034 2 21570 22069
7th FR940104-0-00034 1 21572
cir FR940104-0-00034 2 21573 22019
1983 FR940104-0-00034 2 21575 22008
prune FR940104-0-00034 2 21583 22072
juice FR940104-0-00034 2 21584 22073
coffee FR940104-0-00034 2 21586 22075
reasons FR940104-0-00034 5 21592 22038 22055 22088 23930
already FR940104-0-00034 1 21610
contributing FR940104-0-00034 1 21641
20 FR940104-0-00034 2 21661 22522
lists FR940104-0-00034 1 21663
supplementation FR940104-0-00034 1 21671
broadly FR940104-0-00034 1 21673
defines FR940104-0-00034 3 21674 21913 24327
nutritional FR940104-0-00034 2 21690 22572
metabolic FR940104-0-00034 2 21692 22574
processes FR940104-0-00034 2 21693 22575
believe FR940104-0-00034 1 21699
overly FR940104-0-00034 1 21703
restrictive FR940104-0-00034 1 21704
require FR940104-0-00034 2 21706 23758
shall FR940104-0-00034 1 21763
deemed FR940104-0-00034 1 21765
misbranded FR940104-0-00034 2 21768 21802
emphasis FR940104-0-00034 1 21774
added FR940104-0-00034 1 21775
describes FR940104-0-00034 2 21788 24539
bears FR940104-0-00034 1 21805
therefore FR940104-0-00034 3 21812 22363 24846
make FR940104-0-00034 5 21818 24470 24499 24580 24594
incumbent FR940104-0-00034 1 21820
proponent FR940104-0-00034 3 21823 24981 25137
demonstrate FR940104-0-00034 2 21829 25163
disagrees FR940104-0-00034 2 21851 22709
' FR940104-0-00034 6 21855 21915 21922 21931 22713 23411
interpretation FR940104-0-00034 1 21856
decision FR940104-0-00034 1 21860
24992500 FR940104-0-00034 1 21879
adopted FR940104-0-00034 1 21885
common FR940104-0-00034 2 21888 22141
sense FR940104-0-00034 2 21889 22142
201 FR940104-0-00034 5 21898 22175 22264 24738 24794
f FR940104-0-00034 2 21900 22177
statute FR940104-0-00034 2 21912 22981
`food FR940104-0-00034 2 21914 21930
`articles FR940104-0-00034 1 21917
statutory FR940104-0-00034 2 21927 22871
people FR940104-0-00034 2 21936 21942
ordinary FR940104-0-00034 1 21939
most FR940104-0-00034 4 21941 22850 23923 25221
food_primarily FR940104-0-00034 1 21944
338. FR940104-0-00034 1 21960
courts FR940104-0-00034 1 21962
followed FR940104-0-00034 1 21964
suit FR940104-0-00034 1 21965
undetermined FR940104-0-00034 1 21972
quantities FR940104-0-00034 1 21973
calban FR940104-0-00034 1 21975
3000 FR940104-0-00034 1 21976
776 FR940104-0-00034 1 21978
f. FR940104-0-00034 2 21979 22000
supp FR940104-0-00034 2 21980 22001
249 FR940104-0-00034 1 21982
25455 FR940104-0-00034 1 21984
ednc FR940104-0-00034 1 21986
american FR940104-0-00034 1 21990
co FR940104-0-00034 1 21993
hayes FR940104-0-00034 1 21997
574 FR940104-0-00034 1 21999
1498 FR940104-0-00034 1 22003
150809 FR940104-0-00034 1 22005
sdny FR940104-0-00034 1 22007
aff FR940104-0-00034 1 22011
'd FR940104-0-00034 1 22012
744 FR940104-0-00034 1 22014
912 FR940104-0-00034 1 22016
2d FR940104-0-00034 1 22018
1984 FR940104-0-00034 1 22021
describing FR940104-0-00034 1 22025
primary FR940104-0-00034 1 22036
consuming FR940104-0-00034 2 22040 23562
acknowledged FR940104-0-00034 1 22046
might FR940104-0-00034 2 22056 22857
additional FR940104-0-00034 2 22063 24838
purpose FR940104-0-00034 1 22064
giving FR940104-0-00034 1 22071
examples FR940104-0-00034 1 22077
occasion FR940104-0-00034 1 22086
whose FR940104-0-00034 3 22109 23865 24966
uses FR940104-0-00034 2 22110 22467
include FR940104-0-00034 2 22113 22846
incorporated FR940104-0-00034 1 22139
reflects FR940104-0-00034 1 22163
ensure FR940104-0-00034 3 22200 23430 24535
fundamental FR940104-0-00034 1 22224
both FR940104-0-00034 3 22226 23155 23971
characterizable FR940104-0-00034 1 22248
recognized FR940104-0-00034 5 22255 22381 22582 25044 25123
creating FR940104-0-00034 1 22259
exception FR940104-0-00034 1 22261
g FR940104-0-00034 3 22266 24740 24796
bear FR940104-0-00034 3 22288 22858 24216
authorized FR940104-0-00034 1 22291
crucial FR940104-0-00034 1 22306
continuing FR940104-0-00034 1 22309
viability FR940104-0-00034 1 22310
itself FR940104-0-00034 3 22314 23022 24349
choice FR940104-0-00034 2 22317 22351
test FR940104-0-00034 1 22320
determines FR940104-0-00034 3 22322 23218 23662
characterizes FR940104-0-00034 1 22327
based FR940104-0-00034 3 22340 24598 25031
turns FR940104-0-00034 1 22352
judicially FR940104-0-00034 1 22380
characteristics FR940104-0-00034 2 22382 22545
regard FR940104-0-00034 1 22389
interested FR940104-0-00034 1 22391
persons FR940104-0-00034 1 22392
presume FR940104-0-00034 1 22395
inclusion FR940104-0-00034 1 22397
classified FR940104-0-00034 1 22430
more FR940104-0-00034 2 22434 23563
categories FR940104-0-00034 1 22437
additives FR940104-0-00034 2 22440 25237
classifications FR940104-0-00034 2 22453 22478
nature FR940104-0-00034 2 22463 24291
ingredients FR940104-0-00034 2 22471 22485
put FR940104-0-00034 1 22473
texture FR940104-0-00034 1 22494
rather FR940104-0-00034 3 22499 23118 23419
human FR940104-0-00034 1 22503
useful FR940104-0-00034 3 22537 23223 23667
cause FR940104-0-00034 1 22547
category FR940104-0-00034 1 22561
themselves FR940104-0-00034 1 22581
broad FR940104-0-00034 2 22602 22843
find FR940104-0-00034 1 22615
arguments FR940104-0-00034 1 22619
requiring FR940104-0-00034 1 22623
removed FR940104-0-00034 1 22632
benefit FR940104-0-00034 2 22644 23560
allowing FR940104-0-00034 1 22649
devote FR940104-0-00034 1 22653
limited FR940104-0-00034 1 22655
resources FR940104-0-00034 1 22656
petitions FR940104-0-00034 2 22660 25273
consideration FR940104-0-00034 1 22667
considers FR940104-0-00034 1 22680
framework FR940104-0-00034 1 22687
created FR940104-0-00034 1 22691
fully FR940104-0-00034 2 22702 24848
consistent FR940104-0-00034 2 22703 24135
characterization FR940104-0-00034 1 22714
actions FR940104-0-00034 1 22717
combined FR940104-0-00034 1 22729
unreasonable FR940104-0-00034 2 22777 25200
evaluation FR940104-0-00034 2 22781 25145
question FR940104-0-00034 1 22793
restrict FR940104-0-00034 2 22798 24420
current FR940104-0-00034 1 22827
enough FR940104-0-00034 1 22844
functions FR940104-0-00034 1 22848
observation FR940104-0-00034 1 22855
making FR940104-0-00034 1 22859
deal FR940104-0-00034 1 22876
relevant FR940104-0-00034 3 22879 24601 25159
divides FR940104-0-00034 1 22884
world FR940104-0-00034 1 22886
drugs FR940104-0-00034 18 22898 22985 23780 23920 23959 23975 23989 24271 24279 24322 24329 24400 24698 24767 24814 24826 24852 24864
placed FR940104-0-00034 1 22901
side FR940104-0-00034 1 22909
ledger FR940104-0-00034 1 22912
implementing FR940104-0-00034 1 22918
accordance FR940104-0-00034 3 22922 23886 25168
legal FR940104-0-00034 1 22928
precedents FR940104-0-00034 1 22929
announced FR940104-0-00034 1 22933
intention FR940104-0-00034 2 22935 24386
implement FR940104-0-00034 1 22937
flexibly FR940104-0-00034 1 22943
point FR940104-0-00034 2 22950 22969
simply FR940104-0-00034 1 22953
suggested FR940104-0-00034 2 22965 24245
start FR940104-0-00034 1 22974
erode FR940104-0-00034 1 22976
scheme FR940104-0-00034 2 22978 23002
something FR940104-0-00034 1 22997
goes FR940104-0-00034 1 22999
beyond FR940104-0-00034 1 23000
then FR940104-0-00034 2 23012 23749
change FR940104-0-00034 1 23018
law FR940104-0-00034 1 23021
16. FR940104-0-00034 1 23024
objected FR940104-0-00034 2 23027 25193
status FR940104-0-00034 1 23050
directed FR940104-0-00034 1 23074
toward FR940104-0-00034 1 23075
consumption FR940104-0-00034 1 23076
significantly FR940104-0-00034 1 23081
higher FR940104-0-00034 1 23082
urged FR940104-0-00034 1 23093
evaluate FR940104-0-00034 2 23096 23142
relatively FR940104-0-00034 1 23101
high FR940104-0-00034 1 23102
grounds FR940104-0-00034 2 23108 23947
categorically FR940104-0-00034 2 23110 23951
prohibiting FR940104-0-00034 1 23111
them FR940104-0-00034 4 23112 23121 23417 24225
deny FR940104-0-00034 1 23114
americans FR940104-0-00034 2 23115 23276
educating FR940104-0-00034 1 23120
alter FR940104-0-00034 1 23125
diets FR940104-0-00034 1 23127
achieve FR940104-0-00034 1 23129
optimal FR940104-0-00034 1 23130
categorical FR940104-0-00034 2 23139 23907
refusal FR940104-0-00034 1 23140
involved FR940104-0-00034 1 23151
directly FR940104-0-00034 1 23153
violate FR940104-0-00034 1 23154
proxmire FR940104-0-00034 3 23157 23194 23309
amendment FR940104-0-00034 3 23158 23195 23310
congressional FR940104-0-00034 1 23161
behind FR940104-0-00034 1 23163
certain FR940104-0-00034 1 23190
prohibition FR940104-0-00034 1 23197
regulating FR940104-0-00034 1 23199
vitamin FR940104-0-00034 4 23201 23647 24067 24106
solely FR940104-0-00034 2 23207 23642
exceeds FR940104-0-00034 3 23210 23491 23654
level FR940104-0-00034 5 23212 23486 23493 23652 23656
potency FR940104-0-00034 3 23214 23314 23658
secretary FR940104-0-00034 1 23217
nutritionally FR940104-0-00034 2 23220 23664
rational FR940104-0-00034 2 23221 23665
guarantees FR940104-0-00034 1 23225
envisioned FR940104-0-00034 1 23248
approval FR940104-0-00034 2 23250 25097
aware FR940104-0-00034 1 23259
substantially FR940104-0-00034 1 23263
excess FR940104-0-00034 1 23265
rda FR940104-0-00034 1 23269
were FR940104-0-00034 2 23271 24878
routinely FR940104-0-00034 1 23272
being FR940104-0-00034 1 23273
chose FR940104-0-00034 1 23280
direct FR940104-0-00034 1 23282
conduct FR940104-0-00034 1 23285
antioxidant FR940104-0-00034 1 23289
vitamins/cancer FR940104-0-00034 1 23290
mind FR940104-0-00034 1 23296
attempting FR940104-0-00034 1 23305
circumvent FR940104-0-00034 1 23307
create FR940104-0-00034 1 23312
maximum FR940104-0-00034 1 23313
establishing FR940104-0-00034 2 23320 23426
upper FR940104-0-00034 1 23322
conflict FR940104-0-00034 1 23336
411 FR940104-0-00034 4 23339 23576 23618 23753
presented FR940104-0-00034 1 23344
primarily FR940104-0-00034 1 23370
there FR940104-0-00034 5 23381 23556 23850 24674 24771
document FR940104-0-00034 1 23397
consumers FR940104-0-00034 6 23410 23549 24222 24427 24649 24656
freedom FR940104-0-00034 1 23412
purchase FR940104-0-00034 1 23416
scientifically FR940104-0-00034 1 23443
valid FR940104-0-00034 1 23444
5 FR940104-0-00034 2 23455 23603
d FR940104-0-00034 2 23458 23606
directs FR940104-0-00034 1 23463
necessarily FR940104-0-00034 1 23473
prevent FR940104-0-00034 3 23474 24232 24575
contains FR940104-0-00034 3 23484 23645 23695
achievable FR940104-0-00034 1 23494
concerning FR940104-0-00034 1 23510
calcium FR940104-0-00034 3 23511 23535 23573
osteoporosis FR940104-0-00034 1 23513
federal FR940104-0-00034 1 23523
register FR940104-0-00034 1 23524
2665 FR940104-0-00034 1 23530
permits FR940104-0-00034 1 23533
advise FR940104-0-00034 1 23548
known FR940104-0-00034 2 23559 23867
200 FR940104-0-00034 1 23565
percent FR940104-0-00034 3 23566 24823 24840
recommended FR940104-0-00034 1 23569
intake FR940104-0-00034 1 23571
authorize FR940104-0-00034 2 23582 24528
authority FR940104-0-00034 1 23595
classify FR940104-0-00034 1 23635
mineral FR940104-0-00034 1 23649
so FR940104-0-00034 1 23676
absent FR940104-0-00034 1 23678
consider FR940104-0-00034 1 23685
normally FR940104-0-00034 1 23703
found FR940104-0-00034 1 23704
indication FR940104-0-00034 1 23717
treated FR940104-0-00034 1 23762
17. FR940104-0-00034 1 23767
referred FR940104-0-00034 1 23787
following FR940104-0-00034 1 23790
49 FR940104-0-00034 1 23801
2501 FR940104-0-00034 1 23807
medicinal FR940104-0-00034 2 23816 23871
diagnosis FR940104-0-00034 2 23827 24336
cure FR940104-0-00034 4 23829 24072 24338 24459
mitigation FR940104-0-00034 5 23831 24340 24461 24725 24763
treatment FR940104-0-00034 3 23833 24342 24463
prevention FR940104-0-00034 3 23836 24345 24466
basis FR940104-0-00034 1 23853
permit FR940104-0-00034 1 23860
benefits FR940104-0-00034 1 23875
appear FR940104-0-00034 1 23880
opposition FR940104-0-00034 1 23908
classification FR940104-0-00034 1 23911
offer FR940104-0-00034 1 23929
position FR940104-0-00034 1 23935
policy FR940104-0-00034 1 23944
ban FR940104-0-00034 1 23952
new FR940104-0-00034 2 23958 24399
traditionally FR940104-0-00034 1 23968
assurance FR940104-0-00034 1 23979
always FR940104-0-00034 1 23997
stressed FR940104-0-00034 1 24013
determinative FR940104-0-00034 1 24027
factor FR940104-0-00034 1 24028
deciding FR940104-0-00034 4 24030 24525 24626 24905
marketed FR940104-0-00034 1 24057
therapeutic FR940104-0-00034 1 24061
c FR940104-0-00034 2 24068 24107
tablet FR940104-0-00034 2 24069 24108
sold FR940104-0-00034 3 24070 24085 24109
appropriately FR940104-0-00034 2 24076 24609
regarded FR940104-0-00034 1 24077
taken FR940104-0-00034 3 24088 24112 24311
over FR940104-0-00034 1 24089
period FR940104-0-00034 1 24091
reduce FR940104-0-00034 4 24095 24115 24483 24568
developing FR940104-0-00034 2 24099 24487
large FR940104-0-00034 1 24144
niacin FR940104-0-00034 1 24147
lower FR940104-0-00034 1 24157
serum FR940104-0-00034 1 24158
another FR940104-0-00034 2 24161 24303
emphasized FR940104-0-00034 1 24165
consumer FR940104-0-00034 1 24168
legally FR940104-0-00034 1 24173
labeled FR940104-0-00034 1 24174
weight FR940104-0-00034 1 24180
determining FR940104-0-00034 2 24182 24604
either FR940104-0-00034 1 24202
fiber FR940104-0-00034 1 24203
water FR940104-0-00034 1 24205
even FR940104-0-00034 1 24220
though FR940104-0-00034 1 24221
facilitate FR940104-0-00034 1 24227
bowel FR940104-0-00034 1 24228
movement FR940104-0-00034 1 24229
mitigate FR940104-0-00034 1 24234
treat FR940104-0-00034 3 24237 24313 24711
dehydration FR940104-0-00034 1 24238
respectively FR940104-0-00034 1 24240
determine FR940104-0-00034 2 24248 24666
chemical FR940104-0-00034 1 24260
composition FR940104-0-00034 1 24261
boundary FR940104-0-00034 1 24269
fuzzy FR940104-0-00034 1 24275
times FR940104-0-00034 1 24277
typically FR940104-0-00034 1 24281
synthetic FR940104-0-00034 2 24282 24903
molecules FR940104-0-00034 1 24283
patentable FR940104-0-00034 1 24290
consist FR940104-0-00034 1 24296
natural FR940104-0-00034 4 24298 24782 24810 24901
nonpatentable FR940104-0-00034 2 24300 24784
materials FR940104-0-00034 3 24301 24785 24811
exempt FR940104-0-00034 3 24309 24685 24781
symptom FR940104-0-00034 1 24315
earlier FR940104-0-00034 1 24351
again FR940104-0-00034 1 24370
banning FR940104-0-00034 1 24388
similar FR940104-0-00034 1 24395
carry FR940104-0-00034 1 24404
responsibility FR940104-0-00034 1 24407
inappropriate FR940104-0-00034 1 24410
respect FR940104-0-00034 1 24436
words FR940104-0-00034 1 24440
effective FR940104-0-00034 1 24456
exactly FR940104-0-00034 1 24505
substancedisease FR940104-0-00034 1 24508
significance FR940104-0-00034 1 24541
points FR940104-0-00034 2 24554 25188
matter FR940104-0-00034 1 24560
merely FR940104-0-00034 1 24562
using FR940104-0-00034 1 24563
terms FR940104-0-00034 1 24564
instead FR940104-0-00034 1 24572
casebycase FR940104-0-00034 1 24596
assessment FR940104-0-00034 1 24597
regime FR940104-0-00034 1 24615
agrees FR940104-0-00034 1 24620
main FR940104-0-00034 1 24623
focus FR940104-0-00034 1 24624
vendor FR940104-0-00034 2 24645 24667
understand FR940104-0-00034 1 24657
symptoms FR940104-0-00034 3 24688 24717 24731
causing FR940104-0-00034 1 24692
causes FR940104-0-00034 1 24715
addressing FR940104-0-00034 1 24729
caused FR940104-0-00034 1 24732
provides FR940104-0-00034 2 24751 24928
similarly FR940104-0-00034 1 24769
true FR940104-0-00034 1 24807
estimated FR940104-0-00034 1 24819
25 FR940104-0-00034 2 24822 24839
currently FR940104-0-00034 1 24827
prescribed FR940104-0-00034 1 24828
physicians FR940104-0-00034 1 24830
compounds FR940104-0-00034 1 24833
related FR940104-0-00034 1 24842
plants FR940104-0-00034 1 24844
half FR940104-0-00034 1 24849
commonly FR940104-0-00034 2 24853 24862
digitalis FR940104-0-00034 1 24866
aspirin FR940104-0-00034 1 24868
quinidine FR940104-0-00034 1 24870
atropine FR940104-0-00034 1 24872
hundreds FR940104-0-00034 1 24875
others FR940104-0-00034 1 24877
once FR940104-0-00034 1 24879
herbals FR940104-0-00034 1 24881
rely FR940104-0-00034 1 24892
distinction FR940104-0-00034 1 24895
3. FR940104-0-00034 1 24915
ingredient FR940104-0-00034 2 24958 24965
demonstrated FR940104-0-00034 1 24978
satisfaction FR940104-0-00034 1 24989
33700 FR940104-0-00034 1 25018
33709 FR940104-0-00034 1 25020
showing FR940104-0-00034 1 25028
demonstration FR940104-0-00034 1 25038
gras FR940104-0-00034 5 25048 25065 25075 25225 25271
meaning FR940104-0-00034 1 25052
ยง170.30 FR940104-0-00034 1 25054
listing FR940104-0-00034 1 25060
21 FR940104-0-00034 2 25067 25077
cfr FR940104-0-00034 2 25068 25078
182 FR940104-0-00034 1 25070
affirmed FR940104-0-00034 1 25073
184 FR940104-0-00034 1 25080
additive FR940104-0-00034 1 25087
4 FR940104-0-00034 1 25092
sanction FR940104-0-00034 1 25095
granted FR940104-0-00034 1 25098
department FR940104-0-00034 1 25105
agriculture FR940104-0-00034 1 25107
prior FR940104-0-00034 3 25108 25245 25252
lawfulness FR940104-0-00034 2 25116 25166
expressly FR940104-0-00034 1 25122
burden FR940104-0-00034 1 25130
rest FR940104-0-00034 1 25132
prerequisite FR940104-0-00034 1 25141
submit FR940104-0-00034 1 25152
data FR940104-0-00034 1 25156
withhold FR940104-0-00034 1 25176
until FR940104-0-00034 1 25182
satisfied FR940104-0-00034 1 25185
18. FR940104-0-00034 1 25190
universally FR940104-0-00034 1 25214
approved FR940104-0-00034 1 25235
sanctions FR940104-0-00034 2 25246 25253
waived FR940104-0-00034 1 25257
complained FR940104-0-00034 1 25263
acting FR940104-0-00034 1 25269
affirmation FR940104-0-00034 1 25272
notoriously FR940104-0-00034 1 25275
slow FR940104-0-00034 1 25276
