to FR940104-0-00032 194 16893 16963 17012 17073 17082 17101 17114 17148 17183 17199 17263 17277 17328 17339 17359 17370 17379 17430 17432 17442 17450 17452 17462 17513 17542 17552 17554 17623 17684 17690 17712 17723 17738 17759 17762 17769 17773 17790 17824 17840 17843 17853 17865 17901 17904 17967 17970 17996 18048 18073 18179 18200 18221 18288 18311 18361 18378 18435 18484 18509 18521 18568 18600 18611 18676 18709 18721 18757 18790 18810 18827 18830 18863 18871 18882 18906 18912 18946 18954 19042 19081 19113 19145 19150 19173 19209 19222 19249 19286 19292 19298 19343 19351 19373 19406 19419 19468 19484 19505 19526 19553 19644 19697 19736 19762 19768 19780 19814 19912 19982 20027 20059 20077 20120 20145 20163 20242 20252 20261 20298 20322 20473 20501 20553 20577 20627 20688 20872 20883 20906 20977 21010 21058 21108 21121 21141 21161 21189 21199 21221 21231 21234 21247 21263 21276 21306 21328 21339 21366 21429 21497 21531 21545 21582 21625 21635 21648 21673 21710 21752 21794 21813 21832 21852 21878 21896 21914 21990 22001 22006 22042 22088 22111 22195 22199 22204 22234 22326 22363 22405 22414 22475 22490 22512 22546 22575 22583 22809 22835 22886 23037 23051 23122 23139
40 FR940104-0-00032 5 16894 17918 18183 18315 18715
square FR940104-0-00032 16 16895 16931 17177 17194 17377 17616 17706 17753 17801 17811 17919 18055 18186 18295 18318 18716
inches FR940104-0-00032 16 16896 16932 17178 17195 17378 17617 17707 17754 17802 17812 17920 18056 18187 18296 18319 18717
of FR940104-0-00032 185 16897 16920 17126 17166 17179 17192 17196 17205 17208 17243 17287 17323 17373 17396 17399 17441 17461 17495 17557 17573 17665 17695 17708 17741 17744 17755 17779 17803 17860 17921 17990 18051 18062 18094 18120 18144 18182 18191 18224 18291 18314 18366 18400 18413 18424 18453 18470 18518 18525 18574 18705 18718 18843 18849 18856 18867 18874 18879 18916 18973 19020 19141 19255 19289 19326 19361 19386 19389 19422 19457 19461 19471 19487 19509 19511 19529 19542 19648 19662 19748 19839 19860 19885 19904 19979 19988 20012 20066 20070 20073 20087 20173 20177 20209 20219 20256 20266 20272 20279 20393 20411 20462 20479 20557 20574 20609 20701 20748 20787 20826 20848 20877 20891 20925 20942 20960 20966 21026 21030 21038 21063 21104 21187 21195 21202 21269 21271 21289 21297 21309 21331 21413 21461 21463 21536 21551 21557 21641 21655 21688 21691 21731 21779 21816 21842 21856 21875 21929 21963 21966 21984 22059 22136 22148 22155 22178 22186 22188 22263 22273 22298 22338 22387 22468 22515 22603 22620 22672 22704 22735 22762 22794 22796 22855 22907 22914 22938 22950 22963 23061 23077 23087 23098 23128 23192
total FR940104-0-00032 7 16898 17366 17619 18044 18175 18285 18307
surface FR940104-0-00032 12 16899 16918 17180 17367 17621 17709 17756 17804 18045 18176 18286 18308
area FR940104-0-00032 12 16900 17181 17197 17368 17540 17622 17710 17757 17805 18046 18177 18309
. FR940104-0-00032 175 16901 16933 16967 17001 17042 17070 17118 17157 17186 17303 17345 17385 17416 17472 17483 17524 17594 17626 17655 17722 17768 17817 17836 17881 17908 17956 17973 18023 18110 18154 18188 18214 18248 18336 18358 18427 18473 18491 18529 18576 18623 18654 18687 18762 18812 18877 18894 18922 18934 18953 18981 19002 19056 19116 19219 19252 19269 19303 19340 19394 19443 19474 19499 19517 19544 19602 19654 19681 19691 19741 19752 19818 19908 19959 19975 19999 20016 20038 20044 20118 20180 20222 20237 20260 20302 20325 20344 20382 20415 20436 20494 20513 20563 20613 20670 20699 20752 20798 20832 20894 20916 20939 21005 21053 21083 21116 21163 21205 21238 21258 21321 21347 21374 21384 21425 21490 21512 21520 21561 21616 21667 21695 21704 21738 21767 21822 21825 21862 21865 21906 21909 21917 21951 21971 22016 22027 22050 22079 22099 22114 22140 22151 22192 22209 22237 22301 22329 22353 22396 22445 22471 22500 22519 22564 22595 22645 22687 22711 22738 22769 22828 22848 22870 22889 22891 22910 22928 22968 22999 23025 23042 23091 23116 23166 23183
other FR940104-0-00032 23 16902 17032 17400 17627 17828 17957 17999 19347 19452 20039 20370 20642 20767 20789 20806 21027 21041 21484 22330 22501 22820 22892 22905
comments FR940104-0-00032 33 16903 16938 17210 17405 17628 17821 17958 18948 19348 19980 20040 20119 20182 20226 20244 20324 20681 20703 21115 21123 21740 21837 22331 22398 22448 22502 22691 22888 22899 23031 23049 23063 23197
suggested FR940104-0-00032 5 16904 16939 17822 20946 22399
that FR940104-0-00032 163 16905 16940 16945 16958 16979 17005 17059 17085 17095 17161 17308 17363 17486 17599 17611 17642 17701 17748 17885 17912 17939 17948 17960 17977 17987 18041 18068 18149 18172 18386 18391 18478 18498 18505 18583 18605 18633 18784 18901 18919 18964 19083 19137 19166 19232 19278 19359 19364 19398 19448 19522 19534 19550 19624 19638 19685 19727 19758 19833 19922 19994 20002 20020 20080 20141 20185 20196 20240 20291 20330 20350 20359 20441 20451 20535 20568 20683 20705 20720 20723 20735 20744 20755 20770 20802 20838 20870 20899 20922 20927 21021 21060 21086 21135 21172 21216 21266 21284 21343 21351 21379 21388 21397 21431 21440 21525 21565 21599 21601 21620 21628 21676 21762 21773 21798 21810 21829 21846 21921 21936 21976 22020 22061 22117 22144 22168 22216 22241 22252 22268 22334 22357 22377 22400 22423 22450 22474 22505 22528 22551 22577 22588 22617 22655 22676 22679 22696 22717 22742 22771 22785 22804 22832 22841 22852 22900 22943 22974 23021 23032 23143 23172 23199
such FR940104-0-00032 11 16906 16914 18439 18727 18895 19574 19930 20858 22251 22384 22816
type FR940104-0-00032 16 16907 16946 16984 17063 17120 17133 17151 17164 17246 17383 17579 17834 18146 19381 19583 19937
is FR940104-0-00032 61 16908 16977 16991 17046 17122 17169 17311 17350 17387 17421 17538 17785 18506 18547 18566 18617 18928 19040 19060 19072 19110 19156 19170 19259 19272 19400 19558 19639 19760 19834 19906 19918 20004 20169 20295 20307 20407 20453 20570 20599 20618 21252 21478 21518 21698 21791 21811 22104 22249 22346 22453 22465 22485 22497 22580 22732 22846 22875 22922 23081 23136
necessary FR940104-0-00032 4 16909 19297 22454 23137
on FR940104-0-00032 53 16910 17029 17067 17142 17171 17300 17519 17566 17693 17848 17894 18107 18151 18208 18244 18333 18373 18421 18560 18588 18665 18891 19063 19094 19310 19384 19411 19598 19628 19955 20084 20105 20126 20150 20159 20227 20372 20447 20539 20597 20644 20963 21318 21664 21783 22126 22175 22307 22600 22660 22947 23015 23189
varioussized FR940104-0-00032 1 16911
labels FR940104-0-00032 12 16912 16973 17000 17069 17144 17338 17610 19011 19188 19714 21025 21320
, FR940104-0-00032 253 16913 16924 16926 16928 16935 16955 16974 17018 17026 17044 17050 17058 17078 17099 17128 17249 17332 17347 17418 17492 17526 17530 17547 17560 17565 17577 17639 17666 17667 17726 17783 17795 17852 17863 17889 17898 17935 17944 17983 17986 17997 18001 18080 18085 18126 18217 18233 18250 18264 18272 18297 18320 18368 18377 18382 18397 18402 18406 18409 18415 18429 18442 18444 18446 18456 18475 18493 18531 18541 18543 18553 18595 18603 18625 18642 18658 18674 18685 18744 18753 18766 18796 18814 18823 18839 18847 18853 18926 18936 18959 18976 18994 19006 19032 19069 19105 19118 19154 19167 19198 19319 19320 19322 19355 19379 19415 19451 19463 19476 19490 19501 19532 19556 19568 19573 19578 19588 19620 19693 19706 19751 19754 19811 19813 19874 19888 19900 19915 19929 19934 19945 20056 20095 20099 20136 20137 20247 20283 20304 20384 20400 20410 20449 20457 20472 20496 20531 20565 20615 20654 20660 20709 20717 20757 20765 20782 20809 20834 20918 20970 20982 20989 20993 21034 21045 21124 21147 21165 21173 21176 21260 21280 21301 21323 21359 21365 21409 21445 21467 21471 21473 21482 21492 21494 21514 21549 21556 21571 21579 21632 21645 21728 21796 21830 21838 21882 21886 21892 21943 21946 21949 21958 22032 22068 22071 22101 22121 22127 22128 22158 22256 22270 22279 22291 22293 22295 22348 22350 22372 22374 22479 22488 22549 22561 22586 22592 22604 22612 22662 22763 22781 22815 22819 22822 22825 22872 22920 22939 22940 22953 22958 22970 23003 23055 23079 23133 23138 23151 23153 23187 23198 23213 23221
as FR940104-0-00032 53 16915 16951 16953 17202 17221 17236 17283 17341 17343 18039 18090 18170 18440 18668 18728 18763 18802 18806 19098 19183 19212 19214 19304 19425 19575 19603 19640 19642 19668 19796 19875 19931 20101 20514 20549 20551 20796 21117 21153 21157 21454 21705 21756 22028 22152 22627 22799 22817 22926 22955 22984 23105 23206
those FR940104-0-00032 7 16916 17414 17796 21341 22009 22043 22924
with FR940104-0-00032 34 16917 17586 17630 17797 17915 18693 18712 19120 19910 20009 20276 20476 20691 20811 20874 20888 20908 20912 20987 21024 21035 21047 21092 21245 21401 21507 21880 21926 22040 22056 22525 22903 22992 23216
areas FR940104-0-00032 1 16919
less FR940104-0-00032 17 16921 17135 17174 17190 17374 17613 17703 17750 17798 17916 18052 18185 18292 18317 18713 18988 21775
than FR940104-0-00032 21 16922 17136 17175 17191 17375 17614 17704 17751 17799 17808 17829 17917 18053 18148 18293 18714 18989 19295 19453 20779 21776
25 FR940104-0-00032 3 16923 17615 17810
15 FR940104-0-00032 1 16925
12 FR940104-0-00032 9 16927 17176 17193 17376 17705 17752 17800 18054 18294
and FR940104-0-00032 110 16929 16997 17027 17104 17145 17211 17250 17326 17333 17398 17449 17497 17521 17608 17651 17746 17772 17864 17945 17953 17992 18020 18057 18211 18226 18238 18321 18411 18416 18447 18464 18504 18672 18681 18754 18760 18794 18854 18870 18911 19045 19133 19148 19204 19235 19242 19345 19391 19435 19459 19533 19590 19725 19779 19789 19804 19845 19866 19871 19889 19947 19971 19992 20006 20075 20162 20214 20339 20379 20464 20541 20651 20674 20750 20881 20968 21032 21040 21046 21145 21185 21193 21198 21250 21311 21486 21605 21733 21788 21797 21889 21893 22122 22132 22183 22202 22351 22517 22756 22801 22826 22865 23018 23064 23111 23126 23132 23156 23163 23196
10 FR940104-0-00032 3 16930 19164 19267
finally FR940104-0-00032 1 16934
a FR940104-0-00032 99 16936 17093 17123 17203 17270 17288 17365 17390 17567 17819 17832 17928 17937 18036 18043 18069 18095 18174 18260 18284 18306 18330 18343 18353 18501 18533 18536 18550 18635 18703 18751 18804 18834 18844 18860 18984 19230 19253 19412 19472 19488 19591 19636 19688 19830 19935 19948 19977 20029 20061 20142 20171 20192 20202 20234 20376 20547 20602 20606 20648 20706 20728 20785 20821 20865 20974 21006 21018 21067 21102 21155 21182 21542 21684 21711 21808 21847 21937 21955 21967 22062 22153 22181 22197 22264 22283 22358 22409 22427 22466 22476 22721 22733 22792 22839 22956 22981 23012 23072
few FR940104-0-00032 2 16937 17820
the FR940104-0-00032 409 16941 16975 16980 17002 17015 17030 17048 17053 17075 17086 17115 17158 17187 17209 17237 17284 17301 17304 17314 17334 17348 17409 17419 17481 17516 17548 17555 17646 17657 17662 17668 17727 17775 17780 17809 17815 17845 17855 17867 17886 17892 17895 17941 17946 17954 17961 17974 18002 18060 18075 18091 18108 18142 18192 18205 18240 18256 18281 18303 18322 18348 18362 18371 18374 18383 18398 18422 18436 18451 18461 18468 18486 18513 18523 18526 18554 18561 18569 18572 18584 18589 18593 18596 18612 18615 18620 18639 18643 18648 18651 18659 18677 18682 18706 18730 18737 18741 18746 18767 18771 18786 18817 18820 18824 18832 18841 18857 18868 18875 18908 18914 18917 18931 18937 18941 18960 18971 18974 19009 19021 19033 19043 19047 19050 19070 19084 19095 19099 19142 19151 19175 19186 19199 19205 19210 19215 19220 19223 19240 19243 19250 19270 19276 19279 19300 19307 19323 19346 19356 19362 19369 19408 19420 19444 19454 19469 19477 19485 19515 19540 19595 19599 19606 19621 19625 19645 19659 19682 19703 19712 19728 19746 19755 19837 19864 19897 19902 19916 19940 19952 19956 19960 19983 19986 19989 20010 20013 20032 20042 20064 20067 20081 20090 20102 20121 20127 20146 20157 20160 20174 20178 20186 20199 20206 20212 20220 20225 20231 20243 20253 20257 20267 20270 20273 20277 20280 20287 20292 20299 20305 20346 20360 20373 20385 20391 20417 20422 20430 20438 20459 20477 20497 20504 20517 20532 20536 20554 20571 20575 20584 20616 20631 20645 20661 20667 20724 20746 20758 20794 20799 20827 20839 20845 20875 20878 20889 20892 20896 20923 20935 20943 21002 21012 21054 21061 21073 21105 21110 21125 21129 21137 21168 21196 21203 21223 21242 21255 21264 21267 21281 21290 21295 21307 21329 21332 21336 21348 21356 21371 21426 21457 21464 21515 21526 21533 21558 21566 21610 21617 21626 21642 21660 21668 21674 21692 21696 21715 21739 21753 21768 21780 21784 21799 21814 21817 21826 21833 21836 21839 21843 21857 21866 21869 21918 21924 21927 21930 21961 21964 21973 21985 21993 22003 22014 22017 22024 22029 22033 22048 22057 22102 22107 22123 22129 22146 22159 22176 22184 22206 22238 22260 22274 22289 22335 22378 22424 22436 22440 22480 22491 22493 22520 22526 22565 22573 22597 22613 22618 22638 22642 22652 22665 22669 22673 22690 22705 22712 22739 22743 22759 22782 22787 22829 22849 22853 22873 22904 22908 22912 22944 22948 22971 22975 22993 23007 23029 23044 23048 23068 23075 23088 23095 23099 23112 23167 23173 23193 23217 23222
regulation FR940104-0-00032 3 16942 22108 23135
should FR940104-0-00032 21 16943 16948 16960 17139 19225 19283 20444 20510 20592 21069 21076 21180 21622 21748 21849 22231 22323 22510 22543 22684 22708
state FR940104-0-00032 3 16944 20628 21845
size FR940104-0-00032 17 16947 16985 17064 17121 17152 17165 17235 17247 17384 17580 17835 18147 18326 19382 19938 20337 20414
be FR940104-0-00032 85 16949 17065 17090 17110 17140 17340 17604 17691 17724 17841 17899 17902 17924 17965 17971 18340 18482 18510 18522 18558 18586 18663 18691 18722 18791 18799 18883 19000 19092 19114 19146 19202 19226 19284 19293 19465 19481 19524 19537 19633 19739 19997 20025 20332 20367 20389 20474 20511 20544 20593 20639 20664 20686 20718 20830 20842 20862 20932 21070 21077 21090 21142 21150 21228 21232 21274 21529 21546 21623 21750 21807 21850 21954 21988 22089 22173 22282 22361 22364 22403 22412 22415 22685 22709 22810
`` FR940104-0-00032 34 16950 17932 18081 18732 18977 18995 19035 19052 19086 19101 19585 19829 19942 20097 20335 20340 20362 20394 20402 20412 20424 20432 20587 20630 20731 20766 20857 20937 21458 21922 22038 22408 22456 22745
large FR940104-0-00032 3 16952 16993 17929
possible FR940104-0-00032 8 16954 17344 18807 19643 20264 20552 21158 21175
'' FR940104-0-00032 34 16956 17936 18088 18735 18982 18997 19039 19057 19090 19106 19589 19909 19946 20100 20338 20345 20366 20398 20406 20416 20428 20437 20591 20671 20734 20769 20895 20940 21468 21972 22051 22446 22464 22753
or FR940104-0-00032 45 16957 17273 17295 17581 17857 18065 18102 18118 18184 18230 18268 18298 18316 18325 18355 18544 19404 19630 20035 20096 20399 20468 20611 20990 21065 21226 21472 21480 21539 21765 22000 22072 22296 22369 22375 22391 22421 22430 22459 22550 22587 22667 22719 22724 22748
it FR940104-0-00032 36 16959 17213 17262 18387 18479 18565 18688 18797 18899 18920 18965 19234 19237 19399 19694 19708 19759 19873 20003 20165 20168 20381 20569 20653 20885 21087 21148 21166 21214 21236 21302 21352 21446 22253 22589 23033
permit FR940104-0-00032 1 16961
manufacturers FR940104-0-00032 11 16962 17147 17551 18202 18599 19396 19504 20284 21491 22052 22171
decide FR940104-0-00032 1 16964
for FR940104-0-00032 57 16965 16987 16994 17036 17239 17275 17317 17336 17361 17393 17413 17535 17606 18016 18059 18082 18254 18467 18819 18923 18968 19066 19329 19496 19507 19584 19594 19610 19700 19939 19951 20129 20166 20233 20521 20605 20740 20955 21422 21613 21679 21745 21786 21873 21883 21887 21894 21997 22165 22439 22482 22495 22572 22657 22917 23177 23180
themselves FR940104-0-00032 1 16966
after FR940104-0-00032 3 16968 20334 20844
reviewing FR940104-0-00032 1 16969
many FR940104-0-00032 7 16970 16995 17010 17324 19360 21629 23030
dietary FR940104-0-00032 33 16971 17394 17493 17742 17988 18222 18537 18985 19290 19331 19387 19611 20071 20460 20522 20607 20684 20964 21028 21036 21248 21398 21543 21630 21729 22235 22327 22381 22513 22547 22584 22934 22951
supplement FR940104-0-00032 14 16972 16999 18538 18986 20461 20608 21544 21939 22015 22049 22064 22266 22275 22935
agency FR940104-0-00032 55 16976 17003 17159 17188 17305 17349 17420 17549 17669 17728 17975 18384 18597 18768 18825 18938 18961 19071 19271 19324 19357 19445 19622 19683 19756 20122 20306 20347 20439 20498 20533 20617 21126 21169 21282 21349 21427 21697 21769 21827 22018 22034 22103 22521 22574 22614 22713 22740 22783 22830 22850 22874 22972 23174 23223
persuaded FR940104-0-00032 2 16978 21700
6 FR940104-0-00032 7 16981 17357 17428 20491 22229 22321 22541
point FR940104-0-00032 6 16982 17061 17382 18452 18573 19582
minimum FR940104-0-00032 4 16983 17062 17163 21685
proposed FR940104-0-00032 16 16986 17631 19704 19717 20058 20124 20228 20505 21567 21986 22025 22706 22927 22945 22976 23008
nutrition FR940104-0-00032 77 16988 17016 17088 17116 17281 17289 17517 17647 17781 17846 17906 17933 17942 18083 18096 18121 18124 18242 18337 18380 18417 18733 18742 18773 18787 18821 18909 19409 19478 19512 19586 19600 19607 19626 19646 19660 19943 19957 19990 20068 20082 20103 20130 20148 20200 20258 20274 20300 20518 20537 20555 20603 20732 20738 20961 21019 21074 21131 21138 21177 21209 21224 21291 21717 21931 21994 22004 22036 22130 22162 22395 22434 22463 22601 22728 22752 22814
labeling FR940104-0-00032 45 16989 17185 17201 17218 17372 17559 17714 17761 17888 18004 18050 18125 18181 18198 18290 18313 18367 18428 18774 19301 19424 19608 19627 19647 19661 20131 20478 20519 20538 20556 20910 20962 21132 21178 21210 21718 21932 21995 22037 22131 22163 22370 22602 22936 22949
information FR940104-0-00032 47 16990 17033 17089 17117 17282 17546 17644 17907 18077 18084 18207 18243 18258 18338 18381 18394 18418 18472 18556 18585 18613 18661 18683 18748 18852 18858 18876 18910 18918 19109 19177 19207 19247 19450 19498 19513 20149 20158 20221 20371 20446 20452 20596 20643 20739 21204 21225
too FR940104-0-00032 2 16992 21229
multivitamin FR940104-0-00032 2 16996 17607
multimineral FR940104-0-00032 2 16998 17609
acknowledges FR940104-0-00032 1 17004
these FR940104-0-00032 21 17006 17478 17528 18215 18656 18886 18947 19535 19742 20085 20181 20323 20702 21114 21665 22397 22447 22836 22887 23062 23200
products FR940104-0-00032 9 17007 17415 20926 21600 21666 21682 21737 21790 22797
often FR940104-0-00032 2 17008 17020
have FR940104-0-00032 10 17009 17329 17364 17702 17749 18608 22790 22805 22960 23011
nutrients FR940104-0-00032 9 17011 17862 18759 19241 21000 21188 22010 22081 22800
declare FR940104-0-00032 2 17013 22007
in FR940104-0-00032 131 17014 17022 17038 17092 17279 17477 17480 17505 17584 17618 17656 17661 17697 17814 17870 17984 18008 18018 18113 18203 18228 18259 18342 18359 18488 18539 18630 18655 18670 18736 18770 18801 18815 18859 18944 18970 19003 19008 19012 19122 19158 19178 19185 19189 19261 19306 19336 19341 19427 19514 19560 19605 19635 19650 19658 19664 19670 19702 19711 19716 19733 19771 19852 19877 19920 19966 20045 20107 20211 20224 20320 20481 20503 20516 20546 20559 20579 20601 20777 20793 20886 20948 21001 21017 21049 21072 21119 21128 21152 21261 21335 21362 21370 21456 21541 21708 21714 21758 21835 21868 21960 22013 22047 22083 22109 22180 22288 22393 22432 22461 22596 22635 22664 22668 22726 22750 22758 22770 22812 22838 22879 22884 22911 22932 22990 23035 23047 23067 23074 23084 23214
label FR940104-0-00032 57 17017 17031 17055 17154 17290 17302 17518 17648 17782 17847 17893 17922 18097 18109 18246 18349 18372 18423 18528 18653 18719 18743 18788 18809 18811 18822 18869 19410 19479 19601 19958 19991 20069 20083 20104 20201 20259 20275 20301 20374 20604 20646 20725 20759 20884 21020 21075 21139 21160 21162 21197 21292 21693 21785 22005 22368 22419
are FR940104-0-00032 26 17019 17298 17532 17612 17994 18105 18465 18628 18889 19217 19656 19964 20658 20745 20984 21293 21344 21495 21646 21735 21763 22053 22086 22169 22386 23203
sold FR940104-0-00032 3 17021 18629 22191
relatively FR940104-0-00032 1 17023
small FR940104-0-00032 16 17024 17241 17520 17791 18019 18037 18114 18210 18229 21915 21998 22149 22166 22477 23016 23181
packages/jars FR940104-0-00032 1 17025
include FR940104-0-00032 2 17028 18234
not FR940104-0-00032 50 17034 17131 17388 17407 17890 18328 18351 18369 18433 18481 18507 18581 18690 18929 18999 19111 19171 19273 20296 20308 20408 21066 21089 21253 21304 21326 21354 21699 21749 21792 22054 22078 22105 22232 22280 22305 22324 22443 22523 22544 22568 22581 22715 22720 22806 22867 22896 22979 23024 23204
required FR940104-0-00032 26 17035 17087 17545 18076 18150 18206 18241 18257 18390 18393 18471 18555 18660 18747 19112 19176 19525 19657 19851 19907 19961 20147 20333 20409 22087 23106
foods FR940104-0-00032 15 17037 17244 18017 18112 18426 19335 19649 19663 20088 20106 20480 20558 21048 21757 22661
conventional FR940104-0-00032 10 17039 17698 19337 19651 19665 20108 20482 20560 21050 21759
food FR940104-0-00032 24 17040 17217 17266 17558 17696 17699 18463 19338 19423 19652 19666 20109 20151 20179 20483 20561 21051 21760 22170 22284 22359 22379 22410 22425
form FR940104-0-00032 11 17041 17700 18546 19339 19653 19667 20110 20484 20562 21052 21761
therefore FR940104-0-00032 8 17043 17346 18474 18530 20564 21513 22100 22871
fda FR940104-0-00032 37 17045 17079 17129 17386 17484 17561 17784 18476 18494 18578 18927 19155 19365 19502 20057 20184 20238 20566 20913 20979 21084 21239 21324 21380 21442 21511 21795 22115 22193 22894 22921 22941 23004 23026 23056 23092 23184
accepting FR940104-0-00032 1 17047
recommendation FR940104-0-00032 1 17049
supported FR940104-0-00032 2 17051 20041
by FR940104-0-00032 19 17052 17830 18647 19229 19275 20375 20647 20784 20803 20934 21113 21451 21483 21510 21701 22271 22986 23107 23208
ndma FR940104-0-00032 1 17054
readability FR940104-0-00032 2 17056 17625
guidelines FR940104-0-00032 1 17057
4.5 FR940104-0-00032 4 17060 17137 17167 17381
allowed FR940104-0-00032 6 17066 17141 17504 17605 17900 21275
smaller FR940104-0-00032 5 17068 17318 17330 17833 18145
throughout FR940104-0-00032 1 17071
rulemaking FR940104-0-00032 1 17072
implement FR940104-0-00032 1 17074
1990 FR940104-0-00032 5 17076 18707 21106 22643 22653
amendments FR940104-0-00032 7 17077 17659 18708 21107 22135 22644 22654
has FR940104-0-00032 20 17080 17729 18042 18173 18283 18305 18388 18939 18962 19366 20089 21240 21770 22380 22426 22729 23027 23057 23093 23185
responded FR940104-0-00032 1 17081
consumer FR940104-0-00032 9 17083 18070 18570 18649 18865 20217 21191 22469 22736
concerns FR940104-0-00032 2 17084 17412
presented FR940104-0-00032 8 17091 18800 18921 19634 19715 20545 21151 23065
manner FR940104-0-00032 6 17094 18805 19637 20548 21156 22840
will FR940104-0-00032 13 17096 18350 18607 19371 20153 20197 20215 20388 20860 21353 21447 21503 22172
improve FR940104-0-00032 1 17097
legibility FR940104-0-00032 3 17098 17127 17771
particularly FR940104-0-00032 1 17100
help FR940104-0-00032 6 17102 17514 18955 19372 20078 20154
older FR940104-0-00032 1 17103
visionimpaired FR940104-0-00032 1 17105
consumers FR940104-0-00032 6 17106 17276 18606 18903 20155 21218
who FR940104-0-00032 1 17107
otherwise FR940104-0-00032 3 17108 19296 22919
would FR940104-0-00032 24 17109 18480 18689 18897 18904 20420 20721 20736 20760 20771 20829 20903 20953 20995 21015 21088 21212 21219 21227 21303 21325 21806 21953 22959
effectively FR940104-0-00032 1 17111
denied FR940104-0-00032 1 17112
access FR940104-0-00032 2 17113 18610
because FR940104-0-00032 7 17119 17212 17404 18119 19058 22455 23043
major FR940104-0-00032 2 17124 22982
determinant FR940104-0-00032 1 17125
does FR940104-0-00032 5 17130 22442 22522 22714 22866
believe FR940104-0-00032 2 17132 21502
sizes FR940104-0-00032 1 17134
points FR940104-0-00032 4 17138 17168 19446 20348
package FR940104-0-00032 12 17143 17234 17850 18038 18169 18323 18437 19414 19473 19489 20161 20288
encourages FR940104-0-00032 2 17146 18598
use FR940104-0-00032 21 17149 17269 17278 17380 17501 17763 17854 17866 18061 18072 18143 18365 18842 18873 19747 20218 21201 21235 21308 21330 21498
larger FR940104-0-00032 3 17150 18152 19294
when FR940104-0-00032 16 17153 18111 18532 18983 19107 19901 20401 20450 20458 20595 20656 21360 21441 22383 22435 23134
space FR940104-0-00032 12 17155 17411 17826 17923 18720 18951 18957 19062 19169 19353 19375 19495
allows FR940104-0-00032 3 17156 18058 18141
finds FR940104-0-00032 5 17160 17307 20239 20567 21085
this FR940104-0-00032 40 17162 17233 17309 17787 18189 18251 18489 18924 19004 19256 19344 19497 19545 19816 19861 19886 19995 20248 20442 20508 20580 20835 20900 20919 21298 21363 21385 21562 21671 21702 21804 22021 22112 22156 22302 22354 22401 22451 22578 23085
appropriate FR940104-0-00032 7 17170 18483 18666 19761 21452 21481 21487
packages FR940104-0-00032 19 17172 17242 17267 17319 17362 17523 17534 17694 17740 17792 18022 18115 18153 18213 18232 18893 19385 20152 20210
having FR940104-0-00032 4 17173 17927 18729 18745
available FR940104-0-00032 16 17182 17198 17369 17541 17620 17711 17758 18047 18178 18287 18310 18449 18567 21479 23129 23194
bear FR940104-0-00032 12 17184 17200 17371 17713 17760 18049 18123 18180 18289 18312 20727 20761
selected FR940104-0-00032 1 17189
result FR940104-0-00032 3 17204 21016 22154
its FR940104-0-00032 9 17206 19846 21080 22367 22418 22933 23038 23059 23190
review FR940104-0-00032 2 17207 23191
promotes FR940104-0-00032 1 17214
consistency FR940104-0-00032 4 17215 18878 19508 20810
within FR940104-0-00032 5 17216 17645 18549 18740 18750
regulations FR940104-0-00032 5 17219 17964 18193 18579 19282
inasmuch FR940104-0-00032 1 17220
§101.2 FR940104-0-00032 1 17222
( FR940104-0-00032 201 17223 17226 17229 17252 17255 17258 17353 17356 17424 17427 17434 17437 17443 17446 17454 17457 17463 17466 17469 17489 17507 17510 17562 17575 17588 17591 17633 17636 17672 17675 17678 17681 17715 17732 17735 17793 17872 17875 17878 17979 18010 18013 18026 18029 18032 18078 18128 18131 18134 18137 18157 18160 18163 18262 18270 18277 18299 18395 18438 18696 18699 18702 18777 18837 19014 19017 19023 19075 19078 19124 19127 19130 19134 19160 19163 19182 19191 19194 19263 19266 19313 19377 19429 19432 19437 19440 19562 19565 19613 19672 19675 19678 19719 19722 19765 19773 19776 19783 19786 19790 19793 19798 19801 19805 19808 19821 19824 19854 19857 19879 19882 19968 19972 20022 20047 20050 20053 20111 20132 20311 20314 20317 20352 20355 20455 20485 20487 20490 20524 20621 20624 20695 20711 20714 20814 20817 20820 20823 20850 20853 20950 21095 21098 21101 21390 21393 21403 21406 21417 21433 21436 21569 21573 21576 21584 21587 21591 21594 21721 21820 21860 21904 21934 21978 21981 22093 22096 22138 22218 22221 22225 22228 22243 22246 22310 22313 22317 22320 22340 22343 22507 22530 22533 22537 22540 22553 22556 22605 22622 22625 22628 22681 22698 22701 22764 22774 22857 22860 22881 22997 23147
c FR940104-0-00032 21 17224 17354 17425 17634 17733 19015 19161 19192 19264 19563 19720 19766 19774 19784 19791 19799 19806 19822 19880 19973 20023
) FR940104-0-00032 201 17225 17228 17231 17254 17257 17260 17355 17358 17426 17429 17436 17439 17445 17448 17456 17459 17465 17468 17471 17491 17509 17512 17564 17583 17590 17593 17635 17638 17674 17677 17680 17683 17721 17734 17737 17806 17874 17877 17880 17981 18012 18015 18028 18031 18034 18089 18130 18133 18136 18139 18159 18162 18165 18266 18274 18279 18301 18419 18455 18698 18701 18704 18783 18862 19016 19019 19031 19077 19080 19126 19129 19132 19136 19162 19165 19193 19196 19197 19265 19268 19321 19393 19431 19434 19439 19442 19564 19567 19619 19674 19677 19680 19721 19724 19767 19775 19778 19785 19788 19792 19795 19800 19803 19807 19810 19823 19826 19856 19859 19881 19884 19970 19974 20024 20049 20052 20055 20117 20138 20313 20316 20319 20354 20357 20471 20489 20492 20493 20530 20623 20626 20697 20713 20716 20816 20819 20822 20825 20852 20855 20952 21097 21100 21103 21392 21395 21405 21408 21419 21435 21438 21575 21578 21586 21589 21593 21596 21597 21727 21824 21864 21908 21952 21980 21983 22095 22098 22143 22220 22223 22227 22230 22245 22248 22312 22315 22319 22322 22342 22345 22509 22532 22535 22539 22542 22555 22558 22611 22624 22630 22631 22683 22700 22703 22768 22780 22859 22862 22883 23002 23165
3 FR940104-0-00032 10 17227 17438 17637 17736 20051 20315 20356 20625 20715 22097
i FR940104-0-00032 9 17230 17259 17679 18033 18135 19131 20824 22623 22682
uses FR940104-0-00032 2 17232 17261
standard FR940104-0-00032 1 17238
exempting FR940104-0-00032 1 17240
from FR940104-0-00032 18 17245 17926 18460 18512 18619 18724 18808 19239 19334 19368 19863 19896 20369 20429 20641 21159 21803 22161
requirements FR940104-0-00032 15 17248 18726 18818 18943 19302 19376 19383 20698 20876 20890 20911 20981 21179 21933 22164
§101.9 FR940104-0-00032 25 17251 17506 17671 17871 18009 18127 19123 19671 20486 20988 21402 21432 21583 22217 22242 22309 22339 22506 22529 22552 22621 22680 22697 22856 22880
j FR940104-0-00032 8 17253 17508 17673 17873 18011 18027 18129 18158
13 FR940104-0-00032 9 17256 17511 17676 17876 18014 18030 18132 18161 19581
differentiate FR940104-0-00032 1 17264
which FR940104-0-00032 12 17265 17536 17640 18218 18430 19491 19557 20983 20994 21410 21580 23080
may FR940104-0-00032 14 17268 17499 18339 18457 19091 19201 19417 19464 19480 19492 20007 20285 22269 23010
telephone FR940104-0-00032 2 17271 18066
number FR940104-0-00032 5 17272 18067 22177 22185 22793
address FR940104-0-00032 2 17274 18064
obtaining FR940104-0-00032 1 17280
functional FR940104-0-00032 2 17285 18092
equivalent FR940104-0-00032 3 17286 18093 18524
if FR940104-0-00032 16 17291 17525 18098 18280 18302 18347 18626 18785 18885 19168 19395 21136 21474 22075 22366 22417
no FR940104-0-00032 13 17292 18099 19327 21475 21742 21941 21944 21947 22066 22069 22073 22388 22877
nutrient FR940104-0-00032 13 17293 17952 18100 18851 19530 19844 19865 20175 21068 21423 21615 21686 22265
content FR940104-0-00032 5 17294 18101 20176 21535 21687
health FR940104-0-00032 4 17296 18103 22658 23155
claims FR940104-0-00032 5 17297 18104 18122 22420 22659
made FR940104-0-00032 4 17299 18106 19367 21241
also FR940104-0-00032 8 17306 17500 18140 19117 19547 20861 21056 22286
decision FR940104-0-00032 3 17310 21009 21244
reasonable FR940104-0-00032 1 17312
considering FR940104-0-00032 1 17313
practical FR940104-0-00032 2 17315 21902
need FR940104-0-00032 11 17316 17335 18998 22392 22431 22460 22481 22494 22725 22749 22868
containing FR940104-0-00032 2 17320 18535
supplements FR940104-0-00032 31 17321 17395 17494 17743 17914 17989 18223 18627 19291 19332 19388 19612 19632 20072 20523 20543 20685 20965 21029 21037 21249 21399 21631 21730 22236 22328 22514 22548 22585 22803 22952
composed FR940104-0-00032 1 17322
vitamins FR940104-0-00032 15 17325 17496 17745 17991 18225 19390 20074 20463 20610 20749 20967 21031 21604 21732 22516
minerals FR940104-0-00032 15 17327 17498 17747 17993 18227 19392 20076 20465 20612 20751 20969 21033 21606 21734 22518
print FR940104-0-00032 3 17331 17543 18739
all FR940104-0-00032 14 17337 17502 17544 17600 17643 17686 17764 17913 18392 20773 20788 20805 23052 23124
legible FR940104-0-00032 1 17342
modifying FR940104-0-00032 4 17351 19073 20309 20619
§101.36 FR940104-0-00032 32 17352 17423 17488 17587 17632 17731 17978 19013 19074 19159 19190 19262 19561 19686 19718 19764 19772 19820 19967 20021 20046 20229 20310 20351 20620 20710 20849 20949 21389 21572 21977 22092
allow FR940104-0-00032 13 17360 17685 17739 17968 18710 19138 19287 20904 20954 21532 21872 22002 22656
making FR940104-0-00032 2 17389 22876
similar FR940104-0-00032 7 17391 17401 19641 19689 20550 21042 21712
change FR940104-0-00032 5 17392 21517 22157 22452 22878
herbs FR940104-0-00032 2 17397 21039
nutritional FR940104-0-00032 5 17402 21043 21681 22802 22844
substances FR940104-0-00032 5 17403 20743 20791 21044 22044
did FR940104-0-00032 6 17406 22304 22567 22648 22689 22895
demonstrate FR940104-0-00032 1 17408
same FR940104-0-00032 5 17410 19096 20091 21243 21754
additionally FR940104-0-00032 3 17417 18249 20917
correcting FR940104-0-00032 1 17422
refer FR940104-0-00032 2 17431 17451
paragraph FR940104-0-00032 5 17433 17453 19853 19878 20708
b FR940104-0-00032 22 17435 17444 17455 17464 17682 18138 18697 19076 19552 19735 19855 19914 19924 19969 20048 20312 20353 20622 20815 21096 22094 22882
instead FR940104-0-00032 3 17440 17460 21550
4 FR940104-0-00032 5 17447 17458 17467 19079 19858
ii FR940104-0-00032 6 17470 17879 18164 19135 20054 20318
there FR940104-0-00032 5 17473 17531 17537 19059 22789
were FR940104-0-00032 1 17474
inadvertent FR940104-0-00032 1 17475
errors FR940104-0-00032 1 17476
references FR940104-0-00032 1 17479
proposal FR940104-0-00032 9 17482 19022 19370 19609 20043 20520 20576 22198 22909
advises FR940104-0-00032 6 17485 17550 18385 19358 21283 21350
under FR940104-0-00032 7 17487 18516 19046 19750 21901 22091 22651
g FR940104-0-00032 7 17490 17980 19430 21404 21434 21585 21592
provisions FR940104-0-00032 11 17503 17529 18000 18199 18216 19121 22619 22650 22893 22906 22925
accommodate FR940104-0-00032 4 17515 18329 18352 19299
intermediatesized FR940104-0-00032 5 17522 18021 18168 18212 18231
despite FR940104-0-00032 1 17527
still FR940104-0-00032 2 17533 19401
insufficient FR940104-0-00032 1 17539
write FR940104-0-00032 2 17553 19418
office FR940104-0-00032 2 17556 19421
hfs150 FR940104-0-00032 1 17563
casebycase FR940104-0-00032 1 17568
basis FR940104-0-00032 4 17569 20232 22571 22916
requesting FR940104-0-00032 2 17570 18364
alternative FR940104-0-00032 1 17571
means FR940104-0-00032 1 17572
compliance FR940104-0-00032 5 17574 20673 20690 21444 21527
eg FR940104-0-00032 5 17576 18079 18396 18838 19378
reduced FR940104-0-00032 2 17578 19380
leading FR940104-0-00032 1 17582
accordance FR940104-0-00032 4 17585 20887 22991 23215
d FR940104-0-00032 10 17589 19125 19438 19673 20488 20712 20851 20951 21391 21574
2 FR940104-0-00032 11 17592 18300 18695 19441 20818 20854 21094 21407 21437 21595 22314
34. FR940104-0-00032 1 17595
one FR940104-0-00032 14 17596 17837 17909 18040 18171 19064 19179 19519 20327 20700 21376 21522 21911 22213
comment FR940104-0-00032 38 17597 17816 17838 17883 17910 18363 18490 19277 19520 19546 19917 20018 20328 20800 20836 20897 20920 20944 21055 21377 21386 21523 21563 21618 21669 21703 21713 21912 21919 21974 22022 22030 22113 22214 22239 22303 22527 22566
requested FR940104-0-00032 21 17598 17813 17884 17911 17959 18933 19521 19548 19993 20019 20329 20682 20704 20837 20921 21257 21378 21516 21524 21975 22031
upper FR940104-0-00032 5 17601 17650 17687 17765 20386
case FR940104-0-00032 5 17602 17653 17688 17766 21962
lettering FR940104-0-00032 3 17603 17689 17767
facilitate FR940104-0-00032 3 17624 18864 21190
agreed FR940104-0-00032 2 17629 22504
requires FR940104-0-00032 6 17641 20358 21396 21598 22035 23171
utilize FR940104-0-00032 1 17649
lower FR940104-0-00032 4 17652 19139 19206 20418
letters FR940104-0-00032 2 17654 20936
technical FR940104-0-00032 1 17658
published FR940104-0-00032 3 17660 22757 23082
federal FR940104-0-00032 3 17663 22760 23089
register FR940104-0-00032 3 17664 22761 23090
modified FR940104-0-00032 3 17670 17730 22145
used FR940104-0-00032 4 17692 17903 21361 21509
58 FR940104-0-00032 9 17716 18778 19024 19314 19614 20112 20525 21722 22606
fr FR940104-0-00032 12 17717 18779 19025 19315 19615 20113 20134 20526 21723 22607 22766 22776
44063 FR940104-0-00032 1 17718
at FR940104-0-00032 22 17719 18450 18571 18781 19027 19317 19579 19617 19985 20063 20115 20269 20528 20678 21552 21608 21637 21651 21725 22609 22637 22778
44072 FR940104-0-00032 1 17720
consistent FR940104-0-00032 11 17725 18692 18803 19119 20143 20254 20475 20986 21091 21154 21506
maximize FR940104-0-00032 2 17770 23144
preserve FR940104-0-00032 1 17774
readily FR940104-0-00032 4 17776 18792 20092 21143
identifiable FR940104-0-00032 2 17777 20093
image FR940104-0-00032 3 17778 20094 20195
limiting FR940104-0-00032 1 17786
special FR940104-0-00032 3 17788 18003 18197
provision FR940104-0-00032 3 17789 19690 22579
ie FR940104-0-00032 5 17794 18263 18271 20456 21570
rather FR940104-0-00032 1 17807
35. FR940104-0-00032 1 17818
ways FR940104-0-00032 2 17823 19350
alleviate FR940104-0-00032 3 17825 18956 19352
problems FR940104-0-00032 3 17827 18952 18958
using FR940104-0-00032 3 17831 18235 18755
wanted FR940104-0-00032 1 17839
able FR940104-0-00032 3 17842 20687 21233
present FR940104-0-00032 7 17844 18559 20776 20808 22012 22082 22692
any FR940104-0-00032 11 17849 18245 18334 19449 20263 21537 22299 22570 22693 22898 22915
panel FR940104-0-00032 6 17851 17943 18247 18335 18680 18684
tabular FR940104-0-00032 3 17856 18261 18356
linear FR940104-0-00032 3 17858 18269 18344
method FR940104-0-00032 3 17859 21477 21819
listing FR940104-0-00032 5 17861 19903 20786 20804 21935
abbreviations FR940104-0-00032 2 17868 18237
specified FR940104-0-00032 5 17869 18236 19669 19936 19965
another FR940104-0-00032 3 17882 20017 20762
entire FR940104-0-00032 1 17887
just FR940104-0-00032 2 17891 18370
primary FR940104-0-00032 6 17896 18375 18502 18514 18590 18640
container FR940104-0-00032 10 17897 18376 18503 18515 18563 18591 18616 18641 20397 20405
relate FR940104-0-00032 2 17905 23050
exempt FR940104-0-00032 2 17925 18723
heading FR940104-0-00032 10 17930 18846 18975 19034 19051 19085 19100 20361 20431 20632
entitled FR940104-0-00032 3 17931 20730 20764
facts FR940104-0-00032 5 17934 18734 19587 19944 20733
box FR940104-0-00032 9 17938 18552 18594 18622 18752 18861 20729 20756 21004
surrounds FR940104-0-00032 1 17940
lines FR940104-0-00032 4 17947 19528 19541 19838
separate FR940104-0-00032 6 17949 18758 19527 19842 19891 20421
each FR940104-0-00032 4 17950 19843 21614 22189
individual FR940104-0-00032 1 17951
headings FR940104-0-00032 4 17955 18761 19068 19216
nonfunctional FR940104-0-00032 3 17962 19280 19311
slackfill FR940104-0-00032 3 17963 19281 19312
revised FR940104-0-00032 6 17966 19285 20026 21530 21989 22404
containers FR940104-0-00032 2 17969 19288
bigger FR940104-0-00032 1 17972
notes FR940104-0-00032 5 17976 20440 21828 22116 22741
provides FR940104-0-00032 5 17982 18194 18253 18634 22356
part FR940104-0-00032 3 17985 19554 19737
subject FR940104-0-00032 1 17995
among FR940104-0-00032 1 17998
conditions FR940104-0-00032 3 18005 18517 21903
set FR940104-0-00032 3 18006 19227 19731
out FR940104-0-00032 4 18007 19447 20349 22616
section FR940104-0-00032 10 18024 18155 18190 18252 18694 19862 19887 20763 20812 21093
101.9 FR940104-0-00032 2 18025 18156
defines FR940104-0-00032 2 18035 18166
an FR940104-0-00032 4 18063 18167 20868 21897
can FR940104-0-00032 4 18071 18219 18327 18966
obtain FR940104-0-00032 1 18074
call FR940104-0-00032 1 18086
18001234567 FR940104-0-00032 1 18087
either FR940104-0-00032 2 18116 21991
voluntarily FR940104-0-00032 1 18117
several FR940104-0-00032 4 18195 19570 19926 21680
additional FR940104-0-00032 2 18196 20774
assist FR940104-0-00032 1 18201
fitting FR940104-0-00032 1 18204
both FR940104-0-00032 3 18209 19067 20941
apply FR940104-0-00032 5 18220 22233 22325 22511 22545
presenting FR940104-0-00032 2 18239 18255
horizontal FR940104-0-00032 1 18265
display FR940104-0-00032 6 18267 18332 18357 18637 18645 18679
string FR940104-0-00032 1 18273
fashion FR940104-0-00032 2 18275 18345
: FR940104-0-00032 5 18276 19828 20629 20856 22407
1 FR940104-0-00032 12 18278 18700 19676 21099 21394 21577 21588 21982 22222 22247 22534 22557
product FR940104-0-00032 8 18282 18304 18527 18652 20795 21319 22190 22267
shape FR940104-0-00032 1 18324
column FR940104-0-00032 1 18331
given FR940104-0-00032 4 18341 19248 21455 21624
only FR940104-0-00032 8 18346 20997 21650 21800 22008 22039 22080 22281
vertical FR940104-0-00032 3 18354 19143 19180
response FR940104-0-00032 9 18360 18945 19342 20321 21120 21709 22110 22885 23036
convey FR940104-0-00032 1 18379
traditionally FR940104-0-00032 1 18389
statement FR940104-0-00032 5 18399 18405 19460 19899 21834
identity FR940104-0-00032 2 18401 19462
net FR940104-0-00032 3 18403 19455 23145
weight FR940104-0-00032 1 18404
ingredient FR940104-0-00032 4 18407 21337 21372 21969
list FR940104-0-00032 9 18408 19174 19181 19200 19221 20772 20996 21338 21373
name FR940104-0-00032 3 18410 20924 21268
place FR940104-0-00032 1 18412
manufacture FR940104-0-00032 1 18414
appear FR940104-0-00032 1 18420
packaged FR940104-0-00032 2 18425 18462
includes FR940104-0-00032 1 18431
materials FR940104-0-00032 1 18432
affixed FR940104-0-00032 1 18434
posters FR940104-0-00032 1 18441
notebooks FR940104-0-00032 1 18443
leaflets FR940104-0-00032 1 18445
brochures FR940104-0-00032 1 18448
purchase FR940104-0-00032 2 18454 18575
become FR940104-0-00032 1 18458
separated FR940104-0-00032 4 18459 18511 20368 20640
inappropriate FR940104-0-00032 1 18466
delivery FR940104-0-00032 1 18469
concludes FR940104-0-00032 3 18477 19757 22851
grant FR940104-0-00032 1 18485
request FR940104-0-00032 3 18487 21059 21265
however FR940104-0-00032 7 18492 18935 19500 19692 20495 21259 21493
considers FR940104-0-00032 1 18495
outer FR940104-0-00032 3 18496 18562 18621
packaging FR940104-0-00032 3 18497 18632 18711
securely FR940104-0-00032 1 18499
encloses FR940104-0-00032 1 18500
intended FR940104-0-00032 4 18508 19684 20534 22678
retail FR940104-0-00032 1 18519
sale FR940104-0-00032 1 18520
bottle FR940104-0-00032 1 18534
tablet FR940104-0-00032 1 18540
granular FR940104-0-00032 1 18542
liquid FR940104-0-00032 1 18545
placed FR940104-0-00032 7 18548 18664 19041 19093 20512 20594 20665
sealed FR940104-0-00032 2 18551 18631
must FR940104-0-00032 3 18557 18798 21149
where FR940104-0-00032 4 18564 20507 20583 20864
while FR940104-0-00032 3 18577 21633 22646
do FR940104-0-00032 5 18580 18601 22077 22978 23023
require FR940104-0-00032 5 18582 19769 20028 20060 21683
repeated FR940104-0-00032 2 18587 19218
inside FR940104-0-00032 1 18592
so FR940104-0-00032 3 18602 18604 20290
easy FR940104-0-00032 1 18609
once FR940104-0-00032 1 18614
removed FR940104-0-00032 1 18618
likewise FR940104-0-00032 1 18624
cardboard FR940104-0-00032 1 18636
around FR940104-0-00032 1 18638
full FR940104-0-00032 1 18644
seen FR940104-0-00032 1 18646
becomes FR940104-0-00032 1 18650
situations FR940104-0-00032 1 18657
shall FR940104-0-00032 7 18662 19841 19890 20638 20663 22360 22411
panels FR940104-0-00032 1 18667
directed FR940104-0-00032 2 18669 19426
§§101.1 FR940104-0-00032 1 18671
101.2 FR940104-0-00032 1 18673
pertaining FR940104-0-00032 1 18675
principal FR940104-0-00032 1 18678
respectively FR940104-0-00032 2 18686 19812
graphic FR940104-0-00032 5 18725 18887 19729 19743 19962
title FR940104-0-00032 2 18731 19941
largest FR940104-0-00032 1 18738
enclosed FR940104-0-00032 1 18749
hairlines FR940104-0-00032 8 18756 19523 19536 19655 19701 19710 19749 19770
stated FR940104-0-00032 12 18764 20001 20801 20898 21387 21564 21619 21920 22215 22240 22831 22942
above FR940104-0-00032 4 18765 19870 20378 20650
concluded FR940104-0-00032 5 18769 18963 22973 23020 23186
mandatory FR940104-0-00032 3 18772 21130 21716
final FR940104-0-00032 12 18775 19308 20033 20581 21133 21299 21719 22598 22772 23069 23100 23201
rule FR940104-0-00032 18 18776 19309 19705 19832 20125 20506 20582 21134 21300 21568 21720 21987 22026 22599 22707 22773 22983 23070
2079 FR940104-0-00032 3 18780 21724 22608
2136 FR940104-0-00032 1 18782
was FR940104-0-00032 5 18789 21022 21140 21167 22754
observable FR940104-0-00032 2 18793 21144
comprehensible FR940104-0-00032 2 18795 21146
thus FR940104-0-00032 6 18813 19475 20383 21164 21251 22969
establishing FR940104-0-00032 1 18816
went FR940104-0-00032 1 18826
great FR940104-0-00032 1 18828
lengths FR940104-0-00032 1 18829
give FR940104-0-00032 3 18831 20198 21504
format FR940104-0-00032 6 18833 18942 19144 19258 20128 20188
distinctive FR940104-0-00032 2 18835 21183
look FR940104-0-00032 5 18836 20098 20144 20255 21184
through FR940104-0-00032 6 18840 19029 21590 22224 22316 22536
prominent FR940104-0-00032 1 18845
highlighting FR940104-0-00032 1 18848
key FR940104-0-00032 1 18850
enclosure FR940104-0-00032 1 18855
recognition FR940104-0-00032 2 18866 21192
encourage FR940104-0-00032 2 18872 21200
appearance FR940104-0-00032 2 18880 20204
begins FR940104-0-00032 1 18881
lost FR940104-0-00032 1 18884
elements FR940104-0-00032 5 18888 19572 19928 19963 20189
omitted FR940104-0-00032 1 18890
certain FR940104-0-00032 1 18892
action FR940104-0-00032 1 18896
make FR940104-0-00032 2 18898 21213
likely FR940104-0-00032 2 18900 21215
some FR940104-0-00032 3 18902 21217 22843
fail FR940104-0-00032 2 18905 21220
recognize FR940104-0-00032 4 18907 20164 21222 21381
understand FR940104-0-00032 1 18913
significance FR940104-0-00032 1 18915
reason FR940104-0-00032 3 18925 19328 21744
providing FR940104-0-00032 3 18930 19157 21254
flexibility FR940104-0-00032 8 18932 18969 21111 21256 22995 23114 23169 23219
reviewed FR940104-0-00032 1 18940
concerned FR940104-0-00032 1 18949
about FR940104-0-00032 2 18950 22259
provide FR940104-0-00032 11 18967 19082 19493 19699 20191 20230 20722 21109 21607 21853 22569
placement FR940104-0-00032 1 18972
% FR940104-0-00032 3 18978 19036 19087
daily FR940104-0-00032 7 18979 19037 19088 19245 19849 19868 20434
value FR940104-0-00032 14 18980 19038 19089 19246 19850 19869 20435 21560 21781 22390 22429 22458 22723 22747
contains FR940104-0-00032 6 18987 19569 19925 20466 21940 22065
5 FR940104-0-00032 5 18990 20467 22344 22702 22861
calories FR940104-0-00032 7 18991 18996 19905 20448 20470 20598 20657
per FR940104-0-00032 11 18992 19054 19103 19893 20342 20364 20396 20404 20426 20589 20635
serving FR940104-0-00032 11 18993 19055 19104 19894 20336 20343 20365 20413 20427 20590 20636
declared FR940104-0-00032 11 19001 19115 20454 20600 21559 21612 21643 21657 21663 21782 22090
situation FR940104-0-00032 1 19005
shown FR940104-0-00032 4 19007 19184 19876 22808
sample FR940104-0-00032 3 19010 19187 19254
8 FR940104-0-00032 5 19018 19566 19794 19802 21823
33715 FR940104-0-00032 4 19026 19616 20114 20527
33728 FR940104-0-00032 1 19028
33730 FR940104-0-00032 1 19030
right FR940104-0-00032 4 19044 19153 19211 19224
bar FR940104-0-00032 14 19048 19984 20030 20062 20249 20268 20377 20387 20419 20443 20509 20585 20649 20662
beneath FR940104-0-00032 5 19049 20380 20390 20652 20666
amount FR940104-0-00032 11 19053 19102 20341 20363 20425 20588 20634 21611 21644 21658 21859
sufficient FR940104-0-00032 1 19061
line FR940104-0-00032 3 19065 19097 19231
calorie FR940104-0-00032 3 19108 19898 20668
11 FR940104-0-00032 1 19128
portions FR940104-0-00032 1 19140
split FR940104-0-00032 3 19147 19203 19257
moved FR940104-0-00032 2 19149 19208
contiguous FR940104-0-00032 1 19152
adequate FR940104-0-00032 1 19172
9 FR940104-0-00032 7 19195 19433 19723 19809 19883 21863 21907
long FR940104-0-00032 2 19213 22633
off FR940104-0-00032 1 19228
distinguishes FR940104-0-00032 1 19233
sets FR940104-0-00032 1 19236
apart FR940104-0-00032 1 19238
percent FR940104-0-00032 11 19244 19848 19867 20433 21548 21555 21640 21654 21690 21778 21855
left FR940104-0-00032 1 19251
included FR940104-0-00032 2 19260 19709
convinced FR940104-0-00032 2 19274 20183
discussed FR940104-0-00032 5 19305 19604 20515 21118 21707
64123 FR940104-0-00032 1 19316
64134 FR940104-0-00032 1 19318
knows FR940104-0-00032 1 19325
treating FR940104-0-00032 1 19330
differently FR940104-0-00032 1 19333
suggesting FR940104-0-00032 1 19349
constraints FR940104-0-00032 1 19354
changes FR940104-0-00032 2 19363 20947
reduce FR940104-0-00032 1 19374
find FR940104-0-00032 2 19397 20156
technologically FR940104-0-00032 1 19402
infeasible FR940104-0-00032 1 19403
impracticable FR940104-0-00032 1 19405
fit FR940104-0-00032 1 19407
particular FR940104-0-00032 1 19413
they FR940104-0-00032 7 19416 20000 21501 21747 22076 22472 23022
§§101.9 FR940104-0-00032 2 19428 22201
101.36 FR940104-0-00032 2 19436 22203
quantity FR940104-0-00032 1 19456
contents FR940104-0-00032 1 19458
printed FR940104-0-00032 2 19466 19482
parallel FR940104-0-00032 2 19467 19483
base FR940104-0-00032 2 19470 19486
more FR940104-0-00032 3 19494 20469 20778
urges FR940104-0-00032 1 19503
strive FR940104-0-00032 1 19506
presentation FR940104-0-00032 1 19510
market FR940104-0-00032 2 19516 20213
36. FR940104-0-00032 1 19518
declarations FR940104-0-00032 1 19531
centered FR940104-0-00032 2 19538 19835
between FR940104-0-00032 2 19539 19836
text FR940104-0-00032 2 19543 19840
clarification FR940104-0-00032 2 19549 22869
appendix FR940104-0-00032 4 19551 19734 19913 19923
101 FR940104-0-00032 2 19555 19738
referenced FR940104-0-00032 1 19559
nonrequired FR940104-0-00032 2 19571 19927
helvetica FR940104-0-00032 2 19576 19932
typeface FR940104-0-00032 2 19577 19933
least FR940104-0-00032 6 19580 20679 21553 21609 21638 21652
specific FR940104-0-00032 3 19592 19949 20187
thickness FR940104-0-00032 2 19593 19950
separating FR940104-0-00032 2 19596 19953
bars FR940104-0-00032 3 19597 19954 20331
33716 FR940104-0-00032 2 19618 20529
intends FR940104-0-00032 1 19623
vitamin FR940104-0-00032 7 19629 20034 20540 21538 21787 21938 22063
mineral FR940104-0-00032 5 19631 20036 20542 21540 21789
v FR940104-0-00032 1 19679
contain FR940104-0-00032 4 19687 20737 21602 21636
inadvertently FR940104-0-00032 2 19695 20499
failed FR940104-0-00032 2 19696 20500
specifically FR940104-0-00032 4 19698 22332 22503 22902
although FR940104-0-00032 2 19707 21285
samples FR940104-0-00032 2 19713 21450
urged FR940104-0-00032 1 19726
specifications FR940104-0-00032 2 19730 19744
forth FR940104-0-00032 1 19732
followed FR940104-0-00032 3 19740 20783 20933
describe FR940104-0-00032 1 19745
accordingly FR940104-0-00032 3 19753 20303 20614
modify FR940104-0-00032 1 19763
7 FR940104-0-00032 3 19777 19787 19825
redesignate FR940104-0-00032 1 19781
paragraphs FR940104-0-00032 2 19782 19797
reflect FR940104-0-00032 2 19815 22205
modification FR940104-0-00032 1 19817
new FR940104-0-00032 4 19819 20707 20901 22207
states FR940104-0-00032 3 19827 20693 21439
hairline FR940104-0-00032 1 19831
corresponding FR940104-0-00032 1 19847
below FR940104-0-00032 2 19872 20754
'amount FR940104-0-00032 1 19892
' FR940104-0-00032 2 19895 20245
respect FR940104-0-00032 3 19911 21246 22041
correct FR940104-0-00032 1 19919
stating FR940104-0-00032 1 19921
37. FR940104-0-00032 1 19976
couple FR940104-0-00032 1 19978
objected FR940104-0-00032 1 19981
bottom FR940104-0-00032 3 19987 20065 20271
requirement FR940104-0-00032 3 19996 21805 21996
deleted FR940104-0-00032 1 19998
unnecessary FR940104-0-00032 2 20005 21519
interfere FR940104-0-00032 1 20008
scanning FR940104-0-00032 2 20011 20278
upc FR940104-0-00032 3 20014 20281 20293
symbol FR940104-0-00032 5 20015 20282 20294 21334 21358
following FR940104-0-00032 3 20031 20586 20840
listed FR940104-0-00032 3 20037 20659 21071
ensure FR940104-0-00032 2 20079 21181
types FR940104-0-00032 2 20086 20208
33719 FR940104-0-00032 1 20116
's FR940104-0-00032 8 20123 20914 20945 20980 20992 21008 21170 22276
57 FR940104-0-00032 1 20133
32058 FR940104-0-00032 1 20135
had FR940104-0-00032 2 20139 22632
argued FR940104-0-00032 2 20140 22449
what FR940104-0-00032 1 20167
-- FR940104-0-00032 1 20170
profile FR940104-0-00032 1 20172
mandated FR940104-0-00032 1 20190
visually FR940104-0-00032 1 20193
integrated FR940104-0-00032 1 20194
uniform FR940104-0-00032 1 20203
across FR940104-0-00032 1 20205
various FR940104-0-00032 1 20207
enhance FR940104-0-00032 1 20216
nothing FR940104-0-00032 2 20223 22663
different FR940104-0-00032 3 20235 20958 21208
conclusion FR940104-0-00032 1 20236
contrary FR940104-0-00032 2 20241 21831
assertion FR940104-0-00032 1 20246
contributes FR940104-0-00032 1 20250
directly FR940104-0-00032 1 20251
avoid FR940104-0-00032 1 20262
interference FR940104-0-00032 1 20265
design FR940104-0-00032 1 20286
layout FR940104-0-00032 1 20289
adjacent FR940104-0-00032 1 20297
38. FR940104-0-00032 1 20326
declaration FR940104-0-00032 4 20392 20423 20669 21694
servings FR940104-0-00032 2 20395 20403
follow FR940104-0-00032 3 20445 20978 21011
specify FR940104-0-00032 2 20502 20578
logical FR940104-0-00032 1 20572
outgrowth FR940104-0-00032 1 20573
’ FR940104-0-00032 2 20633 20637
except FR940104-0-00032 1 20655
e. FR940104-0-00032 1 20672
exemption FR940104-0-00032 2 20675 22160
issues FR940104-0-00032 2 20676 23045
39. FR940104-0-00032 1 20677
three FR940104-0-00032 2 20680 23053
indicate FR940104-0-00032 2 20689 21277
united FR940104-0-00032 1 20692
pharmacopeia FR940104-0-00032 2 20694 20893
usp FR940104-0-00032 21 20696 20741 20880 20909 20929 20938 20991 20998 21013 21081 21272 21278 21315 21333 21345 21357 21382 21677 21772 21844 21870
added FR940104-0-00032 4 20719 20790 20843 21603
could FR940104-0-00032 1 20726
recognized FR940104-0-00032 2 20742 20999
source FR940104-0-00032 1 20747
immediately FR940104-0-00032 1 20753
ingredients FR940104-0-00032 8 20768 20775 20807 21270 21342 21876 22795 22837
insignificant FR940104-0-00032 2 20780 21900
amounts FR940104-0-00032 2 20781 22085
incorporated FR940104-0-00032 1 20792
excipients FR940104-0-00032 1 20797
411 FR940104-0-00032 1 20813
act FR940104-0-00032 8 20828 22134 22666 22674 22996 23115 23170 23220
achieved FR940104-0-00032 1 20831
alternatively FR940104-0-00032 1 20833
sentence FR940104-0-00032 6 20841 20847 20902 22337 22355 22402
first FR940104-0-00032 2 20846 22336
allowances FR940104-0-00032 1 20859
considered FR940104-0-00032 2 20863 21899
firm FR940104-0-00032 2 20866 22182
produces FR940104-0-00032 1 20867
article FR940104-0-00032 1 20869
purports FR940104-0-00032 1 20871
comply FR940104-0-00032 3 20873 20907 21400
official FR940104-0-00032 3 20879 21414 21459
seeks FR940104-0-00032 1 20882
firms FR940104-0-00032 1 20905
permission FR940104-0-00032 1 20915
meet FR940104-0-00032 1 20928
quality FR940104-0-00032 2 20930 21273
standards FR940104-0-00032 2 20931 21755
two FR940104-0-00032 2 20956 21207
very FR940104-0-00032 3 20957 22486 22498
forms FR940104-0-00032 1 20959
depending FR940104-0-00032 1 20971
upon FR940104-0-00032 2 20972 21079
whether FR940104-0-00032 4 20973 21064 22718 23006
manufacturer FR940104-0-00032 3 20975 21007 21925
chose FR940104-0-00032 1 20976
generally FR940104-0-00032 1 20985
top FR940104-0-00032 1 21003
approach FR940104-0-00032 1 21014
inconsistent FR940104-0-00032 1 21023
appears FR940104-0-00032 1 21057
determination FR940104-0-00032 2 21062 21171
based FR940104-0-00032 3 21078 22174 23188
status FR940104-0-00032 3 21082 21279 21316
sought FR940104-0-00032 1 21112
earlier FR940104-0-00032 1 21122
decided FR940104-0-00032 1 21127
whenever FR940104-0-00032 1 21174
order FR940104-0-00032 5 21186 22988 23109 23118 23210
understanding FR940104-0-00032 1 21194
allowing FR940104-0-00032 1 21206
schemes FR940104-0-00032 1 21211
confused FR940104-0-00032 1 21230
fully FR940104-0-00032 1 21237
regard FR940104-0-00032 1 21262
statements FR940104-0-00032 2 21286 21313
appearing FR940104-0-00032 1 21287
outside FR940104-0-00032 1 21288
beyond FR940104-0-00032 1 21294
scope FR940104-0-00032 1 21296
object FR940104-0-00032 2 21305 21327
truthful FR940104-0-00032 4 21310 22255 22560 22591
nonmisleading FR940104-0-00032 4 21312 22257 22562 22593
regarding FR940104-0-00032 2 21314 23071
elsewhere FR940104-0-00032 2 21317 23083
further FR940104-0-00032 2 21322 23212
identify FR940104-0-00032 1 21340
grade FR940104-0-00032 1 21346
consider FR940104-0-00032 1 21355
way FR940104-0-00032 1 21364
constitute FR940104-0-00032 2 21367 22980
intervening FR940104-0-00032 1 21368
material FR940104-0-00032 1 21369
40. FR940104-0-00032 1 21375
methodology FR940104-0-00032 3 21383 21421 21500
specifies FR940104-0-00032 1 21411
association FR940104-0-00032 1 21412
analytical FR940104-0-00032 4 21415 21488 21818 21884
chemists FR940104-0-00032 1 21416
aoac FR940104-0-00032 3 21418 21465 21476
test FR940104-0-00032 1 21420
analysis FR940104-0-00032 3 21424 21462 23041
wishes FR940104-0-00032 1 21428
clarify FR940104-0-00032 1 21430
determines FR940104-0-00032 1 21443
analyze FR940104-0-00032 2 21448 23175
composite FR940104-0-00032 1 21449
methods FR940104-0-00032 3 21453 21460 21508
international FR940104-0-00032 1 21466
15th FR940104-0-00032 1 21469
edition FR940104-0-00032 1 21470
reliable FR940104-0-00032 1 21485
procedures FR940104-0-00032 1 21489
free FR940104-0-00032 1 21496
whatever FR940104-0-00032 1 21499
results FR940104-0-00032 1 21505
41. FR940104-0-00032 1 21521
criteria FR940104-0-00032 1 21528
actual FR940104-0-00032 1 21534
90 FR940104-0-00032 3 21547 21653 21689
100 FR940104-0-00032 4 21554 21639 21777 21854
refers FR940104-0-00032 1 21581
consideration FR940104-0-00032 1 21621
fact FR940104-0-00032 2 21627 21675
formulated FR940104-0-00032 2 21634 21851
designed FR940104-0-00032 1 21647
retain FR940104-0-00032 1 21649
their FR940104-0-00032 1 21656
over FR940104-0-00032 2 21659 22786
shelf FR940104-0-00032 1 21661
life FR940104-0-00032 1 21662
attributed FR940104-0-00032 1 21670
practice FR940104-0-00032 1 21672
monographs FR940104-0-00032 2 21678 21871
previously FR940104-0-00032 1 21706
2171 FR940104-0-00032 1 21726
fabricated FR940104-0-00032 1 21736
provided FR940104-0-00032 1 21741
convincing FR940104-0-00032 1 21743
why FR940104-0-00032 2 21746 22308
held FR940104-0-00032 1 21751
fortified FR940104-0-00032 1 21764
enriched FR940104-0-00032 1 21766
informed FR940104-0-00032 1 21771
anything FR940104-0-00032 1 21774
acceptable FR940104-0-00032 1 21793
permissible FR940104-0-00032 1 21801
deviation FR940104-0-00032 2 21802 21809
attributable FR940104-0-00032 1 21812
variability FR940104-0-00032 1 21815
ref FR940104-0-00032 3 21821 21861 21905
general FR940104-0-00032 1 21840
notices FR940104-0-00032 1 21841
dosage FR940104-0-00032 1 21848
labeled FR940104-0-00032 1 21858
limits FR940104-0-00032 1 21867
overages FR940104-0-00032 1 21874
known FR940104-0-00032 1 21877
decrease FR940104-0-00032 1 21879
time FR940104-0-00032 2 21881 22639
error FR940104-0-00032 1 21885
manufacturing FR940104-0-00032 1 21888
compounding FR940104-0-00032 1 21890
variations FR940104-0-00032 1 21891
deterioration FR940104-0-00032 1 21895
extent FR940104-0-00032 1 21898
42. FR940104-0-00032 1 21910
pertained FR940104-0-00032 1 21913
businesses FR940104-0-00032 6 21916 21999 22150 22167 23017 23182
burdening FR940104-0-00032 1 21923
cost FR940104-0-00032 2 21928 22058
fat FR940104-0-00032 2 21942 22067
protein FR940104-0-00032 2 21945 22070
carbohydrate FR940104-0-00032 2 21948 22074
etc FR940104-0-00032 1 21950
useless FR940104-0-00032 1 21956
exercise FR940104-0-00032 1 21957
especially FR940104-0-00032 1 21959
marketing FR940104-0-00032 1 21965
single FR940104-0-00032 1 21968
substance FR940104-0-00032 1 21970
f FR940104-0-00032 1 21979
delete FR940104-0-00032 1 21992
actually FR940104-0-00032 2 22011 22045
believes FR940104-0-00032 1 22019
misunderstood FR940104-0-00032 1 22023
contained FR940104-0-00032 1 22046
burdened FR940104-0-00032 1 22055
declaring FR940104-0-00032 1 22060
significant FR940104-0-00032 8 22084 22389 22428 22457 22722 22746 23013 23205
changing FR940104-0-00032 1 22106
congress FR940104-0-00032 4 22118 22640 22647 22677
recently FR940104-0-00032 1 22119
passed FR940104-0-00032 1 22120
president FR940104-0-00032 1 22124
signed FR940104-0-00032 1 22125
education FR940104-0-00032 1 22133
1993 FR940104-0-00032 1 22137
pub FR940104-0-00032 2 22139 22998
l. FR940104-0-00032 2 22141 23000
10380 FR940104-0-00032 1 22142
treatment FR940104-0-00032 2 22147 22297
employees FR940104-0-00032 1 22179
units FR940104-0-00032 1 22187
expects FR940104-0-00032 1 22194
publish FR940104-0-00032 1 22196
amend FR940104-0-00032 1 22200
law FR940104-0-00032 1 22208
f. FR940104-0-00032 1 22210
misbranding FR940104-0-00032 1 22211
43. FR940104-0-00032 1 22212
k FR940104-0-00032 13 22219 22226 22244 22311 22318 22341 22508 22531 22538 22554 22629 22699 22858
overbroad FR940104-0-00032 1 22250
suppresses FR940104-0-00032 3 22254 22559 22590
speech FR940104-0-00032 3 22258 22563 22594
beneficial FR940104-0-00032 1 22261
properties FR940104-0-00032 4 22262 22278 22382 22385
virtue FR940104-0-00032 1 22272
inherent FR940104-0-00032 1 22277
but FR940104-0-00032 2 22285 22489
aid FR940104-0-00032 1 22287
prevention FR940104-0-00032 1 22290
cure FR940104-0-00032 1 22292
mitigation FR940104-0-00032 1 22294
disease FR940104-0-00032 1 22300
focus FR940104-0-00032 1 22306
mentioned FR940104-0-00032 1 22333
vague FR940104-0-00032 1 22347
confusing FR940104-0-00032 1 22349
contradictory FR940104-0-00032 1 22352
deemed FR940104-0-00032 2 22362 22413
misbranded FR940104-0-00032 2 22365 22416
represents FR940104-0-00032 2 22371 22422
suggests FR940104-0-00032 1 22373
implies FR940104-0-00032 2 22376 22842
human FR940104-0-00032 6 22394 22433 22462 22727 22751 22813
read FR940104-0-00032 1 22406
scientific FR940104-0-00032 1 22437
evidence FR940104-0-00032 1 22438
claim FR940104-0-00032 1 22441
exist FR940104-0-00032 1 22444
matter FR940104-0-00032 2 22467 22734
perception FR940104-0-00032 2 22470 22737
said FR940104-0-00032 1 22473
child FR940104-0-00032 1 22478
eating FR940104-0-00032 1 22483
spinach FR940104-0-00032 2 22484 22496
low FR940104-0-00032 1 22487
mother FR940104-0-00032 1 22492
high FR940104-0-00032 1 22499
agree FR940104-0-00032 2 22524 22716
conclude FR940104-0-00032 1 22576
applicable FR940104-0-00032 1 22582
2167 FR940104-0-00032 1 22610
pointed FR940104-0-00032 1 22615
redesignated FR940104-0-00032 1 22626
been FR940104-0-00032 4 22634 22730 22791 22807
effect FR940104-0-00032 1 22636
drafted FR940104-0-00032 1 22641
enact FR940104-0-00032 1 22649
legislative FR940104-0-00032 1 22670
history FR940104-0-00032 1 22671
suggest FR940104-0-00032 1 22675
changed FR940104-0-00032 1 22686
nor FR940104-0-00032 1 22688
persuasive FR940104-0-00032 1 22694
arguments FR940104-0-00032 1 22695
amended FR940104-0-00032 1 22710
established FR940104-0-00032 1 22731
phrase FR940104-0-00032 1 22744
promulgated FR940104-0-00032 1 22755
38 FR940104-0-00032 2 22765 22775
2125 FR940104-0-00032 2 22767 22777
2128 FR940104-0-00032 1 22779
explained FR940104-0-00032 1 22784
years FR940104-0-00032 1 22788
marketed FR940104-0-00032 1 22798
essential FR940104-0-00032 1 22811
rutin FR940104-0-00032 1 22818
bioflavonoids FR940104-0-00032 1 22821
paraaminobenzoic FR940104-0-00032 1 22823
acid FR940104-0-00032 1 22824
inositol FR940104-0-00032 1 22827
calling FR940104-0-00032 1 22833
attention FR940104-0-00032 1 22834
benefit FR940104-0-00032 1 22845
misleading FR940104-0-00032 1 22847
language FR940104-0-00032 1 22854
remains FR940104-0-00032 1 22863
clear FR940104-0-00032 1 22864
iv FR940104-0-00032 1 22890
receive FR940104-0-00032 1 22897
dealt FR940104-0-00032 1 22901
absence FR940104-0-00032 1 22913
doing FR940104-0-00032 1 22918
adopting FR940104-0-00032 1 22923
v. FR940104-0-00032 1 22929
economic FR940104-0-00032 4 22930 23039 23096 23150
impact FR940104-0-00032 3 22931 23014 23040
proposals FR940104-0-00032 2 22937 23054
rules FR940104-0-00032 5 22946 22977 23009 23101 23202
taken FR940104-0-00032 1 22954
whole FR940104-0-00032 1 22957
associated FR940104-0-00032 1 22961
costs FR940104-0-00032 2 22962 23125
approximately FR940104-0-00032 1 22964
$ FR940104-0-00032 1 22965
20 FR940104-0-00032 1 22966
million FR940104-0-00032 1 22967
defined FR940104-0-00032 2 22985 23207
executive FR940104-0-00032 4 22987 23108 23117 23209
12291. FR940104-0-00032 1 22989
regulatory FR940104-0-00032 7 22994 23113 23130 23141 23168 23178 23218
96354 FR940104-0-00032 1 23001
explored FR940104-0-00032 1 23005
tentatively FR940104-0-00032 1 23019
evaluated FR940104-0-00032 1 23028
received FR940104-0-00032 1 23034
raised FR940104-0-00032 1 23046
combined FR940104-0-00032 1 23058
discussion FR940104-0-00032 1 23060
them FR940104-0-00032 1 23066
delay FR940104-0-00032 1 23073
date FR940104-0-00032 1 23076
application FR940104-0-00032 1 23078
issue FR940104-0-00032 1 23086
examined FR940104-0-00032 1 23094
implications FR940104-0-00032 1 23097
amending FR940104-0-00032 1 23102
21 FR940104-0-00032 1 23103
cfr FR940104-0-00032 1 23104
12866 FR940104-0-00032 2 23110 23119
directs FR940104-0-00032 1 23120
agencies FR940104-0-00032 1 23121
assess FR940104-0-00032 1 23123
benefits FR940104-0-00032 2 23127 23146
alternatives FR940104-0-00032 1 23131
select FR940104-0-00032 1 23140
approaches FR940104-0-00032 1 23142
including FR940104-0-00032 1 23148
potential FR940104-0-00032 1 23149
environmental FR940104-0-00032 1 23152
public FR940104-0-00032 1 23154
safety FR940104-0-00032 1 23157
effects FR940104-0-00032 1 23158
; FR940104-0-00032 2 23159 23162
distributive FR940104-0-00032 1 23160
impacts FR940104-0-00032 1 23161
equity FR940104-0-00032 1 23164
options FR940104-0-00032 1 23176
relief FR940104-0-00032 1 23179
data FR940104-0-00032 1 23195
12866. FR940104-0-00032 1 23211
certifies FR940104-0-00032 1 23224
