parts FR940810-0-00019 4 2 303 885 917
430 FR940810-0-00019 5 3 304 875 918 942
, FR940810-0-00019 211 4 6 28 61 63 75 97 101 105 114 118 120 128 143 148 152 156 158 169 179 184 188 190 193 216 218 227 230 246 248 259 305 307 357 411 431 433 436 439 443 447 448 471 515 568 570 581 589 590 593 595 607 627 660 662 687 707 731 749 777 787 792 794 801 804 824 845 864 880 892 897 899 914 919 921 954 956 958 960 962 964 970 972 980 982 984 986 988 990 997 999 1011 1013 1086 1093 1098 1100 1104 1106 1107 1130 1131 1133 1146 1375 1377 1573 1576 1584 1615 1777 1785 1809 1817 1822 1884 1969 1971 1973 1975 1981 1995 1997 2002 2004 2006 2008 2077 2084 2109 2129 2287 2328 2389 2397 2475 2479 2528 2623 2625 2664 2666 2668 2692 2703 2711 2716 2719 2720 2744 2745 2747 2760 2769 2774 2947 2968 2971 2973 2976 2984 2990 3028 3032 3046 3084 3094 3123 3125 3150 3176 3206 3233 3236 3341 3343 3369 3421 3542 3576 3578 3581 3583 3650 3658 3661 3775 4119 4216 4218 4220 4242 4244 4424 4453 4456 4458 4461 4472 4475 4477 4485 4491 4512 4557 4581 4617 5070 5075 5078 5082
436 FR940810-0-00019 5 5 306 886 920 1359
and FR940810-0-00019 135 7 19 25 40 64 85 91 106 121 145 174 181 219 249 284 293 308 372 401 416 421 512 536 576 582 596 640 663 675 712 734 736 762 772 782 795 805 828 861 878 887 900 903 912 922 973 1168 1184 1290 1342 1348 1378 1406 1515 1607 1622 1720 1738 1794 1877 1976 1984 2009 2041 2078 2094 2124 2143 2167 2197 2221 2267 2288 2345 2369 2400 2431 2463 2482 2523 2537 2626 2669 2775 2779 2786 2801 2960 2977 2995 3010 3095 3115 3126 3134 3243 3249 3282 3344 3380 3387 3432 3439 3474 3492 3504 3536 3561 3579 3612 3681 3707 3910 3965 4045 4050 4221 4234 4237 4245 4272 4437 4462 4478 4496 4535 4562 4590 4601 4633 4799 4853 4933 4938 5087
455 FR940810-0-00019 5 8 309 888 923 2607
[ FR940810-0-00019 12 9 1108 1112 1120 1128 2721 2725 2734 2742 4072 4960 5090
docket FR940810-0-00019 3 10 487 753
no FR940810-0-00019 2 11 673
. FR940810-0-00019 219 12 30 35 78 93 129 150 161 195 262 317 355 369 393 427 437 461 479 498 519 540 549 649 740 769 818 868 882 890 952 995 1016 1042 1053 1147 1187 1198 1232 1243 1261 1299 1315 1339 1369 1386 1425 1476 1497 1513 1556 1564 1581 1597 1602 1633 1647 1652 1729 1762 1773 1798 1805 1826 1831 1855 1866 1886 1892 1910 1924 1941 1947 1964 1991 2015 2020 2039 2045 2056 2102 2122 2151 2156 2188 2204 2209 2231 2244 2298 2306 2311 2337 2355 2375 2386 2406 2423 2429 2438 2457 2472 2488 2508 2513 2549 2554 2567 2593 2617 2634 2650 2671 2678 2761 2781 2816 2843 2855 2868 2881 2895 2905 2910 2925 2934 2979 3005 3019 3106 3118 3152 3169 3178 3200 3208 3222 3228 3267 3293 3333 3355 3372 3378 3405 3411 3424 3430 3455 3462 3483 3502 3512 3525 3532 3553 3589 3595 3621 3629 3663 3669 3723 3735 3766 3788 3793 3919 3925 3974 3979 4068 4079 4088 4093 4102 4107 4147 4185 4202 4223 4247 4258 4291 4315 4327 4340 4359 4365 4382 4387 4402 4411 4464 4480 4518 4530 4545 4577 4586 4597 4620 4626 4649 4671 4676 4809 4815 4862 4867 4956 4968 4977 4997 5002 5044 5067 5071 5089 5093
94n0184 FR940810-0-00019 1 13
] FR940810-0-00019 12 14 1114 1126 1132 1137 2727 2740 2746 2751 4074 4962 5100
antibiotics FR940810-0-00019 3 15 881 889
drugs FR940810-0-00019 7 16 277 713 913 931 1350 2598
; FR940810-0-00019 28 17 98 116 932 993 1690 1697 1705 1719 2932 3120 3129 3133 3864 3881 3897 3909 4027 4049 4409 4739 4756 4770 4782 4798 4915 4937 5097
rifabutin FR940810-0-00019 87 18 20 62 76 247 260 1052 1054 1197 1202 1211 1229 1242 1247 1260 1314 1323 1326 1336 1450 1486 1505 1552 1658 1687 1708 1761 1930 2255 2304 2361 2419 2451 2501 2572 2649 2672 2808 2966 3111 3363 3402 3449 3468 3587 3619 3648 3680 3751 3798 3812 3843 3871 3878 3885 3889 4043 4154 4169 4200 4224 4230 4251 4257 4260 4284 4367 4445 4503 4543 4565 4614 4643 4679 4686 4718 4746 4753 4762 4786 4790 4831 4931 4987 5011 5041 5051
capsules FR940810-0-00019 13 21 77 261 1451 2305 2437 2573 4201 4225 4228 4529 4580 5052
agency FR940810-0-00019 3 22 264 321
: FR940810-0-00019 45 23 32 37 95 131 166 198 928 948 950 1036 1068 1179 1281 1365 1367 1421 1662 1681 1749 2062 2613 2615 2647 2789 2953 2997 3139 3230 3809 3836 3988 4016 4198 4430 4440 4498 4509 4524 4569 4683 4711 4876 4904 5069
food FR940810-0-00019 11 24 39 144 180 215 711 896 911 969 1374 2622
drug FR940810-0-00019 18 26 41 50 60 70 146 172 182 217 245 392 898 971 1376 2624 2993 4494 5085
administration FR940810-0-00019 4 27 42 147 183
hhs FR940810-0-00019 1 29
action FR940810-0-00019 3 31 336 682
final FR940810-0-00019 5 33 376 396 429 529
rule FR940810-0-00019 5 34 377 397 430 530
summary FR940810-0-00019 2 36 716
the FR940810-0-00019 242 38 48 65 68 79 136 213 263 268 272 291 295 320 352 424 453 486 493 505 544 591 600 655 658 667 681 699 704 708 719 729 752 757 765 770 850 894 908 935 967 1002 1060 1065 1199 1216 1219 1225 1228 1244 1285 1316 1325 1335 1352 1372 1399 1493 1504 1568 1571 1579 1587 1613 1617 1626 1635 1639 1643 1654 1703 1711 1726 1792 1929 1998 2028 2032 2035 2043 2051 2069 2072 2091 2095 2104 2111 2114 2117 2120 2127 2131 2140 2146 2149 2154 2158 2164 2169 2173 2178 2190 2193 2211 2213 2218 2222 2224 2228 2233 2239 2242 2265 2275 2279 2284 2290 2296 2318 2322 2377 2392 2433 2443 2526 2530 2534 2541 2556 2559 2564 2568 2571 2580 2600 2620 2823 2856 2918 2940 2963 2988 3107 3291 3297 3309 3315 3362 3519 3534 3544 3549 3554 3586 3596 3618 3627 3630 3647 3670 3677 3736 3750 3768 3795 3842 3846 3849 3861 3870 3874 3877 3888 3917 3943 3967 3981 4022 4030 4038 4042 4054 4062 4065 4121 4151 4158 4162 4165 4168 4279 4295 4328 4343 4347 4362 4366 4371 4395 4417 4444 4449 4468 4489 4502 4507 4522 4559 4564 4583 4588 4592 4599 4607 4668 4678 4717 4721 4724 4736 4745 4749 4752 4789 4834 4855 4869 4910 4918 4926 4930 4942 4950 4953 4978 4984 5006 5010 5014 5032 5040 5048 5057
( FR940810-0-00019 185 43 140 176 222 239 250 328 331 457 560 583 721 726 838 854 976 1007 1026 1029 1043 1049 1069 1110 1139 1162 1165 1169 1172 1188 1194 1233 1239 1271 1274 1305 1311 1327 1381 1403 1411 1414 1431 1445 1471 1477 1483 1488 1524 1533 1557 1598 1648 1763 1768 1799 1827 1856 1861 1870 1887 1903 1911 1919 1942 2016 2182 2205 2307 2338 2349 2424 2505 2509 2550 2629 2651 2658 2681 2723 2753 2790 2817 2833 2869 2882 2896 2906 2926 2954 2980 3006 3015 3053 3060 3078 3140 3145 3159 3170 3190 3201 3223 3321 3324 3327 3334 3349 3406 3452 3456 3526 3571 3590 3599 3622 3633 3664 3673 3687 3695 3698 3701 3724 3730 3740 3782 3789 3831 3851 3920 3931 3934 3950 3953 3956 3959 3975 4069 4075 4089 4103 4108 4128 4131 4148 4176 4179 4203 4210 4305 4349 4376 4379 4383 4403 4431 4441 4465 4481 4499 4519 4531 4540 4551 4554 4570 4646 4672 4726 4810 4821 4824 4841 4844 4847 4863 4957 4963 4980 4983 4998 5003 5020 5023 5045
fda FR940810-0-00019 4 44 199 381 412
) FR940810-0-00019 185 45 142 178 226 241 252 330 333 460 562 585 723 728 840 857 992 1015 1028 1031 1045 1051 1096 1116 1144 1164 1167 1171 1174 1190 1196 1235 1241 1273 1276 1307 1313 1329 1385 1405 1413 1416 1433 1447 1475 1479 1485 1490 1536 1543 1559 1600 1650 1765 1770 1801 1829 1858 1863 1876 1889 1909 1913 1921 1944 2018 2187 2207 2309 2340 2351 2426 2507 2511 2552 2633 2653 2660 2708 2729 2758 2792 2819 2835 2871 2884 2898 2908 2928 2956 2982 3008 3017 3055 3067 3083 3142 3147 3162 3172 3194 3203 3225 3323 3326 3329 3336 3351 3408 3454 3458 3528 3573 3592 3602 3624 3636 3666 3675 3697 3700 3703 3713 3726 3734 3755 3784 3791 3834 3863 3922 3933 3936 3952 3955 3958 3961 3977 4071 4077 4091 4105 4110 4130 4133 4150 4178 4181 4205 4212 4307 4351 4378 4381 4385 4405 4433 4443 4467 4483 4501 4521 4533 4542 4553 4556 4572 4648 4674 4738 4812 4823 4826 4843 4846 4849 4865 4959 4965 4982 4990 5000 5005 5022 5025 5047
is FR940810-0-00019 45 46 337 367 398 419 434 637 695 1020 1055 1156 1213 1265 1390 2053 2574 2638 2673 2680 2763 2783 2795 2836 2862 2875 2889 3112 3603 3607 3637 3641 3714 3718 3756 3760 4155 4189 4262 4266 4287 4308 4334 4353 4991 5053
amending FR940810-0-00019 1 47
antibiotic FR940810-0-00019 11 49 59 69 244 276 391 1040 1057 1297 1347 2597
regulations FR940810-0-00019 3 51 207 296
to FR940810-0-00019 83 52 87 123 135 233 280 310 452 468 482 534 554 603 797 907 944 1032 1175 1277 1296 1322 1361 1398 1417 1517 1537 1544 1589 1742 1745 1849 1873 1935 1958 1986 2048 2134 2162 2324 2395 2402 2411 2447 2477 2484 2493 2546 2561 2609 2640 2643 2937 3062 3075 3166 3251 3287 3307 3382 3389 3434 3441 3485 3489 3506 3652 3857 4041 4140 4167 4191 4194 4253 4289 4370 4414 4628 4635 4665 4732 4929 5031 5037
include FR940810-0-00019 2 53 311
accepted FR940810-0-00019 4 54 312 383 409
standards FR940810-0-00019 8 55 313 379 410 1186 2661 4213 4372
for FR940810-0-00019 44 56 108 162 171 236 314 387 543 578 616 669 692 784 826 938 1355 1642 1755 2303 2371 2459 2603 2655 2822 2930 2965 2992 3110 3487 3522 3617 3646 3656 3679 3860 3940 4207 4407 4451 4470 4493 4735 4830 5084
a FR940810-0-00019 123 57 72 109 125 234 242 256 339 348 385 538 556 571 579 605 614 617 638 647 670 690 693 738 778 785 788 799 810 1027 1044 1163 1189 1207 1252 1256 1395 1509 1546 1575 1583 1604 1667 1676 1691 1698 1764 1774 1787 1795 1806 1819 1850 1894 1926 1949 2058 2064 2308 2312 2381 2388 2396 2413 2440 2474 2478 2495 2515 2642 2652 2901 3039 3085 3096 3146 3180 3270 3350 3368 3391 3394 3420 3443 3591 3600 3657 3817 3825 3837 3853 3865 3995 4000 4009 4013 4017 4028 4051 4138 4204 4232 4377 4442 4500 4525 4604 4616 4637 4652 4691 4701 4703 4712 4728 4740 4801 4883 4888 4897 4901 4905 4916 4939
new FR940810-0-00019 10 58 243 1024 1160 1269 1396 1409 1736 2636 4187
use FR940810-0-00019 4 66 254 1832 3524
of FR940810-0-00019 209 67 103 212 238 338 389 408 464 495 574 643 657 678 710 759 780 790 809 870 910 966 1001 1039 1182 1210 1221 1227 1255 1259 1284 1334 1344 1346 1371 1465 1492 1503 1530 1548 1561 1570 1586 1619 1638 1657 1686 1695 1702 1710 1725 1852 1882 1898 1915 1928 1951 1967 2000 2012 2024 2034 2071 2081 2088 2090 2119 2252 2261 2269 2292 2316 2333 2342 2360 2367 2391 2418 2435 2442 2450 2455 2500 2533 2544 2558 2563 2570 2579 2619 2662 2807 2858 2920 2922 2942 2944 2958 3012 3025 3041 3088 3102 3156 3185 3197 3212 3219 3241 3255 3262 3274 3296 3330 3338 3361 3376 3397 3401 3417 3428 3448 3467 3472 3478 3497 3515 3574 3626 3660 3704 3711 3728 3738 3745 3749 3785 3797 3801 3811 3841 3848 3869 3876 3902 3906 3916 3937 3962 3969 3983 4021 4032 4034 4056 4058 4085 4099 4116 4134 4153 4161 4164 4182 4214 4256 4278 4281 4283 4294 4330 4397 4399 4419 4421 4435 4527 4537 4574 4609 4613 4624 4642 4656 4685 4716 4723 4744 4751 4761 4767 4775 4779 4827 4850 4857 4871 4909 4920 4922 4944 4946 4974 4986 5009 5026 5039 5050 5064 5080
in FR940810-0-00019 84 71 204 255 290 300 384 423 490 492 504 610 666 698 746 756 814 849 1223 1331 1401 1715 1760 1879 1901 1932 1955 2116 2172 2274 2283 2295 2321 2364 2452 2767 2772 2777 2915 2935 3023 3065 3216 3280 3305 3314 3319 3469 3518 3539 3689 3693 3743 3780 3845 3873 3887 3893 3929 3948 4061 4083 4097 4114 4126 4144 4174 4392 4412 4447 4505 4549 4662 4720 4748 4788 4794 4807 4819 4839 4949 4972 5013 5018 5062
dosage FR940810-0-00019 2 73 257
form FR940810-0-00019 3 74 258 1438
manufacturer FR940810-0-00019 2 80 273
has FR940810-0-00019 7 81 200 265 322 382 2247 2256
supplied FR940810-0-00019 2 82 270
sufficient FR940810-0-00019 1 83
data FR940810-0-00019 8 84 117 202 269 592 659 791 827
information FR940810-0-00019 8 86 119 164 197 594 661 793 829
establish FR940810-0-00019 2 88 281
its FR940810-0-00019 10 89 253 2793 2820 2872 2885 3288 3682 4259 4292
safety FR940810-0-00019 2 90 283
efficacy FR940810-0-00019 2 92 285
dates FR940810-0-00019 1 94
effective FR940810-0-00019 3 96 404 435
written FR940810-0-00019 4 99 133 450 572
comments FR940810-0-00019 8 100 134 371 451 466 480 500 803
notice FR940810-0-00019 5 102 407 415 573 779
participation FR940810-0-00019 3 104 575 781
requests FR940810-0-00019 3 107 2929 4406
hearing FR940810-0-00019 16 110 126 539 545 557 580 606 618 648 671 694 730 739 786 800 811
by FR940810-0-00019 26 111 127 271 527 684 1022 1064 1158 1215 1267 1392 1407 1526 2237 2241 2576 2829 2987 3259 3547 3585 4157 4301 4374 4488 5056
september FR940810-0-00019 2 112 566
9 FR940810-0-00019 9 113 510 567 859 1070 1783 1815 2682 3114
1994 FR940810-0-00019 2 115 569
analyses FR940810-0-00019 5 122 597 665 706 796
justify FR940810-0-00019 3 124 604 798
addresses FR940810-0-00019 1 130
submit FR940810-0-00019 3 132 449 476
dockets FR940810-0-00019 5 137 454 506 766 851
management FR940810-0-00019 5 138 455 507 767 852
branch FR940810-0-00019 5 139 456 508 768 853
hfa305 FR940810-0-00019 1 141
rm FR940810-0-00019 1 149
123 FR940810-0-00019 1 151
12420 FR940810-0-00019 1 153
parklawn FR940810-0-00019 1 154
dr. FR940810-0-00019 1 155
rockville FR940810-0-00019 2 157 189
md FR940810-0-00019 2 159 191
20857 FR940810-0-00019 2 160 192
further FR940810-0-00019 3 163 2407 2489
contact FR940810-0-00019 1 165
james FR940810-0-00019 1 167
timper FR940810-0-00019 1 168
center FR940810-0-00019 4 170 2991 4492 5083
evaluation FR940810-0-00019 6 173 2208 2553 2994 4495 5086
research FR940810-0-00019 4 175 2996 4497 5088
hfd520 FR940810-0-00019 1 177
5600 FR940810-0-00019 1 185
fishers FR940810-0-00019 1 186
lane FR940810-0-00019 2 187 2277
3014436714 FR940810-0-00019 1 194
supplementary FR940810-0-00019 1 196
evaluated FR940810-0-00019 1 201
submitted FR940810-0-00019 2 203 470
accordance FR940810-0-00019 3 205 2916 4393
with FR940810-0-00019 33 206 231 485 703 751 764 1519 1540 1592 1786 1818 1842 1988 2199 2278 2404 2409 2486 2491 2519 2583 2917 2939 3058 3163 3384 3436 3509 4231 4238 4394 4416 4630
promulgated FR940810-0-00019 1 208
under FR940810-0-00019 6 209 324 821 834 893 904
section FR940810-0-00019 15 210 1018 1154 1263 1388 3332 3541 3706 3939 3964 4136 4184 4829 4852 5028
507 FR940810-0-00019 4 211 963 1370 2618
federal FR940810-0-00019 5 214 895 968 1373 2621
cosmetic FR940810-0-00019 5 220 901 974 1379 2627
act FR940810-0-00019 6 221 902 975 1006 1380 2628
21 FR940810-0-00019 15 223 301 325 611 815 835 872 883 915 939 977 1356 1382 2604 2630
usc FR940810-0-00019 7 224 836 843 978 1009 1383 2631
357 FR940810-0-00019 4 225 989 1384 2632
as FR940810-0-00019 44 228 288 608 926 946 1034 1177 1218 1279 1294 1363 1419 1612 1660 1747 2060 2099 2525 2611 2645 3021 3071 3137 3691 3778 3807 3927 3946 3972 3986 4081 4095 4112 4172 4196 4547 4567 4681 4817 4837 4860 4874 4970 5029
amended FR940810-0-00019 7 229 299 925 1021 1157 1266 1391
respect FR940810-0-00019 1 232
request FR940810-0-00019 11 235 386 537 577 615 668 691 725 783 2950 4427
approval FR940810-0-00019 2 237 388
1 FR940810-0-00019 47 240 561 1129 1461 1663 1666 1769 1862 1895 1920 1960 1970 2010 2200 2334 2350 2520 2659 2743 2840 3016 3044 3090 3325 3476 3495 3611 3699 3816 3935 3954 3994 4008 4132 4139 4180 4211 4312 4380 4541 4555 4690 4825 4845 4882 4896 5024
2 FR940810-0-00019 29 251 584 1121 1675 1800 1888 1943 1972 2066 2082 2425 2731 2735 2907 3263 3470 3479 3498 3764 3824 3921 3999 4012 4141 4384 4702 4811 4887 4900
concluded FR940810-0-00019 1 266
that FR940810-0-00019 18 267 294 334 341 380 414 473 635 645 672 1212 2562 2788 3858 4135 4285 4733 5038
concerning FR940810-0-00019 1 274
these FR940810-0-00019 3 275 315 1992
are FR940810-0-00019 13 278 467 481 812 924 1740 2106 2180 2226 2849 3136 4226 4321
adequate FR940810-0-00019 1 279
their FR940810-0-00019 1 282
when FR940810-0-00019 2 286 403
used FR940810-0-00019 5 287 1646 4368 4446 4504
directed FR940810-0-00019 11 289 2100 3022 3928 4082 4096 4113 4173 4548 4818 4971
labeling FR940810-0-00019 3 292 2909 4386
should FR940810-0-00019 1 297
be FR940810-0-00019 11 298 469 483 502 524 547 744 847 2913 3303 4390
cfr FR940810-0-00019 10 302 326 612 816 873 884 916 940 1357 2605
products FR940810-0-00019 1 316
environmental FR940810-0-00019 3 318 360 364
impact FR940810-0-00019 2 319 365
determined FR940810-0-00019 1 323
25.24 FR940810-0-00019 1 327
c FR940810-0-00019 17 329 1412 1478 1670 1706 1875 1912 2510 3202 3457 3665 3828 3898 4694 4706 4757 4771
6 FR940810-0-00019 2 332 1538
this FR940810-0-00019 31 335 375 395 428 496 528 685 760 775 822 2923 2945 3026 3331 3516 3540 3705 3786 3938 3963 4086 4100 4117 4183 4400 4422 4828 4851 4975 5027 5065
type FR940810-0-00019 1 340
does FR940810-0-00019 1 342
not FR940810-0-00019 22 343 399 422 620 696 2796 2802 2837 2850 2863 2876 2890 3608 3613 3642 3719 3761 4267 4273 4309 4322 4335
individually FR940810-0-00019 1 344
or FR940810-0-00019 13 345 445 564 587 625 688 702 807 841 1467 1847 3098 4239
cumulatively FR940810-0-00019 1 346
have FR940810-0-00019 2 347 3772
significant FR940810-0-00019 1 349
effect FR940810-0-00019 1 350
on FR940810-0-00019 12 351 444 563 586 598 1791 2031 2063 2812 2962 3803 4439
human FR940810-0-00019 1 353
environment FR940810-0-00019 1 354
therefore FR940810-0-00019 3 356 432 891
neither FR940810-0-00019 1 358
an FR940810-0-00019 14 359 363 390 1056 2248 2257 2467 2584 2674 2813 3033 3047 3252 3804
assessment FR940810-0-00019 1 361
nor FR940810-0-00019 1 362
statement FR940810-0-00019 1 366
required FR940810-0-00019 5 368 700 705 2986 4487
submitting FR940810-0-00019 1 370
filing FR940810-0-00019 1 373
objections FR940810-0-00019 2 374 533
announces FR940810-0-00019 1 378
because FR940810-0-00019 2 394 402
controversial FR940810-0-00019 1 400
it FR940810-0-00019 19 405 535 651 2047 2679 2762 2782 2899 2911 3284 3606 3640 3717 3759 4265 4286 4341 4360 4388
provides FR940810-0-00019 1 406
finds FR940810-0-00019 1 413
comment FR940810-0-00019 1 417
procedure FR940810-0-00019 6 418 879 1601 2019 2512 5016
unnecessary FR940810-0-00019 1 420
public FR940810-0-00019 3 425 832 1003
interest FR940810-0-00019 1 426
however FR940810-0-00019 1 438
interested FR940810-0-00019 1 440
persons FR940810-0-00019 1 441
may FR940810-0-00019 7 442 475 501 531 619 846 3302
before FR940810-0-00019 3 446 565 588
address FR940810-0-00019 2 458 855
above FR940810-0-00019 3 459 856 2101
two FR940810-0-00019 3 462 2581 3562
copies FR940810-0-00019 2 463 748
any FR940810-0-00019 4 465 520 550 2270
except FR940810-0-00019 2 472 825
individuals FR940810-0-00019 1 474
one FR940810-0-00019 2 477 3557
copy FR940810-0-00019 1 478
identified FR940810-0-00019 2 484 750
number FR940810-0-00019 3 488 754 4280
found FR940810-0-00019 1 489
brackets FR940810-0-00019 1 491
heading FR940810-0-00019 2 494 758
document FR940810-0-00019 2 497 761
received FR940810-0-00019 1 499
seen FR940810-0-00019 2 503 848
between FR940810-0-00019 4 509 858 3113 3676
am FR940810-0-00019 3 511 860 5099
4 FR940810-0-00019 6 513 862 3490 3616 4090 4999
pm FR940810-0-00019 2 514 863
monday FR940810-0-00019 2 516 865
through FR940810-0-00019 6 517 866 2380 2466 3269 4651
friday FR940810-0-00019 2 518 867
person FR940810-0-00019 4 521 551 601 720
who FR940810-0-00019 3 522 552 724
will FR940810-0-00019 2 523 714
adversely FR940810-0-00019 1 525
affected FR940810-0-00019 1 526
file FR940810-0-00019 2 532 559
reasonable FR940810-0-00019 1 541
grounds FR940810-0-00019 1 542
must FR940810-0-00019 4 546 558 629 743
shown FR940810-0-00019 1 548
decides FR940810-0-00019 1 553
seek FR940810-0-00019 1 555
which FR940810-0-00019 1 599
relies FR940810-0-00019 1 602
specified FR940810-0-00019 1 609
314.300. FR940810-0-00019 1 613
rest FR940810-0-00019 1 621
upon FR940810-0-00019 1 622
mere FR940810-0-00019 1 623
allegations FR940810-0-00019 1 624
denials FR940810-0-00019 1 626
but FR940810-0-00019 1 628
set FR940810-0-00019 1 630
forth FR940810-0-00019 1 631
specific FR940810-0-00019 3 632 1208 1253
facts FR940810-0-00019 1 633
showing FR940810-0-00019 1 634
there FR940810-0-00019 1 636
genuine FR940810-0-00019 2 639 674
substantial FR940810-0-00019 2 641 676
issue FR940810-0-00019 2 642 677
fact FR940810-0-00019 2 644 679
requires FR940810-0-00019 1 646
if FR940810-0-00019 11 650 689 2985 3605 3639 3716 3758 3767 4264 4346 4486
conclusively FR940810-0-00019 1 652
appears FR940810-0-00019 1 653
from FR940810-0-00019 9 654 831 1578 2068 2139 2148 2192 2217 2227
face FR940810-0-00019 1 656
factual FR940810-0-00019 1 664
precludes FR940810-0-00019 1 680
taken FR940810-0-00019 1 683
order FR940810-0-00019 4 686 776 823 3306
made FR940810-0-00019 2 697 3304
format FR940810-0-00019 1 701
commissioner FR940810-0-00019 3 709 909 1217
enter FR940810-0-00019 1 715
judgment FR940810-0-00019 1 717
against FR940810-0-00019 1 718
s FR940810-0-00019 27 722 727 1071 1075 1079 1088 1090 1446 1677 1699 2683 2687 2691 2700 2702 3601 3741 3821 3826 3866 3883 4695 4698 4704 4741 4758 4784
making FR940810-0-00019 3 732 4448 4506
findings FR940810-0-00019 1 733
conclusions FR940810-0-00019 1 735
denying FR940810-0-00019 1 737
all FR940810-0-00019 10 741 819 2844 2859 4035 4059 4316 4331 4923 4947
submissions FR940810-0-00019 2 742 820
filed FR940810-0-00019 3 745 763 5095
three FR940810-0-00019 1 747
appearing FR940810-0-00019 1 755
procedures FR940810-0-00019 1 771
requirements FR940810-0-00019 10 773 2654 2919 2941 3132 3312 3531 4206 4396 4418
governing FR940810-0-00019 1 774
submission FR940810-0-00019 1 789
other FR940810-0-00019 4 802 2596 2845 4317
grant FR940810-0-00019 1 806
denial FR940810-0-00019 1 808
contained FR940810-0-00019 2 813 1330
314.300 FR940810-0-00019 1 817
prohibited FR940810-0-00019 1 830
disclosure FR940810-0-00019 1 833
331 FR940810-0-00019 1 837
j FR940810-0-00019 1 839
18 FR940810-0-00019 4 842 1099 1415 1484
1905 FR940810-0-00019 1 844
list FR940810-0-00019 1 869
subjects FR940810-0-00019 1 871
part FR940810-0-00019 7 874 929 941 1340 1358 2594 2606
administrative FR940810-0-00019 1 876
practice FR940810-0-00019 1 877
authority FR940810-0-00019 7 905 936 949 1353 1366 2601 2614
delegated FR940810-0-00019 1 906
follows FR940810-0-00019 21 927 947 1035 1178 1280 1364 1420 1661 1748 2061 2612 2646 3138 3808 3973 3987 4197 4568 4682 4861 4875
430_antibiotic FR940810-0-00019 1 930
general FR940810-0-00019 1 933
1. FR940810-0-00019 1 934
citation FR940810-0-00019 3 937 1354 2602
continues FR940810-0-00019 3 943 1360 2608
read FR940810-0-00019 10 945 1033 1176 1278 1362 1418 1746 2610 2644 4195
secs FR940810-0-00019 2 951 994
201 FR940810-0-00019 1 953
501 FR940810-0-00019 1 955
502 FR940810-0-00019 1 957
503 FR940810-0-00019 1 959
505 FR940810-0-00019 1 961
701 FR940810-0-00019 1 965
321 FR940810-0-00019 1 979
351 FR940810-0-00019 2 981 1000
352 FR940810-0-00019 1 983
353 FR940810-0-00019 1 985
355 FR940810-0-00019 1 987
371 FR940810-0-00019 1 991
215 FR940810-0-00019 1 996
301 FR940810-0-00019 1 998
health FR940810-0-00019 1 1004
service FR940810-0-00019 1 1005
42 FR940810-0-00019 1 1008
216 FR940810-0-00019 1 1010
241 FR940810-0-00019 1 1012
262 FR940810-0-00019 1 1014
2. FR940810-0-00019 1 1017
430.4 FR940810-0-00019 1 1019
adding FR940810-0-00019 5 1023 1159 1268 1394 1408
paragraph FR940810-0-00019 13 1025 1270 1402 1410 3320 3694 3930 3949 4127 4175 4820 4840 5019
69 FR940810-0-00019 2 1030 1050
§430.4 FR940810-0-00019 1 1037
definitions FR940810-0-00019 3 1038 1181 1283
substances FR940810-0-00019 19 1041 1298 2827 2848 2861 2970 3924 3971 3985 4006 4299 4320 4333 4455 4474 4814 4859 4873 4894
* FR940810-0-00019 38 1046 1047 1048 1148 1149 1150 1151 1152 1191 1192 1193 1236 1237 1238 1300 1301 1302 1303 1304 1308 1309 1310 1426 1427 1428 1429 1430 1434 1435 1436 1480 1481 1482 1730 1731 1732 1733 1734
substance FR940810-0-00019 5 1058 3992 4025 4880 4913
having FR940810-0-00019 2 1059 3393
chemical FR940810-0-00019 1 1061
structure FR940810-0-00019 1 1062
described FR940810-0-00019 10 1063 3313 3538 3692 3779 3947 4125 4838 5017 5061
following FR940810-0-00019 1 1066
name FR940810-0-00019 1 1067
,12 FR940810-0-00019 2 1072 2684
e FR940810-0-00019 5 1073 1092 2206 2685 2705
,14 FR940810-0-00019 2 1074 2686
,15 FR940810-0-00019 2 1076 2688
r FR940810-0-00019 14 1077 1081 1083 1085 2234 2249 2258 2689 2694 2696 2698 3635 3674 3742
,16 FR940810-0-00019 2 1078 2690
,17 FR940810-0-00019 1 1080
,18 FR940810-0-00019 2 1082 2695
,19 FR940810-0-00019 2 1084 2697
20 FR940810-0-00019 8 1087 1833 1835 2365 2416 2453 2498 4579
,21 FR940810-0-00019 2 1089 2701
,22 FR940810-0-00019 1 1091
24 FR940810-0-00019 1 1094
z FR940810-0-00019 2 1095 2707
-6,16 FR940810-0-00019 1 1097
,-1 FR940810-0-00019 2 1101 2712
’ FR940810-0-00019 8 1102 1122 1124 1135 2713 2736 2738 2749
-isobutyl- FR940810-0-00019 1 1103
-7,9,15,17,19,21 FR940810-0-00019 1 1105
9,4- FR940810-0-00019 2 1109 2722
epoxypentadeca FR940810-0-00019 2 1111 2724
1,11,13 FR940810-0-00019 2 1113 2726
trienimino FR940810-0-00019 2 1115 2728
-2 FR940810-0-00019 1 1117
h FR940810-0-00019 7 1118 1141 1143 2732 2755 2757 3634
-furo FR940810-0-00019 2 1119 2733
,3 FR940810-0-00019 2 1123 2737
:7,8 FR940810-0-00019 2 1125 2739
naphth FR940810-0-00019 2 1127 2741
,4 FR940810-0-00019 2 1134 2748
-piperidine FR940810-0-00019 2 1136 2750
-5,10,26- FR940810-0-00019 2 1138 2752
3 FR940810-0-00019 9 1140 1828 2754 2866 2927 3488 4076 4404 4964
,9 FR940810-0-00019 2 1142 2756
-trione- FR940810-0-00019 2 1145 2759
3. FR940810-0-00019 1 1153
430.5 FR940810-0-00019 1 1155
paragraphs FR940810-0-00019 1 1161
104 FR940810-0-00019 2 1166 1195
b FR940810-0-00019 28 1170 1234 1272 1306 1404 1432 1857 2339 3007 3171 3322 3407 3623 3696 3783 3932 3951 3960 4129 4177 4193 4466 4520 4532 4552 4822 4842 5021
106 FR940810-0-00019 4 1173 1240 1275 1312
§430.5 FR940810-0-00019 1 1180
master FR940810-0-00019 3 1183 1203 1337
working FR940810-0-00019 22 1185 1230 1248 1494 1506 1712 2343 2352 2362 2535 2565 3121 3339 3352 3364 3752 3879 3890 4170 4754 4763 4791
term FR940810-0-00019 3 1200 1245 1317
`` FR940810-0-00019 5 1201 1246 1287 1291 1318
standard FR940810-0-00019 35 1204 1220 1231 1249 1338 1495 1507 1621 1704 1713 1945 1954 2092 2285 2344 2353 2363 2536 2566 3122 3340 3353 3366 3732 3753 3862 3880 3891 4171 4737 4755 4764 4768 4792 5043
'' FR940810-0-00019 5 1205 1250 1289 1293 1320
means FR940810-0-00019 3 1206 1251 1324
lot FR940810-0-00019 2 1209 1254
designated FR940810-0-00019 1 1214
comparison FR940810-0-00019 3 1222 2578 4160
determining FR940810-0-00019 1 1224
potency FR940810-0-00019 7 1226 1328 2794 2967 3018 3941 4452
homogeneous FR940810-0-00019 1 1257
preparation FR940810-0-00019 8 1258 1491 1560 1914 2341 3337 4123 4573
4. FR940810-0-00019 1 1262
430.6 FR940810-0-00019 1 1264
§430.6 FR940810-0-00019 1 1282
terms FR940810-0-00019 1 1286
unit FR940810-0-00019 1 1288
microgram FR940810-0-00019 2 1292 1319
applied FR940810-0-00019 3 1295 1321 5030
1.022 FR940810-0-00019 1 1332
micrograms FR940810-0-00019 10 1333 1551 1716 2417 2499 2800 2806 3796 3894 4795
436_tests FR940810-0-00019 1 1341
methods FR940810-0-00019 3 1343 3011 4536
assay FR940810-0-00019 3 1345 3013 4538
antibioticcontaining FR940810-0-00019 1 1349
5. FR940810-0-00019 1 1351
sec FR940810-0-00019 2 1368 2616
6. FR940810-0-00019 1 1387
436.215 FR940810-0-00019 1 1389
alphabetically FR940810-0-00019 1 1393
entry FR940810-0-00019 1 1397
table FR940810-0-00019 1 1400
§436.215 FR940810-0-00019 2 1422 4973
dissolution FR940810-0-00019 4 1423 4344 4476 4966
test FR940810-0-00019 12 1424 1754 2302 2904 3346 3460 3543 3551 4345 4364 4967 5060
1dosage FR940810-0-00019 1 1437
1dissolution FR940810-0-00019 1 1439
medium FR940810-0-00019 1 1440
1rotation FR940810-0-00019 2 1441 1463
rate1 FR940810-0-00019 1 1442
1sampling FR940810-0-00019 1 1443
time FR940810-0-00019 5 1444 3109 3855 4730 5008
1apparatus FR940810-0-00019 1 1448
******* FR940810-0-00019 2 1449 1462
900 FR940810-0-00019 2 1452 1674
ml FR940810-0-00019 1 1453
0.01 FR940810-0-00019 5 1454 1520 1593 1608 1905
n FR940810-0-00019 17 1455 1521 1594 1609 1757 1952 2013 2245 2271 2280 2293 2886 2974 3264 3480 3499 4459
hydrochloric FR940810-0-00019 8 1456 1522 1531 1595 1610 3148 3157 3500
acid FR940810-0-00019 8 1457 1523 1532 1596 1611 3149 3158 3501
100 FR940810-0-00019 8 1458 2022 3217 3823 3998 4011 4886 4899
45 FR940810-0-00019 4 1459 1501 4357 4995
min FR940810-0-00019 1 1460
rate FR940810-0-00019 2 1464 3087
basket FR940810-0-00019 1 1466
paddle FR940810-0-00019 1 1468
stirring FR940810-0-00019 1 1469
element FR940810-0-00019 1 1470
revolutions FR940810-0-00019 1 1472
per FR940810-0-00019 21 1473 1554 1717 1939 1962 2421 2503 2810 3092 3195 3403 3450 3799 3813 3895 3904 4644 4687 4765 4777 4796
minute FR940810-0-00019 2 1474 3093
_ FR940810-0-00019 11 1487 1767 1860 1918 2348 2657 3014 3144 3348 4209 4539
i FR940810-0-00019 15 1489 2791 2955 3141 3976 3996 4018 4109 4432 4571 4848 4864 4884 4906 5004
solution FR940810-0-00019 37 1496 1624 1714 1891 1897 1923 1927 1946 1950 2097 2203 2347 2354 2379 2394 2414 2428 2496 3181 3347 3354 3392 3410 3444 3461 3517 3552 3754 3892 3908 4561 4576 4638 4769 4781 4793 5034
accurately FR940810-0-00019 4 1498 3356 3412 4602
weigh FR940810-0-00019 5 1499 3357 3413 4587 4603
approximately FR940810-0-00019 12 1500 1549 1630 1778 1810 2357 2372 3002 3358 3414 3464 4515
milligrams FR940810-0-00019 17 1502 1685 1938 2359 2449 3004 3360 3416 3466 3901 4255 4282 4517 4612 4760 4774 4808
into FR940810-0-00019 9 1508 1979 2027 2113 3290 3367 3419 4615 4667
suitablesized FR940810-0-00019 1 1510
volumetric FR940810-0-00019 8 1511 1880 1982 2398 2480 3370 3422 4618
flask FR940810-0-00019 6 1512 2399 2481 3371 3423 4619
dissolve FR940810-0-00019 5 1514 3209 3379 3431 3463
dilute FR940810-0-00019 11 1516 1582 1985 2408 2483 2490 3153 3381 3433 3505 4627
volume FR940810-0-00019 7 1518 1987 2403 2485 3383 3435 4629
prepared FR940810-0-00019 5 1525 2055 2098 3945 4836
diluting FR940810-0-00019 1 1527
5 FR940810-0-00019 11 1528 1974 2185 2373 2461 3061 3374 3426 3746 4104 4622
milliliters FR940810-0-00019 14 1529 1591 1978 2023 2366 2454 3155 3168 3218 3375 3427 3471 3508 4623
37 FR940810-0-00019 2 1534 3160
percent FR940810-0-00019 22 1535 1896 1906 2011 2201 2841 2854 2867 2880 2894 3161 3744 3765 3913 4142 4271 4277 4313 4326 4339 4355 4993
liters FR940810-0-00019 1 1539
distilled FR940810-0-00019 4 1541 3164 3198 3220
water FR940810-0-00019 6 1542 1902 2768 3165 3199 3221
obtain FR940810-0-00019 5 1545 2412 2494 3390 3442
concentration FR940810-0-00019 2 1547 3396
13 FR940810-0-00019 1 1550
activity FR940810-0-00019 9 1553 1688 1709 2420 2502 2809 3886 4787 4988
milliliter FR940810-0-00019 17 1555 1718 1940 1963 2422 2504 3091 3404 3451 3477 3496 3896 3905 4645 4766 4778 4797
ii FR940810-0-00019 11 1558 2818 2981 3335 3957 4070 4149 4482 4673 4958 5046
sample FR940810-0-00019 33 1562 1588 1623 1696 1727 1922 1931 2096 2276 2297 2346 2427 2538 2560 3124 3342 3409 3418 3802 3850 3903 3907 3918 3944 4122 4166 4560 4575 4725 4776 4780 4835 5033
solutions FR940810-0-00019 6 1563 1917 1993 2093 2539 3128
fortyfive FR940810-0-00019 1 1565
minutes FR940810-0-00019 8 1566 2186 2374 2462 3117 3491 4358 4996
after FR940810-0-00019 2 1567 2103
beginning FR940810-0-00019 1 1569
rotation FR940810-0-00019 1 1572
withdraw FR940810-0-00019 1 1574
aliquot FR940810-0-00019 3 1577 2390 2476
vessel FR940810-0-00019 1 1580
portion FR940810-0-00019 2 1585 4605
25 FR940810-0-00019 4 1590 3359 3415 4611
iii FR940810-0-00019 5 1599 2870 3328 3527 3702
using FR940810-0-00019 9 1603 2329 2514 3029 3533 3942 4120 4137 4833
suitable FR940810-0-00019 9 1605 1820 2313 2330 2382 2516 3271 4233 4653
spectrophotometer FR940810-0-00019 3 1606 2314 2517
blank FR940810-0-00019 2 1614 2527
determine FR940810-0-00019 5 1616 1634 1653 2529 4591
absorbance FR940810-0-00019 7 1618 1627 1640 1694 1701 2531 2585
each FR940810-0-00019 9 1620 2089 2842 2948 3000 4248 4314 4425 4513
at FR940810-0-00019 10 1625 1629 2079 2589 3038 3567 3709 3852 4356 4727
maximum FR940810-0-00019 3 1628 1641 2586
280 FR940810-0-00019 1 1631
nanometers FR940810-0-00019 4 1632 2548 2592 3045
exact FR940810-0-00019 1 1636
position FR940810-0-00019 1 1637
particular FR940810-0-00019 1 1644
instrument FR940810-0-00019 1 1645
iv FR940810-0-00019 3 1649 2883 3790
calculations FR940810-0-00019 6 1651 3135 3792 3978 4675 4866
total FR940810-0-00019 6 1655 1684 2857 4003 4329 4891
amount FR940810-0-00019 2 1656 4985
dissolved FR940810-0-00019 4 1659 1689 4352 4989
t FR940810-0-00019 8 1664 1682 4001 4014 4052 4889 4902 4940
1= FR940810-0-00019 7 1665 3815 3993 4007 4689 4881 4895
u FR940810-0-00019 10 1668 1692 3818 3829 3838 3899 4692 4707 4713 4772
x FR940810-0-00019 23 1669 1671 1673 1678 1780 1782 1812 1814 1834 3050 3819 3822 3827 3830 3997 4010 4693 4696 4699 4705 4708 4885 4898
d FR940810-0-00019 6 1672 1721 2017 2551 3224 3725
1000 FR940810-0-00019 2 1679 4709
where FR940810-0-00019 5 1680 3835 4015 4710 4903
= FR940810-0-00019 22 1683 1693 1700 1707 1722 3839 3867 3884 3900 3912 4019 4029 4053 4714 4742 4759 4773 4785 4802 4907 4917 4941
dilution FR940810-0-00019 1 1723
factor FR940810-0-00019 5 1724 3594 3598 3668 3672
filtrate FR940810-0-00019 1 1728
7. FR940810-0-00019 1 1735
§§436.369 FR940810-0-00019 1 1737
436.370 FR940810-0-00019 1 1739
added FR940810-0-00019 3 1741 2639 4190
subpart FR940810-0-00019 3 1743 2641 4192
f FR940810-0-00019 4 1744 2235 2250 2259
§436.369 FR940810-0-00019 2 1750 4098
thin FR940810-0-00019 3 1751 1837 2073
layer FR940810-0-00019 3 1752 1838 2074
chromatography FR940810-0-00019 7 1753 1771 1839 2037 2075 2832 4304
free FR940810-0-00019 1 1756
-isobutylpiperidone FR940810-0-00019 10 1758 1953 2014 2246 2272 2281 2294 2887 2975 4460
content FR940810-0-00019 12 1759 2821 2874 2888 3915 4261 4293 4471 4544 4566 4680 4832
equipment FR940810-0-00019 2 1766 2310
tank FR940810-0-00019 8 1772 1776 1808 2038 2044 2121 2128 2150
rectangular FR940810-0-00019 2 1775 1807
23 FR940810-0-00019 4 1779 1781 1811 1813
centimeters FR940810-0-00019 6 1784 1816 2067 2083 2138 3049
glass FR940810-0-00019 2 1788 2029
solvent FR940810-0-00019 9 1789 1865 2026 2132 2214 4046 4066 4934 4954
trough FR940810-0-00019 3 1790 2030 2115
bottom FR940810-0-00019 3 1793 2033 2118
tightfitting FR940810-0-00019 1 1796
cover FR940810-0-00019 4 1797 1821 2040 2123
iodine FR940810-0-00019 6 1802 1824 2159 2165 2174 2194
vapor FR940810-0-00019 4 1803 2160 2175 2195
chamber FR940810-0-00019 4 1804 2161 2176 2196
containing FR940810-0-00019 11 1823 1904 2415 2497 3001 3182 3445 4229 4514 4606 4639
crystals FR940810-0-00019 2 1825 2166
plates FR940810-0-00019 3 1830 1840 3655
centimeter FR940810-0-00019 3 1836 2335 2521
coated FR940810-0-00019 1 1841
silica FR940810-0-00019 2 1843 3077
gel FR940810-0-00019 1 1844
60f FR940810-0-00019 1 1845
254 FR940810-0-00019 2 1846 3042
equivalent FR940810-0-00019 6 1848 1999 2446 3651 4252 4608
thickness FR940810-0-00019 1 1851
250 FR940810-0-00019 2 1853 2545
microns FR940810-0-00019 1 1854
reagents FR940810-0-00019 3 1859 3119 3143
developing FR940810-0-00019 2 1864 2025
mix FR940810-0-00019 7 1867 3238 3388 3440 3503 4598 4634
petroleum FR940810-0-00019 1 1868
ether FR940810-0-00019 1 1869
bp FR940810-0-00019 1 1871
60 FR940810-0-00019 1 1872
80 FR940810-0-00019 1 1874
acetone FR940810-0-00019 1 1878
proportions FR940810-0-00019 1 1881
100:30 FR940810-0-00019 1 1883
respectively FR940810-0-00019 3 1885 1996 3582
spray FR940810-0-00019 2 1890 2198
prepare FR940810-0-00019 5 1893 1925 1948 2057 3179
soluble FR940810-0-00019 4 1899 2766 2771 2776
starch FR940810-0-00019 2 1900 2202
mercuric FR940810-0-00019 1 1907
iodide FR940810-0-00019 1 1908
spotting FR940810-0-00019 1 1916
1:1 FR940810-0-00019 3 1933 1956 1989
chloroform/methanol FR940810-0-00019 3 1934 1957 1990
contain FR940810-0-00019 6 1936 1959 1994 2952 4290 4429
10 FR940810-0-00019 7 1937 1977 2086 2998 3104 3465 4510
milligram FR940810-0-00019 7 1961 2811 3400 3447 3800 3814 4641
transfer FR940810-0-00019 3 1965 2387 2473
aliquots FR940810-0-00019 2 1966 3514
0.5 FR940810-0-00019 12 1968 2007 2383 2469 2853 2893 3278 3399 3446 4325 4640 4660
separate FR940810-0-00019 1 1980
flasks FR940810-0-00019 1 1983
0.05 FR940810-0-00019 1 2001
0.1 FR940810-0-00019 3 2003 3244 3258
0.2 FR940810-0-00019 1 2005
pour FR940810-0-00019 1 2021
unlined FR940810-0-00019 1 2036
seal FR940810-0-00019 2 2042 2126
allow FR940810-0-00019 3 2046 2130 3484
equilibrate FR940810-0-00019 1 2049
while FR940810-0-00019 1 2050
plate FR940810-0-00019 8 2052 2059 2076 2112 2147 2155 2171 2191
being FR940810-0-00019 2 2054 2587
line FR940810-0-00019 4 2065 2142 2220 2230
base FR940810-0-00019 1 2070
intervals FR940810-0-00019 1 2080
apply FR940810-0-00019 1 2085
microliters FR940810-0-00019 2 2087 3105
spots FR940810-0-00019 5 2105 2179 2225 2273 2282
thoroughly FR940810-0-00019 1 2107
dry FR940810-0-00019 3 2108 2153 2170
place FR940810-0-00019 2 2110 2168
tightly FR940810-0-00019 1 2125
front FR940810-0-00019 4 2133 2215 4047 4935
travel FR940810-0-00019 1 2135
about FR940810-0-00019 9 2136 2184 2253 2262 2460 2590 3089 3398 4610
15 FR940810-0-00019 1 2137
starting FR940810-0-00019 3 2141 2219 2229
then FR940810-0-00019 4 2144 2464 3493 3776
remove FR940810-0-00019 2 2145 2189
air FR940810-0-00019 1 2152
warm FR940810-0-00019 1 2157
vaporize FR940810-0-00019 1 2163
until FR940810-0-00019 1 2177
visible FR940810-0-00019 1 2181
usually FR940810-0-00019 1 2183
measure FR940810-0-00019 1 2210
distance FR940810-0-00019 2 2212 2223
traveled FR940810-0-00019 1 2216
calculate FR940810-0-00019 5 2232 3794 3980 4677 4868
value FR940810-0-00019 3 2236 2251 2260
dividing FR940810-0-00019 1 2238
latter FR940810-0-00019 1 2240
former FR940810-0-00019 1 2243
0.3. FR940810-0-00019 1 2254
0.1. FR940810-0-00019 1 2263
compare FR940810-0-00019 2 2264 2555
size FR940810-0-00019 1 2266
intensity FR940810-0-00019 1 2268
lanes FR940810-0-00019 1 2286
report FR940810-0-00019 1 2289
percentage FR940810-0-00019 3 2291 3982 4870
§436.370 FR940810-0-00019 2 2299 5063
spectrophotometric FR940810-0-00019 2 2300 5058
identity FR940810-0-00019 14 2301 2569 2663 2903 2978 4106 4152 4215 4363 4463 4479 5001 5049 5059
capable FR940810-0-00019 4 2315 3101 3273 4655
recording FR940810-0-00019 1 2317
ultraviolet FR940810-0-00019 3 2319 2542 3034
spectrum FR940810-0-00019 2 2320 2557
200 FR940810-0-00019 3 2323 2358 2448
400 FR940810-0-00019 1 2325
nanometer FR940810-0-00019 1 2326
range FR940810-0-00019 2 2327 2543
quartz FR940810-0-00019 1 2331
cells FR940810-0-00019 2 2332 2522
pathlength FR940810-0-00019 1 2336
suspend FR940810-0-00019 2 2356 2439
methanol FR940810-0-00019 9 2368 2405 2410 2456 2487 2492 2524 2780 3473
sonicate FR940810-0-00019 2 2370 2458
filter FR940810-0-00019 8 2376 2385 2465 2471 3268 3272 4650 4654
resulting FR940810-0-00019 1 2378
micrometer FR940810-0-00019 2 2384 2470
filtered FR940810-0-00019 1 2393
fill FR940810-0-00019 3 2401 4595 4805
empty FR940810-0-00019 2 2430 4578
combine FR940810-0-00019 1 2432
contents FR940810-0-00019 3 2434 2445 4584
five FR940810-0-00019 1 2436
quantity FR940810-0-00019 3 2441 4348 4979
capsule FR940810-0-00019 5 2444 4249 4594 4688 4804
appropriate FR940810-0-00019 1 2468
estimated FR940810-0-00019 3 2506 3453 4647
equipped FR940810-0-00019 1 2518
spectra FR940810-0-00019 2 2532 2582
over FR940810-0-00019 1 2540
300 FR940810-0-00019 3 2547 3003 4516
confirmed FR940810-0-00019 3 2575 4156 5055
quantitative FR940810-0-00019 1 2577
observed FR940810-0-00019 3 2588 3859 4734
275 FR940810-0-00019 1 2591
455_certain FR940810-0-00019 1 2595
8. FR940810-0-00019 1 2599
9. FR940810-0-00019 1 2635
§455.88 FR940810-0-00019 4 2637 2648 4375 4550
certification FR940810-0-00019 4 2656 2931 4208 4408
strength FR940810-0-00019 2 2665 4217
quality FR940810-0-00019 2 2667 4219
purity FR940810-0-00019 2 2670 4222
amorphous FR940810-0-00019 1 2675
redviolet FR940810-0-00019 1 2676
powder FR940810-0-00019 3 2677 4589 4600
17 FR940810-0-00019 1 2693
,20 FR940810-0-00019 1 2699
22 FR940810-0-00019 1 2704
,24 FR940810-0-00019 1 2706
- FR940810-0-00019 4 2709 2714 2717 2730
6,16,18 FR940810-0-00019 1 2710
isobutyl- FR940810-0-00019 1 2715
7,9,15,17,19,21 FR940810-0-00019 1 2718
very FR940810-0-00019 1 2764
slightly FR940810-0-00019 1 2765
sparingly FR940810-0-00019 1 2770
ethanol FR940810-0-00019 1 2773
chloroform FR940810-0-00019 1 2778
so FR940810-0-00019 1 2784
purified FR940810-0-00019 1 2785
dried FR940810-0-00019 1 2787
less FR940810-0-00019 4 2797 3609 3720 4268
than FR940810-0-00019 17 2798 2804 2839 2852 2865 2878 2892 3610 3615 3644 3721 3763 4269 4275 4311 4324 4337
950 FR940810-0-00019 1 2799
more FR940810-0-00019 13 2803 2838 2851 2864 2877 2891 3614 3643 3762 4274 4310 4323 4336
1020 FR940810-0-00019 1 2805
anhydrous FR940810-0-00019 2 2814 3805
basis FR940810-0-00019 2 2815 3806
four FR940810-0-00019 2 2824 4296
major FR940810-0-00019 3 2825 3558 4297
related FR940810-0-00019 19 2826 2847 2860 2969 3923 3970 3984 4005 4024 4298 4319 4332 4454 4473 4813 4858 4872 4893 4912
detected FR940810-0-00019 2 2828 4300
highperformance FR940810-0-00019 2 2830 4302
liquid FR940810-0-00019 2 2831 4303
hplc FR940810-0-00019 4 2834 4163 4306 5015
unknown FR940810-0-00019 2 2846 4318
moisture FR940810-0-00019 5 2873 2972 3914 4078 4457
2.5 FR940810-0-00019 1 2879
v FR940810-0-00019 1 2897
gives FR940810-0-00019 1 2900
positive FR940810-0-00019 1 2902
shall FR940810-0-00019 4 2912 2951 4389 4428
labeled FR940810-0-00019 2 2914 4391
§432.5 FR940810-0-00019 2 2921 4398
chapter FR940810-0-00019 11 2924 2946 3027 3787 4087 4101 4118 4401 4423 4976 5066
samples FR940810-0-00019 4 2933 2983 4410 4484
addition FR940810-0-00019 3 2936 3261 4413
complying FR940810-0-00019 2 2938 4415
§431.1 FR940810-0-00019 2 2943 4420
such FR940810-0-00019 3 2949 3070 4426
results FR940810-0-00019 2 2957 4434
tests FR940810-0-00019 5 2959 3009 3318 4436 4534
assays FR940810-0-00019 2 2961 4438
batch FR940810-0-00019 5 2964 4450 4469 4508 4523
director FR940810-0-00019 3 2989 4490 5077
packages FR940810-0-00019 2 2999 4511
proceed FR940810-0-00019 9 3020 3777 3926 4080 4094 4111 4546 4816 4969
§436.216 FR940810-0-00019 2 3024 3781
ambient FR940810-0-00019 1 3030
temperature FR940810-0-00019 1 3031
detection FR940810-0-00019 1 3035
system FR940810-0-00019 8 3036 3130 3310 3316 3529 3546 3769 4670
operating FR940810-0-00019 1 3037
wavelength FR940810-0-00019 1 3040
# FR940810-0-00019 2 3043 3257
11 FR940810-0-00019 3 3048 3116 3645
4.7 FR940810-0-00019 1 3051
millimeters FR940810-0-00019 1 3052
id FR940810-0-00019 1 3054
column FR940810-0-00019 3 3056 3628 3659
packed FR940810-0-00019 1 3057
microparticulate FR940810-0-00019 1 3059
7 FR940810-0-00019 1 3063
micrometers FR940810-0-00019 1 3064
diameter FR940810-0-00019 3 3066 3281 4663
packing FR940810-0-00019 1 3068
material FR940810-0-00019 1 3069
octylsilane FR940810-0-00019 1 3072
chemically FR940810-0-00019 1 3073
bonded FR940810-0-00019 1 3074
porous FR940810-0-00019 1 3076
us FR940810-0-00019 1 3079
pharmacopeia FR940810-0-00019 1 3080
designation FR940810-0-00019 1 3081
l7 FR940810-0-00019 1 3082
flow FR940810-0-00019 1 3086
manual FR940810-0-00019 1 3097
automatic FR940810-0-00019 1 3099
injector FR940810-0-00019 1 3100
injecting FR940810-0-00019 2 3103 3548
retention FR940810-0-00019 5 3108 3569 3854 4729 5007
resolution FR940810-0-00019 6 3127 3345 3459 3550 3667 3671
suitability FR940810-0-00019 5 3131 3311 3317 3530 3770
2n FR940810-0-00019 2 3151 3207
85 FR940810-0-00019 1 3154
500 FR940810-0-00019 1 3167
potassium FR940810-0-00019 5 3173 3186 3191 3246 4145
dihydrogen FR940810-0-00019 3 3174 3187 3247
phosphate FR940810-0-00019 5 3175 3188 3192 3231 3248
0.1m FR940810-0-00019 1 3177
15.4 FR940810-0-00019 1 3183
grams FR940810-0-00019 2 3184 3211
monohydrate FR940810-0-00019 1 3189
monobasic FR940810-0-00019 1 3193
liter FR940810-0-00019 1 3196
sodium FR940810-0-00019 4 3204 3213 3265 3481
hydroxide FR940810-0-00019 4 3205 3214 3266 3482
8 FR940810-0-00019 1 3210
pellets FR940810-0-00019 1 3215
mobile FR940810-0-00019 6 3226 3298 3385 3437 3510 4631
phase FR940810-0-00019 6 3227 3299 3386 3438 3511 4632
acetonitrile FR940810-0-00019 5 3229 3242 3377 3429 4625
buffer FR940810-0-00019 1 3232
ph FR940810-0-00019 2 3234 3254
6.5 FR940810-0-00019 2 3235 3256
50:50. FR940810-0-00019 1 3237
equal FR940810-0-00019 3 3239 3856 4731
quantities FR940810-0-00019 1 3240
m FR940810-0-00019 3 3245 3833 3911
adjust FR940810-0-00019 1 3250
apparent FR940810-0-00019 1 3253
dropwise FR940810-0-00019 1 3260
removing FR940810-0-00019 2 3275 4657
particulate FR940810-0-00019 2 3276 4658
matter FR940810-0-00019 2 3277 4659
micron FR940810-0-00019 2 3279 4661
degas FR940810-0-00019 1 3283
just FR940810-0-00019 1 3285
prior FR940810-0-00019 2 3286 4664
introduction FR940810-0-00019 1 3289
chromatograph FR940810-0-00019 1 3292
slight FR940810-0-00019 1 3294
adjustments FR940810-0-00019 1 3295
components FR940810-0-00019 1 3300
ratio FR940810-0-00019 1 3301
meet FR940810-0-00019 1 3308
reference FR940810-0-00019 2 3365 5042
add FR940810-0-00019 5 3373 3425 3475 3494 4621
known FR940810-0-00019 1 3395
stand FR940810-0-00019 1 3486
50 FR940810-0-00019 1 3507
store FR940810-0-00019 1 3513
frozen FR940810-0-00019 1 3520
state FR940810-0-00019 1 3521
future FR940810-0-00019 1 3523
apparatus FR940810-0-00019 1 3535
conditions FR940810-0-00019 1 3537
chromatographic FR940810-0-00019 2 3545 4669
chromatogram FR940810-0-00019 7 3555 3847 3875 4063 4722 4750 4951
shows FR940810-0-00019 1 3556
degradation FR940810-0-00019 3 3559 3564 3685
peak FR940810-0-00019 17 3560 3588 3620 3649 3678 3844 3872 4026 4044 4048 4067 4719 4747 4914 4932 4936 4955
minor FR940810-0-00019 1 3563
peaks FR940810-0-00019 5 3565 4036 4060 4924 4948
eluting FR940810-0-00019 3 3566 3684 3708
relative FR940810-0-00019 2 3568 3731
times FR940810-0-00019 1 3570
rrt FR940810-0-00019 2 3572 3710
0.50.6 FR940810-0-00019 1 3575
0.650.75 FR940810-0-00019 1 3577
0.80.9 FR940810-0-00019 2 3580 3712
followed FR940810-0-00019 1 3584
asymmetry FR940810-0-00019 2 3593 3597
satisfactory FR940810-0-00019 5 3604 3638 3715 3757 4263
efficiency FR940810-0-00019 2 3625 3632
absolute FR940810-0-00019 1 3631
2000 FR940810-0-00019 1 3653
theoretical FR940810-0-00019 1 3654
particles FR940810-0-00019 1 3662
closest FR940810-0-00019 1 3683
product FR940810-0-00019 1 3686
generated FR940810-0-00019 1 3688
situ FR940810-0-00019 1 3690
1.3 FR940810-0-00019 1 3722
coefficient FR940810-0-00019 2 3727 3737
variation FR940810-0-00019 2 3729 3739
deviation FR940810-0-00019 1 3733
replicate FR940810-0-00019 1 3747
injections FR940810-0-00019 1 3748
parameters FR940810-0-00019 1 3771
been FR940810-0-00019 1 3773
met FR940810-0-00019 1 3774
1micrograms FR940810-0-00019 1 3810
p FR940810-0-00019 4 3820 3882 4697 4783
100^ FR940810-0-00019 1 3832
area FR940810-0-00019 8 3840 3868 4020 4039 4715 4743 4908 4927
calculating FR940810-0-00019 3 3966 4563 4854
amounts FR940810-0-00019 2 3968 4856
1percent FR940810-0-00019 4 3989 4002 4877 4890
individual FR940810-0-00019 4 3990 4023 4878 4911
hplcrelated FR940810-0-00019 2 3991 4879
hplc- FR940810-0-00019 2 4004 4892
sum FR940810-0-00019 4 4031 4055 4919 4943
areas FR940810-0-00019 4 4033 4057 4921 4945
minus FR940810-0-00019 2 4037 4925
due FR940810-0-00019 2 4040 4928
excluding FR940810-0-00019 2 4064 4952
reserved FR940810-0-00019 2 4073 4961
§436.201 FR940810-0-00019 1 4084
nisobutylpiperidone FR940810-0-00019 1 4092
§436.211 FR940810-0-00019 1 4115
method FR940810-0-00019 1 4124
mixture FR940810-0-00019 1 4143
bromide FR940810-0-00019 1 4146
qualitative FR940810-0-00019 1 4159
10. FR940810-0-00019 1 4186
§455.188 FR940810-0-00019 2 4188 4199
gelatin FR940810-0-00019 1 4227
harmless FR940810-0-00019 1 4235
filler FR940810-0-00019 1 4236
without FR940810-0-00019 1 4240
binders FR940810-0-00019 1 4241
lubricants FR940810-0-00019 1 4243
stabilizers FR940810-0-00019 1 4246
contains FR940810-0-00019 1 4250
150 FR940810-0-00019 1 4254
90 FR940810-0-00019 1 4270
110 FR940810-0-00019 1 4276
represented FR940810-0-00019 1 4288
4.5 FR940810-0-00019 1 4338
passes FR940810-0-00019 2 4342 4361
q FR940810-0-00019 2 4350 4981
75 FR940810-0-00019 2 4354 4992
conforms FR940810-0-00019 1 4369
prescribed FR940810-0-00019 1 4373
minimum FR940810-0-00019 1 4526
30 FR940810-0-00019 1 4528
preparing FR940810-0-00019 1 4558
collecting FR940810-0-00019 1 4582
quantitatively FR940810-0-00019 1 4585
average FR940810-0-00019 2 4593 4803
weight FR940810-0-00019 2 4596 4806
yield FR940810-0-00019 1 4636
injection FR940810-0-00019 1 4666
1milligrams FR940810-0-00019 1 4684
w FR940810-0-00019 2 4700 4800
within FR940810-0-00019 1 4994
response FR940810-0-00019 1 5012
compares FR940810-0-00019 1 5035
qualitatively FR940810-0-00019 1 5036
also FR940810-0-00019 1 5054
dated FR940810-0-00019 1 5068
stephanie FR940810-0-00019 1 5072
r. FR940810-0-00019 1 5073
gray FR940810-0-00019 1 5074
acting FR940810-0-00019 1 5076
office FR940810-0-00019 1 5079
compliance FR940810-0-00019 1 5081
fr FR940810-0-00019 1 5091
doc FR940810-0-00019 1 5092
9419484 FR940810-0-00019 1 5094
8994 FR940810-0-00019 1 5096
8:45 FR940810-0-00019 1 5098
billing FR940810-0-00019 1 5101
code FR940810-0-00019 1 5102
416001f FR940810-0-00019 1 5103
department FR940810-0-00020 4 0 28 43 91
of FR940810-0-00020 9 1 4 29 44 61 70 79 92 97
defense FR940810-0-00020 4 2 30 45 93
office FR940810-0-00020 1 3
the FR940810-0-00020 9 5 42 59 68 90 95 98 129 149
secretary FR940810-0-00020 1 6
32 FR940810-0-00020 1 7
cfr FR940810-0-00020 1 8
part FR940810-0-00020 1 9
77 FR940810-0-00020 1 10
[ FR940810-0-00020 1 11
dod FR940810-0-00020 5 12 32 47 81 123
instruction FR940810-0-00020 1 13
1332.37 FR940810-0-00020 1 14
] FR940810-0-00020 1 15
rin FR940810-0-00020 1 16
0790af70 FR940810-0-00020 1 17
program FR940810-0-00020 1 18
to FR940810-0-00020 5 19 86 106 116 147
encourage FR940810-0-00020 1 20
public FR940810-0-00020 5 21 71 99 111 134
and FR940810-0-00020 9 22 72 76 83 100 112 120 125 135
community FR940810-0-00020 5 23 73 101 113 136
service FR940810-0-00020 6 24 74 102 114 137 141
employment FR940810-0-00020 1 25
agency FR940810-0-00020 1 26
: FR940810-0-00020 3 27 36 41
( FR940810-0-00020 2 31 46
) FR940810-0-00020 2 33 48
. FR940810-0-00020 4 34 39 94 128
action FR940810-0-00020 1 35
final FR940810-0-00020 3 37 53 130
rule FR940810-0-00020 4 38 54 64 131
summary FR940810-0-00020 1 40
is FR940810-0-00020 2 49 105
adopting FR940810-0-00020 1 50
as FR940810-0-00020 3 51 144 146
a FR940810-0-00020 3 52 62 77
, FR940810-0-00020 3 55 58 143
without FR940810-0-00020 1 56
change FR940810-0-00020 1 57
provisions FR940810-0-00020 1 60
proposed FR940810-0-00020 1 63
establishing FR940810-0-00020 1 65
guidelines FR940810-0-00020 1 66
for FR940810-0-00020 3 67 110 138
registration FR940810-0-00020 1 69
organizations FR940810-0-00020 2 75 115
listing FR940810-0-00020 1 78
separating FR940810-0-00020 3 80 122 139
personnel FR940810-0-00020 2 82 124
their FR940810-0-00020 2 84 126
spouses FR940810-0-00020 2 85 127
be FR940810-0-00020 1 87
maintained FR940810-0-00020 1 88
by FR940810-0-00020 1 89
purpose FR940810-0-00020 1 96
organizational FR940810-0-00020 1 103
registry FR940810-0-00020 1 104
provide FR940810-0-00020 1 107
an FR940810-0-00020 1 108
avenue FR940810-0-00020 1 109
recruit FR940810-0-00020 1 117
highly FR940810-0-00020 1 118
skilled FR940810-0-00020 1 119
experienced FR940810-0-00020 1 121
encourages FR940810-0-00020 1 132
continuing FR940810-0-00020 1 133
military FR940810-0-00020 1 140
members FR940810-0-00020 1 142
well FR940810-0-00020 1 145
implement FR940810-0-00020 1 148
temporary FR940810-0-00020 1 150
early FR940810-0-00020 1 151
retirement FR940810-0-00020 1 152
authority FR940810-0-00020 1 153
