it FR941206-1-00134 15 67502 67770 68027 68038 68576 68637 68856 69062 69164 69301 69796 69978 70065 70155 70321
had FR941206-1-00134 4 67503 67587 67667 68132
established FR941206-1-00134 2 67504 68300
, FR941206-1-00134 331 67505 67511 67575 67578 67581 67595 67633 67639 67664 67679 67700 67705 67712 67732 67759 67773 67776 67802 67828 67859 67954 67969 68012 68049 68067 68070 68080 68111 68120 68228 68231 68293 68320 68334 68350 68357 68488 68566 68568 68575 68603 68674 68742 68783 68785 68948 68952 69021 69061 69078 69082 69103 69120 69162 69181 69225 69231 69232 69237 69242 69297 69316 69332 69334 69336 69367 69420 69448 69452 69514 69567 69645 69648 69681 69689 69724 69765 69767 69769 69772 69778 69795 69816 69822 69832 69847 69860 69864 69869 69885 69887 69937 69939 69959 70015 70041 70043 70097 70101 70103 70128 70149 70247 70279 70349 70355 70381 70386 70391 70477 70486 70553 70579 70586 70612 70618 70622 70623 70638 70640 70644 70649 70654 70655 70670 70672 70676 70685 70691 70695 70698 70719 70721 70737 70743 70747 70748 70763 70765 70769 70775 70780 70786 70790 70791 70804 70806 70808 70814 70820 70824 70825 70843 70849 70853 70854 70869 70876 70882 70886 70887 70899 70900 70901 70911 70925 70926 70927 70952 70953 70954 70964 70968 70983 70986 70987 70988 70995 71036 71037 71038 71046 71058 71073 71074 71075 71084 71086 71090 71112 71113 71114 71123 71125 71129 71135 71137 71154 71155 71156 71170 71172 71201 71202 71203 71232 71233 71234 71254 71255 71256 71265 71285 71286 71287 71303 71304 71305 71330 71331 71332 71353 71354 71355 71377 71378 71379 71388 71414 71415 71416 71447 71448 71449 71474 71475 71476 71485 71488 71511 71512 71513 71536 71537 71538 71560 71561 71562 71583 71584 71585 71597 71599 71609 71620 71621 71622 71631 71654 71655 71656 71680 71681 71682 71702 71703 71704 71716 71718 71728 71730 71746 71747 71748 71769 71770 71771 71818 71819 71848 71850 71852 71859 71875 71877 71885 71892 71905 71914 71916 71918 71924 71936 71938 71946 71949 71953 71968 71972 71974 71976 71978 71989 71995 72001 72006 72008 72014 72022 72032 72039 72041 72057 72059 72070 72102 72111 72113 72120 72132 72141 72146 72149 72167 72176 72181 72184 72201 72210 72215 72218
by FR941206-1-00134 15 67506 67602 67607 67676 67862 68482 68551 68854 70253 70313 70520 71813 71882 71943 72099
the FR941206-1-00134 226 67507 67528 67547 67554 67590 67593 67599 67604 67608 67611 67620 67643 67656 67665 67668 67672 67677 67684 67717 67730 67734 67739 67749 67765 67778 67784 67787 67806 67810 67813 67825 67832 67853 67863 67868 67883 67891 67900 67923 67933 67946 67989 68005 68022 68036 68045 68050 68071 68074 68077 68081 68085 68106 68122 68136 68152 68155 68163 68205 68214 68224 68233 68238 68250 68274 68288 68294 68303 68314 68326 68329 68332 68338 68341 68345 68351 68375 68378 68387 68394 68469 68473 68478 68492 68552 68588 68604 68640 68643 68662 68703 68723 68774 68809 68832 68837 68894 68933 68941 68945 68974 69000 69009 69022 69035 69044 69083 69099 69104 69121 69129 69135 69138 69156 69172 69175 69191 69203 69207 69239 69258 69273 69281 69288 69298 69308 69311 69341 69344 69374 69394 69421 69494 69497 69523 69534 69550 69557 69568 69574 69578 69588 69596 69604 69607 69616 69627 69640 69649 69653 69663 69672 69677 69732 69736 69741 69757 69775 69799 69811 69830 69835 69843 69865 69877 69891 69895 69917 69925 69972 69985 70005 70016 70021 70027 70049 70053 70059 70071 70079 70091 70108 70113 70129 70142 70150 70164 70167 70174 70201 70205 70218 70230 70237 70241 70257 70276 70310 70314 70317 70323 70326 70359 70362 70398 70406 70410 70416 70421 70426 70429 70447 70453 70464 70481 70489 70496 70509 70521 70541 70561 70577 71780 71832 71839 72097
date FR941206-1-00134 3 67508 67529 68914
of FR941206-1-00134 142 67509 67527 67530 67592 67658 67661 67681 67707 67716 67725 67738 67751 67800 67812 67824 67870 67882 67925 67948 67964 67980 67991 68002 68004 68021 68047 68076 68084 68115 68125 68143 68241 68325 68328 68331 68340 68344 68372 68374 68389 68434 68455 68472 68485 68519 68560 68608 68642 68648 68657 68705 68707 68739 68746 68773 68799 68836 68888 68929 68961 69003 69131 69149 69260 69275 69310 69376 69443 69446 69469 69472 69493 69508 69525 69547 69556 69599 69615 69623 69665 69691 69694 69703 69735 69787 69793 69814 69834 69837 69845 69856 69879 69890 69927 69994 70008 70024 70124 70163 70232 70236 70243 70275 70297 70316 70325 70361 70400 70428 70436 70466 70475 70484 70491 70499 70531 70560 70576 71022 71044 71053 71055 71213 71221 71522 71541 71547 71565 71570 71593 71666 71712 71807 71836 71841 71868 71889 71903 71907 71950 72047 72091
transfer FR941206-1-00134 10 67510 67750 67811 67869 67906 67918 67947 67990 68046 68164
financial FR941206-1-00134 13 67512 67544 67708 68107 68215 68251 68283 68290 68305 68752 68794 68844 71723
assurance FR941206-1-00134 10 67513 67545 68108 68216 68252 68284 68291 68306 68753 68795
for FR941206-1-00134 62 67514 67546 67562 67710 67952 68068 68109 68192 68212 68217 68229 68797 68808 68926 68959 69012 69038 69115 69128 69147 69197 69396 69417 69436 69440 69465 69476 69606 69612 69655 69701 69806 69826 69852 69876 69924 70122 70181 70309 70536 70563 70569 70589 70735 70839 71186 71313 71427 71453 71687 71725 71786 71805 71838 71863 71928 72024 72079 72104 72137 72172 72206
closure FR941206-1-00134 10 67515 67579 67703 67711 68110 68202 68218 68415 68798 71729
pursuant FR941206-1-00134 1 67516
to FR941206-1-00134 106 67517 67617 67638 67653 67670 67727 67763 67792 67808 67842 67902 67921 67939 67974 68033 68043 68090 68100 68169 68190 68195 68199 68223 68245 68249 68258 68267 68273 68337 68362 68377 68393 68429 68468 68499 68580 68623 68645 68664 68670 68679 68695 68762 68790 68812 68849 68956 68991 68999 69087 69091 69094 69137 69154 69174 69186 69189 69202 69253 69266 69279 69285 69304 69372 69389 69403 69454 69460 69518 69521 69576 69661 69687 69710 69719 69731 69760 69803 69990 69997 70020 70058 70077 70117 70137 70239 70301 70307 70328 70354 70376 70418 70446 70452 70549 70730 71181 71433 71483 71589 71708 71965 72036 72075 72083 72096
761.65 FR941206-1-00134 10 67518 67626 67689 68173 68260 68398 68430 68850 68965 69908
( FR941206-1-00134 104 67519 67551 67567 67573 67627 67630 67690 67694 67697 68093 68174 68177 68261 68264 68317 68354 68399 68402 68411 68423 68426 68443 68446 68506 68509 68513 68516 68525 68528 68532 68535 68592 68595 68598 68610 68613 68681 68684 68767 68770 68778 68824 68851 68859 68862 68869 68872 68877 68880 68904 68906 68915 68917 68920 68964 68966 68969 69055 69069 69160 69220 69227 69433 69457 69633 69909 69912 70095 70214 70265 70268 70364 70469 70472 70604 70633 70665 70714 70758 70801 70864 70905 70931 70958 71079 71118 71165 71260 71383 71420 71626 71820 71876 71937 72007 72028 72058 72108 72117 72147 72160 72182 72194 72216
g FR941206-1-00134 7 67520 68262 68424 68852 68860 68870 68878
) FR941206-1-00134 104 67521 67553 67569 67584 67629 67632 67692 67696 67699 68103 68176 68179 68263 68266 68322 68359 68401 68404 68416 68425 68428 68445 68448 68508 68511 68515 68518 68527 68530 68534 68537 68594 68597 68600 68612 68615 68683 68686 68769 68772 68789 68830 68853 68861 68864 68871 68874 68879 68882 68908 68909 68919 68922 68923 68968 68971 68972 69057 69071 69169 69230 69234 69435 69459 69637 69911 69914 70106 70216 70267 70270 70372 70471 70474 70606 70635 70667 70716 70760 70803 70866 70907 70933 70960 71081 71120 71167 71262 71385 71422 71628 71823 71878 71939 72009 72030 72060 72110 72122 72151 72163 72186 72197 72220
using FR941206-1-00134 2 67522 71986
a FR941206-1-00134 57 67523 67557 67640 67701 67860 67909 67917 67927 67977 68057 68112 68182 68188 68193 68209 68271 68281 68420 68456 68556 68573 68625 68691 68815 68818 68907 68924 68957 69092 69187 69425 69462 69545 69613 69621 69698 69715 69762 69791 69921 69946 69969 69991 70084 70159 70185 70273 70294 70394 70434 70470 70528 70558 70573 72048 72077 72080
mechanism FR941206-1-00134 9 67524 68253 68285 68292 68307 68754 68796 68806 68845
effective FR941206-1-00134 1 67525
as FR941206-1-00134 19 67526 67976 68586 68620 68651 68825 68857 68875 69171 69790 70223 70227 70259 70282 70340 70365 70367 70433 70505
final FR941206-1-00134 26 67531 67563 67755 67818 67874 67884 67928 68779 69023 70939 70973 71026 71100 71142 71189 71217 71242 71293 71318 71343 71396 71434 71501 71607 71734 71759
approval FR941206-1-00134 10 67532 67565 67756 67815 67819 67875 67931 68198 69430 69483
. FR941206-1-00134 211 67533 67550 67566 67610 67747 67786 67799 67856 67895 67932 67951 67983 68042 68065 68140 68166 68204 68254 68347 68380 68431 68522 68554 68601 68636 68669 68725 68750 68804 68841 68883 68891 68893 68932 68973 69007 69042 69076 69097 69118 69134 69170 69219 69233 69257 69272 69294 69339 69382 69384 69386 69480 69492 69511 69553 69587 69638 69671 69738 69789 69829 69858 69882 69915 69961 69977 70003 70038 70064 70107 70121 70146 70192 70234 70271 70320 70346 70413 70455 70457 70495 70513 70527 70572 70591 70616 70624 70656 70689 70700 70741 70749 70784 70792 70818 70826 70847 70855 70880 70888 70895 70914 70918 70921 70941 70945 70948 70975 70979 71028 71032 71065 71069 71102 71105 71108 71144 71147 71150 71191 71194 71197 71224 71228 71244 71247 71250 71275 71278 71281 71295 71299 71320 71323 71326 71345 71349 71367 71370 71373 71398 71407 71410 71436 71440 71443 71466 71470 71503 71507 71526 71529 71532 71550 71553 71556 71573 71576 71579 71612 71616 71644 71647 71650 71672 71676 71694 71698 71736 71742 71761 71765 71794 71801 71816 71825 71844 71861 71870 71873 71880 71888 71894 71899 71910 71926 71934 71941 71955 71960 71993 71999 72011 72017 72035 72043 72062 72073 72094 72116 72124 72134 72144 72162 72164 72169 72179 72196 72198 72203 72213
this FR941206-1-00134 24 67534 68141 68406 68413 68672 68726 68805 68842 69080 69481 69509 69610 69692 69726 69862 69982 70119 70125 70139 70347 70492 70514 70525 70564
would FR941206-1-00134 22 67535 67539 67614 67719 67761 67789 67804 67878 67887 67897 67937 67944 68088 68104 68149 68360 68577 68688 68846 69369 69531 69818
assure FR941206-1-00134 1 67536
that FR941206-1-00134 35 67537 67585 67642 67714 67831 67867 67886 67915 68087 68097 68269 68278 68450 68489 68520 68546 68687 68690 68901 68979 69145 69183 69303 69530 69707 69827 69853 69920 69984 70036 70182 70208 70336 70373 70556
there FR941206-1-00134 4 67538 68220 69883 70039
be FR941206-1-00134 26 67540 67880 67888 67940 68018 68091 68101 68105 68363 68500 68618 68814 68847 69267 69305 69319 69370 69966 70135 70171 70198 70251 70285 70305 70343 70377
no FR941206-1-00134 16 67541 68308 68367 69953 70615 70688 70740 70783 70817 70846 70879 71872 71933 71992 71998 72004
lapse FR941206-1-00134 1 67542
in FR941206-1-00134 70 67543 67589 67598 67623 67655 67783 67848 67857 67961 68019 68135 68348 68365 68412 68476 68826 69213 69244 69295 69351 69380 69387 69486 69489 69502 69505 69512 69562 69592 69626 69639 69676 69683 69756 69774 69820 69861 69981 70004 70010 70048 70070 70141 70147 70200 70261 70287 70405 70461 70508 70523 70540 70642 70674 70682 70723 70767 70811 70873 70966 71088 71096 71127 71174 71269 71392 71635 71752 71810 71831
transferred FR941206-1-00134 1 67548
facility FR941206-1-00134 33 67549 67666 67686 67718 67911 68006 68185 68227 68234 68276 68333 68346 68379 68462 68479 68553 68558 68626 68724 68840 69560 69581 69723 69737 69750 69831 69867 69897 69922 70018 70055 70081 70169
2 FR941206-1-00134 10 67552 68517 68536 68596 68921 68970 69383 69647 70334 72119
transferee FR941206-1-00134 5 67555 67609 67833 68072 68153
submitted FR941206-1-00134 4 67556 70306 71881 72095
new FR941206-1-00134 11 67558 67600 67612 67766 67826 68059 68113 68282 68304 68421 69426
and FR941206-1-00134 96 67559 67645 67648 67733 67741 67744 67768 67844 67852 68117 68121 68154 68158 68160 68237 68301 68494 68502 68512 68531 68565 68711 68865 68886 68910 68913 69005 69199 69249 69337 69353 69356 69402 69406 69409 69414 69438 69453 69467 69478 69496 69583 69630 69725 69747 69773 69873 69929 69940 69963 70082 70173 70217 70440 70538 70609 70645 70677 70725 70732 70770 70777 70809 70837 70871 70936 70969 71019 71048 71062 71091 71130 71138 71176 71183 71211 71219 71267 71311 71336 71390 71425 71490 71497 71524 71591 71600 71633 71638 71664 71691 71710 71719 71731 71790 72192
complete FR941206-1-00134 3 67560 67772 69210
application FR941206-1-00134 13 67561 67591 67601 67613 67767 67785 67788 67827 67894 68061 68079 68086 68148
storage FR941206-1-00134 28 67564 67660 67685 67893 67930 68024 68170 68184 68197 68226 68275 68461 68802 68839 69333 69659 69705 69722 69744 69749 69808 69838 69878 69926 70031 71047 71598 71717
3 FR941206-1-00134 7 67568 67631 68403 68447 68614 68685 70473
any FR941206-1-00134 10 67570 67794 67904 68095 68126 69324 70244 70369 70437 70554
significant FR941206-1-00134 3 67571 67795 71023
deficiencies FR941206-1-00134 3 67572 67796 68096
eg FR941206-1-00134 2 67574 69161
technical FR941206-1-00134 2 67576 71610
operations FR941206-1-00134 2 67577 67847
plans FR941206-1-00134 1 67580
cost FR941206-1-00134 1 67582
estimates FR941206-1-00134 1 67583
epa FR941206-1-00134 25 67586 67760 67803 67829 67864 67896 67913 67943 67985 68156 68191 68255 68381 68474 68675 68729 68759 69515 69688 69712 70074 70308 70414 70478 71990
identified FR941206-1-00134 2 67588 67798
transferor FR941206-1-00134 2 67594 67605
were FR941206-1-00134 4 67596 67651 67781 68718
resolved FR941206-1-00134 1 67597
either FR941206-1-00134 1 67603
or FR941206-1-00134 38 67606 67729 67754 67817 67837 67840 67873 68286 68296 68318 68355 68453 68459 68549 68571 68633 68715 68720 68834 69211 69770 69784 69840 69902 69956 70001 70029 70032 70045 70062 70104 70161 70180 70382 70393 70403 70431 71015
also FR941206-1-00134 8 67615 67790 67898 68052 68383 68408 68813 69364
have FR941206-1-00134 11 67616 67762 67791 67938 68030 68089 68098 68299 68361 68579 69933
include FR941206-1-00134 2 67618 69031
all FR941206-1-00134 8 67619 67777 68737 69779 69870 70195 70298 70337
elements FR941206-1-00134 2 67621 67780
listed FR941206-1-00134 2 67622 71689
40 FR941206-1-00134 13 67624 68764 69018 69052 69066 69540 69600 70011 70262 70290 70331 71743 72084
cfr FR941206-1-00134 12 67625 68765 69019 69053 69067 69541 69601 70012 70263 70291 70332 72085
d FR941206-1-00134 2 67628 69056
including FR941206-1-00134 5 67634 68541 68743 69449 70026
but FR941206-1-00134 5 67635 68335 69284 69996 70350
not FR941206-1-00134 26 67636 67720 67835 67879 67987 68029 68617 68621 68631 68639 68712 68716 68997 69030 69064 69108 69124 69200 69250 69278 69798 69965 69988 70190 70352 70567
limited FR941206-1-00134 4 67637 69444 69470 70353
demonstration FR941206-1-00134 3 67641 67706 67713
applicant FR941206-1-00134 3 67644 67678 67740
its FR941206-1-00134 6 67646 67742 67846 68196 68201 68562
principal FR941206-1-00134 1 67647
key FR941206-1-00134 3 67649 67745 68118
employees FR941206-1-00134 3 67650 67746 68119
qualified FR941206-1-00134 2 67652 67836
engage FR941206-1-00134 1 67654
business FR941206-1-00134 4 67657 68127 68821 70212
commercial FR941206-1-00134 10 67659 67892 67929 67978 68023 68183 68225 68460 68801 68838
pcb FR941206-1-00134 35 67662 67673 67854 67981 68457 68649 68708 68740 68800 68895 68930 68993 69024 69088 69192 69255 69282 69329 69418 69428 69441 69551 69628 69667 69880 69892 69930 70050 70501 70840 71314 71428 71515 71982 72054
waste FR941206-1-00134 35 67663 67674 67982 68242 68564 68650 68660 68709 68741 68749 68931 69330 69419 69668 69881 70841 70997 71206 71215 71315 71455 71460 71595 71659 71668 71714 71774 71788 71828 71846 71897 71912 72140 72175 72209
capacity FR941206-1-00134 1 67669
handle FR941206-1-00134 1 67671
estimated FR941206-1-00134 1 67675
certification FR941206-1-00134 1 67680
compliance FR941206-1-00134 4 67682 67736 67849 68123
with FR941206-1-00134 12 67683 67850 68128 68817 68831 69359 69393 69657 69945 70289 70330 70463
standards FR941206-1-00134 5 67687 71480 71496 71587 71706
at FR941206-1-00134 16 67688 68035 68397 68590 68653 68722 68983 69017 69079 69431 69539 69907 69968 70229 70984 71458
b FR941206-1-00134 11 67691 68444 68507 68514 68526 68533 68593 68611 68682 68918 69910
and/or FR941206-1-00134 1 67693
c FR941206-1-00134 2 67695 68829
7 FR941206-1-00134 4 67698 68370 68863 68873
written FR941206-1-00134 1 67702
plan FR941206-1-00134 3 67704 68203 71341
responsibility FR941206-1-00134 3 67709 70324 71724
operation FR941206-1-00134 1 67715
present FR941206-1-00134 1 67721
an FR941206-1-00134 15 67722 68144 68247 68465 68582 68666 68697 68792 69032 69109 69214 69899 69934 69998 70098
unreasonable FR941206-1-00134 1 67723
risk FR941206-1-00134 1 67724
injury FR941206-1-00134 1 67726
health FR941206-1-00134 1 67728
environment FR941206-1-00134 1 67731
environmental FR941206-1-00134 5 67735 71856 71921 72026 72106
history FR941206-1-00134 2 67737 68124
principals FR941206-1-00134 1 67743
before FR941206-1-00134 3 67748 67942 67994
interim FR941206-1-00134 9 67752 67814 67822 67871 67949 67972 67992 68031 71059
status FR941206-1-00134 8 67753 67816 67872 67950 67973 67993 68032 70424
could FR941206-1-00134 2 67757 67876
occur FR941206-1-00134 2 67758 67877
review FR941206-1-00134 7 67764 67823 69292 70242 70571 71525 71864
deem FR941206-1-00134 1 67769
`` FR941206-1-00134 66 67771 67956 67966 67996 68009 68014 68058 68145 68819 68936 68953 69111 69127 69146 69320 69377 69526 69559 69580 69584 69682 69743 69748 70131 70176 70384 70388 70601 70630 70650 70662 70706 70755 70798 70832 70861 70902 70928 70955 70989 71039 71076 71115 71157 71204 71235 71257 71288 71306 71333 71356 71380 71417 71450 71477 71514 71539 71563 71586 71623 71657 71683 71705 71749 71772 71981
'' FR941206-1-00134 64 67774 67958 67968 67998 68011 68016 68060 68147 68823 68939 68963 69114 69133 69151 69322 69379 69529 69561 69582 69586 69739 69746 69751 70133 70178 70387 70392 70613 70686 70738 70781 70815 70844 70877 70915 70942 70976 71029 71066 71103 71145 71192 71225 71245 71276 71296 71321 71346 71368 71399 71437 71467 71504 71527 71551 71574 71613 71645 71673 71695 71737 71762 71795 71988
ie FR941206-1-00134 2 67775 70096
required FR941206-1-00134 2 67779 68498
included FR941206-1-00134 2 67782 70380
correct FR941206-1-00134 1 67793
previously FR941206-1-00134 1 67797
course FR941206-1-00134 1 67801
reserve FR941206-1-00134 2 67805 67899
right FR941206-1-00134 2 67807 67901
deny FR941206-1-00134 2 67809 67903
if FR941206-1-00134 6 67820 67912 67984 68066 68555 70154
upon FR941206-1-00134 1 67821
determined FR941206-1-00134 1 67830
was FR941206-1-00134 6 67834 67838 67919 68638 69797 70189
unable FR941206-1-00134 2 67839 69371
unwilling FR941206-1-00134 1 67841
achieve FR941206-1-00134 1 67843
maintain FR941206-1-00134 1 67845
tsca FR941206-1-00134 9 67851 69101 70389 70476 70510 70542 71869 72049 72092
rules FR941206-1-00134 2 67855 69552
addition FR941206-1-00134 5 67858 68349 69296 69513 70148
determination FR941206-1-00134 1 67861
regional FR941206-1-00134 4 67865 68315 68352 68470
administrator FR941206-1-00134 5 67866 68316 68353 68471 72040
determinative FR941206-1-00134 1 67881
decision FR941206-1-00134 1 67885
made FR941206-1-00134 2 67889 70184
regarding FR941206-1-00134 4 67890 69058 69072 72053
subsequent FR941206-1-00134 1 67905
request FR941206-1-00134 2 67907 68189
respecting FR941206-1-00134 1 67908
particular FR941206-1-00134 2 67910 69763
believed FR941206-1-00134 1 67914
such FR941206-1-00134 4 67916 68624 70438 70443
undertaken FR941206-1-00134 1 67920
avoid FR941206-1-00134 1 67922
requirement FR941206-1-00134 4 67924 68211 68663 69654
seeking FR941206-1-00134 1 67926
requirements FR941206-1-00134 15 67934 68392 68540 68589 68607 68943 69002 69010 69037 69102 69205 69309 70465 71492 71605
proposed FR941206-1-00134 12 67935 69565 70126 70143 70493 70912 71273 71365 71464 71548 71642 71670
above FR941206-1-00134 1 67936
met FR941206-1-00134 1 67941
recognize FR941206-1-00134 2 67945 67988
example FR941206-1-00134 3 67953 68069 68230
company FR941206-1-00134 6 67955 67965 67995 68008 68013 69325
x FR941206-1-00134 3 67957 67997 68015
is FR941206-1-00134 38 67959 68062 68207 68235 68256 68323 68382 68480 68676 68700 68760 68978 69107 69123 69163 69209 69263 69277 69423 69484 69500 69516 69544 69570 69590 69708 69979 69987 70066 70075 70322 70351 70379 70479 70534 70557 70566 70587
interested FR941206-1-00134 1 67960
acquiring FR941206-1-00134 1 67962
ownership FR941206-1-00134 3 67963 68003 68048
y FR941206-1-00134 2 67967 68010
which FR941206-1-00134 9 67970 68129 68435 68477 68987 69817 70408 70487 70581
has FR941206-1-00134 4 67971 69217 70156 70583
operate FR941206-1-00134 2 67975 68034
storer FR941206-1-00134 1 67979
does FR941206-1-00134 1 67986
takes FR941206-1-00134 1 67999
legal FR941206-1-00134 2 68000 68040
title FR941206-1-00134 2 68001 68041
from FR941206-1-00134 20 68007 68544 68661 68736 68940 69034 69307 69323 70546 70580 70600 70629 70661 70705 70754 70797 70831 70860 71962 72019
may FR941206-1-00134 2 68017 70342
violation FR941206-1-00134 1 68020
regulations FR941206-1-00134 7 68025 68775 69893 70051 70165 70992 71970
because FR941206-1-00134 3 68026 68628 70235
did FR941206-1-00134 3 68028 69029 69063
time FR941206-1-00134 4 68037 68157 69081 70231
took FR941206-1-00134 1 68039
facilitate FR941206-1-00134 3 68044 68162 69407
agency FR941206-1-00134 17 68051 68206 68644 68975 69422 69569 69608 69664 69800 69986 70092 70109 70151 70522 71498 71858 71923
solicits FR941206-1-00134 2 68053 70110
comments FR941206-1-00134 10 68054 68385 69572 70111 70153 70196 70219 70255 70280 70299
on FR941206-1-00134 18 68055 68386 68702 68732 69238 69573 69642 69652 69781 69810 69842 70035 70112 70358 70368 70397 70425 71494
whether FR941206-1-00134 3 68056 68714 69287
entirely FR941206-1-00134 1 68063
necessary FR941206-1-00134 1 68064
accepted FR941206-1-00134 1 68073
contents FR941206-1-00134 1 68075
old FR941206-1-00134 1 68078
only FR941206-1-00134 5 68082 68561 69086 69849 70057
parts FR941206-1-00134 1 68083
amended FR941206-1-00134 2 68092 68146
excluding FR941206-1-00134 1 68094
yet FR941206-1-00134 1 68099
corrected FR941206-1-00134 1 68102
list FR941206-1-00134 3 68114 70483 70530
principles FR941206-1-00134 1 68116
those FR941206-1-00134 3 68130 68391 68744
individuals FR941206-1-00134 1 68131
been FR941206-1-00134 2 68133 70584
affiliated FR941206-1-00134 2 68134 69358
preceding FR941206-1-00134 1 68137
5 FR941206-1-00134 1 68138
years FR941206-1-00134 1 68139
submission FR941206-1-00134 2 68142 70233
save FR941206-1-00134 1 68150
both FR941206-1-00134 1 68151
money FR941206-1-00134 1 68159
ultimately FR941206-1-00134 1 68161
process FR941206-1-00134 2 68165 70671
h. FR941206-1-00134 1 68167
modifications FR941206-1-00134 3 68168 68222 68410
facilities FR941206-1-00134 8 68171 68803 69585 69660 71050 71462 71602 71721
section FR941206-1-00134 11 68172 68407 68441 68521 69622 70160 70467 71012 71866 72050 72089
e FR941206-1-00134 3 68175 69070 70266
4 FR941206-1-00134 3 68178 70269 70550
discusses FR941206-1-00134 1 68180
when FR941206-1-00134 4 68181 68219 68270 68944
must FR941206-1-00134 5 68186 68437 69318 70250 70304
submit FR941206-1-00134 6 68187 68438 68464 68665 68696 69697
modification FR941206-1-00134 4 68194 68272 68330 68376
amend FR941206-1-00134 2 68200 69519
proposing FR941206-1-00134 7 68208 68257 68677 68761 69424 69517 70076
similar FR941206-1-00134 2 68210 70395
revising FR941206-1-00134 1 68213
are FR941206-1-00134 16 68221 68538 68547 68947 68988 68996 69184 69194 69243 69348 69357 69752 69884 70040 70220 70503
where FR941206-1-00134 7 68232 69340 69894 70052 70073 70166 70187
enlarged FR941206-1-00134 1 68236
maximum FR941206-1-00134 1 68239
inventory FR941206-1-00134 1 68240
increases FR941206-1-00134 1 68243
sufficiently FR941206-1-00134 1 68244
warrant FR941206-1-00134 1 68246
increase FR941206-1-00134 1 68248
add FR941206-1-00134 4 68259 68791 69455 69522
9 FR941206-1-00134 2 68265 68427
indicate FR941206-1-00134 2 68268 70138
occurs FR941206-1-00134 1 68277
warrants FR941206-1-00134 1 68279
establishing FR941206-1-00134 1 68280
amending FR941206-1-00134 1 68287
existing FR941206-1-00134 5 68289 68395 68867 69100 69535
owner FR941206-1-00134 3 68295 68452 68833
operator FR941206-1-00134 3 68297 68454 68835
shall FR941206-1-00134 4 68298 68463 69932 69964
activated FR941206-1-00134 1 68302
later FR941206-1-00134 2 68309 68368
than FR941206-1-00134 4 68310 68369 68418 69269
30 FR941206-1-00134 2 68311 72005
days FR941206-1-00134 2 68312 68371
after FR941206-1-00134 2 68313 69619
director FR941206-1-00134 2 68319 68356
cmd FR941206-1-00134 2 68321 68358
notified FR941206-1-00134 2 68324 68364
completion FR941206-1-00134 2 68327 68373
prior FR941206-1-00134 1 68336
use FR941206-1-00134 16 68339 69198 69212 70646 70678 70681 70726 70771 70778 70970 71092 71095 71131 71139 71177 71639
modified FR941206-1-00134 1 68342
portion FR941206-1-00134 1 68343
writing FR941206-1-00134 1 68366
soliciting FR941206-1-00134 2 68384 69571
appropriateness FR941206-1-00134 1 68388
adding FR941206-1-00134 3 68390 68419 68855
language FR941206-1-00134 2 68396 69625
f FR941206-1-00134 2 68400 68768
since FR941206-1-00134 1 68405
addresses FR941206-1-00134 1 68409
case FR941206-1-00134 5 68414 69216 69759 71871 71932
rather FR941206-1-00134 1 68417
paragraph FR941206-1-00134 5 68422 68858 68868 68876 69679
i. FR941206-1-00134 1 68432
clarification FR941206-1-00134 4 68433 69555 69614 71363
disposers FR941206-1-00134 3 68436 68647 68738
annual FR941206-1-00134 8 68439 68466 68495 68583 68605 68667 68698 68734
reports FR941206-1-00134 2 68440 68735
761.180 FR941206-1-00134 5 68442 68524 68591 68609 68680
requires FR941206-1-00134 2 68449 68900
each FR941206-1-00134 8 68451 68486 68927 69702 69720 69807 70248 70401
disposal FR941206-1-00134 23 68458 68557 68994 69204 69247 69289 69338 69354 69413 69429 69442 69482 69548 70033 70608 70935 71049 71540 71564 71601 71685 71720 72055
report FR941206-1-00134 4 68467 68606 68668 68699
region FR941206-1-00134 1 68475
located FR941206-1-00134 2 68481 69967
july FR941206-1-00134 1 68483
15 FR941206-1-00134 1 68484
year FR941206-1-00134 1 68487
briefly FR941206-1-00134 1 68490
summarizes FR941206-1-00134 1 68491
records FR941206-1-00134 3 68493 70498 70595
document FR941206-1-00134 3 68496 68584 70402
log FR941206-1-00134 2 68497 68585
maintained FR941206-1-00134 1 68501
prepared FR941206-1-00134 2 68503 71942
under FR941206-1-00134 9 68504 69015 69098 69291 69400 69537 69549 71865 72088
paragraphs FR941206-1-00134 1 68505
1 FR941206-1-00134 4 68510 68529 68890 69913
sections FR941206-1-00134 3 68523 69889 70162
recordkeeping FR941206-1-00134 1 68539
information FR941206-1-00134 7 68542 70213 70225 70374 70444 70518 70544
obtained FR941206-1-00134 1 68543
manifests FR941206-1-00134 3 68545 68635 68717
generated FR941206-1-00134 3 68548 68572 68721
received FR941206-1-00134 3 68550 68570 68719
disposed FR941206-1-00134 1 68559
own FR941206-1-00134 3 68563 68659 68748
therefore FR941206-1-00134 2 68567 69859
never FR941206-1-00134 1 68569
manifest FR941206-1-00134 2 68574 68925
still FR941206-1-00134 1 68578
prepare FR941206-1-00134 2 68581 68903
per FR941206-1-00134 1 68587
iii FR941206-1-00134 1 68599
however FR941206-1-00134 4 68602 69886 70042 70552
should FR941206-1-00134 3 68616 68727 70170
misinterpreted FR941206-1-00134 1 68619
applying FR941206-1-00134 1 68622
simply FR941206-1-00134 1 68627
they FR941206-1-00134 4 68629 69368 70209 70506
do FR941206-1-00134 1 68630
receive FR941206-1-00134 1 68632
generate FR941206-1-00134 1 68634
intent FR941206-1-00134 4 68641 68731 69802 70094
exclude FR941206-1-00134 1 68646
defined FR941206-1-00134 1 68652
761.3 FR941206-1-00134 3 68654 69381 69520
who FR941206-1-00134 1 68655
dispose FR941206-1-00134 1 68656
their FR941206-1-00134 5 68658 68747 69666 69685 69704
remedy FR941206-1-00134 1 68671
discrepancy FR941206-1-00134 1 68673
amendments FR941206-1-00134 1 68678
state FR941206-1-00134 2 68689 71516
disposer FR941206-1-00134 1 68692
's FR941206-1-00134 8 68693 68730 68976 69158 69564 69801 70093 71783
obligation FR941206-1-00134 1 68694
based FR941206-1-00134 2 68701 71493
act FR941206-1-00134 3 68704 70710 71161
disposing FR941206-1-00134 2 68706 68745
material FR941206-1-00134 2 68710 71751
necessarily FR941206-1-00134 1 68713
clarify FR941206-1-00134 2 68728 69577
receiving FR941206-1-00134 2 68733 69343
j. FR941206-1-00134 2 68751 71966
: FR941206-1-00134 33 68755 70680 70773 70938 70972 70993 71025 71042 71051 71094 71099 71133 71141 71188 71216 71241 71272 71292 71317 71342 71364 71395 71500 71606 71641 71669 71733 71758 71980 72045 72152 72187 72221
nont FR941206-1-00134 1 68756
corporate FR941206-1-00134 2 68757 68810
guarantee FR941206-1-00134 1 68758
reference FR941206-1-00134 2 68763 71797
264.143 FR941206-1-00134 1 68766
10 FR941206-1-00134 3 68771 70044 70068
implementing FR941206-1-00134 1 68776
rcra FR941206-1-00134 6 68777 68827 69016 69401 69538 70994
rule FR941206-1-00134 36 68780 68899 68934 69028 69048 69142 69179 69315 69566 69632 70127 70611 70648 70913 70940 70974 71027 71101 71143 71190 71218 71243 71274 71294 71319 71344 71366 71397 71435 71465 71502 71608 71643 71671 71735 71760
september FR941206-1-00134 1 68781
16 FR941206-1-00134 1 68782
1992 FR941206-1-00134 1 68784
57 FR941206-1-00134 6 68786 71617 71651 71677 71699 71766
fr FR941206-1-00134 40 68787 69223 69635 70620 70652 70693 70745 70788 70822 70851 70884 70897 70923 70950 70981 71034 71071 71110 71152 71199 71230 71252 71283 71301 71328 71351 71375 71412 71445 71472 71509 71534 71558 71581 71618 71652 71678 71700 71744 71767
42832 FR941206-1-00134 2 68788 71701
additional FR941206-1-00134 2 68793 68843
allows FR941206-1-00134 1 68807
guarantor FR941206-1-00134 1 68811
firm FR941206-1-00134 1 68816
substantial FR941206-1-00134 1 68820
relationship FR941206-1-00134 1 68822
subtitle FR941206-1-00134 1 68828
added FR941206-1-00134 1 68848
redesignating FR941206-1-00134 1 68866
8 FR941206-1-00134 1 68881
k. FR941206-1-00134 2 68884 71963
notification FR941206-1-00134 9 68885 69629 69699 69805 70836 71043 71310 71424 71778
manifesting FR941206-1-00134 8 68887 68942 69001 69036 69631 70838 71312 71426
samples FR941206-1-00134 9 68889 68938 68946 69041 69060 69075 69089 69182 69399
general FR941206-1-00134 1 68892
n FR941206-1-00134 6 68896 69025 69045 69139 69176 69312
& FR941206-1-00134 6 68897 69026 69046 69140 69177 69313
m FR941206-1-00134 6 68898 69027 69047 69141 69178 69314
generators FR941206-1-00134 2 68902 69656
761.207 FR941206-1-00134 2 68905 69004
transporters FR941206-1-00134 1 68911
sign FR941206-1-00134 1 68912
761.208 FR941206-1-00134 2 68916 69006
shipment FR941206-1-00134 1 68928
exempts FR941206-1-00134 1 68935
laboratory FR941206-1-00134 7 68937 68958 69059 69093 69112 69188 69378
among FR941206-1-00134 1 68949
other FR941206-1-00134 4 68950 69240 69362 69888
things FR941206-1-00134 1 68951
being FR941206-1-00134 3 68954 68989 69125
transported FR941206-1-00134 2 68955 69126
purposes FR941206-1-00134 4 68960 69130 69148 70123
testing FR941206-1-00134 4 68962 69132 69150 69276
i FR941206-1-00134 2 68967 69458
policy FR941206-1-00134 3 68977 71063 71240
media FR941206-1-00134 4 68980 69262 69345 69473
containing FR941206-1-00134 4 68981 69346 69474 70224
pcbs FR941206-1-00134 24 68982 69347 69366 69447 69475 69928 70605 70634 70666 70715 70759 70802 70865 70906 70932 70959 71080 71119 71166 71261 71384 71421 71627 72193
> FR941206-1-00134 1 68984
50 FR941206-1-00134 3 68985 69166 69270
ppm FR941206-1-00134 3 68986 69167 69271
sent FR941206-1-00134 3 68990 69090 69185
validate FR941206-1-00134 1 68992
methods FR941206-1-00134 4 68995 72136 72171 72205
subject FR941206-1-00134 6 68998 69201 69709 70300 71979 72044
unlike FR941206-1-00134 1 69008
promulgated FR941206-1-00134 1 69011
hazardous FR941206-1-00134 14 69013 70996 71040 71205 71214 71337 71459 71594 71658 71667 71692 71713 71773 71787
wastes FR941206-1-00134 3 69014 71429 71690
261.4 FR941206-1-00134 3 69020 69054 69068
exemption FR941206-1-00134 5 69033 69084 69395 69464 69499
treatability FR941206-1-00134 8 69039 69073 69105 69235 69261 69397 69450 69527
study FR941206-1-00134 4 69040 69074 69398 69528
while FR941206-1-00134 2 69043 70272
adopted FR941206-1-00134 1 69049
almost FR941206-1-00134 1 69050
verbatim FR941206-1-00134 1 69051
incorporate FR941206-1-00134 1 69065
accordingly FR941206-1-00134 1 69077
applies FR941206-1-00134 1 69085
determine FR941206-1-00134 6 69095 69155 69190 69254 69280 69286
concentration FR941206-1-00134 6 69096 69159 69193 69256 69259 69283
medium FR941206-1-00134 2 69106 69122
exempt FR941206-1-00134 2 69110 69306
sample FR941206-1-00134 2 69113 69157
two FR941206-1-00134 2 69116 69674
reasons FR941206-1-00134 1 69117
first FR941206-1-00134 3 69119 69673 69758
preamble FR941206-1-00134 7 69136 69173 69299 69495 69510 69624 69641
strongly FR941206-1-00134 1 69143
suggests FR941206-1-00134 1 69144
means FR941206-1-00134 3 69152 69868 69898
analysis FR941206-1-00134 3 69153 69208 71806
; FR941206-1-00134 44 69165 69755 69904 69942 69952 69962 70607 70636 70668 70711 70717 70728 70761 70835 70867 70934 70961 70998 71003 71010 71018 71082 71121 71162 71168 71179 71209 71263 71309 71359 71386 71423 71431 71463 71481 71520 71544 71568 71603 71629 71662 71722 71777 71792
? FR941206-1-00134 1 69168
states FR941206-1-00134 4 69180 69919 71834 71855
implicitly FR941206-1-00134 1 69195
authorized FR941206-1-00134 1 69196
until FR941206-1-00134 1 69206
enforcement FR941206-1-00134 1 69215
ended FR941206-1-00134 1 69218
see FR941206-1-00134 1 69221
54 FR941206-1-00134 5 69222 69634 70850 71282 71300
52716 FR941206-1-00134 2 69224 69636
52719 FR941206-1-00134 1 69226
unit FR941206-1-00134 11 69228 69490 69506 69771 69809 69901 70002 70061 70100 70132 70177
iiid FR941206-1-00134 1 69229
studies FR941206-1-00134 2 69236 69451
hand FR941206-1-00134 1 69241
essence FR941206-1-00134 1 69245
smallscale FR941206-1-00134 1 69246
experiments FR941206-1-00134 2 69248 71985
efforts FR941206-1-00134 1 69251
solely FR941206-1-00134 1 69252
already FR941206-1-00134 1 69264
known FR941206-1-00134 1 69265
greater FR941206-1-00134 3 69268 69487 69503
purpose FR941206-1-00134 1 69274
method FR941206-1-00134 5 69290 71804 72153 72188 72222
works FR941206-1-00134 1 69293
makes FR941206-1-00134 1 69300
clear FR941206-1-00134 2 69302 69980
laboratories FR941206-1-00134 1 69317
independent FR941206-1-00134 1 69321
whose FR941206-1-00134 3 69326 69361 70086
activities FR941206-1-00134 7 69327 69355 69363 69670 70842 71316 71430
involve FR941206-1-00134 2 69328 69365
handling FR941206-1-00134 3 69331 69669 71491
treatment FR941206-1-00134 7 69335 69352 69415 69543 71045 71596 71715
entities FR941206-1-00134 1 69342
themselves FR941206-1-00134 1 69349
engaged FR941206-1-00134 1 69350
companies FR941206-1-00134 1 69360
satisfy FR941206-1-00134 1 69373
definition FR941206-1-00134 4 69375 69524 69536 70087
definitions FR941206-1-00134 1 69385
order FR941206-1-00134 1 69388
promote FR941206-1-00134 2 69390 69405
regulatory FR941206-1-00134 4 69391 69597 70144 71740
uniformity FR941206-1-00134 1 69392
help FR941206-1-00134 1 69404
research FR941206-1-00134 4 69408 69437 69477 71958
development FR941206-1-00134 3 69410 69439 69479
into FR941206-1-00134 1 69411
alternate FR941206-1-00134 1 69412
technologies FR941206-1-00134 1 69416
selfimplementing FR941206-1-00134 1 69427
761.60 FR941206-1-00134 2 69432 72086
j FR941206-1-00134 1 69434
quantities FR941206-1-00134 2 69445 69471
761.80 FR941206-1-00134 1 69456
create FR941206-1-00134 1 69461
class FR941206-1-00134 5 69463 69498 69693 70733 71184
processors FR941206-1-00134 1 69466
distributors FR941206-1-00134 1 69468
explained FR941206-1-00134 2 69485 69501
detail FR941206-1-00134 2 69488 69504
iid3.j FR941206-1-00134 1 69491
iiij FR941206-1-00134 1 69507
essentially FR941206-1-00134 1 69532
mirror FR941206-1-00134 1 69533
260.10. FR941206-1-00134 1 69542
form FR941206-1-00134 3 69546 69700 71056
l. FR941206-1-00134 1 69554
term FR941206-1-00134 13 69558 69589 69617 69866 69896 70017 70054 70080 70085 70116 70130 70168 70175
today FR941206-1-00134 1 69563
need FR941206-1-00134 4 69575 69611 69848 70238
terms FR941206-1-00134 2 69579 69742
used FR941206-1-00134 5 69591 69753 69875 69923 70136
different FR941206-1-00134 1 69593
contexts FR941206-1-00134 1 69594
throughout FR941206-1-00134 1 69595
text FR941206-1-00134 2 69598 70145
part FR941206-1-00134 6 69602 70013 70274 70292 70333 70559
761. FR941206-1-00134 1 69603
impetus FR941206-1-00134 1 69605
raising FR941206-1-00134 1 69609
arose FR941206-1-00134 1 69618
reviewing FR941206-1-00134 1 69620
page FR941206-1-00134 1 69643
52722 FR941206-1-00134 1 69644
column FR941206-1-00134 1 69646
discussion FR941206-1-00134 1 69650
focusses FR941206-1-00134 1 69651
onsite FR941206-1-00134 1 69658
notify FR941206-1-00134 2 69662 69850
sentences FR941206-1-00134 1 69675
last FR941206-1-00134 1 69678
read FR941206-1-00134 1 69680
submitting FR941206-1-00134 1 69684
notifications FR941206-1-00134 1 69686
members FR941206-1-00134 1 69690
generator/storer FR941206-1-00134 1 69695
will FR941206-1-00134 8 69696 69713 69729 70088 70134 70197 70284 70441
areas FR941206-1-00134 2 69706 69839
761.65. FR941206-1-00134 1 69711
issue FR941206-1-00134 1 69714
unique FR941206-1-00134 1 69716
identification FR941206-1-00134 5 69717 69727 69824 71210 71663
number FR941206-1-00134 4 69718 69728 69836 72154
notifying FR941206-1-00134 1 69721
correspond FR941206-1-00134 1 69730
physical FR941206-1-00134 1 69733
location FR941206-1-00134 1 69734
here FR941206-1-00134 2 69740 69916
area FR941206-1-00134 1 69745
interchangeably FR941206-1-00134 1 69754
mean FR941206-1-00134 1 69761
building FR941206-1-00134 2 69764 70105
structure FR941206-1-00134 5 69766 69903 70000 70063 70102
cell FR941206-1-00134 1 69768
second FR941206-1-00134 1 69776
instance FR941206-1-00134 3 69777 69863 69983
structures FR941206-1-00134 3 69780 69874 70028
contiguous FR941206-1-00134 6 69782 69812 69854 69871 69992 70022
land FR941206-1-00134 3 69783 69872 71684
specified FR941206-1-00134 1 69785
piece FR941206-1-00134 6 69786 69813 69844 69855 69993 70023
property FR941206-1-00134 8 69788 69815 69828 69846 69857 69995 70025 70037
matter FR941206-1-00134 2 69792 70183
record FR941206-1-00134 17 69794 70203 70278 70312 70460 70490 70515 70562 70578 70599 70628 70660 70704 70753 70796 70830 70859
require FR941206-1-00134 1 69804
result FR941206-1-00134 1 69819
multiple FR941206-1-00134 1 69821
individual FR941206-1-00134 8 69823 69900 69999 70030 70060 70099 70731 71182
numbers FR941206-1-00134 1 69825
regardless FR941206-1-00134 1 69833
units FR941206-1-00134 3 69841 70034 71457
once FR941206-1-00134 1 69851
most FR941206-1-00134 2 69905 70114
notably FR941206-1-00134 1 69906
regulation FR941206-1-00134 2 69918 70072
items FR941206-1-00134 1 69931
adequate FR941206-1-00134 1 69935
roof FR941206-1-00134 1 69936
walls FR941206-1-00134 1 69938
floor FR941206-1-00134 2 69941 69954
continuous FR941206-1-00134 1 69943
curbing FR941206-1-00134 1 69944
minimum FR941206-1-00134 1 69947
6 FR941206-1-00134 1 69948
inch FR941206-1-00134 1 69949
high FR941206-1-00134 1 69950
curb FR941206-1-00134 1 69951
drains FR941206-1-00134 1 69955
expansions FR941206-1-00134 1 69957
joints FR941206-1-00134 1 69958
etc FR941206-1-00134 1 69960
site FR941206-1-00134 1 69970
below FR941206-1-00134 1 69971
100year FR941206-1-00134 1 69973
flood FR941206-1-00134 1 69974
water FR941206-1-00134 1 69975
elevation FR941206-1-00134 1 69976
referring FR941206-1-00134 1 69989
vast FR941206-1-00134 1 70006
majority FR941206-1-00134 1 70007
cases FR941206-1-00134 1 70009
761 FR941206-1-00134 1 70014
refers FR941206-1-00134 2 70019 70056
so FR941206-1-00134 2 70046 70335
citations FR941206-1-00134 1 70047
these FR941206-1-00134 2 70067 70532
places FR941206-1-00134 1 70069
delete FR941206-1-00134 1 70078
insert FR941206-1-00134 1 70083
best FR941206-1-00134 1 70089
represent FR941206-1-00134 1 70090
appropriate FR941206-1-00134 2 70115 70191
convey FR941206-1-00134 1 70118
meaning FR941206-1-00134 1 70120
change FR941206-1-00134 2 70140 70186
welcomes FR941206-1-00134 1 70152
inadvertently FR941206-1-00134 1 70157
omitted FR941206-1-00134 1 70158
deleted FR941206-1-00134 1 70172
inserted FR941206-1-00134 1 70179
one FR941206-1-00134 1 70188
v. FR941206-1-00134 3 70193 71853 71919
confidentiality FR941206-1-00134 1 70194
placed FR941206-1-00134 1 70199
public FR941206-1-00134 7 70202 70277 70311 70448 70511 70570 70574
unless FR941206-1-00134 1 70204
commenter FR941206-1-00134 2 70206 70327
claims FR941206-1-00134 3 70207 70246 70303
contain FR941206-1-00134 1 70210
confidential FR941206-1-00134 4 70211 70341 70385 70423
cbi FR941206-1-00134 10 70215 70228 70245 70283 70302 70378 70390 70412 70555 70582
clearly FR941206-1-00134 3 70221 70356 70419
labeled FR941206-1-00134 1 70222
claimed FR941206-1-00134 6 70226 70281 70339 70375 70411 70422
expedite FR941206-1-00134 1 70240
claim FR941206-1-00134 3 70249 70258 70439
accompanied FR941206-1-00134 1 70252
detailed FR941206-1-00134 1 70254
substantiating FR941206-1-00134 1 70256
described FR941206-1-00134 1 70260
2.204 FR941206-1-00134 1 70264
treated FR941206-1-00134 1 70286
accordance FR941206-1-00134 2 70288 70462
2. FR941206-1-00134 4 70293 70625 70919 71826
sanitized FR941206-1-00134 1 70295
version FR941206-1-00134 2 70296 70575
close FR941206-1-00134 1 70315
comment FR941206-1-00134 4 70318 70363 70407 70430
period FR941206-1-00134 1 70319
comply FR941206-1-00134 1 70329
materials FR941206-1-00134 2 70338 70533
properly FR941206-1-00134 1 70344
protected FR941206-1-00134 1 70345
includes FR941206-1-00134 2 70348 70516
indicating FR941206-1-00134 1 70357
face FR941206-1-00134 3 70360 70399 70427
well FR941206-1-00134 1 70366
associated FR941206-1-00134 1 70370
correspondence FR941206-1-00134 1 70371
marking FR941206-1-00134 3 70383 70610 70937
designation FR941206-1-00134 1 70396
attachment FR941206-1-00134 2 70404 70432
contains FR941206-1-00134 1 70409
considers FR941206-1-00134 1 70415
failure FR941206-1-00134 1 70417
identify FR941206-1-00134 1 70420
waiver FR941206-1-00134 1 70435
make FR941206-1-00134 1 70442
available FR941206-1-00134 4 70445 70535 70568 70588
without FR941206-1-00134 1 70449
further FR941206-1-00134 1 70450
notice FR941206-1-00134 6 70451 71052 71061 71521 71546 71793
commentor FR941206-1-00134 1 70454
vi FR941206-1-00134 1 70456
official FR941206-1-00134 10 70458 70497 70597 70626 70658 70702 70751 70794 70828 70857
rulemaking FR941206-1-00134 14 70459 70494 70565 70594 70598 70627 70659 70703 70752 70795 70829 70858 71222 71549
19 FR941206-1-00134 2 70468 71867
issuing FR941206-1-00134 1 70480
following FR941206-1-00134 1 70482
documents FR941206-1-00134 2 70485 71798
constitutes FR941206-1-00134 1 70488
previous FR941206-1-00134 2 70500 70593
rulemakings FR941206-1-00134 1 70502
incorporated FR941206-1-00134 1 70504
exist FR941206-1-00134 1 70507
docket FR941206-1-00134 10 70512 70614 70687 70739 70782 70816 70845 70878 72065 72127
basic FR941206-1-00134 1 70517
considered FR941206-1-00134 1 70519
developing FR941206-1-00134 1 70524
proposal FR941206-1-00134 1 70526
full FR941206-1-00134 1 70529
inspection FR941206-1-00134 2 70537 70590
copying FR941206-1-00134 1 70539
nonconfidential FR941206-1-00134 1 70543
center FR941206-1-00134 1 70545
12 FR941206-1-00134 1 70547
noon FR941206-1-00134 1 70548
pm FR941206-1-00134 1 70551
excluded FR941206-1-00134 1 70585
a. FR941206-1-00134 1 70592
1. FR941206-1-00134 3 70596 70893 71799
polychlorinated FR941206-1-00134 24 70602 70631 70663 70712 70756 70799 70833 70862 70903 70929 70956 71077 71116 71163 71236 71258 71307 71357 71381 71418 71542 71566 71624 71808
biphenyls FR941206-1-00134 24 70603 70632 70664 70713 70757 70800 70834 70863 70904 70930 70957 71078 71117 71164 71237 71259 71308 71358 71382 71419 71543 71567 71625 71809
opts68005 FR941206-1-00134 1 70617
43 FR941206-1-00134 2 70619 70922
7150 FR941206-1-00134 2 70621 70924
manufacturing FR941206-1-00134 13 70637 70669 70718 70762 70805 70868 70962 71083 71122 71169 71264 71387 71630
processing FR941206-1-00134 12 70639 70720 70764 70807 70870 70963 71085 71124 71171 71266 71389 71632
distribution FR941206-1-00134 13 70641 70673 70722 70766 70810 70872 70965 71087 71126 71173 71268 71391 71634
commerce FR941206-1-00134 13 70643 70675 70724 70768 70812 70874 70967 71089 71128 71175 71270 71393 71636
prohibitions FR941206-1-00134 8 70647 70679 70727 70772 70971 71093 71132 71178
44 FR941206-1-00134 2 70651 70949
31514 FR941206-1-00134 2 70653 70951
3. FR941206-1-00134 3 70657 70946 71895
electrical FR941206-1-00134 2 70683 71097
equipment FR941206-1-00134 2 70684 71098
opts62015 FR941206-1-00134 1 70690
47 FR941206-1-00134 2 70692 71070
37342 FR941206-1-00134 2 70694 71072
august FR941206-1-00134 1 70696
25 FR941206-1-00134 1 70697
1982 FR941206-1-00134 1 70699
4. FR941206-1-00134 3 70701 70977 71956
toxic FR941206-1-00134 3 70707 70908 71158
substances FR941206-1-00134 5 70708 70909 71041 71159 71338
control FR941206-1-00134 4 70709 70910 71002 71160
response FR941206-1-00134 2 70729 71180
petitions FR941206-1-00134 2 70734 71185
exemptions FR941206-1-00134 9 70736 70776 70813 70875 71136 71187 71271 71394 71637
opts66008a FR941206-1-00134 2 70742 71193
49 FR941206-1-00134 5 70744 70787 71109 71151 71198
28154 FR941206-1-00134 2 70746 71153
5. FR941206-1-00134 3 70750 71030 72012
exclusions FR941206-1-00134 2 70774 71134
authorizations FR941206-1-00134 2 70779 71140
opts62032a FR941206-1-00134 1 70785
28172 FR941206-1-00134 2 70789 71111
6. FR941206-1-00134 3 70793 71067 72068
opts66008f FR941206-1-00134 2 70819 71277
53 FR941206-1-00134 2 70821 71251
32326 FR941206-1-00134 2 70823 71253
7. FR941206-1-00134 3 70827 71106 72130
opts62059b FR941206-1-00134 1 70848
52176 FR941206-1-00134 2 70852 71302
8. FR941206-1-00134 3 70856 71148 72165
opts66008g FR941206-1-00134 1 70881
55 FR941206-1-00134 7 70883 71327 71350 71374 71411 71444 71471
21023 FR941206-1-00134 2 70885 71376
b. FR941206-1-00134 1 70889
federal FR941206-1-00134 1 70890
register FR941206-1-00134 1 70891
notices FR941206-1-00134 1 70892
usepa FR941206-1-00134 33 70894 70920 70947 70978 71031 71068 71107 71149 71196 71227 71249 71280 71298 71325 71348 71372 71409 71442 71506 71531 71555 71578 71615 71649 71675 71697 71764 71977 72042 72098 72131 72166 72200
42 FR941206-1-00134 1 70896
26564 FR941206-1-00134 1 70898
ots FR941206-1-00134 2 70916 70943
68005 FR941206-1-00134 2 70917 70944
45 FR941206-1-00134 1 70980
33290 FR941206-1-00134 1 70982
33325 FR941206-1-00134 1 70985
consolidated FR941206-1-00134 1 70990
permit FR941206-1-00134 1 70991
sdwa FR941206-1-00134 1 70999
underground FR941206-1-00134 1 71000
injection FR941206-1-00134 1 71001
cwa FR941206-1-00134 2 71004 71011
national FR941206-1-00134 2 71005 71334
pollutant FR941206-1-00134 1 71006
discharge FR941206-1-00134 1 71007
elimination FR941206-1-00134 1 71008
system FR941206-1-00134 4 71009 71208 71661 71776
404 FR941206-1-00134 1 71013
dredge FR941206-1-00134 1 71014
fill FR941206-1-00134 1 71016
programs FR941206-1-00134 1 71017
caa FR941206-1-00134 1 71020
prevention FR941206-1-00134 1 71021
deterioration FR941206-1-00134 1 71024
46 FR941206-1-00134 1 71033
22144 FR941206-1-00134 1 71035
availability FR941206-1-00134 3 71054 71523 71569
89001 FR941206-1-00134 1 71057
interpretative FR941206-1-00134 1 71060
statement FR941206-1-00134 1 71064
opts62115 FR941206-1-00134 1 71104
opts62032 FR941206-1-00134 1 71146
9. FR941206-1-00134 2 71195 72199
44978 FR941206-1-00134 1 71200
management FR941206-1-00134 9 71207 71456 71461 71660 71775 71829 71847 71898 71913
listing FR941206-1-00134 2 71212 71665
denial FR941206-1-00134 1 71220
petition FR941206-1-00134 4 71223 71862 72052 72074
10. FR941206-1-00134 1 71226
52 FR941206-1-00134 1 71229
10688 FR941206-1-00134 1 71231
spill FR941206-1-00134 1 71238
cleanup FR941206-1-00134 1 71239
opts62051 FR941206-1-00134 1 71246
11. FR941206-1-00134 1 71248
12. FR941206-1-00134 1 71279
22524 FR941206-1-00134 1 71284
reportable FR941206-1-00134 1 71289
quantity FR941206-1-00134 1 71290
adjustment_radionuclides FR941206-1-00134 1 71291
13. FR941206-1-00134 1 71297
opts62059 FR941206-1-00134 1 71322
14. FR941206-1-00134 1 71324
8666 FR941206-1-00134 1 71329
oil FR941206-1-00134 1 71335
pollution FR941206-1-00134 1 71339
contingency FR941206-1-00134 1 71340
15. FR941206-1-00134 1 71347
12866 FR941206-1-00134 1 71352
wet FR941206-1-00134 1 71360
weight/dry FR941206-1-00134 1 71361
weight FR941206-1-00134 1 71362
opts62082 FR941206-1-00134 1 71369
16. FR941206-1-00134 1 71371
opts FR941206-1-00134 6 71400 71405 71438 71975 72064 72126
66008g FR941206-1-00134 1 71401
[ FR941206-1-00134 4 71402 72063 72087 72125
sic FR941206-1-00134 1 71403
] FR941206-1-00134 4 71404 72067 72093 72129
66008h FR941206-1-00134 1 71406
17. FR941206-1-00134 1 71408
26204 FR941206-1-00134 1 71413
correction FR941206-1-00134 1 71432
62059 FR941206-1-00134 1 71439
18. FR941206-1-00134 1 71441
30798 FR941206-1-00134 1 71446
corrective FR941206-1-00134 1 71451
action FR941206-1-00134 1 71452
solid FR941206-1-00134 4 71454 72139 72174 72208
19. FR941206-1-00134 1 71468
usdot FR941206-1-00134 1 71469
52402 FR941206-1-00134 1 71473
performanceoriented FR941206-1-00134 1 71478
packaging FR941206-1-00134 2 71479 71489
changes FR941206-1-00134 1 71482
classification FR941206-1-00134 1 71484
hazard FR941206-1-00134 1 71486
communication FR941206-1-00134 1 71487
un FR941206-1-00134 1 71495
initiative FR941206-1-00134 1 71499
20. FR941206-1-00134 1 71505
56 FR941206-1-00134 4 71508 71533 71557 71580
9008 FR941206-1-00134 1 71510
enhancement FR941206-1-00134 1 71517
grant FR941206-1-00134 1 71518
program FR941206-1-00134 1 71519
opts280004 FR941206-1-00134 1 71528
21. FR941206-1-00134 1 71530
26738 FR941206-1-00134 1 71535
advanced FR941206-1-00134 1 71545
opts66009 FR941206-1-00134 1 71552
22. FR941206-1-00134 1 71554
26745 FR941206-1-00134 1 71559
draft FR941206-1-00134 1 71571
guidance FR941206-1-00134 1 71572
opts66010 FR941206-1-00134 1 71575
23. FR941206-1-00134 1 71577
30200 FR941206-1-00134 1 71582
applicable FR941206-1-00134 2 71588 71707
owners FR941206-1-00134 2 71590 71709
operators FR941206-1-00134 2 71592 71711
liability FR941206-1-00134 2 71604 71727
amendment FR941206-1-00134 2 71611 72082
24. FR941206-1-00134 1 71614
7349 FR941206-1-00134 1 71619
authorization FR941206-1-00134 1 71640
opts66011 FR941206-1-00134 1 71646
25. FR941206-1-00134 1 71648
21450 FR941206-1-00134 1 71653
26. FR941206-1-00134 1 71674
37194 FR941206-1-00134 1 71679
restrictions FR941206-1-00134 1 71686
newly FR941206-1-00134 1 71688
debris FR941206-1-00134 1 71693
27. FR941206-1-00134 1 71696
thirdparty FR941206-1-00134 1 71726
poste FR941206-1-00134 1 71732
28. FR941206-1-00134 1 71738
nuclear FR941206-1-00134 2 71739 71754
commission FR941206-1-00134 1 71741
19439 FR941206-1-00134 1 71745
radioactive FR941206-1-00134 1 71750
lightwatercooled FR941206-1-00134 1 71753
power FR941206-1-00134 1 71755
reactor FR941206-1-00134 1 71756
effluents FR941206-1-00134 1 71757
29. FR941206-1-00134 1 71763
20602 FR941206-1-00134 1 71768
concerning FR941206-1-00134 1 71779
basel FR941206-1-00134 1 71781
convention FR941206-1-00134 1 71782
potential FR941206-1-00134 1 71784
implications FR941206-1-00134 1 71785
exports FR941206-1-00134 1 71789
imports FR941206-1-00134 1 71791
c. FR941206-1-00134 1 71796
astm FR941206-1-00134 1 71800
standard FR941206-1-00134 2 71802 71817
test FR941206-1-00134 5 71803 72135 72159 72170 72204
insulating FR941206-1-00134 1 71811
liquids FR941206-1-00134 2 71812 72158
gas FR941206-1-00134 1 71814
chromatography FR941206-1-00134 1 71815
april FR941206-1-00134 1 71821
1991 FR941206-1-00134 1 71822
:12pp FR941206-1-00134 1 71824
chemical FR941206-1-00134 5 71827 71845 71896 71911 71969
inc. FR941206-1-00134 5 71830 71849 71915 72031 72112
united FR941206-1-00134 2 71833 71854
court FR941206-1-00134 2 71835 71902
appeals FR941206-1-00134 2 71837 71904
district FR941206-1-00134 2 71840 71906
columbia FR941206-1-00134 2 71842 71908
circuit FR941206-1-00134 2 71843 71909
petitioner FR941206-1-00134 2 71851 71917
protection FR941206-1-00134 2 71857 71922
respondent FR941206-1-00134 2 71860 71925
901469 FR941206-1-00134 2 71874 71935
:3pp FR941206-1-00134 1 71879
jb FR941206-1-00134 2 71883 71944
molloy FR941206-1-00134 2 71884 71945
et FR941206-1-00134 4 71886 71947 72033 72114
al FR941206-1-00134 3 71887 72034 72115
piper FR941206-1-00134 2 71890 71951
marbury FR941206-1-00134 2 71891 71952
counsel FR941206-1-00134 4 71893 71954 72023 72103
u. FR941206-1-00134 1 71900
s. FR941206-1-00134 1 71901
us FR941206-1-00134 1 71920
motion FR941206-1-00134 1 71927
voluntary FR941206-1-00134 1 71929
dismissal FR941206-1-00134 1 71930
_ FR941206-1-00134 1 71931
:2pp FR941206-1-00134 1 71940
al. FR941206-1-00134 1 71948
midwest FR941206-1-00134 1 71957
institute FR941206-1-00134 1 71959
letter FR941206-1-00134 2 71961 72018
boggess FR941206-1-00134 1 71964
smith FR941206-1-00134 1 71967
branch FR941206-1-00134 1 71971
eed FR941206-1-00134 1 71973
surface FR941206-1-00134 1 71983
decontamination FR941206-1-00134 1 71984
kerosene FR941206-1-00134 1 71987
contract FR941206-1-00134 1 71991
68do0137 FR941206-1-00134 1 71994
mri FR941206-1-00134 1 71996
project FR941206-1-00134 1 71997
9801a FR941206-1-00134 1 72000
work FR941206-1-00134 1 72002
assignment FR941206-1-00134 1 72003
:4pp FR941206-1-00134 2 72010 72061
pepper FR941206-1-00134 2 72013 72069
hamilton FR941206-1-00134 2 72015 72071
scheetz FR941206-1-00134 2 72016 72072
wj FR941206-1-00134 2 72020 72100
walsh FR941206-1-00134 2 72021 72101
rollins FR941206-1-00134 2 72025 72105
services FR941206-1-00134 2 72027 72107
nj FR941206-1-00134 2 72029 72109
wk FR941206-1-00134 1 72037
reilly FR941206-1-00134 1 72038
transmittal FR941206-1-00134 1 72046
21 FR941206-1-00134 2 72051 72090
provisions FR941206-1-00134 1 72056
210025 FR941206-1-00134 2 72066 72128
initiate FR941206-1-00134 1 72076
proceedings FR941206-1-00134 1 72078
clarifying FR941206-1-00134 1 72081
february FR941206-1-00134 1 72118
1990 FR941206-1-00134 1 72121
:40pp FR941206-1-00134 1 72123
oswer FR941206-1-00134 3 72133 72168 72202
evaluating FR941206-1-00134 3 72138 72173 72207
third FR941206-1-00134 3 72142 72177 72211
edition FR941206-1-00134 3 72143 72178 72212
sw846 FR941206-1-00134 3 72145 72180 72214
november FR941206-1-00134 3 72148 72183 72217
1986 FR941206-1-00134 3 72150 72185 72219
9095 FR941206-1-00134 1 72155
paint FR941206-1-00134 1 72156
filter FR941206-1-00134 1 72157
4pp FR941206-1-00134 1 72161
8080 FR941206-1-00134 1 72189
organochlorine FR941206-1-00134 1 72190
pesticides FR941206-1-00134 1 72191
27pp FR941206-1-00134 1 72195
3540 FR941206-1-00134 1 72223
soxhlet FR941206-1-00134 1 72224
