to FR940104-0-00033 137 15225 15255 15299 15307 15436 15478 15493 15502 15514 15516 15618 15631 15678 15777 15793 15796 15928 15988 16019 16045 16129 16137 16229 16234 16330 16393 16413 16417 16434 16448 16459 16463 16467 16506 16566 16587 16625 16630 16640 16642 16691 16696 16700 16734 16745 16848 16857 16876 16887 16894 16988 17007 17039 17054 17073 17119 17147 17156 17197 17268 17298 17478 17485 17510 17525 17563 17576 17611 17618 17679 17738 17770 17862 17919 17988 17996 18001 18008 18015 18065 18082 18102 18179 18255 18272 18337 18435 18461 18463 18487 18511 18581 18638 18641 18660 18741 18753 18766 18846 18871 18979 19031 19123 19211 19245 19301 19309 19369 19383 19414 19448 19487 19490 19638 19657 19742 19748 19758 19834 19853 19908 19933 19950 19976 19980 20014 20053 20060 20221 20235 20300 20317 20352 20507 20576 20633 20776
start FR940104-0-00033 1 15226
in FR940104-0-00033 103 15227 15295 15305 15347 15470 15495 15522 15556 15639 15648 15730 15755 15808 15846 15851 15878 15893 15909 15970 16050 16082 16121 16175 16191 16217 16314 16341 16345 16475 16579 16627 16646 16667 16702 16715 16757 16906 16909 16990 17042 17154 17305 17328 17449 17476 17487 17539 17709 17885 17960 17972 18121 18150 18247 18280 18319 18425 18494 18496 18544 18671 18707 18709 18731 18750 18849 18858 18865 18898 19085 19105 19474 19479 19536 19627 19663 19706 19764 19784 19870 19892 19927 19959 19984 20048 20062 20094 20116 20174 20219 20231 20251 20262 20392 20480 20526 20539 20549 20574 20613 20622 20654 20704
defining FR940104-0-00033 1 15228
this FR940104-0-00033 45 15229 15308 15438 15565 15624 15633 15649 15668 15787 16680 16956 17104 17468 17520 17532 17565 17579 17807 17909 17915 18157 18307 18370 18451 18465 18690 18703 18732 18835 19154 19328 19659 19668 19680 19808 19827 19864 19906 19978 19985 20009 20263 20440 20563 20614
term FR940104-0-00033 40 15230 15566 15625 15711 15950 16016 16930 16957 17003 17471 17603 17855 17910 17916 18078 18158 18211 18240 18266 18308 18331 18371 18452 18466 18553 18623 18646 18781 18836 18864 18897 19523 19532 19551 19634 19660 19800 19828 19865 19907
is FR940104-0-00033 67 15231 15430 15462 15513 15531 15539 15658 15675 15771 15807 15883 15985 16017 16035 16405 16583 16650 16740 16940 17295 17427 17434 17462 17469 17507 17560 17663 17712 17736 17790 17846 17867 17898 17917 18019 18030 18050 18097 18204 18228 18335 18372 18469 18519 18576 18593 18650 18682 18705 18837 18869 18902 19009 19146 19156 19533 19545 19555 19559 19581 19792 19974 20051 20105 20314 20442 20472
section FR940104-0-00033 17 15232 15280 15932 15992 16020 16331 16790 17920 18353 18555 18799 18872 18905 18980 19253 19293 20010
3 FR940104-0-00033 2 15233 15457
( FR940104-0-00033 82 15234 15237 15240 15243 15282 15285 15288 15339 15367 15454 15715 15718 15721 15724 15735 15896 15911 15914 15934 15994 16000 16022 16140 16318 16321 16333 16672 16792 16795 16798 17451 17822 17826 17922 17927 18321 18340 18345 18355 18528 18554 18557 18560 18563 18801 18804 18807 18874 18907 18910 18913 18982 19042 19255 19295 19422 19424 19427 19430 19434 19437 19440 19498 19503 19576 19588 19840 19889 19897 19915 19937 19994 19997 20020 20025 20181 20325 20433 20436 20492 20514 20659
b FR940104-0-00033 3 15235 17452 18322
) FR940104-0-00033 81 15236 15239 15242 15245 15284 15287 15290 15345 15373 15458 15720 15723 15728 15729 15741 15902 15913 15916 15936 15996 16006 16024 16146 16320 16323 16335 16682 16794 16797 16800 17453 17825 17829 17924 17929 18323 18342 18347 18357 18535 18559 18562 18565 18569 18803 18806 18809 18876 18909 18912 18915 18984 19062 19257 19297 19426 19429 19432 19436 19439 19442 19443 19500 19505 19580 19594 19846 19903 19923 19941 19996 19999 20022 20027 20186 20343 20435 20438 20498 20516 20662
1 FR940104-0-00033 5 15238 15915 16322 16796 19428
a FR940104-0-00033 107 15241 15258 15408 15482 15519 15553 15605 15640 15660 15684 15699 15705 15756 15778 15863 15866 15884 15891 15949 15967 15971 16023 16038 16342 16647 16793 16799 16878 16959 17024 17040 17066 17121 17168 17234 17257 17306 17349 17361 17415 17435 17442 17455 17470 17512 17543 17561 17596 17658 17673 17740 17794 17865 17873 17900 17928 17943 17961 17978 18042 18052 18229 18259 18281 18315 18341 18375 18421 18491 18525 18586 18591 18625 18667 18672 18792 18850 18875 19013 19137 19140 19213 19247 19256 19284 19355 19425 19435 19504 19618 19689 19698 19729 19765 19935 20002 20026 20045 20049 20140 20165 20196 20410 20414 20434 20444 20453
x FR940104-0-00033 1 15244
of FR940104-0-00033 177 15246 15291 15315 15362 15403 15433 15444 15485 15527 15546 15610 15623 15651 15662 15664 15709 15758 15765 15811 15828 15870 15890 15931 15937 15991 15997 16014 16025 16123 16172 16203 16258 16311 16336 16359 16431 16485 16509 16544 16575 16679 16776 16801 16809 16812 16820 16836 16903 16925 16976 16992 17014 17029 17085 17092 17186 17222 17256 17281 17302 17359 17380 17441 17454 17500 17514 17550 17598 17614 17695 17719 17722 17743 17758 17880 17914 17930 17957 18068 18089 18130 18148 18182 18191 18221 18236 18252 18258 18275 18302 18329 18348 18358 18369 18382 18385 18393 18440 18524 18566 18585 18621 18628 18644 18715 18734 18791 18810 18825 18862 18877 18885 18891 18895 18916 18936 18965 18985 19016 19050 19095 19167 19178 19219 19234 19240 19258 19283 19298 19327 19354 19372 19407 19417 19459 19495 19506 19539 19549 19728 19780 19826 19863 19904 19921 20008 20028 20090 20097 20122 20134 20147 20245 20258 20265 20276 20306 20370 20417 20443 20510 20522 20535 20559 20567 20584 20629 20638 20699 20713 20726 20764 20801 20863 20895 20905 20910
the FR940104-0-00033 346 15247 15271 15292 15301 15313 15331 15348 15377 15382 15404 15428 15441 15486 15490 15506 15510 15525 15537 15579 15589 15608 15620 15652 15656 15710 15731 15743 15766 15775 15783 15797 15809 15815 15820 15826 15888 15906 15929 15938 15943 15989 15998 16012 16015 16026 16042 16051 16083 16132 16148 16170 16173 16176 16192 16201 16231 16244 16256 16259 16268 16309 16337 16356 16360 16368 16391 16400 16452 16483 16492 16507 16540 16545 16576 16580 16588 16613 16668 16677 16684 16738 16748 16758 16774 16781 16802 16807 16818 16825 16831 16891 16895 16898 16910 16923 16929 16974 16985 16993 17002 17018 17030 17078 17083 17086 17093 17095 17099 17135 17138 17143 17179 17187 17202 17223 17229 17240 17254 17269 17273 17290 17303 17336 17357 17395 17399 17410 17424 17439 17447 17465 17496 17501 17505 17527 17602 17612 17623 17628 17633 17646 17649 17677 17692 17696 17701 17706 17716 17723 17731 17750 17756 17759 17781 17788 17798 17802 17816 17844 17850 17854 17870 17881 17886 17912 17931 17936 17951 17955 17958 17969 17990 18013 18023 18066 18072 18077 18115 18126 18134 18144 18153 18183 18192 18202 18207 18210 18219 18234 18239 18256 18265 18273 18290 18312 18327 18330 18349 18359 18362 18367 18383 18394 18416 18438 18454 18474 18498 18507 18512 18537 18545 18552 18567 18571 18583 18599 18608 18622 18631 18645 18680 18684 18710 18713 18718 18735 18757 18769 18775 18780 18811 18816 18826 18840 18863 18866 18878 18883 18893 18896 18899 18917 18924 18942 18946 18949 18963 18970 18986 19007 19017 19020 19059 19089 19101 19106 19109 19117 19168 19179 19220 19232 19259 19269 19281 19299 19302 19307 19325 19370 19415 19445 19475 19480 19491 19507 19522 19537 19623 19633 19641 19672 19677 19724 19732 19769 19778 19785 19796 19799 19816 19824 19861 19871 19879 19893 19962 19968 20006 20029 20087 20091 20095 20128 20132 20155 20159 20177 20191 20213 20228 20232 20252 20256 20266 20273 20277 20290 20345 20350 20371 20395 20400 20425 20457 20481 20503 20508 20520 20533 20568 20577 20582 20587 20597 20607 20630 20646 20655 20705 20727 20798 20802 20892 20921
1990 FR940104-0-00033 7 15248 15302 15590 18538 20772 20922 20934
amendments FR940104-0-00033 4 15249 15303 15591 18539
. FR940104-0-00033 173 15250 15294 15346 15374 15398 15456 15459 15521 15536 15571 15599 15626 15643 15689 15691 15742 15760 15781 15802 15824 15850 15903 15940 16007 16041 16057 16147 16178 16238 16286 16362 16399 16421 16451 16490 16524 16547 16594 16612 16683 16706 16722 16747 16780 16789 16822 16830 16851 16881 16897 16914 16950 16958 16995 17058 17098 17137 17191 17201 17250 17286 17332 17394 17420 17459 17492 17522 17554 17571 17587 17635 17667 17726 17745 17761 17797 17849 17872 17888 17911 17935 17971 18006 18034 18056 18091 18133 18163 18201 18238 18261 18304 18324 18361 18378 18429 18473 18506 18570 18596 18630 18654 18679 18702 18738 18774 18831 18857 18919 18939 18967 18988 19019 19063 19108 19130 19183 19204 19238 19275 19315 19330 19444 19455 19478 19509 19511 19562 19622 19647 19667 19708 19731 19768 19790 19810 19847 19869 19939 19942 19961 19983 20072 20093 20111 20113 20152 20183 20209 20226 20269 20294 20344 20361 20420 20422 20460 20474 20476 20547 20565 20594 20624 20642 20644 20680 20735 20739 20773 20794 20839 20888 20935
that FR940104-0-00033 175 15251 15273 15335 15359 15381 15464 15509 15561 15604 15645 15673 15687 15702 15746 15786 15805 15847 15862 15865 15886 15894 15917 15947 15973 16131 16181 16185 16199 16207 16211 16242 16247 16291 16295 16367 16403 16425 16455 16472 16499 16528 16551 16562 16568 16582 16598 16616 16649 16687 16751 16834 16912 16928 16963 17001 17009 17062 17082 17102 17141 17206 17225 17293 17300 17313 17339 17352 17398 17429 17437 17467 17472 17480 17558 17601 17639 17645 17657 17671 17734 17749 17765 17787 17801 17811 17843 17853 17893 17939 17953 18017 18028 18046 18060 18076 18095 18111 18123 18137 18167 18209 18226 18232 18277 18391 18447 18477 18510 18514 18574 18602 18611 18634 18657 18686 18759 18779 18852 18855 18929 18948 18973 18997 19004 19006 19023 19033 19045 19055 19067 19084 19097 19112 19144 19152 19187 19200 19235 19304 19519 19531 19550 19569 19572 19597 19626 19640 19651 19671 19684 19712 19735 19756 19773 19798 19882 19910 19946 19965 19992 20001 20044 20083 20127 20158 20205 20216 20321 20377 20403 20439 20446 20502 20550 20620
provision FR940104-0-00033 4 15252 15309 18493 20564
directed FR940104-0-00033 1 15253
fda FR940104-0-00033 63 15254 15311 15357 15426 15465 15602 15629 15671 15703 15803 15860 16030 16093 16179 16223 16239 16283 16289 16599 16653 17063 17165 17207 17421 17460 17473 17523 17556 17574 17766 17891 18101 18449 18483 18549 18580 18615 18635 18655 18739 19030 19113 19185 19520 19652 19695 19713 19736 19791 19848 19943 19988 20077 20104 20125 20188 20210 20240 20270 20362 20500 20553 20625
determine FR940104-0-00033 2 15256 18365
whether FR940104-0-00033 8 15257 16033 16153 16167 18366 18892 19741 20190
health FR940104-0-00033 8 15259 16139 20333 20608 20724 20731 20845 20869
claim FR940104-0-00033 35 15260 15476 15491 15520 15559 15788 15821 15864 15885 15982 16352 16880 16945 17126 17237 17270 17436 17458 17808 17903 17948 17959 17983 17991 18024 18055 18231 18318 18589 18670 18724 18772 19107 20591 20609
on FR940104-0-00033 59 15261 15325 15351 15400 15543 15607 15682 15814 15855 15966 16037 16054 16085 16096 16118 16152 16491 16656 16773 16806 16817 16859 16889 17215 17348 17531 17536 17546 17578 17691 17700 17715 17809 18004 18114 18143 18374 18437 18693 18697 18712 18745 19604 19720 19866 19874 20131 20199 20367 20413 20456 20485 20544 20652 20797 20813 20842 20853 20891
antioxidant FR940104-0-00033 8 15262 15352 15384 15413 15479 15557 15572 20784
vitamins FR940104-0-00033 13 15263 15332 15353 15385 15414 15446 15480 16813 17285 17360 19052 20066 20785
and FR940104-0-00033 97 15264 15322 15354 15395 15415 15417 15582 15750 15925 16029 16075 16109 16126 16162 16206 16304 16380 16389 16407 16518 16537 16542 16561 16635 16946 16965 17081 17113 17239 17375 17392 17412 17426 17444 17498 17534 17630 17656 17665 17714 17904 17925 17992 18026 18075 18160 18188 18343 18351 18406 18445 18529 18617 18721 18887 18955 19053 19083 19173 19175 19207 19222 19388 19392 19419 19433 19462 19501 19553 19591 19830 19856 19954 20023 20202 20248 20289 20304 20310 20334 20341 20374 20512 20603 20663 20673 20701 20715 20723 20786 20788 20808 20844 20848 20868 20900 20918
cancer FR940104-0-00033 5 15265 15326 15355 15416 20787
, FR940104-0-00033 264 15266 15304 15310 15318 15321 15343 15344 15356 15371 15372 15376 15391 15394 15420 15427 15488 15505 15524 15541 15560 15581 15583 15585 15601 15628 15646 15655 15665 15666 15670 15732 15763 15816 15817 15834 15838 15859 15868 15874 15905 15942 15955 15959 15983 16011 16028 16068 16073 16092 16098 16102 16107 16112 16161 16163 16166 16205 16222 16254 16261 16274 16288 16303 16313 16373 16378 16436 16470 16495 16511 16517 16534 16560 16620 16634 16674 16708 16724 16737 16768 16824 16864 16868 16874 16997 17080 17106 17109 17115 17127 17163 17172 17238 17253 17271 17289 17335 17362 17364 17366 17368 17370 17372 17374 17383 17385 17387 17389 17391 17494 17504 17541 17573 17654 17676 17730 17835 17890 17933 17974 18025 18070 18074 18152 18223 18250 18264 18283 18293 18306 18326 18399 18404 18453 18482 18534 18536 18598 18701 18785 18795 18813 18819 18830 18833 18842 18860 18880 18923 18941 18969 19044 19082 19088 19115 19120 19133 19277 19321 19334 19357 19359 19364 19374 19376 19378 19380 19385 19387 19409 19457 19466 19482 19552 19565 19595 19610 19630 19682 19692 19750 19755 19815 19829 19878 19928 19934 19966 19972 19987 20037 20039 20042 20103 20123 20124 20137 20142 20154 20187 20239 20311 20316 20329 20331 20365 20376 20391 20399 20462 20482 20483 20499 20529 20552 20596 20676 20683 20686 20690 20693 20696 20708 20711 20717 20733 20737 20738 20742 20746 20750 20754 20761 20767 20770 20791 20806 20811 20816 20820 20825 20828 20831 20833 20837 20846 20851 20856 20860 20865 20870 20877 20882 20884 20886 20898 20903 20907 20912 20916 20924 20927 20929 20933
could FR940104-0-00033 6 15267 15466 17166 17263 18011 19737
be FR940104-0-00033 37 15268 15791 15794 15844 15876 16265 16328 16460 16522 16638 16755 16840 16849 16877 16948 17005 17033 17309 17346 17483 17876 17965 17994 18171 18245 18412 18764 18847 19027 19202 19310 19472 19488 19805 20012 20015 20665
authorized FR940104-0-00033 1 15269
under FR940104-0-00033 13 15270 15279 16008 16255 17103 18798 18904 19252 19292 20005 20017 20429 20586
standard FR940104-0-00033 2 15272 17795
it FR940104-0-00033 32 15274 15461 15806 15977 15984 16034 16209 16404 17294 17481 17529 17711 17735 18029 18227 18285 18468 18658 18687 18820 18843 19024 19145 19163 19554 19558 19685 19831 19883 19947 19973 20217
established FR940104-0-00033 7 15275 16156 16442 16979 18200 19547 19697
for FR940104-0-00033 75 15276 15595 15667 15761 15819 16089 16158 16196 16271 16300 16411 16557 16591 16602 16664 16732 16917 16955 17181 17189 17233 17251 17316 17333 17590 17651 17831 18022 18037 18100 18185 18194 18262 18314 18579 18717 18726 18934 19012 19029 19077 19100 19127 19131 19136 19148 19159 19170 19181 19190 19216 19286 19311 19345 19398 19452 19527 19563 19661 19701 19860 19967 20100 20355 20358 20489 20517 20530 20562 20635 20730 20758 20779 20872 20920
dietary FR940104-0-00033 37 15277 15503 15547 15769 15881 16090 16124 16133 16193 16220 16449 16464 16697 16720 16810 17056 17490 18458 18698 18727 18760 19313 19318 19339 19348 19401 19528 19540 19867 19981 20118 20135 20490 20545 20578 20804 20823
supplements FR940104-0-00033 29 15278 15504 15548 15770 16091 16125 16450 16465 16698 16721 16811 17057 17150 17217 17687 17810 18110 18151 18699 18728 19090 19529 19541 19868 19982 20136 20491 20546 20703
403 FR940104-0-00033 17 15281 15933 15993 16021 16332 17926 18339 18354 18556 18800 18873 18906 18981 19254 19294 19502 20024
r FR940104-0-00033 9 15283 15935 15995 16334 18356 18558 18802 18908 18983
5 FR940104-0-00033 2 15286 19510
d FR940104-0-00033 5 15289 15719 15912 16319 17382
act FR940104-0-00033 24 15293 15939 15999 16027 16338 16803 17577 17932 18350 18360 18568 18812 18879 18918 18987 19260 19300 19508 20030 20180 20293 20348 20398 20479
its FR940104-0-00033 20 15296 15360 15401 15544 15852 15871 17584 18541 18743 19262 19821 19886 20032 20117 20222 20243 20368 20518 20555 20636
proposed FR940104-0-00033 11 15297 15704 15716 17544 19858 20110 20129 20160 20192 20527 20588
regulations FR940104-0-00033 5 15298 15813 16784 19451 19859
implement FR940104-0-00033 1 15300
response FR940104-0-00033 3 15306 20220 20575
considered FR940104-0-00033 1 15312
effects FR940104-0-00033 3 15314 18297 20336
vitamin FR940104-0-00033 14 15316 15319 15389 15392 17381 18187 19574 19586 19608 19730 19753 20047 20058 20700
c FR940104-0-00033 6 15317 15390 17363 18564 18808 18914
e FR940104-0-00033 7 15320 15393 17365 19575 19587 19609 19754
beta FR940104-0-00033 2 15323 15396
-carotene FR940104-0-00033 2 15324 15397
because FR940104-0-00033 17 15327 15440 15489 15869 16843 17023 17128 17320 17836 18107 18419 19072 19162 19261 19458 19530 20227
these FR940104-0-00033 31 15328 15363 16159 16197 16212 16301 16397 16427 16456 16500 16525 16548 16552 16621 16644 16688 16709 16726 16752 16837 16904 17728 18937 18974 19034 19128 19205 20246 20378 20404 20639
nutrients FR940104-0-00033 34 15329 15364 16174 16204 16312 16510 16578 16593 16977 17108 17199 17224 17244 17304 17322 17401 17615 17624 17681 17952 18069 18090 18120 18132 18149 18222 18237 18276 18291 18966 19096 19749 19783 20716
are FR940104-0-00033 36 15330 15753 15920 15926 16115 16155 16187 16250 16280 16297 16384 16512 16531 16623 16771 16827 16967 16982 17130 17245 17314 17323 17402 17625 17682 17954 18112 18278 18931 18976 18999 19056 19098 19323 19616 20381
or FR940104-0-00033 38 15333 15386 15961 16120 16233 16350 16353 16395 16443 16814 16862 16935 16989 17021 17183 17620 17686 17776 17814 17827 17833 18032 18086 18128 18284 18298 18300 18652 19197 19228 19361 19913 19929 20034 20040 20056 20059 20450
provitamins FR940104-0-00033 2 15334 15387
function FR940104-0-00033 1 15336
as FR940104-0-00033 52 15337 15447 15473 15481 15499 15501 15567 15635 15637 15773 15831 15952 16064 16278 16608 16617 16659 16761 16764 16870 17111 17174 17567 17569 17581 17583 18173 18295 18467 18478 18522 18666 18675 18677 18789 18815 18823 18920 19316 19342 19557 19694 19752 19788 19811 19890 19957 20109 20139 20168 20283 20384
antioxidants FR940104-0-00033 5 15338 15449 15471 15529 15612
56 FR940104-0-00033 2 15340 19898
fr FR940104-0-00033 10 15341 15369 15726 15737 15898 16002 16142 19842 19899 20494
60624 FR940104-0-00033 1 15342
final FR940104-0-00033 15 15349 15586 15680 15848 15853 16052 16272 18691 19872 20253 20278 20379 20405 20615 20631
rule FR940104-0-00033 11 15350 15849 15854 16053 17545 18692 19873 20167 20254 20616 20632
concluded FR940104-0-00033 5 15358 15861 20157 20204 20364
selection FR940104-0-00033 1 15361
was FR940104-0-00033 5 15365 15423 18530 18821 19832
appropriate FR940104-0-00033 6 15366 16479 17548 19028 19099 19975
58 FR940104-0-00033 8 15368 15725 15736 15897 16001 16141 19841 20493
2622 FR940104-0-00033 1 15370
thus FR940104-0-00033 6 15375 15600 17905 18027 20153 20595
agency FR940104-0-00033 43 15378 15429 15507 15538 15580 15657 15907 15944 16043 16149 16245 16392 16685 16739 16749 16832 16899 17506 17803 17851 17937 18014 18154 18203 18363 18455 18481 18681 18776 18947 18971 19446 19464 19673 19817 19880 19963 20156 20351 20401 20426 20504 20598
has FR940104-0-00033 17 15379 15450 17422 18198 18484 18550 19653 19696 19818 19924 19930 20211 20241 20271 20363 20427 20626
determined FR940104-0-00033 3 15380 19881 20428
directacting FR940104-0-00033 1 15383
include FR940104-0-00033 3 15388 16785 19195
based FR940104-0-00033 4 15399 15542 17535 20366
review FR940104-0-00033 7 15402 15545 16671 17526 20369 20519 20637
information FR940104-0-00033 6 15405 17537 17754 18142 20523 20560
presented FR940104-0-00033 3 15406 17704 20249
at FR940104-0-00033 26 15407 15739 15900 16004 16144 16584 16984 17012 17015 17026 17075 17133 17151 17247 17311 17354 17405 17417 17519 19116 19679 19807 19836 19844 19901 20496
recent FR940104-0-00033 1 15409
conference FR940104-0-00033 2 15410 20782
entitled FR940104-0-00033 1 15411
`` FR940104-0-00033 94 15412 15468 15528 15554 15611 15692 15712 15747 15774 15798 15822 15832 15836 15840 15953 15957 15962 16055 16065 16070 16076 16099 16104 16110 16370 16375 16381 16660 16765 16852 16866 16882 16918 16931 16936 16969 17034 17048 17067 17122 17158 17210 17258 17277 17340 17430 17515 17551 17591 17604 17640 17652 17659 17772 17856 17894 17944 17979 18038 18047 18061 18104 18168 18212 18241 18267 18332 18396 18401 18407 18441 18515 18662 18746 18782 18951 18956 19153 19337 19343 19512 19524 19598 19635 19702 19716 19744 19801 20043 20697 20755 20821 20866 20913
cardiovascular FR940104-0-00033 2 15418 20789
disease FR940104-0-00033 4 15419 19373 20790 20875
'' FR940104-0-00033 94 15421 15472 15530 15558 15613 15694 15714 15749 15782 15800 15825 15835 15839 15842 15956 15960 15964 16058 16069 16074 16078 16103 16108 16113 16374 16379 16383 16663 16769 16855 16869 16885 16921 16934 16939 16972 17037 17051 17070 17125 17161 17213 17261 17287 17343 17433 17518 17555 17594 17607 17643 17655 17662 17775 17859 17897 17947 17982 18040 18049 18063 18106 18170 18214 18243 18269 18334 18400 18405 18409 18444 18518 18665 18749 18786 18954 18958 19184 19341 19421 19514 19526 19600 19637 19705 19718 19746 19803 20073 20718 20762 20829 20878 20925
which FR940104-0-00033 14 15422 16114 16127 16535 16770 17243 17680 17710 18195 18253 18497 18881 19350 19403
initiated FR940104-0-00033 1 15424
by FR940104-0-00033 18 15425 15578 16282 16284 17464 17705 17968 18206 18756 18839 19058 19352 19405 19795 20170 20285 20386 20667
not FR940104-0-00033 49 15431 15451 15532 15575 15593 15790 15975 15986 16307 16327 16439 16503 16513 16521 16828 16846 17047 17117 17296 17508 17609 17689 17805 17841 17899 17907 18051 18071 18118 18216 18310 18352 18411 18927 18960 18977 19092 19225 19367 19412 19471 19675 19793 20079 20163 20208 20382 20408 20448
aware FR940104-0-00033 2 15432 15540
any FR940104-0-00033 9 15434 16441 17940 18174 18935 19467 20063 20081 20098
basis FR940104-0-00033 6 15435 16040 16819 18021 18377 20099
expand FR940104-0-00033 1 15437
list FR940104-0-00033 1 15439
biological FR940104-0-00033 2 15442 17674
role FR940104-0-00033 1 15443
other FR940104-0-00033 14 15445 16468 16493 17055 17828 18131 19332 19362 19463 19592 19628 19782 20075 20088
direct FR940104-0-00033 2 15448 16694
been FR940104-0-00033 8 15452 15576 16555 16730 18199 19925 19931 20650
confirmed FR940104-0-00033 1 15453
ref FR940104-0-00033 2 15455 19938
while FR940104-0-00033 3 15460 16725 18590
arguable FR940104-0-00033 1 15463
authorize FR940104-0-00033 2 15467 15517
high FR940104-0-00033 50 15469 15555 16066 16071 16100 16105 16371 16376 16853 16883 16919 16932 16970 17035 17049 17068 17123 17159 17211 17235 17248 17259 17279 17317 17330 17341 17418 17431 17516 17552 17592 17605 17641 17653 17660 17773 17857 17895 17945 17980 18087 18397 18402 18442 18516 18663 18747 18783 18952 19048
an FR940104-0-00033 17 15474 15616 15978 16348 16573 16941 17265 17547 18196 18479 18603 19125 19134 19837 20054 20464 20468
implied FR940104-0-00033 5 15475 15921 15979 16385 16942
pertaining FR940104-0-00033 1 15477
logical FR940104-0-00033 1 15483
outgrowth FR940104-0-00033 1 15484
proposal FR940104-0-00033 10 15487 15642 15685 15818 16084 19469 19896 20092 20484 20580
applies FR940104-0-00033 1 15492
foods FR940104-0-00033 4 15494 16486 16701 19662
conventional FR940104-0-00033 4 15496 16703 17043 19664
food FR940104-0-00033 23 15497 15867 15895 15968 16177 16361 16469 16704 17041 17044 17685 17708 19384 19665 19936 20003 20050 20542 20759 20807 20847 20896 20899
form FR940104-0-00033 9 15498 16705 17045 17694 17962 19666 19727 19767 19787
well FR940104-0-00033 5 15500 17847 17864 17877 19789
believes FR940104-0-00033 2 15508 16833
better FR940104-0-00033 4 15511 17791 19582 19619
course FR940104-0-00033 1 15512
propose FR940104-0-00033 2 15515 16235
such FR940104-0-00033 30 15518 15683 15830 15918 15951 16009 16063 16248 16262 16276 16324 16419 16529 16604 16658 16763 17110 17173 17329 17998 18294 18420 18648 19068 19241 19278 19453 19468 19483 19751
addition FR940104-0-00033 3 15523 17973 18859
definition FR940104-0-00033 18 15526 15609 15801 16916 17448 17513 17549 17566 17650 17742 18313 18439 18592 18856 19548 19691 19700 19839
free FR940104-0-00033 1 15533
from FR940104-0-00033 14 15534 15698 16482 16606 17627 17672 17684 18177 18489 19249 20069 20606 20619 20721
controversy FR940104-0-00033 1 15535
whose FR940104-0-00033 1 15549
labeling FR940104-0-00033 14 15550 16122 18427 18720 18889 19263 19538 20035 20120 20133 20543 20760 20897 20915
currently FR940104-0-00033 4 15551 18113 18470 19849
includes FR940104-0-00033 1 15552
some FR940104-0-00033 4 15562 16713 17107 19760
manufacturers FR940104-0-00033 5 15563 16636 17975 18460 18762
view FR940104-0-00033 1 15564
including FR940104-0-00033 5 15568 19365 19410 19916 20326
certain FR940104-0-00033 2 15569 19217
minerals FR940104-0-00033 5 15570 15573 16815 16966 19054
have FR940104-0-00033 16 15574 16440 16554 16564 16692 16712 16728 17985 18639 18845 18944 20144 20195 20409 20452 20649
addressed FR940104-0-00033 3 15577 15845 20581
therefore FR940104-0-00033 9 15584 16519 16823 17445 17572 18161 18325 19026 20461
rules FR940104-0-00033 8 15587 16273 20130 20161 20193 20279 20380 20406
implementing FR940104-0-00033 1 15588
do FR940104-0-00033 12 15592 16306 16438 16502 16845 18009 18117 18501 18959 19091 19224 20207
provide FR940104-0-00033 7 15594 15615 16572 17564 17739 19074 19124
claims FR940104-0-00033 32 15596 15858 15924 16062 16088 16253 16263 16388 16420 16516 16611 16657 17162 17214 17319 17344 17778 18696 18992 19081 19129 19196 19206 19279 19320 19484 19601 19719 19747 19877 20488 20538
about FR940104-0-00033 5 15597 17755 19268 19280 19740
them FR940104-0-00033 3 15598 16629 20250
finds FR940104-0-00033 2 15603 17892
rulemaking FR940104-0-00033 7 15606 16228 16681 18417 18674 18744 19329
will FR940104-0-00033 19 15614 15843 16031 16135 16214 16224 16900 17482 17906 17949 18364 18636 18688 18763 18844 19470 19485 19776 20407
opportunity FR940104-0-00033 1 15617
establish FR940104-0-00033 3 15619 17167 19688
precise FR940104-0-00033 1 15621
meaning FR940104-0-00033 2 15622 16445
consequently FR940104-0-00033 1 15627
intends FR940104-0-00033 7 15630 16044 17524 17575 18659 18740 19447
address FR940104-0-00033 3 15632 16901 20660
issue FR940104-0-00033 6 15634 15650 17533 17542 18733 20264
quickly FR940104-0-00033 3 15636 17568 18676
possible FR940104-0-00033 3 15638 17570 18678
forthcoming FR940104-0-00033 1 15641
given FR940104-0-00033 3 15644 17495 17727
elsewhere FR940104-0-00033 3 15647 18730 20261
federal FR940104-0-00033 4 15653 15733 18736 20267
register FR940104-0-00033 4 15654 15734 18737 20268
establishing FR940104-0-00033 1 15659
date FR940104-0-00033 6 15661 15688 16270 18685 18714 20257
applicability FR940104-0-00033 2 15663 16474
regulation FR940104-0-00033 5 15669 15706 16285 16607 20313
anticipates FR940104-0-00033 1 15672
there FR940104-0-00033 11 15674 16154 16186 16296 17559 18018 18096 18575 18930 18998 19544
sufficient FR940104-0-00033 3 15676 18751 19851
time FR940104-0-00033 9 15677 16277 17521 18434 18629 18752 18758 19681 19809
take FR940104-0-00033 1 15679
action FR940104-0-00033 2 15681 20441
before FR940104-0-00033 3 15686 18533 18829
2 FR940104-0-00033 5 15690 15722 18561 18805 18911
healthier FR940104-0-00033 3 15693 15779 15837
24. FR940104-0-00033 1 15695
one FR940104-0-00033 13 15696 15764 16422 16595 16871 17636 17746 18057 18388 18994 19566 19648 19812
comment FR940104-0-00033 49 15697 15744 15784 16095 16151 16423 16453 16596 16614 16872 16999 17060 17100 17139 17203 17291 17337 17396 17637 17669 17732 17747 17763 17799 18058 18093 18135 18165 18389 18431 18436 18475 18508 18572 18600 18632 18817 18995 19021 19065 19110 19567 19624 19649 19669 19710 19733 19770 19813
manufacturer FR940104-0-00033 4 15700 15767 16416 17782
observed FR940104-0-00033 1 15701
concerning FR940104-0-00033 1 15707
use FR940104-0-00033 25 15708 15827 16013 16643 17913 18328 18368 18384 18392 18464 18543 18584 18620 18643 18649 18861 18884 18894 19314 19319 19632 19825 19862 20534 20698
healthy FR940104-0-00033 10 15713 15748 15799 15823 15833 15880 15954 16056 16219 17489
ยง101.65 FR940104-0-00033 3 15717 15910 16317
2949 FR940104-0-00033 2 15727 15740
2944 FR940104-0-00033 1 15738
notes FR940104-0-00033 1 15745
similar FR940104-0-00033 2 15751 17777
terms FR940104-0-00033 31 15752 15829 16097 16160 16198 16249 16302 16325 16369 16398 16428 16457 16501 16530 16553 16605 16622 16645 16689 16710 16727 16753 16762 16838 16905 18386 18395 18938 18950 18975 20757
used FR940104-0-00033 15 15754 16190 16340 16556 16731 16772 18246 18472 18521 18532 18788 18822 18848 19535 19561
variety FR940104-0-00033 2 15757 16484
contexts FR940104-0-00033 1 15759
example FR940104-0-00033 6 15762 17252 17334 18263 19132 19564
's FR940104-0-00033 9 15768 16590 16654 16981 17821 17824 19271 20599 20923
labeled FR940104-0-00033 2 15772 20004
way FR940104-0-00033 2 15776 20064
life FR940104-0-00033 3 15780 20814 20854
suggested FR940104-0-00033 18 15785 16873 17061 17140 17205 17338 17502 17764 18059 18136 18166 18446 18476 19111 19518 19670 19711 19734
should FR940104-0-00033 25 15789 16520 16637 16754 16839 16947 17004 17064 17088 17208 17325 17345 17474 17752 17767 17804 17984 17993 18155 18410 18456 19114 19686 19714 19804
deemed FR940104-0-00033 2 15792 20013
subject FR940104-0-00033 11 15795 15927 15987 16018 16329 17918 17956 18336 18870 18978 19489
advises FR940104-0-00033 3 15804 18656 18778
process FR940104-0-00033 2 15810 18418
finalizing FR940104-0-00033 1 15812
healthiest FR940104-0-00033 1 15841
nutrient FR940104-0-00033 32 15856 15872 15892 15922 15980 16086 16251 16357 16386 16432 16514 16609 16860 16896 16943 17443 17456 17697 17720 17866 17901 18053 18316 18587 18668 18694 18722 18770 19875 20486 20536 20589
content FR940104-0-00033 27 15857 15873 15923 15981 16087 16252 16358 16387 16433 16515 16610 16863 16944 17457 17902 18054 18317 18588 18669 18695 18723 18771 19876 20487 20537 20583 20590
may FR940104-0-00033 9 15875 16711 17413 18244 18270 18286 19194 20194 20664
useful FR940104-0-00033 6 15877 16444 16624 17484 19011 19147
maintaining FR940104-0-00033 3 15879 16218 17488
practices FR940104-0-00033 3 15882 16221 17491
characterizes FR940104-0-00033 2 15887 17438
level FR940104-0-00033 13 15889 16171 16202 16310 16508 16861 17171 17231 17440 17613 18073 18220 18964
2302 FR940104-0-00033 3 15899 16003 19843
2375 FR940104-0-00033 2 15901 16005
accordingly FR940104-0-00033 4 15904 17889 18305 18968
provided FR940104-0-00033 1 15908
statements FR940104-0-00033 1 15919
requirements FR940104-0-00033 8 15930 15990 18725 19041 20524 20593 20611 20641
however FR940104-0-00033 8 15941 16723 17493 17934 18832 18940 19276 19456
also FR940104-0-00033 9 15945 16240 17204 17461 18777 19771 19944 19989 20548
stated FR940104-0-00033 28 15946 16180 16241 16290 16402 16424 16498 16615 16927 16962 17000 17292 17397 17600 17638 17670 17733 17800 18045 18094 18390 18633 18818 18996 19568 19625 19772 20126
when FR940104-0-00033 9 15948 16973 17052 17218 17780 18647 18787 19762 20312
wholesome FR940104-0-00033 1 15958
nutritious FR940104-0-00033 1 15963
appears FR940104-0-00033 1 15965
label FR940104-0-00033 6 15969 17087 17241 17255 17751 20033
context FR940104-0-00033 2 15972 16344
does FR940104-0-00033 6 15974 17608 17840 18215 18309 20447
render FR940104-0-00033 1 15976
conditions FR940104-0-00033 2 16010 19371
consider FR940104-0-00033 2 16032 19449
misleading FR940104-0-00033 8 16036 18033 18373 18653 18888 19203 19556 19611
casebycase FR940104-0-00033 2 16039 18376
give FR940104-0-00033 1 16046
more FR940104-0-00033 8 16047 16461 16693 16907 17177 17219 18502 20569
specific FR940104-0-00033 3 16048 16462 18991
guidance FR940104-0-00033 1 16049
1. FR940104-0-00033 2 16059 20681
general FR940104-0-00033 4 16060 16080 19492 19894
nutrition FR940104-0-00033 8 16061 18719 20765 20809 20849 20893 20901 20914
potency FR940104-0-00033 28 16067 16101 16372 16808 16854 16920 16933 16938 16971 17036 17050 17069 17124 17160 17212 17236 17260 17318 17342 17432 17517 17553 18398 18443 18517 18664 18748 18784
absorption FR940104-0-00033 16 16072 16106 16377 16884 17593 17606 17642 17774 17858 17896 17946 17981 18127 18303 18403 18953
balanced FR940104-0-00033 15 16077 16111 16382 16867 18039 18048 18062 18105 18169 18213 18242 18268 18333 18408 18957
a. FR940104-0-00033 4 16079 20684 20687 20744
issues FR940104-0-00033 3 16081 20229 20917
requested FR940104-0-00033 4 16094 16150 17748 18432
often FR940104-0-00033 2 16116 19223
encountered FR940104-0-00033 1 16117
labels FR940104-0-00033 4 16119 16775 17769 19122
seem FR940104-0-00033 5 16128 16458 16690 16847 19210
imply FR940104-0-00033 5 16130 16429 16735 19005 19212
supplement FR940104-0-00033 13 16134 16194 17072 17096 17144 17308 17351 17796 18175 18459 18761 20119 20579
contribute FR940104-0-00033 1 16136
good FR940104-0-00033 2 16138 18505
33731 FR940104-0-00033 2 16143 20495
33748 FR940104-0-00033 1 16145
meanings FR940104-0-00033 1 16157
if FR940104-0-00033 9 16164 16182 16208 16243 16292 17142 18614 18814 20031
so FR940104-0-00033 4 16165 16471 16570 18010
they FR940104-0-00033 15 16168 16279 16305 16437 16743 16844 17129 17226 19046 19073 19230 19305 19322 19615 20206
characterize FR940104-0-00033 5 16169 16200 16308 18218 18962
comments FR940104-0-00033 27 16183 16293 16365 16401 16497 16526 16549 16911 16926 16961 17425 17466 17540 17599 18044 18208 18925 18943 19517 19739 19797 20082 20215 20233 20247 20375 20572
demonstrate FR940104-0-00033 3 16184 16294 18928
accepted FR940104-0-00033 3 16188 16298 18932
definitions FR940104-0-00033 9 16189 16213 16232 16299 16952 17503 17589 18036 18933
industry FR940104-0-00033 2 16195 17145
determines FR940104-0-00033 1 16210
assist FR940104-0-00033 1 16215
consumers FR940104-0-00033 11 16216 16435 16477 16563 16626 16717 16746 17486 19071 19612 19775
proceed FR940104-0-00033 1 16225
with FR940104-0-00033 18 16226 16316 16347 16409 16446 16652 16978 17272 18768 18854 19001 19038 19139 19655 20086 20176 20394 20541
further FR940104-0-00033 6 16227 16287 17288 18141 18597 20390
adopt FR940104-0-00033 1 16230
new FR940104-0-00033 1 16236
ones FR940104-0-00033 1 16237
agrees FR940104-0-00033 4 16246 16686 17852 19186
provisions FR940104-0-00033 7 16257 18773 19494 20007 20076 20089 20108
statute FR940104-0-00033 1 16260
would FR940104-0-00033 17 16264 16326 17116 17195 18124 18423 18500 18606 18612 18796 19025 19243 19264 19884 19948 20143 20162
prohibited FR940104-0-00033 2 16266 18162
after FR940104-0-00033 1 16267
effective FR940104-0-00033 1 16269
until FR940104-0-00033 5 16275 18138 18448 18548 18700
defined FR940104-0-00033 10 16281 16523 16949 18172 18551 18838 19040 19806 20169 20385
accordance FR940104-0-00033 3 16315 20175 20393
unless FR940104-0-00033 1 16339
nutritional FR940104-0-00033 2 16343 16480
association FR940104-0-00033 1 16346
explicit FR940104-0-00033 1 16349
implicit FR940104-0-00033 1 16351
statement FR940104-0-00033 2 16354 20471
characterizing FR940104-0-00033 1 16355
25. FR940104-0-00033 1 16363
several FR940104-0-00033 4 16364 16496 16951 19516
maintained FR940104-0-00033 3 16366 16527 19066
urged FR940104-0-00033 1 16390
define FR940104-0-00033 8 16394 16418 17475 17908 18103 18661 19521 19658
prohibit FR940104-0-00033 3 16396 18582 18642
inappropriate FR940104-0-00033 1 16406
fraught FR940104-0-00033 1 16408
possibilities FR940104-0-00033 1 16410
deception FR940104-0-00033 1 16412
allow FR940104-0-00033 6 16414 17209 17586 17768 17806 19715
each FR940104-0-00033 5 16415 16835 16902 18186 18251
although FR940104-0-00033 1 16426
features FR940104-0-00033 1 16430
regard FR940104-0-00033 2 16447 19986
argued FR940104-0-00033 5 16454 16597 18509 18573 19022
than FR940104-0-00033 10 16466 16699 17178 17220 17408 17793 17963 18504 19584 20570
their FR940104-0-00033 1 16473
helping FR940104-0-00033 3 16476 16628 16716
make FR940104-0-00033 6 16478 16631 17157 17771 17977 17997
choices FR940104-0-00033 2 16481 16633
available FR940104-0-00033 6 16487 17987 18000 19473 20307 20372
seems FR940104-0-00033 4 16488 16856 16875 16886
limited FR940104-0-00033 3 16489 19368 19413
hand FR940104-0-00033 1 16494
inherently FR940104-0-00033 1 16504
refer FR940104-0-00033 3 16505 17610 18271
formulation FR940104-0-00033 6 16532 16581 16618 16879 18230 18257
descriptions FR940104-0-00033 2 16533 16619
properly FR940104-0-00033 1 16536
truthfully FR940104-0-00033 1 16538
describe FR940104-0-00033 1 16539
nature FR940104-0-00033 1 16541
type FR940104-0-00033 2 16543 20445
product FR940104-0-00033 22 16546 16632 17629 17647 17760 17789 17845 17874 17887 17941 18193 18260 18282 19008 19138 19155 19248 19270 19285 19308 19621 19642
contended FR940104-0-00033 1 16550
many FR940104-0-00033 5 16558 17321 19086 19774 20214
years FR940104-0-00033 2 16559 16733
come FR940104-0-00033 1 16565
understand FR940104-0-00033 1 16567
products FR940104-0-00033 9 16569 16779 18083 19000 19188 19454 19605 19721 20714
described FR940104-0-00033 1 16571
amount FR940104-0-00033 4 16574 16787 17661 17883
primary FR940104-0-00033 1 16577
least FR940104-0-00033 5 16585 17016 17076 17355 19119
equal FR940104-0-00033 2 16586 16987
rda FR940104-0-00033 3 16589 16980 16994
those FR940104-0-00033 8 16592 17149 17192 17198 17838 19078 20070 20107
precedent FR940104-0-00033 1 16600
exists FR940104-0-00033 1 16601
excluding FR940104-0-00033 1 16603
allowed FR940104-0-00033 2 16639 17347
continue FR940104-0-00033 5 16641 18462 18637 19486 19949
manner FR940104-0-00033 3 16648 16760 18851
consistent FR940104-0-00033 1 16651
policy FR940104-0-00033 3 16655 19888 19979
maximum FR940104-0-00033 3 16661 16766 16786
strength FR940104-0-00033 2 16662 16767
internal FR940104-0-00033 1 16665
analgesics FR940104-0-00033 1 16666
overecounter FR940104-0-00033 3 16669 16777 16782
drug FR940104-0-00033 3 16670 16778 16783
ie FR940104-0-00033 1 16673
kept FR940104-0-00033 1 16675
outside FR940104-0-00033 2 16676 19324
scope FR940104-0-00033 2 16678 19326
application FR940104-0-00033 3 16695 18716 20259
furthermore FR940104-0-00033 1 16707
utility FR940104-0-00033 1 16714
select FR940104-0-00033 2 16718 20318
among FR940104-0-00033 2 16719 19331
apparently FR940104-0-00033 1 16729
superiority FR940104-0-00033 1 16736
uncertain FR940104-0-00033 1 16741
what FR940104-0-00033 2 16742 17090
mean FR940104-0-00033 3 16744 19639 19909
disagrees FR940104-0-00033 1 16750
regulated FR940104-0-00033 1 16756
same FR940104-0-00033 1 16759
limitations FR940104-0-00033 1 16788
411 FR940104-0-00033 1 16791
prohibits FR940104-0-00033 2 16804 18882
limits FR940104-0-00033 1 16805
except FR940104-0-00033 1 16816
safety FR940104-0-00033 2 16821 20335
situations FR940104-0-00033 1 16826
analogous FR940104-0-00033 1 16829
evaluated FR940104-0-00033 2 16841 20212
individually FR940104-0-00033 2 16842 20449
synonymous FR940104-0-00033 1 16850
focus FR940104-0-00033 2 16858 16888
but FR940104-0-00033 10 16865 17046 17377 17616 17699 18224 19366 19411 19596 19683
how FR940104-0-00033 5 16890 17621 17863 19227 19656
body FR940104-0-00033 2 16892 17970
responds FR940104-0-00033 1 16893
detail FR940104-0-00033 2 16908 18708
follow FR940104-0-00033 1 16913
b. FR940104-0-00033 1 16915
26. FR940104-0-00033 1 16922
majority FR940104-0-00033 2 16924 16975
full FR940104-0-00033 1 16937
were FR940104-0-00033 1 16953
offered FR940104-0-00033 1 16954
few FR940104-0-00033 2 16960 18043
multivitamins FR940104-0-00033 1 16964
termed FR940104-0-00033 1 16968
present FR940104-0-00033 6 16983 17246 17310 18279 18292 20068
levels FR940104-0-00033 8 16986 17013 17194 17249 17280 17312 17419 19094
excess FR940104-0-00033 1 16991
similarly FR940104-0-00033 1 16996
another FR940104-0-00033 9 16998 17059 17668 17762 18092 18164 18430 19064 19709
restricted FR940104-0-00033 1 17006
formulations FR940104-0-00033 1 17008
contain FR940104-0-00033 7 17010 17074 17227 17950 18119 19047 19093
micronutrients FR940104-0-00033 1 17011
twice FR940104-0-00033 2 17017 17077
applicable FR940104-0-00033 1 17019
rdi FR940104-0-00033 12 17020 17079 17094 17136 17180 17188 17358 17411 18184 18197 19169 19180
drv FR940104-0-00033 1 17022
multivitamin FR940104-0-00033 2 17025 17262
100 FR940104-0-00033 2 17027 19165
percent FR940104-0-00033 6 17028 17176 17185 18181 19166 19177
dv FR940104-0-00033 1 17031
might FR940104-0-00033 2 17032 19150
compared FR940104-0-00033 2 17038 17053
require FR940104-0-00033 4 17065 17299 19032 19121
singleingredient FR940104-0-00033 1 17071
front FR940104-0-00033 1 17084
disclose FR940104-0-00033 3 17089 17753 19226
multiple FR940104-0-00033 1 17091
contains FR940104-0-00033 5 17097 17278 17353 19164 19643
acknowledged FR940104-0-00033 3 17101 19650 19814
scheme FR940104-0-00033 1 17105
calcium FR940104-0-00033 4 17112 17190 17386 19182
selenium FR940104-0-00033 2 17114 17182
qualify FR940104-0-00033 1 17118
carry FR940104-0-00033 2 17120 17264
rarely FR940104-0-00033 1 17131
sold FR940104-0-00033 3 17132 17327 17404
double FR940104-0-00033 3 17134 17356 17409
begins FR940104-0-00033 1 17146
market FR940104-0-00033 2 17148 18116
higher FR940104-0-00033 1 17152
doses FR940104-0-00033 3 17153 17331 17406
order FR940104-0-00033 6 17155 17477 20172 20287 20296 20388
then FR940104-0-00033 2 17164 18618
lower FR940104-0-00033 2 17169 17407
minimum FR940104-0-00033 3 17170 17193 17230
50 FR940104-0-00033 3 17175 17184 18178
apply FR940104-0-00033 4 17196 18080 18689 19977
only FR940104-0-00033 4 17200 17690 17779 19723
multinutrient FR940104-0-00033 3 17216 17307 18109
onethird FR940104-0-00033 1 17221
meet FR940104-0-00033 4 17228 17813 18311 19231
required FR940104-0-00033 4 17232 18765 20284 20473
discloses FR940104-0-00033 1 17242
asterisk FR940104-0-00033 1 17266
next FR940104-0-00033 1 17267
following FR940104-0-00033 2 17274 20647
disclosure FR940104-0-00033 2 17275 19239
: FR940104-0-00033 2 17276 20783
[ FR940104-0-00033 3 17282 19391 19394
number FR940104-0-00033 2 17283 20416
] FR940104-0-00033 3 17284 19393 19396
reasonable FR940104-0-00033 1 17297
all FR940104-0-00033 4 17301 19917 20236 20302
necessary FR940104-0-00033 2 17315 20315
not_and FR940104-0-00033 1 17324
not_be FR940104-0-00033 1 17326
multivitaminandmineral FR940104-0-00033 1 17350
b6 FR940104-0-00033 1 17367
b12 FR940104-0-00033 1 17369
thiamin FR940104-0-00033 1 17371
riboflavin FR940104-0-00033 1 17373
niacin FR940104-0-00033 1 17376
smaller FR940104-0-00033 1 17378
amounts FR940104-0-00033 2 17379 19049
iron FR940104-0-00033 2 17384 19174
magnesium FR940104-0-00033 1 17388
zinc FR940104-0-00033 1 17390
copper FR940104-0-00033 1 17393
latter FR940104-0-00033 1 17400
typically FR940104-0-00033 2 17403 18217
pose FR940104-0-00033 1 17414
risk FR940104-0-00033 2 17416 20876
reviewed FR940104-0-00033 1 17423
persuaded FR940104-0-00033 4 17428 17463 18205 19794
meets FR940104-0-00033 2 17446 17648
ยง101.13 FR940104-0-00033 2 17450 18320
ensure FR940104-0-00033 2 17479 17842
range FR940104-0-00033 1 17497
diversity FR940104-0-00033 1 17499
prepared FR940104-0-00033 2 17509 17995
offer FR940104-0-00033 2 17511 19759
suggestions FR940104-0-00033 1 17528
received FR940104-0-00033 4 17530 17538 20218 20573
recognizes FR940104-0-00033 1 17557
need FR940104-0-00033 4 17562 17721 18099 19674
matter FR940104-0-00033 1 17580
expeditiously FR940104-0-00033 1 17582
resources FR940104-0-00033 3 17585 19822 19852
c. FR940104-0-00033 1 17588
27. FR940104-0-00033 1 17595
couple FR940104-0-00033 1 17597
rather FR940104-0-00033 2 17617 18225
bioavailability FR940104-0-00033 3 17619 17757 17784
efficiently FR940104-0-00033 1 17622
released FR940104-0-00033 1 17626
absorbed FR940104-0-00033 6 17631 17683 17792 17848 17868 17878
into FR940104-0-00033 2 17632 17869
bloodstream FR940104-0-00033 1 17634
means FR940104-0-00033 1 17644
digested FR940104-0-00033 1 17664
assimilated FR940104-0-00033 2 17666 17967
viewpoint FR940104-0-00033 1 17675
extent FR940104-0-00033 3 17678 18513 19303
depends FR940104-0-00033 1 17688
chemical FR940104-0-00033 2 17693 17702
itself FR940104-0-00033 1 17698
environment FR940104-0-00033 2 17703 20459
carrier FR940104-0-00033 1 17707
contained FR940104-0-00033 3 17713 20525 20612
physiological FR940104-0-00033 2 17717 19358
state FR940104-0-00033 2 17718 19151
individual FR940104-0-00033 1 17724
consumer FR940104-0-00033 1 17725
factors FR940104-0-00033 1 17729
difficult FR940104-0-00033 1 17737
meaningful FR940104-0-00033 1 17741
absorbability FR940104-0-00033 1 17744
supplies FR940104-0-00033 1 17783
data FR940104-0-00033 5 17785 17986 17999 20373 20720
showing FR940104-0-00033 1 17786
simply FR940104-0-00033 2 17812 19687
exceed FR940104-0-00033 1 17815
united FR940104-0-00033 2 17817 20706
states FR940104-0-00033 3 17818 20000 20707
pharmacopeial FR940104-0-00033 1 17819
convention FR940104-0-00033 1 17820
usp FR940104-0-00033 1 17823
standards FR940104-0-00033 2 17830 17839
disintegration FR940104-0-00033 1 17832
dissolution FR940104-0-00033 1 17834
meeting FR940104-0-00033 1 17837
generally FR940104-0-00033 3 17860 18961 19290
refers FR940104-0-00033 2 17861 18064
system FR940104-0-00033 1 17871
can FR940104-0-00033 4 17875 17964 18079 19201
irrespective FR940104-0-00033 2 17879 18890
quantitative FR940104-0-00033 1 17882
found FR940104-0-00033 2 17884 18729
201 FR940104-0-00033 4 17921 18344 19497 20019
n FR940104-0-00033 4 17923 18346 19499 20021
expects FR940104-0-00033 1 17938
bearing FR940104-0-00033 1 17942
readily FR940104-0-00033 1 17966
who FR940104-0-00033 2 17976 19613
support FR940104-0-00033 1 17989
regulatory FR940104-0-00033 8 18002 20178 20291 20308 20319 20346 20356 20396
officials FR940104-0-00033 1 18003
request FR940104-0-00033 2 18005 19738
failure FR940104-0-00033 1 18007
lead FR940104-0-00033 1 18012
conclude FR940104-0-00033 1 18016
no FR940104-0-00033 6 18020 18577 19075 19546 19644 20734
false FR940104-0-00033 3 18031 18651 18886
d. FR940104-0-00033 1 18035
28. FR940104-0-00033 1 18041
ratio FR940104-0-00033 2 18067 18235
equally FR940104-0-00033 1 18081
containing FR940104-0-00033 4 18084 18176 19606 19722
low FR940104-0-00033 1 18085
quantities FR940104-0-00033 1 18088
little FR940104-0-00033 1 18098
most FR940104-0-00033 2 18108 18145
proportions FR940104-0-00033 2 18122 18147
impair FR940104-0-00033 1 18125
utilization FR940104-0-00033 1 18129
researchers FR940104-0-00033 1 18139
gain FR940104-0-00033 1 18140
favorable FR940104-0-00033 1 18146
leave FR940104-0-00033 1 18156
undefined FR940104-0-00033 1 18159
150 FR940104-0-00033 1 18180
mineral FR940104-0-00033 2 18189 20702
component FR940104-0-00033 1 18190
addresses FR940104-0-00033 1 18233
different FR940104-0-00033 1 18248
ways FR940104-0-00033 1 18249
relates FR940104-0-00033 1 18254
assortment FR940104-0-00033 1 18274
reflect FR940104-0-00033 1 18287
interactions FR940104-0-00033 1 18288
between FR940104-0-00033 4 18289 19952 20065 20670
sparing FR940104-0-00033 1 18296
impairment FR940104-0-00033 1 18299
enhancement FR940104-0-00033 1 18301
sections FR940104-0-00033 3 18338 19496 20018
e. FR940104-0-00033 2 18379 20752
temporary FR940104-0-00033 1 18380
suspension FR940104-0-00033 2 18381 18422
29. FR940104-0-00033 1 18387
suspended FR940104-0-00033 1 18413
temporarily FR940104-0-00033 1 18414
during FR940104-0-00033 1 18415
result FR940104-0-00033 1 18424
unnecessary FR940104-0-00033 1 18426
costs FR940104-0-00033 3 18428 20146 20303
additional FR940104-0-00033 1 18433
defines FR940104-0-00033 2 18450 19336
permit FR940104-0-00033 2 18457 18540
being FR940104-0-00033 5 18471 18520 18531 18594 19250
executive FR940104-0-00033 5 18480 20171 20286 20295 20387
inherent FR940104-0-00033 1 18485
authority FR940104-0-00033 2 18486 18640
refrain FR940104-0-00033 1 18488
enforcing FR940104-0-00033 1 18490
statutory FR940104-0-00033 1 18492
circumstances FR940104-0-00033 1 18495
enforcement FR940104-0-00033 2 18499 18604
harm FR940104-0-00033 1 18503
part FR940104-0-00033 3 18523 18790 18824
brand FR940104-0-00033 10 18526 18546 18793 18827 18867 18900 19002 19141 19198 19208
name FR940104-0-00033 7 18527 18547 18794 18828 18868 18901 19142
continued FR940104-0-00033 1 18542
reason FR940104-0-00033 3 18578 19353 19406
developed FR940104-0-00033 1 18595
noted FR940104-0-00033 1 18601
moratorium FR940104-0-00033 1 18605
avoid FR940104-0-00033 1 18607
relabeling FR940104-0-00033 1 18609
problem FR940104-0-00033 1 18610
arise FR940104-0-00033 1 18613
disapproves FR940104-0-00033 1 18616
reapproves FR940104-0-00033 1 18619
within FR940104-0-00033 1 18624
short FR940104-0-00033 1 18626
period FR940104-0-00033 1 18627
separate FR940104-0-00033 1 18673
postponing FR940104-0-00033 1 18683
postponement FR940104-0-00033 1 18704
discussed FR940104-0-00033 3 18706 18921 19891
document FR940104-0-00033 2 18711 20551
complete FR940104-0-00033 1 18742
assure FR940104-0-00033 1 18754
implementation FR940104-0-00033 1 18755
comply FR940104-0-00033 2 18767 19037
fall FR940104-0-00033 2 18797 19291
once FR940104-0-00033 1 18834
secretary FR940104-0-00033 1 18841
complies FR940104-0-00033 1 18853
exempt FR940104-0-00033 1 18903
previously FR940104-0-00033 1 18922
did FR940104-0-00033 2 18926 20078
convinced FR940104-0-00033 1 18945
concludes FR940104-0-00033 2 18972 19964
4. FR940104-0-00033 2 18989 20795
age FR940104-0-00033 2 18990 19408
30. FR940104-0-00033 1 18993
names FR940104-0-00033 4 19003 19069 19199 19209
especially FR940104-0-00033 2 19010 19157
particular FR940104-0-00033 7 19014 19051 19214 19236 19287 19347 19400
segment FR940104-0-00033 1 19015
population FR940104-0-00033 6 19018 19080 19103 19192 19221 19288
special FR940104-0-00033 9 19035 19079 19102 19191 19273 19312 19317 19338 19699
formulas FR940104-0-00033 1 19036
clearly FR940104-0-00033 1 19039
eg FR940104-0-00033 1 19043
needed FR940104-0-00033 1 19057
relevant FR940104-0-00033 1 19060
group FR940104-0-00033 1 19061
mislead FR940104-0-00033 1 19070
explanation FR940104-0-00033 3 19076 19126 19135
cases FR940104-0-00033 1 19087
named FR940104-0-00033 1 19104
very FR940104-0-00033 1 19118
implying FR940104-0-00033 1 19143
women FR940104-0-00033 2 19149 19161
suited FR940104-0-00033 1 19158
young FR940104-0-00033 1 19160
folic FR940104-0-00033 1 19171
acid FR940104-0-00033 1 19172
30 FR940104-0-00033 1 19176
marketed FR940104-0-00033 1 19189
groups FR940104-0-00033 2 19193 19289
benefit FR940104-0-00033 1 19215
subgroups FR940104-0-00033 1 19218
why FR940104-0-00033 1 19229
needs FR940104-0-00033 3 19233 19349 19402
subgroup FR940104-0-00033 1 19237
facts FR940104-0-00033 2 19242 19267
help FR940104-0-00033 1 19244
protect FR940104-0-00033 1 19246
misbranded FR940104-0-00033 2 19251 20016
reveal FR940104-0-00033 1 19265
material FR940104-0-00033 1 19266
claimed FR940104-0-00033 1 19272
usefulness FR940104-0-00033 2 19274 19282
j FR940104-0-00033 1 19296
represent FR940104-0-00033 1 19306
things FR940104-0-00033 1 19333
ยง105.3 FR940104-0-00033 2 19335 19423
uses FR940104-0-00033 2 19340 19344
supplying FR940104-0-00033 2 19346 19399
exist FR940104-0-00033 2 19351 19404
physical FR940104-0-00033 1 19356
pathological FR940104-0-00033 1 19360
condition FR940104-0-00033 1 19363
convalescence FR940104-0-00033 1 19375
pregnancy FR940104-0-00033 1 19377
lactation FR940104-0-00033 1 19379
allergic FR940104-0-00033 1 19381
hypersensitivity FR940104-0-00033 1 19382
underweight FR940104-0-00033 1 19386
overweight FR940104-0-00033 1 19389
; FR940104-0-00033 3 19390 20337 20340
u FR940104-0-00033 1 19395
ses FR940104-0-00033 1 19397
ages FR940104-0-00033 1 19416
infancy FR940104-0-00033 1 19418
childhood FR940104-0-00033 1 19420
i FR940104-0-00033 1 19431
l FR940104-0-00033 1 19438
ii FR940104-0-00033 1 19441
proposing FR940104-0-00033 1 19450
resource FR940104-0-00033 1 19460
constraints FR940104-0-00033 1 19461
priorities FR940104-0-00033 1 19465
immediate FR940104-0-00033 1 19476
future FR940104-0-00033 1 19477
interim FR940104-0-00033 1 19481
misbranding FR940104-0-00033 1 19493
natural FR940104-0-00033 13 19513 19525 19573 19599 19636 19703 19717 19745 19766 19786 19802 19953 20046
31. FR940104-0-00033 1 19515
widely FR940104-0-00033 1 19534
even FR940104-0-00033 1 19542
though FR940104-0-00033 1 19543
now FR940104-0-00033 2 19560 19602
studies FR940104-0-00033 1 19570
indicate FR940104-0-00033 1 19571
d- FR940104-0-00033 1 19577
alpha FR940104-0-00033 2 19578 19590
tocopherol FR940104-0-00033 1 19579
utilized FR940104-0-00033 2 19583 19620
synthetic FR940104-0-00033 4 19585 19607 19914 20057
dl- FR940104-0-00033 1 19589
tocopherols FR940104-0-00033 1 19593
appear FR940104-0-00033 2 19603 19757
think FR940104-0-00033 1 19614
getting FR940104-0-00033 1 19617
instances FR940104-0-00033 1 19629
companies FR940104-0-00033 1 19631
artificial FR940104-0-00033 3 19645 19912 19955
ingredients FR940104-0-00033 1 19646
struggled FR940104-0-00033 1 19654
resolve FR940104-0-00033 1 19676
dilemma FR940104-0-00033 1 19678
supplementspecific FR940104-0-00033 1 19690
just FR940104-0-00033 1 19693
flavor FR940104-0-00033 1 19704
ยง101.22 FR940104-0-00033 2 19707 19960
naturally FR940104-0-00033 2 19725 20067
occurring FR940104-0-00033 1 19726
limit FR940104-0-00033 1 19743
advantage FR940104-0-00033 1 19761
consumed FR940104-0-00033 1 19763
want FR940104-0-00033 1 19777
option FR940104-0-00033 1 19779
purchasing FR940104-0-00033 1 19781
recently FR940104-0-00033 1 19819
expended FR940104-0-00033 1 19820
exploring FR940104-0-00033 1 19823
unable FR940104-0-00033 1 19833
arrive FR940104-0-00033 1 19835
acceptable FR940104-0-00033 1 19838
2407 FR940104-0-00033 1 19845
lacks FR940104-0-00033 1 19850
thoroughly FR940104-0-00033 1 19854
explore FR940104-0-00033 1 19855
develop FR940104-0-00033 1 19857
maintain FR940104-0-00033 1 19885
current FR940104-0-00033 2 19887 20709
principles FR940104-0-00033 1 19895
60421 FR940104-0-00033 1 19900
60466 FR940104-0-00033 1 19902
interpreting FR940104-0-00033 1 19905
nothing FR940104-0-00033 1 19911
color FR940104-0-00033 1 19918
additives FR940104-0-00033 1 19919
regardless FR940104-0-00033 1 19920
source FR940104-0-00033 1 19922
included FR940104-0-00033 1 19926
added FR940104-0-00033 3 19932 20055 20071
7 FR940104-0-00033 1 19940
decided FR940104-0-00033 1 19945
distinguish FR940104-0-00033 1 19951
flavors FR940104-0-00033 1 19956
outlined FR940104-0-00033 1 19958
reasons FR940104-0-00033 1 19969
cited FR940104-0-00033 1 19970
above FR940104-0-00033 2 19971 20661
points FR940104-0-00033 1 19990
out FR940104-0-00033 1 19991
ยง101.9 FR940104-0-00033 1 19993
k FR940104-0-00033 1 19995
6 FR940104-0-00033 1 19998
shall FR940104-0-00033 1 20011
represents FR940104-0-00033 1 20036
suggests FR940104-0-00033 1 20038
implies FR940104-0-00033 1 20041
superior FR940104-0-00033 1 20052
differentiate FR940104-0-00033 1 20061
v. FR940104-0-00033 2 20074 20747
receive FR940104-0-00033 1 20080
dealt FR940104-0-00033 1 20084
specifically FR940104-0-00033 1 20085
absence FR940104-0-00033 1 20096
doing FR940104-0-00033 1 20101
otherwise FR940104-0-00033 1 20102
adopting FR940104-0-00033 1 20106
vi FR940104-0-00033 1 20112
economic FR940104-0-00033 4 20114 20223 20274 20328
impact FR940104-0-00033 6 20115 20198 20224 20412 20424 20470
proposals FR940104-0-00033 2 20121 20238
taken FR940104-0-00033 1 20138
whole FR940104-0-00033 1 20141
associated FR940104-0-00033 1 20145
approximately FR940104-0-00033 1 20148
$ FR940104-0-00033 1 20149
20 FR940104-0-00033 1 20150
million FR940104-0-00033 1 20151
constitute FR940104-0-00033 1 20164
major FR940104-0-00033 1 20166
12291. FR940104-0-00033 1 20173
flexibility FR940104-0-00033 4 20179 20292 20347 20397
pub FR940104-0-00033 1 20182
l. FR940104-0-00033 2 20184 20748
96354 FR940104-0-00033 1 20185
explored FR940104-0-00033 1 20189
significant FR940104-0-00033 4 20197 20383 20411 20454
small FR940104-0-00033 3 20200 20359 20418
businesses FR940104-0-00033 3 20201 20360 20419
tentatively FR940104-0-00033 1 20203
analysis FR940104-0-00033 1 20225
raised FR940104-0-00033 1 20230
relate FR940104-0-00033 1 20234
three FR940104-0-00033 1 20237
combined FR940104-0-00033 1 20242
discussion FR940104-0-00033 1 20244
regarding FR940104-0-00033 2 20255 20532
published FR940104-0-00033 2 20260 20554
examined FR940104-0-00033 1 20272
implications FR940104-0-00033 2 20275 20871
amending FR940104-0-00033 1 20280
21 FR940104-0-00033 2 20281 20430
cfr FR940104-0-00033 2 20282 20431
12866 FR940104-0-00033 2 20288 20297
directs FR940104-0-00033 1 20298
agencies FR940104-0-00033 1 20299
assess FR940104-0-00033 1 20301
benefits FR940104-0-00033 2 20305 20324
alternatives FR940104-0-00033 1 20309
approaches FR940104-0-00033 1 20320
maximize FR940104-0-00033 1 20322
net FR940104-0-00033 1 20323
potential FR940104-0-00033 1 20327
environmental FR940104-0-00033 4 20330 20423 20465 20469
public FR940104-0-00033 2 20332 20781
distributive FR940104-0-00033 1 20338
impacts FR940104-0-00033 1 20339
equity FR940104-0-00033 1 20342
requires FR940104-0-00033 1 20349
analyze FR940104-0-00033 1 20353
options FR940104-0-00033 1 20354
relief FR940104-0-00033 1 20357
12866. FR940104-0-00033 1 20389
certifies FR940104-0-00033 1 20402
substantial FR940104-0-00033 1 20415
vii FR940104-0-00033 1 20421
25.24 FR940104-0-00033 1 20432
11 FR940104-0-00033 1 20437
cumulatively FR940104-0-00033 1 20451
effect FR940104-0-00033 1 20455
human FR940104-0-00033 1 20458
neither FR940104-0-00033 1 20463
assessment FR940104-0-00033 1 20466
nor FR940104-0-00033 1 20467
viii FR940104-0-00033 1 20475
paperwork FR940104-0-00033 1 20477
reduction FR940104-0-00033 1 20478
33749 FR940104-0-00033 1 20497
announced FR940104-0-00033 2 20501 20621
had FR940104-0-00033 1 20505
submitted FR940104-0-00033 2 20506 20627
office FR940104-0-00033 1 20509
management FR940104-0-00033 2 20511 20657
budget FR940104-0-00033 1 20513
omb FR940104-0-00033 2 20515 20634
collection FR940104-0-00033 2 20521 20558
ยง101.69 FR940104-0-00033 1 20528
petitions FR940104-0-00033 2 20531 20585
conjunction FR940104-0-00033 1 20540
estimated FR940104-0-00033 2 20556 20600
annual FR940104-0-00033 2 20557 20601
burden FR940104-0-00033 2 20561 20605
none FR940104-0-00033 1 20566
500 FR940104-0-00033 1 20571
petition FR940104-0-00033 2 20592 20610
reporting FR940104-0-00033 2 20602 20640
recordkeeping FR940104-0-00033 1 20604
remains FR940104-0-00033 1 20617
unchanged FR940104-0-00033 1 20618
june FR940104-0-00033 2 20623 20771
copies FR940104-0-00033 1 20628
ix FR940104-0-00033 1 20643
references FR940104-0-00033 2 20645 20648
placed FR940104-0-00033 1 20651
file FR940104-0-00033 1 20653
dockets FR940104-0-00033 1 20656
branch FR940104-0-00033 1 20658
seen FR940104-0-00033 1 20666
interested FR940104-0-00033 1 20668
persons FR940104-0-00033 1 20669
9 FR940104-0-00033 1 20671
am FR940104-0-00033 1 20672
4 FR940104-0-00033 1 20674
pm FR940104-0-00033 1 20675
monday FR940104-0-00033 1 20677
through FR940104-0-00033 1 20678
friday FR940104-0-00033 1 20679
moss FR940104-0-00033 1 20682
j. FR940104-0-00033 3 20685 20743 20751
s. FR940104-0-00033 1 20688
levy FR940104-0-00033 1 20689
i. FR940104-0-00033 1 20691
kim FR940104-0-00033 1 20692
y. FR940104-0-00033 1 20694
park FR940104-0-00033 1 20695
users FR940104-0-00033 1 20710
types FR940104-0-00033 1 20712
advance FR940104-0-00033 1 20719
vital FR940104-0-00033 1 20722
statistics FR940104-0-00033 2 20725 20732
national FR940104-0-00033 8 20728 20817 20834 20857 20861 20879 20908 20930
center FR940104-0-00033 1 20729
174 FR940104-0-00033 1 20736
2. FR940104-0-00033 1 20740
pennington FR940104-0-00033 1 20741
t. FR940104-0-00033 1 20745
wilkening FR940104-0-00033 1 20749
vanderveen FR940104-0-00033 1 20753
descriptive FR940104-0-00033 1 20756
journal FR940104-0-00033 1 20763
education FR940104-0-00033 1 20766
p. FR940104-0-00033 1 20768
51 FR940104-0-00033 1 20769
3. FR940104-0-00033 1 20774
transcript FR940104-0-00033 1 20775
docket FR940104-0-00033 1 20777
n289 FR940104-0-00033 1 20778
fdainitiated FR940104-0-00033 1 20780
november FR940104-0-00033 1 20792
1993 FR940104-0-00033 1 20793
subcommittee FR940104-0-00033 1 20796
10th FR940104-0-00033 2 20799 20826
edition FR940104-0-00033 1 20800
recommended FR940104-0-00033 2 20803 20822
allowances FR940104-0-00033 2 20805 20824
board FR940104-0-00033 3 20810 20850 20902
commission FR940104-0-00033 2 20812 20852
sciences FR940104-0-00033 4 20815 20855 20864 20911
research FR940104-0-00033 2 20818 20858
council FR940104-0-00033 2 20819 20859
ed. FR940104-0-00033 1 20827
washington FR940104-0-00033 3 20830 20883 20926
dc FR940104-0-00033 3 20832 20885 20928
academy FR940104-0-00033 5 20835 20862 20880 20909 20931
press FR940104-0-00033 3 20836 20881 20932
1989 FR940104-0-00033 2 20838 20887
5. FR940104-0-00033 1 20840
committee FR940104-0-00033 2 20841 20890
diet FR940104-0-00033 2 20843 20867
reducing FR940104-0-00033 1 20873
chronic FR940104-0-00033 1 20874
6. FR940104-0-00033 1 20889
components FR940104-0-00033 1 20894
institute FR940104-0-00033 1 20904
medicine FR940104-0-00033 1 20906
directions FR940104-0-00033 1 20919
7. FR940104-0-00033 1 20936
