different FR941206-1-00134 1 35004
than FR941206-1-00134 17 35005 35272 35295 35338 35400 36001 36075 36417 36454 36715 37016 37171 37417 37702 37718 38697 39840
the FR941206-1-00134 269 35006 35011 35019 35032 35045 35066 35086 35102 35130 35146 35176 35182 35189 35207 35213 35228 35286 35327 35331 35342 35353 35369 35377 35387 35394 35405 35475 35629 35645 35657 35697 35707 35739 35749 35757 35778 35786 35827 35849 35914 35923 35939 35945 36100 36111 36187 36234 36254 36269 36273 36285 36320 36326 36344 36347 36352 36357 36403 36409 36444 36464 36494 36509 36515 36524 36544 36578 36665 36764 36772 36776 36790 36802 36817 36838 36862 36887 36900 36921 36927 37004 37026 37048 37078 37149 37154 37187 37190 37209 37279 37300 37312 37345 37377 37405 37421 37439 37447 37457 37493 37504 37508 37525 37529 37543 37560 37570 37581 37596 37635 37686 37690 37707 37711 37728 37759 37763 37767 37771 37779 37789 37808 37812 37853 37871 37889 37892 37898 37902 37913 37917 37945 37953 37964 37968 37991 37995 38005 38009 38050 38064 38084 38087 38092 38114 38118 38122 38126 38147 38150 38163 38169 38185 38188 38202 38209 38218 38230 38240 38243 38251 38254 38265 38268 38284 38287 38334 38337 38344 38363 38366 38386 38412 38457 38481 38484 38499 38507 38514 38517 38540 38546 38550 38580 38605 38630 38651 38665 38765 38786 38795 38799 38825 38842 38892 38915 38923 38963 38966 38988 38992 39034 39042 39098 39109 39118 39122 39136 39143 39146 39161 39180 39203 39217 39234 39240 39305 39353 39378 39384 39393 39406 39437 39451 39473 39536 39546 39561 39613 39616 39640 39702 39706 39766 39772 39775 39805 39808 39831 39843 39853 39863 39866 39888 39898 39927 39959 39972 40000 40004 40008 40064 40072 40075 40080 40087 40090 40166 40172 40239 40287 40290 40322 40333 40353 40372 40393 40403 40419
risk FR941206-1-00134 13 35007 35126 35630 36729 37042 37724 38080 38261 38380 38493 38836 39028 40329
of FR941206-1-00134 211 35008 35013 35021 35051 35101 35108 35148 35175 35185 35212 35225 35251 35258 35334 35348 35412 35421 35441 35459 35468 35490 35573 35585 35606 35631 35642 35684 35688 35699 35738 35756 35770 35812 35837 35864 35920 35930 35941 35964 35974 36010 36035 36073 36082 36170 36189 36256 36315 36319 36323 36346 36351 36354 36490 36497 36511 36526 36547 36563 36581 36669 36701 36704 36766 36794 36797 36847 36864 36867 36889 36893 36904 36914 36924 36937 36957 37000 37010 37032 37043 37085 37102 37148 37161 37189 37203 37211 37224 37227 37304 37381 37388 37411 37415 37432 37441 37453 37496 37510 37513 37538 37603 37608 37640 37660 37697 37734 37747 37762 37770 37804 37835 37870 37886 37891 37901 37912 37916 37921 37952 37963 37970 37994 38008 38018 38024 38069 38091 38103 38117 38125 38136 38149 38187 38194 38239 38253 38286 38293 38336 38343 38365 38381 38418 38422 38483 38494 38535 38558 38656 38711 38748 38779 38785 38801 38829 38837 38853 38860 38873 38882 38890 38965 39013 39029 39077 39082 39121 39129 39145 39202 39206 39216 39250 39326 39328 39348 39367 39369 39439 39472 39501 39525 39563 39572 39574 39615 39652 39675 39694 39708 39774 39782 39810 39876 39930 39961 39971 39974 40066 40070 40074 40078 40083 40089 40119 40134 40183 40272 40310 40387
exposure FR941206-1-00134 5 35009 35119 35632 35731 35781
to FR941206-1-00134 151 35010 35070 35074 35083 35120 35127 35143 35180 35205 35209 35220 35234 35247 35266 35288 35304 35309 35329 35474 35614 35627 35732 35782 35843 35861 36004 36110 36159 36177 36232 36238 36259 36291 36312 36422 36428 36434 36442 36448 36458 36477 36504 36763 36771 36783 36816 36822 36860 36871 36885 36969 37045 37054 37072 37077 37093 37293 37322 37476 37491 37535 37558 37572 37634 37669 37725 37739 37837 37894 37936 37999 38081 38100 38160 38168 38191 38217 38257 38262 38290 38297 38307 38326 38355 38383 38400 38406 38411 38434 38456 38475 38496 38519 38554 38565 38579 38590 38604 38626 38663 38700 38734 38744 38758 38777 38822 38839 38856 38879 38903 38918 38927 38930 38977 38990 39015 39019 39025 39031 39041 39072 39095 39126 39150 39165 39174 39273 39292 39301 39337 39405 39465 39476 39509 39599 39685 39700 39718 39785 39816 39861 39939 40029 40116 40121 40202 40285 40330 40338 40351 40366
endusers FR941206-1-00134 1 35012
natural FR941206-1-00134 14 35014 35054 35154 35343 35349 35378 35611 35670 35951 35987 36024 36096 36102 36160
gas FR941206-1-00134 16 35015 35055 35155 35344 35350 35379 35612 35671 35685 35689 35952 35988 36025 36097 36103 36161
containing FR941206-1-00134 14 35016 35023 35464 35734 35759 35932 35958 35990 36027 36067 36343 36452 39184 39895
pcbs FR941206-1-00134 87 35017 35024 35052 35109 35121 35149 35186 35226 35252 35268 35335 35465 35735 35760 35783 35933 35961 35991 36028 36070 36278 36317 36324 36336 36349 36457 36498 36548 36582 36661 36670 36698 36705 36915 36933 36958 36973 37011 37033 37086 37162 37305 37382 37412 37433 37455 37539 37573 37641 37698 37714 37736 38061 38070 38104 38137 38195 38205 38241 38294 38345 38419 38560 38693 38750 38797 38830 38855 38875 38909 38924 39014 39099 39130 39186 39211 39255 39467 39530 39595 39609 39696 39710 39882 39896 40076 40084
or FR941206-1-00134 83 35018 35129 35308 35531 35609 35840 35869 35881 35928 35959 35970 35986 36002 36016 36055 36068 36078 36476 36875 36944 36971 37006 37028 37047 37090 37098 37159 37166 37181 37185 37195 37248 37407 37428 37449 37467 37611 37727 37754 37864 37868 37928 37986 38027 38074 38083 38089 38109 38162 38264 38306 38316 38385 38425 38431 38498 38698 38841 38862 39033 39085 39187 39224 39265 39289 39341 39516 39582 39663 39669 39688 39968 39989 39994 40189 40216 40221 40259 40296 40313 40332 40375 40381
reuse FR941206-1-00134 7 35020 35420 35440 36146 36793 37179 39662
pipeline FR941206-1-00134 17 35022 35056 35156 35190 35380 35423 35442 35646 35672 35758 35931 35946 35953 35957 35989 36026 36098
. FR941206-1-00134 158 35025 35065 35092 35132 35179 35256 35275 35298 35314 35364 35419 35449 35456 35462 35533 35564 35591 35633 35666 35720 35763 35791 35913 35949 36020 36131 36153 36166 36168 36172 36202 36225 36244 36279 36299 36328 36356 36381 36401 36431 36486 36488 36499 36543 36570 36612 36625 36648 36664 36699 36730 36744 36778 36808 36853 36896 36953 36961 36976 37019 37050 37105 37145 37205 37276 37317 37339 37369 37420 37437 37486 37519 37542 37586 37619 37621 37644 37663 37692 37705 37742 37776 37811 37874 37943 37976 38014 38038 38059 38095 38131 38165 38198 38237 38279 38320 38352 38388 38437 38501 38513 38543 38561 38582 38624 38650 38662 38724 38844 38907 38920 38957 38959 39008 39058 39191 39210 39243 39277 39295 39319 39323 39343 39383 39411 39430 39456 39482 39498 39518 39586 39606 39672 39690 39692 39697 39760 39795 39842 39870 39907 39909 39922 39949 40014 40035 40059 40097 40130 40132 40141 40225 40227 40229 40265 40279 40335 40395
in FR941206-1-00134 133 35026 35031 35053 35118 35134 35145 35150 35166 35173 35188 35291 35341 35357 35384 35446 35453 35499 35617 35663 35674 35696 35744 35773 35854 35889 36011 36021 36036 36061 36099 36129 36132 36175 36186 36241 36263 36272 36310 36325 36333 36402 36432 36461 36471 36537 36649 36672 36679 36717 36725 36728 36775 36801 36813 36845 36854 36916 36926 36940 37217 37281 37326 37340 37438 37499 37689 37807 37908 37944 38063 38071 38086 38146 38157 38166 38179 38184 38214 38229 38232 38250 38267 38283 38333 38346 38362 38432 38480 38491 38525 38539 38549 38629 38712 38900 38970 39036 39100 39213 39239 39257 39290 39304 39352 39372 39392 39418 39427 39444 39469 39487 39583 39587 39659 39670 39765 39804 39822 39856 39865 39937 39941 40003 40017 40145 40171 40308 40336 40362 40402 40405 40414 40418
a FR941206-1-00134 65 35027 35279 35362 35578 35640 35651 35806 35890 35898 35918 36012 36037 36043 36048 36057 36181 36250 36264 36673 36718 36941 36948 37111 37142 37442 37500 37575 37980 37984 38032 38299 38314 38370 38435 38592 38719 38740 38931 38937 39027 39088 39248 39293 39357 39400 39496 39722 39729 39740 39779 39793 39877 39975 39992 40043 40105 40124 40162 40193 40219 40269 40302 40315 40339 40363
final FR941206-1-00134 3 35028 36321 38804
rule FR941206-1-00134 4 35029 37444 37488 37940
published FR941206-1-00134 1 35030
federal FR941206-1-00134 3 35033 38300 38864
register FR941206-1-00134 1 35034
on FR941206-1-00134 20 35035 35317 35768 37081 37141 37157 37507 37524 37599 37638 38369 38414 38459 38568 38756 39087 39285 39890 40161 40301
, FR941206-1-00134 205 35036 35042 35047 35050 35064 35111 35136 35164 35172 35192 35290 35293 35316 35318 35324 35366 35375 35393 35404 35407 35409 35424 35429 35439 35483 35513 35527 35542 35551 35554 35557 35569 35703 35736 35808 35848 35880 35895 35954 35956 35969 35985 36023 36042 36046 36054 36134 36136 36174 36197 36199 36204 36206 36208 36218 36229 36369 36388 36395 36408 36438 36552 36555 36558 36561 36566 36586 36596 36605 36607 36610 36614 36621 36623 36627 36635 36637 36640 36644 36651 36684 36732 36747 36752 36758 36785 36789 36826 36840 36856 36910 36919 36989 37002 37178 37180 37184 37219 37242 37247 37259 37270 37273 37290 37308 37336 37342 37456 37565 37590 37593 37613 37730 37791 37793 37795 37797 37799 37801 37842 37844 37847 37850 37852 37856 37859 37863 37882 37925 37927 37948 37967 37972 37979 38066 38097 38174 38212 38221 38305 38403 38447 38463 38509 38545 38595 38678 38753 38772 38783 38789 38806 38812 38895 38922 38942 38945 38953 38974 38979 39046 39060 39107 39134 39163 39168 39195 39219 39229 39260 39262 39269 39414 39458 39504 39513 39540 39550 39579 39581 39594 39619 39633 39657 39668 39678 39711 39720 39726 39737 39748 39767 39769 39797 39807 39980 39988 40071 40079 40085 40207 40215 40289 40342 40423
( FR941206-1-00134 140 35037 35202 35217 35231 35244 35319 35361 35391 35504 35507 35510 35518 35521 35524 35597 35600 35690 35715 35796 35799 35802 35805 35832 36105 36116 36121 36194 36205 36212 36222 36249 36304 36378 36392 36473 36591 36603 36619 36630 36874 36983 36986 36994 36997 37057 37060 37066 37069 37117 37120 37124 37127 37173 37236 37239 37253 37256 37266 37272 37284 37287 37331 37335 37356 37360 37365 37372 37397 37400 37480 37483 37555 37624 37627 37647 37650 37672 37675 37679 37682 37693 37743 37827 37832 37905 38132 38393 38396 38441 38444 38611 38614 38618 38621 38637 38640 38643 38647 38668 38671 38675 38685 38688 39002 39066 39069 39313 39316 39344 39360 39489 39492 39519 39565 39728 39731 39734 39739 39742 39745 39751 39754 39757 39977 39982 39985 39991 39995 40040 40050 40123 40127 40204 40209 40212 40218 40222 40235 40348 40384
44 FR941206-1-00134 2 35038 37267
fr FR941206-1-00134 5 35039 35321 37268 37333 39005
31536 FR941206-1-00134 1 35040
) FR941206-1-00134 140 35041 35204 35219 35233 35246 35323 35363 35403 35506 35509 35512 35520 35523 35526 35599 35602 35694 35719 35798 35801 35804 35807 35842 36108 36118 36123 36196 36207 36214 36227 36251 36306 36380 36394 36475 36595 36613 36626 36634 36877 36985 36988 36996 36999 37059 37062 37068 37071 37119 37122 37126 37129 37183 37238 37241 37255 37258 37274 37275 37286 37289 37337 37338 37362 37367 37368 37374 37399 37402 37482 37485 37557 37626 37629 37649 37652 37674 37677 37681 37684 37695 37745 37829 37834 37920 38134 38395 38398 38443 38446 38613 38616 38620 38623 38639 38642 38645 38649 38670 38673 38677 38687 38690 39007 39068 39071 39315 39318 39346 39374 39491 39494 39521 39585 39730 39733 39736 39741 39744 39747 39753 39756 39759 39979 39984 39987 39993 39997 40042 40054 40125 40129 40206 40211 40214 40220 40224 40237 40350 40386
epa FR941206-1-00134 59 35043 35093 35137 35193 35325 35634 35721 35764 35792 36137 36173 36217 36370 36439 36733 36779 36857 36897 36962 37020 37051 37207 37291 37319 37343 37471 37520 37664 38098 38141 38321 38353 38404 38428 38452 38465 38584 38657 38679 38714 38778 38818 38846 38961 39009 39061 39092 39151 39244 39278 39505 39679 39698 40005 40032 40036 40230 40343 40399
authorized FR941206-1-00134 3 35044 35433 37299
use FR941206-1-00134 12 35046 35147 35333 35389 36112 37177 37798 38784 39544 39578 39605 39656
including FR941206-1-00134 6 35048 36748 37174 38761 38946 39566
servicing FR941206-1-00134 1 35049
compressors FR941206-1-00134 4 35057 35079 35345 35354
at FR941206-1-00134 54 35058 35151 35159 35269 35336 35466 35478 35595 35712 35794 35877 35884 35909 35962 35992 36029 36071 36114 36247 36302 36446 36736 36979 37013 37034 37087 37163 37413 37434 37606 37699 37715 37783 37824 38022 38420 38427 38609 38634 38683 38694 38739 38891 39064 39080 39310 39721 39771 39903 40038 40233 40294 40346 40392
levels FR941206-1-00134 9 35059 35184 35270 35287 35467 35769 35811 36140 36536
above FR941206-1-00134 6 35060 35161 35169 36807 38173 38956
50 FR941206-1-00134 25 35061 35090 35162 35273 35339 35401 35470 35862 35965 36076 36276 36297 36418 36455 37017 37088 37164 37418 37609 37703 37719 38025 38423 38701 39083
ppm FR941206-1-00134 27 35062 35091 35163 35171 35274 35297 35340 35402 35471 35968 36077 36277 36298 36419 36456 37018 37089 37165 37419 37610 37704 37720 38026 38424 38702 39084 40368
until FR941206-1-00134 1 35063
authorization FR941206-1-00134 4 35067 35114 35390 36113
was FR941206-1-00134 8 35068 35283 38332 38349 38588 38994 39778 39792
intended FR941206-1-00134 1 35069
give FR941206-1-00134 1 35071
individuals FR941206-1-00134 2 35072 36967
time FR941206-1-00134 3 35073 39562 39773
drain FR941206-1-00134 1 35075
and FR941206-1-00134 97 35076 35105 35165 35243 35346 35396 35410 35450 35457 35558 35560 35571 35682 35710 35777 35826 35874 35887 35934 35943 35995 36141 36147 36163 36180 36337 36529 36533 36539 36567 36645 36656 36685 36722 36832 36841 36920 36950 37063 37092 37123 37134 37213 37263 37302 37328 37352 37363 37379 37383 37516 37566 37601 37678 37778 37802 37818 37830 37973 38047 38153 38222 38464 38487 38528 38533 38617 38775 38813 38827 38866 39039 39131 39157 39169 39179 39263 39361 39403 39463 39551 39620 39749 39789 39798 39821 39833 39847 39852 39914 40019 40048 40086 40100 40179 40187 40413
refill FR941206-1-00134 1 35077
these FR941206-1-00134 21 35078 35240 35259 35413 35435 35589 35620 35664 35724 36905 36938 37225 37324 37735 38408 38810 38905 39608 39625 39683 39761
with FR941206-1-00134 25 35080 35197 35359 35386 35867 35925 35971 36063 36079 36335 36463 36514 37503 37614 37938 38506 38764 38975 39117 39135 39233 39589 39646 39958 40416
nonb FR941206-1-00134 1 35081
fluid FR941206-1-00134 1 35082
further FR941206-1-00134 4 35084 35223 35315 39871
reduce FR941206-1-00134 1 35085
pcb FR941206-1-00134 60 35087 35177 35237 35388 35771 35813 35980 36058 36261 36270 36358 36382 36420 36424 36506 36516 36520 36535 36564 36708 37347 37384 37497 37604 37748 37805 38001 38020 38522 38536 38721 38729 38938 39078 39329 39349 39389 39415 39433 39787 39813 39836 39845 39885 39917 39947 39954 40022 40056 40067 40102 40106 40139 40150 40159 40184 40195 40248 40357 40389
concentration FR941206-1-00134 14 35088 35994 36031 36271 36322 36345 36557 36602 36773 36878 36882 39812 40073 40355
below FR941206-1-00134 2 35089 37618
determined FR941206-1-00134 3 35094 35818 38585
that FR941206-1-00134 55 35095 35122 35139 35253 35374 35486 35636 35655 35669 35723 35809 36293 36414 36688 36695 36827 36881 36899 37222 37297 37349 37376 37445 37460 37713 37756 38111 38143 38271 38328 38360 38474 38575 38586 38691 38703 38817 38824 38871 38980 39011 39040 39097 39152 39254 39298 39388 39441 39527 39531 39552 40238 40359 40424 40428
`` FR941206-1-00134 10 35096 35899 37192 37196 37313 37814 37819 37839 37949 37960
[ FR941206-1-00134 2 35097 36185
b FR941206-1-00134 26 35098 35505 35519 35598 35797 36305 36984 37058 37067 37118 37361 37398 37625 37648 37673 37680 38442 38612 38619 38638 38669 38686 39490 39752 39996 40223
] FR941206-1-00134 2 35099 36228
ecause FR941206-1-00134 1 35100
small FR941206-1-00134 7 35103 35740 35831 36667 36702 36865 36902
quantities FR941206-1-00134 3 35104 36796 36866
low FR941206-1-00134 4 35106 36912 39811 39884
concentrations FR941206-1-00134 20 35107 35160 35963 35973 36072 36081 36507 36913 37014 37036 37414 37436 37607 37700 37716 38023 38421 38695 39081 39886
involved FR941206-1-00134 2 35110 40169
... FR941206-1-00134 1 35112
this FR941206-1-00134 24 35113 35299 35422 35460 36154 36436 36809 37103 37106 37146 37487 37661 38039 38199 38347 39483 39502 39676 39857 39874 39923 39962 40245 40266
will FR941206-1-00134 3 35115 38154 39102
not FR941206-1-00134 41 35116 35302 35417 35431 35529 35639 35692 35727 35816 35823 36125 36283 36295 36690 36820 37038 37152 37321 37425 37878 38054 38155 38227 38273 38323 38376 38489 38832 38848 38868 38887 38983 39024 39103 39335 39514 39628 39681 39956 40157 40191
result FR941206-1-00134 9 35117 35144 36724 36812 36844 36888 38156 38490 39528
presents FR941206-1-00134 1 35123
an FR941206-1-00134 21 35124 35834 35997 36017 37040 37473 38078 38259 38378 38454 38469 38569 38713 38834 38985 39113 39193 39932 40031 40142 40327
unreasonable FR941206-1-00134 10 35125 37041 37723 38079 38158 38260 38379 38492 38835 40328
health FR941206-1-00134 11 35128 37046 37726 38082 38161 38263 38384 38497 38840 39032 40331
environment FR941206-1-00134 12 35131 37049 37729 38065 38085 38164 38266 38387 38500 38843 39035 40334
'' FR941206-1-00134 10 35133 35901 37194 37198 37318 37817 37821 37875 37956 37977
1981 FR941206-1-00134 2 35135 35280
found FR941206-1-00134 6 35138 35187 35743 36427 38819 39256
industry FR941206-1-00134 1 35140
practices FR941206-1-00134 1 35141
continued FR941206-1-00134 2 35142 35332
least FR941206-1-00134 1 35152
13 FR941206-1-00134 4 35153 35260 37828 37885
transmission FR941206-1-00134 3 35157 35214 35567
systems FR941206-1-00134 5 35158 35191 35241 35747 35776
some FR941206-1-00134 2 35167 35574
instances FR941206-1-00134 4 35168 37024 38178 38527
500 FR941206-1-00134 5 35170 35296 35967 40260 40373
violation FR941206-1-00134 1 35174
regulations FR941206-1-00134 12 35178 35328 35908 36246 36517 36978 37296 37325 37348 37780 38037 39851
address FR941206-1-00134 4 35181 36284 37350 38904
elevated FR941206-1-00134 1 35183
implemented FR941206-1-00134 2 35194 35284
remedial FR941206-1-00134 1 35195
plans FR941206-1-00134 1 35196
four FR941206-1-00134 1 35198
basic FR941206-1-00134 1 35199
objectives FR941206-1-00134 1 35200
: FR941206-1-00134 4 35201 36083 36190 36583
1 FR941206-1-00134 8 35203 36998 37240 37288 37694 38397 39345 40382
contain FR941206-1-00134 8 35206 35267 35398 36361 36415 36693 38735 39209
contamination FR941206-1-00134 6 35208 35238 35772 35814 35942 36521
limited FR941206-1-00134 7 35210 36795 37576 39021 39780 39942 40180
areas FR941206-1-00134 1 35211
system FR941206-1-00134 7 35215 35229 35312 35536 36104 38788 39227
; FR941206-1-00134 16 35216 35230 35242 35437 35469 35686 35695 35709 36119 36367 36518 36522 36532 39142 39178 40165
2 FR941206-1-00134 15 35218 36987 37061 37401 37628 37676 37744 37911 38615 38672 39520 39732 39986 40131 40213
eliminate FR941206-1-00134 2 35221 39926
any FR941206-1-00134 16 35222 35993 36030 37200 37840 37865 37922 37939 37961 38015 38448 38814 39362 39431 39567 39647
entry FR941206-1-00134 4 35224 37896 37932 38802
into FR941206-1-00134 11 35227 37766 37897 38004 38121 38242 39377 39450 39639 39946 40021
3 FR941206-1-00134 16 35232 37070 37128 37257 37484 37651 37683 37826 37831 38133 38622 39070 39317 39493 39743 40226
remove FR941206-1-00134 2 35235 39701
remaining FR941206-1-00134 1 35236
from FR941206-1-00134 20 35239 35679 35706 35730 35780 36577 36707 36891 36966 37546 37574 37750 38105 38798 39365 39436 39529 39570 39650 40104
4 FR941206-1-00134 7 35245 35838 36005 37121 38445 38641 38676
ensure FR941206-1-00134 2 35248 38823
proper FR941206-1-00134 4 35249 38556 38997 39176
handling FR941206-1-00134 3 35250 35406 39226
were FR941206-1-00134 10 35254 35263 35625 36426 38206 38226 38235 38820 39532 39763
removed FR941206-1-00134 3 35255 36599 39271
each FR941206-1-00134 6 35257 35878 35885 38573 38725 39047
interstate FR941206-1-00134 4 35261 35306 35566 35608
pipelines FR941206-1-00134 6 35262 35307 35313 35351 35613 36162
originally FR941206-1-00134 1 35264
presumed FR941206-1-00134 2 35265 36876
greater FR941206-1-00134 9 35271 35294 37091 37167 37612 38028 38426 38696 39086
data FR941206-1-00134 3 35276 35767 38755
collected FR941206-1-00134 2 35277 35825
since FR941206-1-00134 5 35278 38060 38845 39560 39770
compliance FR941206-1-00134 4 35281 35385 36062 36513
program FR941206-1-00134 3 35282 35894 35905
showed FR941206-1-00134 1 35285
be FR941206-1-00134 71 35289 35497 35615 35654 35677 35817 35824 35844 35852 36008 36033 36092 36313 36429 36459 36478 36691 36712 36761 36830 36886 37139 37230 37465 37533 37740 38030 38177 38183 38201 38249 38274 38282 38324 38479 38504 38566 38577 38627 38654 38709 38759 38869 38877 38888 38898 38912 38928 39020 39104 39231 39270 39302 39338 39397 39421 39448 39461 39510 39597 39629 39636 39686 39801 39817 39828 40027 40114 40117 40252 40268
fact FR941206-1-00134 1 35292
presumption FR941206-1-00134 1 35300
did FR941206-1-00134 2 35301 38831
extend FR941206-1-00134 2 35303 37323
other FR941206-1-00134 15 35305 35586 36363 37132 37170 37201 37866 38277 38317 38815 38863 39016 39296 39320 39839
associated FR941206-1-00134 2 35310 36164
distribution FR941206-1-00134 10 35311 35535 35575 35610 35701 35746 35750 35775 36128 37794
49 FR941206-1-00134 3 35320 35716 35910
28185 FR941206-1-00134 1 35322
amended FR941206-1-00134 1 35326
allow FR941206-1-00134 12 35330 35604 36449 36861 37631 38101 38192 38291 38356 38407 39073 39280
less FR941206-1-00134 13 35337 35399 35841 36000 36074 36416 36453 36726 37015 37416 37701 37717 38350
liquid FR941206-1-00134 8 35347 35948 39185 39695 39709 39881 39892 40263
provided FR941206-1-00134 1 35352
are FR941206-1-00134 18 35355 35372 35415 35472 36340 36572 36662 36908 37023 37390 37757 37822 38112 38361 38704 39197 39859 40061
marked FR941206-1-00134 1 35356
accordance FR941206-1-00134 2 35358 36462
761.45 FR941206-1-00134 1 35360
therefore FR941206-1-00134 7 35365 36657 36731 37052 38096 38544 39059
commenters FR941206-1-00134 1 35367
questioning FR941206-1-00134 1 35368
disposal FR941206-1-00134 106 35370 35411 35476 35927 36052 36169 36235 36255 36286 36383 36397 36410 36489 36716 36720 36739 36757 36769 36852 36863 36936 36960 36975 37009 37031 37084 37137 37172 37216 37245 37307 37355 37389 37410 37431 37452 37518 37541 37551 37643 37733 37775 37803 38013 38057 38068 38130 38139 38197 38224 38247 38296 38331 38342 38359 38402 38417 38462 38523 38537 38557 38707 38722 38730 38752 38770 38781 38805 38828 38901 39001 39076 39133 39172 39276 39284 39382 39410 39426 39455 39480 39524 39622 39644 39667 39707 39719 39790 39820 39825 39837 39846 39850 39867 39878 39901 39918 39948 39955 40023 40057 40095 40111 40140 40151 40185
requirements FR941206-1-00134 10 35371 35477 35725 35788 36236 36287 36398 36411 39911 39973
advised FR941206-1-00134 1 35373
when FR941206-1-00134 5 35376 35810 37206 37983 38960
has FR941206-1-00134 10 35381 36371 37709 38516 38718 39093 39112 39154 39170 40397
been FR941206-1-00134 6 35382 35488 36332 39612 39714 40398
operated FR941206-1-00134 1 35383
ie FR941206-1-00134 2 35392 35955
compressor FR941206-1-00134 1 35395
liquids FR941206-1-00134 5 35397 35494 35693 36629 39814
storage FR941206-1-00134 8 35408 37800 38933 38940 39580 39660 39823 39848
items FR941206-1-00134 3 35414 35463 37385
currently FR941206-1-00134 6 35416 35432 36091 36360 37464 39796
regulated FR941206-1-00134 5 35418 36658 36660 36755 37391
such FR941206-1-00134 19 35425 35548 35896 36329 36339 36483 37454 37461 37579 38016 38019 38302 38468 39140 39220 39281 39370 39507 39575
as FR941206-1-00134 23 35426 35514 35549 35897 36056 36095 36316 36338 36342 36469 36484 37311 37580 37906 37959 38303 38954 39023 39192 39221 39247 39495 39799
for FR941206-1-00134 110 35427 35581 35660 35789 35922 35937 36143 36145 36148 36288 36365 36385 36399 36412 36466 36508 36741 36756 36768 36792 36851 36959 36974 37008 37030 37083 37100 37136 37168 37176 37199 37215 37306 37354 37386 37409 37430 37451 37540 37550 37642 37658 37732 37774 37931 38012 38129 38138 38196 38246 38295 38330 38358 38416 38453 38461 38531 38572 38706 38751 38791 38794 38809 38950 38999 39075 39200 39252 39275 39283 39375 39381 39409 39412 39425 39454 39499 39523 39543 39604 39624 39643 39661 39666 39673 39705 39819 39824 39849 39873 39880 39912 39916 39953 40046 40055 40063 40094 40110 40138 40149 40176 40247 40256 40262 40274 40305 40356 40369 40408
culverts FR941206-1-00134 1 35428
is FR941206-1-00134 40 35430 35443 35638 35656 35829 35858 36156 36230 36440 36502 36654 36675 36734 36780 36858 36883 37469 37489 37521 37957 37989 38040 38145 38529 38548 38632 38680 39062 39307 39334 39485 39887 40153 40156 40168 40231 40283 40344 40360 40426
by FR941206-1-00134 11 35434 35785 36047 36819 36835 38276 38600 38660 39535 39545 39999
rules FR941206-1-00134 4 35436 36301 36359 37423
however FR941206-1-00134 4 35438 35482 36368 38921
specifically FR941206-1-00134 3 35444 35765 37881
addressed FR941206-1-00134 3 35445 35452 37208
unit FR941206-1-00134 1 35447
iid2.b FR941206-1-00134 1 35448
generally FR941206-1-00134 1 35451
units FR941206-1-00134 1 35454
iia5 FR941206-1-00134 1 35455
6. FR941206-1-00134 1 35458
preamble FR941206-1-00134 1 35461
subject FR941206-1-00134 2 35473 38578
40 FR941206-1-00134 5 35479 36980 37357 37784 39904
cfr FR941206-1-00134 7 35480 35717 35911 36981 37358 37785 39905
761.60. FR941206-1-00134 1 35481
pcbcontaminated FR941206-1-00134 2 35484 35950
articles FR941206-1-00134 1 35485
have FR941206-1-00134 11 35487 35577 36331 38055 38564 38733 38926 39300 39553 39610 39713
drained FR941206-1-00134 1 35489
all FR941206-1-00134 6 35491 35680 36745 37548 38692 40098
free FR941206-1-00134 1 35492
flowing FR941206-1-00134 1 35493
could FR941206-1-00134 20 35495 36007 36032 36760 36828 37138 37229 37665 38076 38272 38597 38876 38886 38910 39230 39245 39279 39420 39446 40325
still FR941206-1-00134 1 35496
abandoned FR941206-1-00134 4 35498 35616 35673 35853
place FR941206-1-00134 4 35500 35618 35675 35855
under FR941206-1-00134 24 35501 35515 35906 36376 36390 36786 36991 37114 37130 37232 37250 37392 37527 37552 37941 38035 38313 38389 38438 38914 39236 39555 39897 40244
proposed FR941206-1-00134 14 35502 36064 37115 37622 37645 37670 38439 38608 38635 38666 38916 39311 39855 40062
761.60 FR941206-1-00134 18 35503 35517 35596 35795 36377 36391 37364 37371 39727 39738 39976 39981 40039 40122 40203 40208 40234 40347
6 FR941206-1-00134 8 35508 36993 37235 37252 37283 37479 37554 38392
ii FR941206-1-00134 5 35511 35525 39735 39746 39758
current FR941206-1-00134 8 35516 36150 36245 36977 37155 37346 37422 37561
5 FR941206-1-00134 4 35522 35601 35800 38689
but FR941206-1-00134 6 35528 35647 35691 36759 37883 38213
used FR941206-1-00134 12 35530 36240 36258 36290 36309 36421 36460 36467 36800 36824 40242 40361
reused FR941206-1-00134 2 35532 36093
local FR941206-1-00134 4 35534 35700 35745 35774
pipe FR941206-1-00134 5 35537 35733 35828 35850 36066
frequently FR941206-1-00134 1 35538
shares FR941206-1-00134 1 35539
public FR941206-1-00134 3 35540 35546 35891
rightsofway FR941206-1-00134 3 35541 35590 35621
thus FR941206-1-00134 2 35543 37978
underlying FR941206-1-00134 1 35544
major FR941206-1-00134 1 35545
infrastructures FR941206-1-00134 1 35547
roadways FR941206-1-00134 1 35550
water FR941206-1-00134 1 35552
lines FR941206-1-00134 6 35553 35556 35563 35568 35576 35702
sewer FR941206-1-00134 1 35555
telephone FR941206-1-00134 1 35559
electrical FR941206-1-00134 2 35561 39189
service FR941206-1-00134 2 35562 35892
unlike FR941206-1-00134 1 35565
testing FR941206-1-00134 1 35570
removal FR941206-1-00134 3 35572 35652 35924
great FR941206-1-00134 2 35579 37582
potential FR941206-1-00134 2 35580 36681
causing FR941206-1-00134 1 35582
prolonged FR941206-1-00134 1 35583
disruption FR941206-1-00134 1 35584
utilities FR941206-1-00134 1 35587
sharing FR941206-1-00134 1 35588
today FR941206-1-00134 2 35592 37587
's FR941206-1-00134 7 35593 37588 38429 38658 38727 38767 40400
proposal FR941206-1-00134 6 35594 35915 37107 37150 37589 39385
would FR941206-1-00134 39 35603 35653 36710 36723 36753 36811 36842 36931 37037 37108 37151 37594 37630 37653 37737 38029 38182 38322 38375 38478 38488 38503 38563 38576 38653 38732 38897 38925 38982 39299 39386 39460 39635 39680 39925 39964 40012 40025 40113
segments FR941206-1-00134 1 35605
either FR941206-1-00134 3 35607 35859 39339
along FR941206-1-00134 2 35619 39645
if FR941206-1-00134 11 35622 35856 36659 37470 37591 37933 38471 38583 38884 40280 40321
certain FR941206-1-00134 7 35623 36787 37074 37615 38526 39324 39470
activities FR941206-1-00134 10 35624 36375 36387 37228 37246 37265 38538 38811 40058 40152
undertaken FR941206-1-00134 1 35626
limit FR941206-1-00134 2 35628 40352
believes FR941206-1-00134 5 35635 35722 36898 37021 39010
it FR941206-1-00134 17 35637 35857 37220 37934 38144 38181 38280 38472 38587 38596 38972 38981 39153 39167 39459 40396 40425
function FR941206-1-00134 1 35641
who FR941206-1-00134 2 35643 40155
owns FR941206-1-00134 1 35644
rather FR941206-1-00134 1 35648
how FR941206-1-00134 1 35649
disruptive FR941206-1-00134 1 35650
determining FR941206-1-00134 4 35658 35938 36149 36512
factor FR941206-1-00134 1 35659
allowing FR941206-1-00134 3 35661 37547 39704
abandonment FR941206-1-00134 3 35662 35762 35790
circumstances FR941206-1-00134 2 35665 37526
dot FR941206-1-00134 3 35667 35787 35907
requires FR941206-1-00134 2 35668 37888
must FR941206-1-00134 2 35676 38708
disconnected FR941206-1-00134 2 35678 35705
sources FR941206-1-00134 1 35681
supplies FR941206-1-00134 1 35683
purged FR941206-1-00134 1 35687
case FR941206-1-00134 2 35698 38203
physically FR941206-1-00134 1 35704
customer FR941206-1-00134 1 35708
sealed FR941206-1-00134 3 35711 35875 35882
both FR941206-1-00134 1 35713
ends FR941206-1-00134 1 35714
192.727 FR941206-1-00134 1 35718
do FR941206-1-00134 6 35726 36294 37424 38053 38476 38598
provide FR941206-1-00134 1 35728
protection FR941206-1-00134 2 35729 35779
even FR941206-1-00134 2 35737 36879
diameters FR941206-1-00134 1 35741
routinely FR941206-1-00134 1 35742
because FR941206-1-00134 8 35748 35819 36350 37706 38042 38341 39607 39621
company FR941206-1-00134 2 35751 36107
may FR941206-1-00134 12 35752 35851 36090 37463 38176 38450 38466 39396 39596 40188 40190 40293
lose FR941206-1-00134 1 35753
physical FR941206-1-00134 1 35754
control FR941206-1-00134 4 35755 37492 37509 39559
after FR941206-1-00134 1 35761
requests FR941206-1-00134 3 35766 36965 40300
afforded FR941206-1-00134 1 35784
proposes FR941206-1-00134 8 35793 36138 37053 38099 38354 38405 39699 40037
i FR941206-1-00134 7 35803 36117 36122 38644 39691 39983 40210
can FR941206-1-00134 7 35815 35822 36689 38847 38867 39800 39826
condensate FR941206-1-00134 1 35820
samples FR941206-1-00134 3 35821 36746 40251
too FR941206-1-00134 1 35830
having FR941206-1-00134 4 35833 35996 36821 39883
inside FR941206-1-00134 2 35835 35998
diameter FR941206-1-00134 2 35836 35999
inches FR941206-1-00134 2 35839 36006
accurately FR941206-1-00134 1 35845
wipe FR941206-1-00134 1 35846
sampled FR941206-1-00134 1 35847
filled FR941206-1-00134 1 35860
percent FR941206-1-00134 1 35863
its FR941206-1-00134 6 35865 38390 38742 39051 39055 39286
volume FR941206-1-00134 2 35866 40379
grout FR941206-1-00134 1 35868
high FR941206-1-00134 1 35870
density FR941206-1-00134 1 35871
polyurethane FR941206-1-00134 1 35872
foam FR941206-1-00134 1 35873
closed FR941206-1-00134 3 35876 35883 37562
end FR941206-1-00134 2 35879 35886
included FR941206-1-00134 5 35888 38628 38899 39303 39486
notification FR941206-1-00134 2 35893 38774
onecall FR941206-1-00134 1 35900
underground FR941206-1-00134 1 35902
utility FR941206-1-00134 1 35903
warning FR941206-1-00134 1 35904
192.614 FR941206-1-00134 1 35912
also FR941206-1-00134 9 35916 36126 36157 36781 36843 37109 38681 38911 39447
provides FR941206-1-00134 2 35917 37375
series FR941206-1-00134 1 35919
options FR941206-1-00134 2 35921 37544
subsequent FR941206-1-00134 1 35926
decontamination FR941206-1-00134 6 35929 36135 36242 36311 36366 36528
defines FR941206-1-00134 1 35935
procedures FR941206-1-00134 3 35936 36142 36243
level FR941206-1-00134 1 35940
whether FR941206-1-00134 1 35944
contains FR941206-1-00134 1 35947
contacting FR941206-1-00134 2 35960 36069
< FR941206-1-00134 2 35966 35977
surface FR941206-1-00134 2 35972 36080
> FR941206-1-00134 1 35975
10 FR941206-1-00134 2 35976 36084
100 FR941206-1-00134 3 35978 35982 36087
micrograms FR941206-1-00134 2 35979 36085
per FR941206-1-00134 2 35981 36086
square FR941206-1-00134 2 35983 36088
centimeters FR941206-1-00134 2 35984 36089
equal FR941206-1-00134 2 36003 38699
disposed FR941206-1-00134 8 36009 36034 36314 38710 38889 40069 40077 40118
solid FR941206-1-00134 2 36013 40257
waste FR941206-1-00134 26 36014 36040 36060 36491 36743 36849 36869 36929 37498 37806 38769 39053 39079 39162 39183 39350 39371 39390 39416 39434 39724 39788 40160 40358 40390 40420
landfill FR941206-1-00134 4 36015 36041 36947 39725
industrial FR941206-1-00134 1 36018
furnace FR941206-1-00134 1 36019
addition FR941206-1-00134 6 36022 36562 36650 36855 38167 40337
tsca FR941206-1-00134 19 36038 36044 36049 36265 36945 37001 37204 37233 37477 37777 37836 37876 37887 37942 38521 38720 38728 38861 40194
chemical FR941206-1-00134 10 36039 36495 36500 36545 36579 36803 36894 37923 38510 39723
incinerator FR941206-1-00134 1 36045
approved FR941206-1-00134 6 36050 36266 36372 36943 36946 38768
alternate FR941206-1-00134 1 36051
method FR941206-1-00134 1 36053
nonn FR941206-1-00134 1 36059
761.62. FR941206-1-00134 1 36065
only FR941206-1-00134 4 36094 37012 37404 37458
same FR941206-1-00134 2 36101 36106
pursuant FR941206-1-00134 2 36109 37475
761.30 FR941206-1-00134 2 36115 36120
does FR941206-1-00134 3 36124 36282 37877
authorize FR941206-1-00134 3 36127 37003 37426
commerce FR941206-1-00134 1 36130
761.79 FR941206-1-00134 5 36133 36248 36281 36447 38919
cleanup FR941206-1-00134 8 36139 36560 36615 36628 39366 39438 39571 39651
surfaces FR941206-1-00134 1 36144
regulatory FR941206-1-00134 1 36151
status FR941206-1-00134 2 36152 37564
section FR941206-1-00134 15 36155 36280 36992 37147 37234 37251 37282 37370 37393 37395 37478 37553 37884 38391 39963
applicable FR941206-1-00134 1 36158
equipment FR941206-1-00134 2 36165 39190
f FR941206-1-00134 1 36167
solvents FR941206-1-00134 11 36171 36239 36257 36289 36308 36330 36400 36413 36451 36799 36850
response FR941206-1-00134 3 36176 38433 39291
several FR941206-1-00134 2 36178 36573
comments FR941206-1-00134 1 36179
related FR941206-1-00134 1 36182
judicial FR941206-1-00134 1 36183
decision FR941206-1-00134 3 36184 36407 38659
matter FR941206-1-00134 1 36188
rollins FR941206-1-00134 3 36191 36209 36404
environmental FR941206-1-00134 2 36192 36210
services FR941206-1-00134 2 36193 36211
nj FR941206-1-00134 2 36195 36213
inc. FR941206-1-00134 2 36198 36215
docket FR941206-1-00134 1 36200
no FR941206-1-00134 3 36201 36362 37722
ii- FR941206-1-00134 1 36203
v. FR941206-1-00134 1 36216
937 FR941206-1-00134 1 36219
f.2d FR941206-1-00134 1 36220
649 FR941206-1-00134 1 36221
dc FR941206-1-00134 2 36223 37843
cir FR941206-1-00134 1 36224
1991 FR941206-1-00134 1 36226
proposing FR941206-1-00134 9 36231 36441 36735 36782 36859 38682 39063 40232 40345
clarify FR941206-1-00134 5 36233 36435 37094 37654 39387
relating FR941206-1-00134 2 36237 39125
explicitly FR941206-1-00134 1 36252
require FR941206-1-00134 6 36253 36307 38555 39246 39965 40314
decontaminate FR941206-1-00134 3 36260 36292 36423
containers FR941206-1-00134 2 36262 36425
facility FR941206-1-00134 8 36267 36721 38716 38726 38766 38894 38934 40394
once FR941206-1-00134 1 36268
solvent FR941206-1-00134 4 36274 36327 36598 36825
reaches FR941206-1-00134 1 36275
reach FR941206-1-00134 2 36296 38850
existing FR941206-1-00134 5 36300 36873 38036 39832 39844
761.1 FR941206-1-00134 1 36303
regardless FR941206-1-00134 1 36318
contact FR941206-1-00134 1 36334
regarded FR941206-1-00134 1 36341
original FR941206-1-00134 1 36348
principle FR941206-1-00134 1 36353
antin FR941206-1-00134 1 36355
provisions FR941206-1-00134 9 36364 36445 36465 36740 37202 38790 38859 39703 39762
various FR941206-1-00134 2 36373 36527
decontaminationlike FR941206-1-00134 2 36374 36386
e FR941206-1-00134 13 36379 36393 36474 36995 37237 37254 37285 37481 37556 38394 39978 40128 40205
approvals FR941206-1-00134 4 36384 38524 38902 40412
issued FR941206-1-00134 4 36389 37344 37781 40200
specify FR941206-1-00134 1 36396
circuit FR941206-1-00134 1 36405
court FR941206-1-00134 1 36406
unclear FR941206-1-00134 1 36430
order FR941206-1-00134 2 36433 39938
situation FR941206-1-00134 1 36437
amend FR941206-1-00134 2 36443 37055
hydrocarbon FR941206-1-00134 1 36450
oil FR941206-1-00134 1 36468
outlined FR941206-1-00134 1 36470
761.20 FR941206-1-00134 18 36472 36982 37056 37065 37116 37359 37396 37623 37646 37671 38440 38610 38636 38667 38684 39065 39312 39488
decontaminated FR941206-1-00134 2 36479 38913
themselves FR941206-1-00134 1 36480
through FR941206-1-00134 7 36481 38602 38646 38674 38803 39356 39399
processes FR941206-1-00134 1 36482
filtration FR941206-1-00134 1 36485
g FR941206-1-00134 1 36487
generated FR941206-1-00134 6 36492 36909 39351 39391 39417 39468
during FR941206-1-00134 4 36493 36600 39577 39655
analysis FR941206-1-00134 8 36496 36501 36546 36569 36580 36709 36804 36895
needed FR941206-1-00134 2 36503 40284
determine FR941206-1-00134 3 36505 36523 36534
purposes FR941206-1-00134 7 36510 37101 37169 37387 37659 39500 39674
characterize FR941206-1-00134 1 36519
effectiveness FR941206-1-00134 1 36525
treatment FR941206-1-00134 2 36530 40421
technologies FR941206-1-00134 4 36531 39838 40024 40186
humans FR941206-1-00134 1 36538
their FR941206-1-00134 7 36540 36872 36911 37517 38762 38880 39132
food FR941206-1-00134 1 36541
chain FR941206-1-00134 1 36542
includes FR941206-1-00134 1 36549
sample FR941206-1-00134 7 36550 36553 36585 36642 36674 36750 36777
preparation FR941206-1-00134 1 36551
extraction FR941206-1-00134 2 36554 36700
extract FR941206-1-00134 5 36556 36559 36597 36601 36647
standards FR941206-1-00134 1 36565
instrumental FR941206-1-00134 1 36568
there FR941206-1-00134 4 36571 37022 38175 39777
possible FR941206-1-00134 1 36574
wastestreams FR941206-1-00134 1 36575
resulting FR941206-1-00134 6 36576 36706 39364 39435 39569 39649
excess FR941206-1-00134 3 36584 36646 40309
potentially FR941206-1-00134 1 36587
contaminated FR941206-1-00134 2 36588 36655
drying FR941206-1-00134 1 36589
agent FR941206-1-00134 1 36590
anhydrous FR941206-1-00134 1 36592
sodium FR941206-1-00134 1 36593
sulphate FR941206-1-00134 1 36594
acetone FR941206-1-00134 1 36604
hexane FR941206-1-00134 1 36606
methylene FR941206-1-00134 1 36608
chloride FR941206-1-00134 1 36609
etc FR941206-1-00134 2 36611 36624
column FR941206-1-00134 1 36616
packing FR941206-1-00134 1 36617
materials FR941206-1-00134 7 36618 36639 36694 36918 36925 36939 40103
alumina FR941206-1-00134 1 36620
florisil FR941206-1-00134 1 36622
concentrated FR941206-1-00134 1 36631
sulfuric FR941206-1-00134 1 36632
acid FR941206-1-00134 1 36633
glassware FR941206-1-00134 1 36636
filtering FR941206-1-00134 1 36638
extracted FR941206-1-00134 3 36641 36671 36749
material FR941206-1-00134 7 36643 36751 40068 40258 40264 40273 40282
analytical FR941206-1-00134 2 36652 38754
instrumentation FR941206-1-00134 1 36653
analyzed FR941206-1-00134 1 36663
relatively FR941206-1-00134 2 36666 36901
amount FR941206-1-00134 5 36668 39809 40065 40082 40271
often FR941206-1-00134 1 36676
diluted FR941206-1-00134 1 36677
significantly FR941206-1-00134 1 36678
most FR941206-1-00134 4 36680 36686 38043 38551
laboratory FR941206-1-00134 5 36682 36742 36818 36839 36848
wastes FR941206-1-00134 16 36683 36687 36906 37462 37515 37605 37749 38002 38021 38757 38952 39330 39526 39576 39626 39894
recycled FR941206-1-00134 2 36692 36834
should FR941206-1-00134 5 36696 37532 37685 39049 40267
absorb FR941206-1-00134 2 36697 36932
amounts FR941206-1-00134 2 36703 39205
likely FR941206-1-00134 1 36711
more FR941206-1-00134 1 36713
burdensome FR941206-1-00134 1 36714
controlled FR941206-1-00134 1 36719
reduction FR941206-1-00134 1 36727
761.64 FR941206-1-00134 1 36737
special FR941206-1-00134 2 36738 38947
remain FR941206-1-00134 1 36754
returned FR941206-1-00134 3 36762 38878 39404
site FR941206-1-00134 1 36765
generation FR941206-1-00134 1 36767
according FR941206-1-00134 4 36770 36870 40120 40201
measured FR941206-1-00134 1 36774
permit FR941206-1-00134 1 36784
conditions FR941206-1-00134 6 36788 38737 38816 38896 38949 39237
recycling FR941206-1-00134 2 36791 37182
organic FR941206-1-00134 1 36798
process FR941206-1-00134 2 36805 39929
described FR941206-1-00134 2 36806 37617
change FR941206-1-00134 2 36810 39924
cost FR941206-1-00134 1 36814
savings FR941206-1-00134 1 36815
replace FR941206-1-00134 1 36823
otherwise FR941206-1-00134 3 36829 37309 39457
safely FR941206-1-00134 1 36831
economically FR941206-1-00134 1 36833
distillation FR941206-1-00134 1 36836
within FR941206-1-00134 3 36837 39054 39830
minimization FR941206-1-00134 1 36846
nond FR941206-1-00134 3 36868 36917 36928
though FR941206-1-00134 1 36880
known FR941206-1-00134 2 36884 37310
dilution FR941206-1-00134 1 36890
performance FR941206-1-00134 1 36892
quantity FR941206-1-00134 6 36903 36923 40241 40306 40324 40340
which FR941206-1-00134 13 36907 36930 37131 37243 37260 37528 37988 38180 38233 38717 38935 38991 39712
significant FR941206-1-00134 1 36922
present FR941206-1-00134 5 36934 37721 38833 39212 40326
make FR941206-1-00134 1 36935
rcra FR941206-1-00134 2 36942 39899
safe FR941206-1-00134 1 36949
economical FR941206-1-00134 1 36951
option FR941206-1-00134 2 36952 39879
h. FR941206-1-00134 1 36954
transboundary FR941206-1-00134 6 36955 37494 37511 37536 39127 39321
movement FR941206-1-00134 4 36956 37495 37512 39327
periodically FR941206-1-00134 1 36963
receives FR941206-1-00134 1 36964
wishing FR941206-1-00134 1 36968
import FR941206-1-00134 32 36970 37005 37027 37082 37097 37158 37175 37193 37212 37264 37301 37351 37378 37406 37427 37448 37600 37620 37639 37657 37731 37746 37792 38034 38193 38238 38292 38329 38415 38460 38826 39340
export FR941206-1-00134 22 36972 37007 37029 37099 37160 37197 37214 37303 37353 37380 37408 37429 37450 37602 38958 38993 39012 39074 39241 39253 39274 39342
promulgated FR941206-1-00134 1 36990
where FR941206-1-00134 6 37025 38140 38204 38373 39108 40007
higher FR941206-1-00134 2 37035 37435
pose FR941206-1-00134 3 37039 38377 39026
injury FR941206-1-00134 5 37044 38382 38495 38838 39030
add FR941206-1-00134 2 37064 37666
create FR941206-1-00134 3 37073 38077 38591
categorical FR941206-1-00134 5 37075 37667 38170 38593 38606
exceptions FR941206-1-00134 7 37076 37616 37633 37668 38171 38410 38607
general FR941206-1-00134 6 37079 37443 37597 37636 37909 39921
ban FR941206-1-00134 3 37080 37156 38413
what FR941206-1-00134 2 37095 37655
constitutes FR941206-1-00134 2 37096 37656
regulation FR941206-1-00134 5 37104 37223 37662 39503 39677
establish FR941206-1-00134 1 37110
petition FR941206-1-00134 6 37112 38436 38451 38631 39294 39306
procedure FR941206-1-00134 1 37113
c FR941206-1-00134 3 37125 39067 39314
imports FR941206-1-00134 8 37133 37549 37696 37880 38135 38357 39517 39689
exports FR941206-1-00134 6 37135 38978 39141 39282 39515 39687
allowed FR941206-1-00134 2 37140 37741
casebycase FR941206-1-00134 5 37143 38371 38409 39089 40303
basis FR941206-1-00134 5 37144 38372 38571 39090 40304
alter FR941206-1-00134 1 37153
affect FR941206-1-00134 1 37186
meaning FR941206-1-00134 1 37188
terms FR941206-1-00134 2 37191 37813
issue FR941206-1-00134 3 37210 37294 38520
1979 FR941206-1-00134 1 37218
noted FR941206-1-00134 2 37221 38955
types FR941206-1-00134 2 37226 39325
accomplished FR941206-1-00134 1 37231
governs FR941206-1-00134 2 37244 37261
alternatively FR941206-1-00134 1 37249
manufacture FR941206-1-00134 2 37262 37790
31514 FR941206-1-00134 1 37269
31526 FR941206-1-00134 1 37271
based FR941206-1-00134 1 37277
upon FR941206-1-00134 1 37278
authority FR941206-1-00134 3 37280 38399 38518
elected FR941206-1-00134 1 37292
comprehensive FR941206-1-00134 1 37295
temporarily FR941206-1-00134 1 37298
open FR941206-1-00134 2 37314 38967
border FR941206-1-00134 5 37315 37531 37563 37571 38968
policy FR941206-1-00134 2 37316 38969
decided FR941206-1-00134 1 37320
1980 FR941206-1-00134 2 37327 38971
they FR941206-1-00134 6 37329 38234 38374 38885 39208 39634
expired FR941206-1-00134 1 37330
45 FR941206-1-00134 2 37332 39004
29115 FR941206-1-00134 2 37334 39006
1984 FR941206-1-00134 1 37341
h FR941206-1-00134 2 37366 37373
761.20. FR941206-1-00134 1 37394
authorizes FR941206-1-00134 1 37403
absence FR941206-1-00134 1 37440
allows FR941206-1-00134 1 37446
way FR941206-1-00134 1 37459
imported FR941206-1-00134 11 37466 38559 38705 38749 38760 38796 38854 38874 38908 38929 38951
exported FR941206-1-00134 3 37468 39199 39232
grants FR941206-1-00134 1 37472
exemption FR941206-1-00134 3 37474 38986 40246
designed FR941206-1-00134 1 37490
manner FR941206-1-00134 1 37501
consistent FR941206-1-00134 2 37502 39116
basel FR941206-1-00134 1 37505
convention FR941206-1-00134 1 37506
hazardous FR941206-1-00134 2 37514 39893
requesting FR941206-1-00134 1 37522
comment FR941206-1-00134 1 37523
us FR941206-1-00134 2 37530 39137
opened FR941206-1-00134 1 37534
shipments FR941206-1-00134 7 37537 38747 38872 39322 39508 39512 39684
range FR941206-1-00134 1 37545
maintaining FR941206-1-00134 1 37559
might FR941206-1-00134 6 37567 38200 38248 38281 39442 39627
include FR941206-1-00134 2 37568 37838
opening FR941206-1-00134 1 37569
geographic FR941206-1-00134 1 37577
area FR941206-1-00134 1 37578
lakes FR941206-1-00134 1 37583
drainage FR941206-1-00134 1 37584
basin FR941206-1-00134 1 37585
finalized FR941206-1-00134 1 37592
retain FR941206-1-00134 1 37595
prohibitions FR941206-1-00134 1 37598
three FR941206-1-00134 1 37632
prohibition FR941206-1-00134 3 37637 38458 39889
need FR941206-1-00134 1 37687
arise FR941206-1-00134 1 37688
future FR941206-1-00134 3 37691 39806 39835
administrator FR941206-1-00134 3 37708 40002 40292
made FR941206-1-00134 1 37710
finding FR941206-1-00134 1 37712
continue FR941206-1-00134 1 37738
united FR941206-1-00134 41 37751 37764 37772 37809 37815 37872 37903 37918 37954 37965 37996 38010 38044 38093 38106 38119 38127 38151 38189 38210 38219 38244 38255 38269 38288 38310 38338 38367 38485 38541 39123 39354 39379 39394 39407 39452 39474 39478 39600 39617 39641
states FR941206-1-00134 42 37752 37765 37773 37810 37816 37820 37873 37904 37919 37955 37966 37997 38011 38045 38094 38107 38120 38128 38152 38190 38211 38220 38245 38256 38270 38289 38311 38339 38368 38486 38542 39124 39355 39380 39395 39408 39453 39475 39479 39601 39618 39642
territories FR941206-1-00134 4 37753 38046 38073 38108
possessions FR941206-1-00134 4 37755 38048 38075 38110
outside FR941206-1-00134 5 37758 37990 38049 38113 38208
customs FR941206-1-00134 9 37760 37768 37899 37950 37992 38006 38051 38115 38123
territory FR941206-1-00134 12 37761 37769 37867 37900 37951 37985 37993 38007 38052 38088 38116 38124
thereunder FR941206-1-00134 1 37782
part FR941206-1-00134 1 37786
761 FR941206-1-00134 1 37787
regulate FR941206-1-00134 2 37788 38401
processing FR941206-1-00134 1 37796
defined FR941206-1-00134 3 37823 37907 37958
sections FR941206-1-00134 1 37825
14 FR941206-1-00134 1 37833
state FR941206-1-00134 2 37841 37962
puerto FR941206-1-00134 2 37845 37974
rico FR941206-1-00134 2 37846 37975
virgin FR941206-1-00134 1 37848
islands FR941206-1-00134 2 37849 37862
guam FR941206-1-00134 1 37851
canal FR941206-1-00134 1 37854
zone FR941206-1-00134 1 37855
american FR941206-1-00134 1 37857
samoa FR941206-1-00134 1 37858
northern FR941206-1-00134 1 37860
mariana FR941206-1-00134 1 37861
possession FR941206-1-00134 3 37869 37987 38090
define FR941206-1-00134 1 37879
secretary FR941206-1-00134 1 37890
treasury FR941206-1-00134 1 37893
refuse FR941206-1-00134 1 37895
headnote FR941206-1-00134 1 37910
tariff FR941206-1-00134 2 37914 37946
schedules FR941206-1-00134 2 37915 37947
substance FR941206-1-00134 1 37924
mixture FR941206-1-00134 1 37926
article FR941206-1-00134 1 37929
offered FR941206-1-00134 1 37930
fails FR941206-1-00134 1 37935
comply FR941206-1-00134 1 37937
district FR941206-1-00134 1 37969
columbia FR941206-1-00134 1 37971
problem FR941206-1-00134 1 37981
arises FR941206-1-00134 1 37982
attempts FR941206-1-00134 1 37998
ship FR941206-1-00134 2 38000 39235
back FR941206-1-00134 2 38003 39638
transfer FR941206-1-00134 2 38017 39267
considered FR941206-1-00134 2 38031 39336
prohibited FR941206-1-00134 1 38033
problematic FR941206-1-00134 1 38041
adequate FR941206-1-00134 4 38056 38223 38780 39171
facilities FR941206-1-00134 7 38058 38225 38998 39173 39481 39602 39623
persist FR941206-1-00134 1 38062
improper FR941206-1-00134 1 38067
those FR941206-1-00134 5 38072 39037 40311 40370 40417
transfers FR941206-1-00134 1 38102
determines FR941206-1-00134 1 38142
interests FR941206-1-00134 7 38148 38186 38252 38285 38335 38364 38482
risks FR941206-1-00134 1 38159
listed FR941206-1-00134 1 38172
located FR941206-1-00134 2 38207 38236
close FR941206-1-00134 1 38215
proximity FR941206-1-00134 1 38216
available FR941206-1-00134 2 38228 39631
country FR941206-1-00134 7 38231 38348 38881 39111 39148 39359 39402
mitigate FR941206-1-00134 1 38258
mitigated FR941206-1-00134 1 38275
means FR941206-1-00134 1 38278
implement FR941206-1-00134 2 38298 38664
law FR941206-1-00134 1 38301
cercla FR941206-1-00134 1 38304
carry FR941206-1-00134 1 38308
out FR941206-1-00134 2 38309 39309
obligations FR941206-1-00134 2 38312 39120
treaty FR941206-1-00134 1 38315
international FR941206-1-00134 3 38318 39114 39119
agreement FR941206-1-00134 2 38319 39115
inclined FR941206-1-00134 1 38325
find FR941206-1-00134 1 38327
solely FR941206-1-00134 2 38340 40170
expensive FR941206-1-00134 1 38351
initiative FR941206-1-00134 2 38430 39288
person FR941206-1-00134 2 38449 40167
exception FR941206-1-00134 4 38455 38470 38581 38594
grant FR941206-1-00134 3 38467 38984 40299
finds FR941206-1-00134 1 38473
so FR941206-1-00134 3 38477 38599 39022
petitions FR941206-1-00134 2 38502 38562
filed FR941206-1-00134 1 38505
director FR941206-1-00134 3 38508 38515 38547
management FR941206-1-00134 2 38511 39177
division FR941206-1-00134 1 38512
responsible FR941206-1-00134 1 38530
coordination FR941206-1-00134 1 38532
oversight FR941206-1-00134 1 38534
advantageous FR941206-1-00134 1 38552
position FR941206-1-00134 1 38553
submitted FR941206-1-00134 1 38567
individual FR941206-1-00134 3 38570 38574 40143
appropriate FR941206-1-00134 2 38589 38807
adding FR941206-1-00134 1 38601
rulemaking FR941206-1-00134 4 38603 39768 39776 39858
information FR941206-1-00134 3 38625 39159 39297
specified FR941206-1-00134 4 38633 38746 39238 40312
vii FR941206-1-00134 1 38648
petitioner FR941206-1-00134 1 38652
notified FR941206-1-00134 1 38655
letter FR941206-1-00134 1 38661
designated FR941206-1-00134 3 38715 38893 39818
approval FR941206-1-00134 12 38723 38731 38941 38948 39242 39251 39936 39967 39998 40045 40199 40320
specific FR941206-1-00134 1 38736
addressing FR941206-1-00134 1 38738
minimum FR941206-1-00134 1 38741
designation FR941206-1-00134 1 38743
receive FR941206-1-00134 2 38745 39166
compatibility FR941206-1-00134 1 38763
techniques FR941206-1-00134 1 38771
prior FR941206-1-00134 3 38773 39272 39717
certification FR941206-1-00134 1 38776
capacity FR941206-1-00134 3 38782 39791 39868
manifest FR941206-1-00134 1 38787
financial FR941206-1-00134 1 38792
responsibility FR941206-1-00134 1 38793
port FR941206-1-00134 1 38800
recordkeeping FR941206-1-00134 1 38808
necessary FR941206-1-00134 1 38821
easily FR941206-1-00134 2 38849 39827
foreign FR941206-1-00134 3 38851 39358 39401
generators FR941206-1-00134 1 38852
enforce FR941206-1-00134 1 38857
liability FR941206-1-00134 1 38858
statutes FR941206-1-00134 1 38865
assured FR941206-1-00134 1 38870
origin FR941206-1-00134 1 38883
situations FR941206-1-00134 1 38906
changes FR941206-1-00134 1 38917
commercial FR941206-1-00134 3 38932 38939 40163
had FR941206-1-00134 2 38936 38996
unless FR941206-1-00134 3 38943 38987 39091
exempt FR941206-1-00134 1 38944
announced FR941206-1-00134 1 38962
expiration FR941206-1-00134 1 38964
stated FR941206-1-00134 1 38973
regard FR941206-1-00134 1 38976
nation FR941206-1-00134 2 38989 39048
destined FR941206-1-00134 1 38995
ultimate FR941206-1-00134 1 39000
see FR941206-1-00134 1 39003
countries FR941206-1-00134 2 39017 39038
needs FR941206-1-00134 1 39018
maximum FR941206-1-00134 3 39043 40240 40354
extent FR941206-1-00134 1 39044
practicable FR941206-1-00134 1 39045
manage FR941206-1-00134 1 39050
own FR941206-1-00134 3 39052 39056 39287
borders FR941206-1-00134 2 39057 39333
reason FR941206-1-00134 1 39094
believe FR941206-1-00134 1 39096
question FR941206-1-00134 1 39101
properly FR941206-1-00134 1 39105
managed FR941206-1-00134 1 39106
receiving FR941206-1-00134 2 39110 39147
movements FR941206-1-00134 1 39128
government FR941206-1-00134 6 39138 39144 39539 39549 39558 39592
concerning FR941206-1-00134 1 39139
certifies FR941206-1-00134 1 39149
received FR941206-1-00134 1 39155
accurate FR941206-1-00134 1 39156
complete FR941206-1-00134 1 39158
about FR941206-1-00134 1 39160
consents FR941206-1-00134 1 39164
assure FR941206-1-00134 1 39175
exporter FR941206-1-00134 1 39181
identifies FR941206-1-00134 1 39182
pcbcontaining FR941206-1-00134 1 39188
example FR941206-1-00134 2 39194 39413
vessels FR941206-1-00134 1 39196
sometimes FR941206-1-00134 1 39198
salvage FR941206-1-00134 1 39201
considerable FR941206-1-00134 1 39204
metal FR941206-1-00134 1 39207
integral FR941206-1-00134 1 39214
components FR941206-1-00134 1 39215
ships FR941206-1-00134 1 39218
wire FR941206-1-00134 1 39222
cable FR941206-1-00134 1 39223
air FR941206-1-00134 1 39225
gaskets FR941206-1-00134 1 39228
condition FR941206-1-00134 1 39249
large FR941206-1-00134 1 39258
capacitors FR941206-1-00134 1 39259
transformers FR941206-1-00134 1 39261
hydraulic FR941206-1-00134 1 39264
heat FR941206-1-00134 1 39266
fluids FR941206-1-00134 1 39268
set FR941206-1-00134 1 39308
accross FR941206-1-00134 1 39331
national FR941206-1-00134 1 39332
transport FR941206-1-00134 2 39347 39466
residuals FR941206-1-00134 3 39363 39568 39648
spills FR941206-1-00134 4 39368 39440 39573 39653
transit FR941206-1-00134 5 39373 39445 39511 39584 39671
reentry FR941206-1-00134 1 39376
transported FR941206-1-00134 2 39398 39422
michigan FR941206-1-00134 1 39419
across FR941206-1-00134 1 39423
canada FR941206-1-00134 1 39424
new FR941206-1-00134 1 39428
york FR941206-1-00134 1 39429
residual FR941206-1-00134 1 39432
occur FR941206-1-00134 2 39443 40013
brought FR941206-1-00134 1 39449
impractical FR941206-1-00134 1 39462
inefficient FR941206-1-00134 1 39464
parts FR941206-1-00134 1 39471
nearby FR941206-1-00134 1 39477
provision FR941206-1-00134 1 39484
clarification FR941206-1-00134 1 39497
considers FR941206-1-00134 1 39506
return FR941206-1-00134 1 39522
procured FR941206-1-00134 1 39533
domestically FR941206-1-00134 1 39534
u. FR941206-1-00134 4 39537 39547 39556 39590
s. FR941206-1-00134 4 39538 39548 39557 39591
taken FR941206-1-00134 2 39541 39598
overseas FR941206-1-00134 2 39542 39632
remained FR941206-1-00134 1 39554
procurement FR941206-1-00134 1 39564
conjunction FR941206-1-00134 1 39588
operations FR941206-1-00134 1 39593
abroad FR941206-1-00134 1 39603
always FR941206-1-00134 1 39611
property FR941206-1-00134 1 39614
readily FR941206-1-00134 1 39630
permitted FR941206-1-00134 2 39637 39784
occurring FR941206-1-00134 1 39654
while FR941206-1-00134 1 39658
awaiting FR941206-1-00134 1 39664
shipment FR941206-1-00134 1 39665
consider FR941206-1-00134 1 39682
landfilling FR941206-1-00134 3 39693 39841 39891
stabilized FR941206-1-00134 1 39715
onsite FR941206-1-00134 1 39716
761.75 FR941206-1-00134 1 39750
8 FR941206-1-00134 1 39755
established FR941206-1-00134 1 39764
number FR941206-1-00134 2 39781 40034
incinerators FR941206-1-00134 1 39783
burn FR941206-1-00134 1 39786
concern FR941206-1-00134 1 39794
reasonably FR941206-1-00134 1 39802
expected FR941206-1-00134 2 39803 39860
anticipated FR941206-1-00134 2 39815 39834
accommodated FR941206-1-00134 1 39829
amendments FR941206-1-00134 1 39854
accommodate FR941206-1-00134 1 39862
surplus FR941206-1-00134 1 39864
supply FR941206-1-00134 1 39869
support FR941206-1-00134 1 39872
deletion FR941206-1-00134 1 39875
land FR941206-1-00134 1 39900
restrictions FR941206-1-00134 1 39902
268.42 FR941206-1-00134 1 39906
j FR941206-1-00134 4 39908 40041 40236 40349
selfimplementing FR941206-1-00134 2 39910 40044
research FR941206-1-00134 3 39913 40018 40047
development FR941206-1-00134 3 39915 40020 40049
activities_ FR941206-1-00134 1 39919
1. FR941206-1-00134 1 39920
timeconsuming FR941206-1-00134 1 39928
obtaining FR941206-1-00134 1 39931
r FR941206-1-00134 13 39933 39943 39950 40009 40051 40091 40107 40135 40146 40173 40196 40317 40409
& FR941206-1-00134 13 39934 39944 39951 40010 40052 40092 40108 40136 40147 40174 40197 40318 40410
d FR941206-1-00134 13 39935 39945 39952 40011 40053 40093 40109 40137 40148 40175 40198 40319 40411
engage FR941206-1-00134 1 39940
conforming FR941206-1-00134 1 39957
limitations FR941206-1-00134 3 39960 40060 40228
written FR941206-1-00134 2 39966 39969
waiver FR941206-1-00134 1 39970
761.70 FR941206-1-00134 2 39990 40217
regional FR941206-1-00134 2 40001 40291
region FR941206-1-00134 1 40006
persons FR941206-1-00134 1 40015
engaged FR941206-1-00134 2 40016 40144
now FR941206-1-00134 1 40026
required FR941206-1-00134 2 40028 40115
obtain FR941206-1-00134 1 40030
identification FR941206-1-00134 1 40033
total FR941206-1-00134 1 40081
duration FR941206-1-00134 1 40088
activity FR941206-1-00134 2 40096 40112
treated FR941206-1-00134 1 40099
untreated FR941206-1-00134 1 40101
- FR941206-1-00134 1 40126
definition FR941206-1-00134 1 40133
someone FR941206-1-00134 1 40154
accepting FR941206-1-00134 1 40158
scale FR941206-1-00134 2 40164 40181
preliminary FR941206-1-00134 1 40177
investigation FR941206-1-00134 1 40178
up FR941206-1-00134 1 40182
possess FR941206-1-00134 1 40192
annually FR941206-1-00134 2 40243 40391
treatability FR941206-1-00134 3 40249 40277 40364
study FR941206-1-00134 3 40250 40288 40365
70 FR941206-1-00134 2 40253 40376
cubic FR941206-1-00134 2 40254 40377
feet FR941206-1-00134 2 40255 40378
gallons FR941206-1-00134 1 40261
sufficient FR941206-1-00134 1 40270
conducting FR941206-1-00134 1 40275
smallscale FR941206-1-00134 1 40276
studies FR941206-1-00134 1 40278
additional FR941206-1-00134 1 40281
conduct FR941206-1-00134 1 40286
his FR941206-1-00134 1 40295
her FR941206-1-00134 1 40297
discretion FR941206-1-00134 1 40298
limits FR941206-1-00134 1 40307
formal FR941206-1-00134 1 40316
increased FR941206-1-00134 1 40323
cutoff FR941206-1-00134 1 40341
10000 FR941206-1-00134 1 40367
utilizing FR941206-1-00134 1 40371
gallon FR941206-1-00134 1 40374
cap FR941206-1-00134 1 40380
kilogram FR941206-1-00134 1 40383
kg FR941206-1-00134 1 40385
pure FR941206-1-00134 1 40388
experience FR941206-1-00134 1 40401
past FR941206-1-00134 1 40404
reviewing FR941206-1-00134 1 40406
applications FR941206-1-00134 1 40407
discussions FR941206-1-00134 1 40415
field FR941206-1-00134 1 40422
rare FR941206-1-00134 1 40427
one FR941206-1-00134 1 40429
