would FR941206-1-00134 26 40430 40632 40648 40733 40767 41072 41582 41601 41793 42120 42221 42313 42813 42823 43577 43695 43772 43849 43975 44016 44049 44167 44696 44799 45089 45095
need FR941206-1-00134 4 40431 40620 41655 43820
a FR941206-1-00134 77 40432 40443 40472 40532 40575 40689 40785 40793 41224 41374 41572 41832 41846 41867 41870 41922 41928 41938 42072 42083 42142 42172 42231 42483 42492 42521 42575 42621 42649 42803 42833 42842 42963 43000 43175 43196 43231 43303 43410 43449 43509 43518 43582 43659 43717 43730 43738 43741 43766 43777 43818 43846 43870 43891 43941 43989 43997 44005 44042 44059 44064 44073 44099 44132 44366 44377 44424 44477 44512 44701 44812 44825 44882 44924 44936 44985 45204
sample FR941206-1-00134 1 40433
that FR941206-1-00134 73 40434 40585 40983 41085 41155 41182 41223 41250 41336 41587 41616 41648 41695 41777 41859 41878 41895 41945 41958 42027 42066 42082 42119 42171 42229 42257 42336 42355 42367 42378 42403 42665 42674 42699 42783 42855 43042 43065 43083 43087 43118 43166 43229 43248 43371 43388 43465 43531 43573 43592 43615 43725 43784 43799 43814 43829 43845 43877 43909 43914 44028 44047 44426 44433 44471 44534 44552 44574 44634 44691 44856 45071 45218
contains FR941206-1-00134 5 40435 41860 41881 41898 42700
more FR941206-1-00134 6 40436 44118 44162 44246 44390 44783
than FR941206-1-00134 11 40437 40888 41339 41406 41576 42500 42595 43236 43295 44784 45197
10000 FR941206-1-00134 2 40438 40673
ppm FR941206-1-00134 22 40439 40674 40890 40933 41238 41862 41918 42093 42189 42240 42271 42350 42410 42502 42512 42597 43284 43344 43522 43721 43945 44077
pcbs FR941206-1-00134 31 40440 40480 40924 41195 41206 41241 41464 41530 41570 41624 41647 41748 41863 41915 42094 42237 42268 42407 42459 42503 42509 42598 42701 42785 43159 43273 44165 44249 44393 44616 45196
to FR941206-1-00134 156 40441 40494 40498 40510 40540 40554 40612 40617 40683 40687 40704 40735 40745 40771 40875 40915 40955 40968 41025 41032 41109 41121 41131 41193 41197 41204 41211 41221 41235 41248 41254 41332 41395 41497 41519 41534 41538 41543 41585 41595 41606 41660 41686 41769 41771 41780 41805 41808 41811 41842 41893 41913 41926 41967 42007 42010 42039 42070 42110 42136 42169 42182 42187 42192 42202 42224 42235 42255 42300 42324 42343 42348 42373 42386 42428 42442 42466 42468 42481 42497 42507 42549 42562 42589 42653 42762 42810 42815 42818 42826 42905 43040 43063 43109 43128 43177 43216 43219 43244 43259 43265 43392 43421 43454 43477 43535 43562 43581 43589 43613 43648 43670 43702 43780 43834 43918 44018 44086 44096 44116 44140 44145 44158 44171 44187 44212 44242 44271 44287 44292 44308 44312 44340 44360 44369 44386 44394 44518 44570 44581 44594 44615 44687 44700 44733 44737 44744 44821 44841 44931 44935 44990 45086 45097 45134 45151
conduct FR941206-1-00134 1 40442
smallscale FR941206-1-00134 1 40444
treatability FR941206-1-00134 2 40445 40537
study FR941206-1-00134 2 40446 40538
. FR941206-1-00134 138 40447 40481 40519 40521 40527 40581 40624 40709 40752 40754 40756 40789 40809 40811 40832 40894 40936 40952 40979 40998 41017 41069 41079 41115 41137 41174 41196 41242 41268 41319 41370 41398 41446 41493 41531 41578 41623 41641 41664 41689 41743 41760 41787 41828 41866 41921 41963 42022 42076 42097 42126 42145 42191 42216 42274 42309 42375 42413 42451 42473 42515 42543 42584 42632 42684 42702 42723 42751 42767 42794 42844 42871 42922 42968 43016 43054 43076 43103 43205 43210 43267 43316 43378 43401 43453 43525 43566 43584 43639 43663 43689 43734 43747 43776 43796 43824 43841 43873 43903 43929 43972 44003 44024 44044 44080 44104 44150 44230 44250 44276 44299 44320 44353 44399 44405 44414 44459 44485 44525 44563 44601 44626 44663 44681 44719 44753 44768 44809 44837 44879 44948 45100 45125 45141 45166 45187 45210 45243
the FR941206-1-00134 239 40448 40456 40461 40466 40486 40500 40505 40525 40529 40533 40536 40541 40555 40582 40586 40596 40615 40619 40625 40637 40643 40651 40668 40685 40694 40707 40717 40721 40725 40746 40749 40807 40817 40823 40844 40856 40897 40910 40916 40926 40938 40945 40956 40970 40976 41003 41015 41033 41057 41060 41099 41123 41146 41171 41175 41213 41255 41281 41303 41340 41432 41440 41450 41454 41482 41520 41525 41546 41555 41612 41628 41681 41696 41708 41717 41800 41813 41819 41839 41843 41875 41879 41886 41896 41904 41933 41947 41960 41969 41996 41999 42008 42011 42034 42041 42055 42058 42079 42138 42149 42198 42204 42210 42258 42282 42293 42315 42325 42359 42362 42404 42415 42446 42463 42516 42539 42552 42608 42613 42643 42646 42655 42660 42685 42807 42827 42836 42845 42852 42907 42914 42918 42933 42982 43021 43025 43030 43033 43043 43084 43105 43112 43115 43130 43151 43257 43366 43369 43386 43394 43403 43442 43456 43466 43475 43479 43484 43490 43494 43499 43536 43563 43571 43593 43598 43622 43636 43640 43656 43679 43682 43687 43698 43704 43744 43751 43758 43762 43770 43781 43785 43800 43878 43881 43885 43888 43915 43920 43927 43973 43993 44010 44022 44029 44035 44056 44141 44146 44152 44172 44194 44201 44216 44237 44260 44272 44289 44317 44330 44363 44370 44384 44450 44469 44473 44520 44532 44535 44557 44561 44618 44642 44651 44688 44710 44717 44738 44761 44843 44848 44919 44994 45029 45118 45132 45147 45155 45240 45244
concentration FR941206-1-00134 12 40449 40479 40671 41228 41575 41962 42125 42464 43519 43718 43942 44074
limits FR941206-1-00134 1 40450
are FR941206-1-00134 29 40451 41091 41106 41337 41438 41625 41649 41683 41693 41804 42032 42341 42719 42731 43014 43167 43832 43867 44434 44636 44665 44673 44731 44748 44755 44901 45057 45113 45222
also FR941206-1-00134 8 40452 40484 40768 41178 41583 42848 43214 45042
proposed FR941206-1-00134 12 40453 40489 40589 40711 40732 41049 41840 42808 43152 43404 43599 43644
based FR941206-1-00134 2 40454 44793
on FR941206-1-00134 15 40455 40796 40838 40944 41700 42859 43023 43368 43375 43561 43674 43992 44021 44128 44190
agency FR941206-1-00134 12 40457 40583 41147 41176 42199 42316 42363 42686 42846 43026 44195 45148
's FR941206-1-00134 13 40458 40965 41020 41767 41796 42060 42134 42317 44007 44012 44301 44327 44568
concern FR941206-1-00134 1 40459
with FR941206-1-00134 30 40460 40465 40595 40913 40923 41170 41611 41680 41765 41817 42089 42174 42265 42538 42566 42612 42774 43280 43402 43517 43553 43716 43869 43932 43940 43950 44072 44120 44397 44847
potential FR941206-1-00134 8 40462 40513 42733 43107 43457 44735 44844 45133
risks FR941206-1-00134 4 40463 44611 44736 44845
associated FR941206-1-00134 3 40464 41816 44846
distribution FR941206-1-00134 3 40467 43395 43505
in FR941206-1-00134 98 40468 40588 40640 40720 40723 40738 40759 40822 40878 40925 40937 40953 40975 41018 41075 41113 41135 41159 41219 41371 41389 41409 41447 41467 41472 41554 41609 41619 41627 41637 41678 41749 41798 41965 42004 42146 42177 42217 42327 42449 42474 42547 42757 42765 42944 42962 43020 43077 43164 43190 43195 43300 43302 43348 43354 43365 43396 43498 43506 43526 43570 43587 43621 43630 43635 43678 43690 43729 43757 43926 43988 44034 44107 44114 44185 44199 44277 44303 44350 44354 44468 44505 44596 44622 44679 44685 44697 44817 44828 44861 44872 44886 44980 45020 45028 45137 45219 45223
commerce FR941206-1-00134 6 40469 43301 43355 43397 43507 43631
( FR941206-1-00134 121 40470 40491 40545 40560 40565 40568 40574 40578 40591 40655 40672 40713 40841 40865 40881 40901 40905 40986 40990 41041 41045 41051 41066 41152 41285 41288 41291 41296 41299 41309 41322 41325 41346 41349 41358 41360 41363 41366 41380 41411 41414 41485 41500 41503 41506 41511 41514 41560 41702 41722 41978 42015 42185 42331 42346 42520 42523 42526 42572 42574 42577 42580 42618 42620 42623 42626 42629 42639 42832 42841 42881 42889 42891 42894 42897 42909 42987 42990 43135 43138 43183 43201 43221 43224 43307 43309 43312 43320 43323 43345 43356 43409 43412 43415 43512 43538 43711 43857 43935 44041 44067 44093 44098 44101 44131 44134 44175 44220 44376 44379 44423 44874 44895 44926 44951 44997 45016 45037 45063 45175 45201
without FR941206-1-00134 3 40471 44315 44705
manifest FR941206-1-00134 1 40473
) FR941206-1-00134 119 40474 40493 40547 40562 40567 40570 40576 40580 40593 40666 40681 40715 40853 40869 40893 40903 40907 40988 40992 41043 41047 41053 41068 41154 41287 41290 41293 41298 41301 41311 41324 41327 41348 41351 41362 41365 41368 41369 41382 41413 41416 41492 41502 41505 41508 41513 41516 41562 41706 41740 41985 42021 42190 42335 42351 42522 42525 42528 42576 42579 42582 42583 42622 42625 42628 42631 42664 42834 42843 42893 42896 42899 42900 42912 42989 42992 43137 43140 43188 43209 43223 43226 43311 43314 43315 43322 43325 43350 43360 43411 43414 43417 43516 43549 43715 43866 43939 44043 44071 44095 44100 44103 44133 44136 44177 44226 44378 44381 44425 44878 44897 44949 44953 44999 45018 45039 45065 45188 45209
and FR941206-1-00134 84 40475 40502 40509 40523 40610 40614 40815 40850 40854 40871 40904 40972 40989 40995 41013 41044 41094 41142 41260 41264 41294 41317 41378 41387 41429 41436 41444 41471 41509 41527 41542 41673 41737 41810 41835 41911 42252 42657 42718 42748 42822 42835 42993 43049 43060 43111 43114 43160 43335 43338 43431 43434 43471 43489 43546 43550 43684 43743 43753 43813 44311 44443 44498 44587 44608 44668 44716 44740 44834 44903 44909 44912 44972 44992 45001 45007 45011 45051 45062 45092 45107 45162 45225 45230
handling FR941206-1-00134 1 40476
of FR941206-1-00134 140 40477 40504 40516 40543 40558 40599 40658 40664 40678 40702 40748 40886 40918 40931 41096 41101 41139 41180 41215 41271 41276 41305 41307 41439 41529 41710 41719 41747 41831 41845 41949 41972 41998 42030 42045 42049 42057 42100 42141 42152 42285 42295 42329 42357 42417 42455 42471 42491 42605 42607 42645 42692 42709 42726 42729 42867 42886 42917 43009 43035 43048 43101 43158 43206 43233 43270 43282 43385 43398 43425 43444 43474 43486 43493 43508 43520 43556 43607 43618 43651 43658 43661 43681 43706 43708 43719 43769 43787 43804 43838 43884 43890 43943 43962 43983 43999 44054 44058 44061 44063 44075 44163 44207 44218 44247 44325 44332 44365 44391 44408 44445 44475 44493 44547 44584 44592 44612 44644 44653 44660 44712 44714 44725 44765 44782 44789 44814 44852 44884 44923 44959 44962 44970 44987 45032 45068 45169 45195 45215 45238
high FR941206-1-00134 2 40478 43337
epa FR941206-1-00134 54 40482 40773 40783 40797 40941 40964 41023 41082 41118 41208 41494 41532 41568 41581 41766 41778 41795 41989 42023 42133 42379 42424 42477 43004 43017 43125 43213 43362 43419 43462 43529 43567 43610 43667 43694 43797 43827 43875 43897 43906 44045 44083 44125 44282 44300 44326 44358 44415 44488 44567 44628 44722 44838 45102
is FR941206-1-00134 55 40483 40551 40731 40792 41119 41148 41177 41209 41229 41495 41617 41755 41869 41924 41990 42054 42200 42233 42246 42425 42448 42478 42677 42687 42847 42977 43045 43050 43126 43254 43463 43595 43611 43647 43668 43816 43907 44084 44285 44307 44464 44516 44528 44537 44620 44629 44723 44831 44839 44859 44892 44916 45123 45143 45149
limiting FR941206-1-00134 3 40485 44692 45154
approvals FR941206-1-00134 1 40487
under FR941206-1-00134 15 40488 40528 40710 41048 41064 41644 42682 42806 42950 42981 43150 43274 43318 44178 44531
761.60 FR941206-1-00134 13 40490 40544 40559 40564 40590 40712 41284 41499 42840 42890 42986 43134 43220
j FR941206-1-00134 4 40492 40546 40592 40714
one FR941206-1-00134 4 40495 41012 41774 43842
calendar FR941206-1-00134 1 40496
year FR941206-1-00134 2 40497 44448
evaluate FR941206-1-00134 1 40499
progress FR941206-1-00134 1 40501
scope FR941206-1-00134 1 40503
r FR941206-1-00134 5 40506 40644 40726 40761 40802
& FR941206-1-00134 5 40507 40645 40727 40762 40803
d FR941206-1-00134 6 40508 40646 40728 40763 41052 42630
plan FR941206-1-00134 2 40511 41383
for FR941206-1-00134 74 40512 40621 40764 40806 40848 40948 40963 41036 41059 41126 41274 41314 41391 41399 41460 41524 41716 42098 42132 42303 42489 42532 42544 42551 42680 42878 42942 42979 43032 43095 43122 43141 43230 43292 43458 43503 43735 43821 43958 43964 44215 44235 44412 44436 44483 44507 44544 44598 44624 44647 44650 44657 44694 44728 44751 44759 44763 44772 44819 44850 44863 44890 44905 44913 44918 44939 44966 44982 44984 45054 45077 45120 45158 45160
formal FR941206-1-00134 3 40514 40622 40690
permitting FR941206-1-00134 4 40515 40522 40556 40623
successful FR941206-1-00134 1 40517
technologies FR941206-1-00134 1 40518
4 FR941206-1-00134 6 40520 42991 43139 43225 44223 45017
exceeding FR941206-1-00134 1 40524
limitations FR941206-1-00134 1 40526
proposal FR941206-1-00134 4 40530 41021 43692 43974
, FR941206-1-00134 191 40531 40548 40563 40571 40630 40633 40635 40682 40716 40776 40843 40860 40867 40870 40883 40940 40958 41005 41009 41022 41054 41081 41103 41117 41145 41207 41257 41259 41263 41280 41352 41373 41403 41420 41435 41449 41465 41470 41478 41580 41598 41615 41618 41636 41643 41666 41669 41672 41691 41701 41724 41728 41730 41732 41734 41736 41742 41745 41759 41773 41789 41988 42019 42020 42078 42102 42113 42128 42148 42164 42197 42219 42243 42277 42290 42302 42305 42361 42423 42434 42444 42453 42476 42546 42556 42571 42641 42666 42672 42735 42738 42741 42744 42747 42776 42778 42786 42805 42883 42931 42938 42952 42961 42999 43079 43124 43169 43171 43189 43212 43239 43246 43277 43287 43290 43291 43326 43334 43358 43361 43380 43418 43428 43437 43461 43468 43470 43483 43488 43528 43540 43543 43545 43586 43609 43632 43666 43693 43737 43765 43826 43859 43862 43887 43905 43979 43995 44009 44082 44124 44166 44193 44208 44211 44224 44252 44266 44281 44322 44343 44357 44461 44487 44586 44593 44631 44633 44721 44771 44774 44787 44855 44876 44928 44943 44946 44965 44968 45083 45111 45115 45129 45136 45171 45177 45179 45182 45185 45189 45203 45232
laboratory FR941206-1-00134 1 40534
conducting FR941206-1-00134 2 40535 40760
conforms FR941206-1-00134 1 40539
criteria FR941206-1-00134 2 40542 40587
then FR941206-1-00134 2 40549 42673
it FR941206-1-00134 15 40550 41246 42178 42245 42399 42634 43603 44284 44453 44515 44564 44858 44865 44870 45142
not FR941206-1-00134 39 40552 40649 41073 41092 41107 41186 41192 41265 41480 41592 41676 41684 41756 41936 41943 41956 42426 42437 42479 42636 42678 42715 42720 42801 43051 43071 43234 43696 43773 43810 43853 43895 43948 44566 44577 44800 45058 45080 45227
subject FR941206-1-00134 3 40553 41594 42825
requirements FR941206-1-00134 20 40557 40864 40912 41058 41125 41262 41357 41523 41551 41827 42044 42829 42838 42854 42874 43132 44038 44154 44403 44911
e FR941206-1-00134 5 40561 40906 40991 41046 41067
i FR941206-1-00134 2 40566 41367
2 FR941206-1-00134 7 40569 41289 41504 42895 43413 44102 44952
or FR941206-1-00134 59 40572 40577 40628 40660 40667 40675 40706 40934 41010 41164 41239 41653 41864 41888 41903 41919 41953 42062 42095 42122 42241 42272 42411 42513 42695 42706 42779 42787 42863 42901 42913 42926 42935 42953 43172 43180 43194 43285 43523 43624 43722 43802 43863 43946 43969 44078 44161 44227 44245 44389 44430 44551 44827 45023 45048 45130 45193 45199 45206
761.70 FR941206-1-00134 1 40573
b FR941206-1-00134 10 40579 40902 40987 41042 41286 41501 42892 42988 43136 43222
feels FR941206-1-00134 1 40584
coupled FR941206-1-00134 1 40594
applicable FR941206-1-00134 2 40597 43554
provisions FR941206-1-00134 5 40598 40840 40874 41997 42542
osha FR941206-1-00134 2 40600 41356
regulations FR941206-1-00134 16 40601 40857 40898 40978 41282 41452 41559 41597 41614 41646 41821 42517 42984 43031 44416 44470
at FR941206-1-00134 35 40602 40740 40899 40929 41039 41098 41150 41283 41344 41488 41563 41571 41632 41849 41916 41986 42156 42238 42261 42269 42408 42510 42518 42593 42830 42839 42985 43133 43407 44039 44180 44296 44374 44419 44553
29 FR941206-1-00134 1 40603
cfr FR941206-1-00134 5 40604 41565 41634 44182 44421
part FR941206-1-00134 4 40605 41599 43557 44183
1910 FR941206-1-00134 1 40606
provide FR941206-1-00134 7 40607 41423 41806 42381 44117 44213 44309
adequate FR941206-1-00134 1 40608
oversight FR941206-1-00134 1 40609
protection FR941206-1-00134 3 40611 41426 44713
health FR941206-1-00134 4 40613 40705 44715 44741
environment FR941206-1-00134 5 40616 40708 43113 44718 44739
forego FR941206-1-00134 1 40618
regional FR941206-1-00134 3 40626 40718 44273
administrator FR941206-1-00134 2 40627 40719
director FR941206-1-00134 1 40629
cmd FR941206-1-00134 1 40631
however FR941206-1-00134 9 40634 41642 41788 42289 43585 43825 44251 44460 44632
have FR941206-1-00134 18 40636 40734 40781 41937 42025 42086 42298 42419 42563 42590 42716 42802 42814 44017 44501 44777 45096 45235
authority FR941206-1-00134 1 40638
even FR941206-1-00134 2 40639 40777
cases FR941206-1-00134 3 40641 41469 45221
where FR941206-1-00134 5 40642 40827 40858 44495 45117
activity FR941206-1-00134 5 40647 40696 40730 40751 44604
exceed FR941206-1-00134 1 40650
maximum FR941206-1-00134 2 40652 40669
allowable FR941206-1-00134 2 40653 40670
volume FR941206-1-00134 2 40654 44346
500 FR941206-1-00134 12 40656 40889 41237 41861 41917 42092 42239 42270 42409 42501 42511 42596
gallons FR941206-1-00134 1 40657
liquid FR941206-1-00134 4 40659 40927 41329 43251
70 FR941206-1-00134 1 40661
cubic FR941206-1-00134 1 40662
feet FR941206-1-00134 2 40663 42764
solid FR941206-1-00134 2 40665 42965
1 FR941206-1-00134 14 40676 42524 42578 42624 43313 43324 44135 44159 44243 44380 44387 44404 44447 44896
kg FR941206-1-00134 1 40677
pure FR941206-1-00134 4 40679 44164 44248 44392
pcb FR941206-1-00134 65 40680 40765 40891 41062 41157 41162 41165 41183 41227 41277 41315 41330 41401 41720 41801 41820 41833 41847 41854 41871 41882 41899 41929 41961 42009 42012 42075 42124 42143 42558 42585 42675 42820 43262 43278 43329 43426 43430 43510 43541 43626 43709 43807 43855 43922 43933 44065 44203 44262 44347 44401 44409 44428 44431 44478 44496 44572 44645 44670 44745 44766 44899 44974 45034 45216
require FR941206-1-00134 9 40684 41453 41603 42438 43614 43671 43697 43976 45004
requestor FR941206-1-00134 1 40686
submit FR941206-1-00134 2 40688 40772
permit FR941206-1-00134 1 40691
application FR941206-1-00134 1 40692
if FR941206-1-00134 10 40693 41421 41873 41931 42244 42633 42954 44676 44869 45066
disposal FR941206-1-00134 32 40695 40729 40750 40766 40851 40879 41143 41267 41318 42043 42374 42443 42467 42837 42853 42873 42943 42957 42980 43010 43034 43131 43162 43199 43266 43424 43460 43653 43837 43902 44437 44607
could FR941206-1-00134 12 40697 42067 42179 42789 42856 42875 42902 42939 43119 44522 44576 45079
present FR941206-1-00134 1 40698
an FR941206-1-00134 13 40699 41791 42047 42051 42247 42945 43006 43191 43900 43984 44051 44778 44795
unreasonable FR941206-1-00134 1 40700
risk FR941206-1-00134 1 40701
injury FR941206-1-00134 1 40703
region FR941206-1-00134 1 40722
which FR941206-1-00134 17 40724 41466 41803 42158 42227 42435 43227 43478 43676 44640 44672 44729 44747 44887 44914 45056 45146
be FR941206-1-00134 71 40736 40769 40830 40993 41110 41168 41202 41233 41333 41385 41396 41418 41458 41481 41593 41607 41657 41687 41927 42068 42180 42183 42222 42344 42370 42600 42637 42772 42790 42816 42819 42824 42857 42903 42940 42995 43120 43242 43298 43352 43373 43390 43496 43559 43578 43633 43774 43793 43811 43850 43924 44019 44032 44050 44138 44336 44395 44439 44481 44523 44578 44590 44801 44822 44866 45043 45081 45090 45098 45228 45247
informed FR941206-1-00134 1 40737
writing FR941206-1-00134 1 40739
least FR941206-1-00134 1 40741
30 FR941206-1-00134 2 40742 42603
days FR941206-1-00134 2 40743 42604
prior FR941206-1-00134 6 40744 42372 42441 42465 43264 44989
commencement FR941206-1-00134 1 40747
5 FR941206-1-00134 3 40753 41727 45038
notification FR941206-1-00134 2 40755 40808
individuals FR941206-1-00134 1 40757
engaged FR941206-1-00134 1 40758
required FR941206-1-00134 4 40770 41108 42561 42614
form FR941206-1-00134 4 40774 40798 43008 44938
771053 FR941206-1-00134 2 40775 40799
though FR941206-1-00134 1 40778
they FR941206-1-00134 9 40779 41105 41189 41354 41422 41437 42788 42812 44677
may FR941206-1-00134 15 40780 40829 41417 41479 41591 42085 42994 43297 43351 44222 44480 45026 45041 45226 45246
notified FR941206-1-00134 1 40782
as FR941206-1-00134 27 40784 40801 40825 41424 41431 41698 42074 42106 42920 43005 43058 43249 43252 43332 43346 43664 43748 43750 43761 43967 43981 43996 44540 44655 44675 44824 44868
`` FR941206-1-00134 17 40786 41216 41853 41973 42000 42035 42103 42160 42206 42212 42230 42791 44344 44504 44541 44599 44621
permitted FR941206-1-00134 2 40787 43168
disposer FR941206-1-00134 1 40788
'' FR941206-1-00134 17 40790 41218 41964 41977 42003 42038 42105 42165 42208 42215 42275 42793 44349 44509 44543 44602 44627
there FR941206-1-00134 7 40791 43815 44462 44635 44754 45040 45112
new FR941206-1-00134 6 40794 40873 41547 43564 44142 44702
category FR941206-1-00134 1 40795
designated FR941206-1-00134 3 40800 41715 44411
d/treatability FR941206-1-00134 1 40804
included FR941206-1-00134 6 40805 41001 43634 43728 43925 44033
iii FR941206-1-00134 2 40810 41663
other FR941206-1-00134 13 40812 40999 41016 42063 42117 42696 42707 42864 43294 43625 44121 44726 45164
regulatory FR941206-1-00134 2 40813 40950
changes FR941206-1-00134 6 40814 40828 44169 44270 45019 45085
clarifications FR941206-1-00134 1 40816
following FR941206-1-00134 1 40818
issues FR941206-1-00134 2 40819 44295
were FR941206-1-00134 11 40820 41185 41190 42560 43067 43070 43093 43382 43755 44678 44871
identified FR941206-1-00134 2 40821 41093
anprm FR941206-1-00134 8 40824 40939 40957 43022 43367 43572 43782 44689
items FR941206-1-00134 11 40826 41063 43279 43330 43400 43427 43446 43710 43808 43856 43934
appropriate FR941206-1-00134 3 40831 40859 44052
these FR941206-1-00134 19 40833 41140 41392 41604 41750 42368 42703 42752 42796 42860 43376 43399 44279 44294 44664 44978 45104 45144 45233
revisions FR941206-1-00134 1 40834
include FR941206-1-00134 5 40835 41132 42301 42906 43880
providing FR941206-1-00134 1 40836
clarification FR941206-1-00134 3 40837 42101 42312
certain FR941206-1-00134 4 40839 43012 44954 45167
eg FR941206-1-00134 10 40842 40866 40882 42640 42882 43357 43539 43858 45176 45202
1year FR941206-1-00134 1 40845
time FR941206-1-00134 10 40846 41100 41823 42263 42292 44298 44476 44513 44797 45156
limit FR941206-1-00134 2 40847 44798
storage FR941206-1-00134 25 40849 40885 41275 41316 41526 41718 44402 44407 44442 44458 44506 44527 44597 44623 44643 44693 44762 44818 44849 44862 44889 44981 45031 45119 45159
requirement FR941206-1-00134 15 40852 41035 43370 43387 43406 43576 43601 43638 43646 43848 44031 44089 44144 44275 44368
amending FR941206-1-00134 4 40855 41799 42358 43029
eliminating FR941206-1-00134 1 40861
seemingly FR941206-1-00134 1 40862
duplicative FR941206-1-00134 1 40863
marking FR941206-1-00134 8 40868 40896 40917 40977 41034 41124 41256 43978
creating FR941206-1-00134 1 40872
promote FR941206-1-00134 1 40876
efficiency FR941206-1-00134 1 40877
operations FR941206-1-00134 3 40880 44942 45003
temporary FR941206-1-00134 1 40884
greater FR941206-1-00134 15 40887 40935 41240 41865 41920 42096 42242 42273 42412 42514 43286 43524 43723 43947 44079
liquids FR941206-1-00134 1 40892
a. FR941206-1-00134 1 40895
761.40 FR941206-1-00134 4 40900 40985 41040 41151
essentially FR941206-1-00134 1 40908
express FR941206-1-00134 1 40909
same FR941206-1-00134 3 40911 41441 43759
regard FR941206-1-00134 1 40914
transport FR941206-1-00134 2 40919 41037
vehicles FR941206-1-00134 2 40920 41038
when FR941206-1-00134 8 40921 41474 42319 42398 43011 43724 44452 44514
loaded FR941206-1-00134 1 40922
phase FR941206-1-00134 1 40928
concentrations FR941206-1-00134 2 40930 43281
50 FR941206-1-00134 9 40932 42186 42347 43283 43343 43521 43720 43944 44076
solicited FR941206-1-00134 3 40942 43018 44126
comments FR941206-1-00134 6 40943 42850 43019 44127 44189 44683
best FR941206-1-00134 2 40946 41483
remedy FR941206-1-00134 1 40947
this FR941206-1-00134 32 40949 41027 41070 41243 41251 41983 41994 42005 42195 42225 42311 42320 42667 42727 43148 43207 43574 43643 43691 44001 44048 44088 44191 44297 44305 44351 44355 44526 44603 44790 44853 45126
duplication FR941206-1-00134 3 40951 40974 41028
response FR941206-1-00134 8 40954 42568 42616 42662 44148 44239 44372 44686
commenters FR941206-1-00134 12 40959 40981 41763 42129 42353 43075 43081 43381 43779 44026 44231 44880
expressed FR941206-1-00134 2 40960 42130
general FR941206-1-00134 3 40961 43153 44233
support FR941206-1-00134 3 40962 42131 44234
overall FR941206-1-00134 1 40966
objective FR941206-1-00134 3 40967 44198 44302
clarify FR941206-1-00134 6 40969 41198 41222 41968 42137 42194
language FR941206-1-00134 3 40971 42220 43218
eliminate FR941206-1-00134 3 40973 41026 41535
several FR941206-1-00134 4 40980 42760 42763 44025
suggested FR941206-1-00134 6 40982 41776 42354 43783 44254 44690
both FR941206-1-00134 3 40984 41007 44832
deleted FR941206-1-00134 1 40994
totally FR941206-1-00134 6 40996 43271 43304 43327 43788 43805
rewritten FR941206-1-00134 1 40997
suggestions FR941206-1-00134 1 41000
combining FR941206-1-00134 2 41002 41030
paragraphs FR941206-1-00134 1 41004
rewriting FR941206-1-00134 1 41006
subsections FR941206-1-00134 1 41008
deleting FR941206-1-00134 1 41011
updating FR941206-1-00134 2 41014 41818
today FR941206-1-00134 1 41019
proposes FR941206-1-00134 5 41024 41533 43215 43876 44359
by FR941206-1-00134 19 41029 41517 41651 41785 42570 42642 42659 43003 43074 43146 43174 43438 43447 44090 44258 44338 44382 45153 45172
references FR941206-1-00134 1 41031
paragraph FR941206-1-00134 3 41050 41065 44092
thus FR941206-1-00134 1 41055
leaving FR941206-1-00134 1 41056
remaining FR941206-1-00134 1 41061
amendment FR941206-1-00134 3 41071 41841 42809
result FR941206-1-00134 4 41074 43677 45027 45135
any FR941206-1-00134 12 41076 41857 41891 42175 42262 43504 43616 43910 43930 44427 44706 44806
substantive FR941206-1-00134 1 41077
change FR941206-1-00134 5 41078 42429 44106 44288 44361
further FR941206-1-00134 6 41080 41744 42193 43260 44323 44486
has FR941206-1-00134 8 41083 41890 41908 42166 42669 43451 44489 45131
determined FR941206-1-00134 2 41084 42402
large FR941206-1-00134 8 41086 41127 41166 43336 43435 43864 44345 45213
low FR941206-1-00134 4 41087 41128 43106 43339
voltage FR941206-1-00134 4 41088 41129 42745 43340
capacitors FR941206-1-00134 15 41089 41130 41167 41184 41200 42880 43341 43436 43515 43685 43714 43754 43865 43938 44070
often FR941206-1-00134 2 41090 44976
disposed FR941206-1-00134 4 41095 43047 44444 44591
properly FR941206-1-00134 2 41097 43046
removal FR941206-1-00134 3 41102 42056 43680
because FR941206-1-00134 4 41104 41138 41188 43602
marked FR941206-1-00134 4 41111 41169 41187 43868
while FR941206-1-00134 6 41112 42414 42445 43317 44267 44617
use FR941206-1-00134 14 41114 41136 41160 41258 41304 42450 42490 42540 42554 42681 42828 44703 44873 44908
therefore FR941206-1-00134 5 41116 41579 43904 44081 44588
proposing FR941206-1-00134 14 41120 41149 41210 41496 41991 42201 42427 42480 43127 43464 43612 43908 44085 44840
strengthen FR941206-1-00134 1 41122
those FR941206-1-00134 6 41133 41407 41645 42877 43439 43960
still FR941206-1-00134 3 41134 41602 43817
identification FR941206-1-00134 5 41141 43912 43952 44008 44014
concerns FR941206-1-00134 1 41144
k FR941206-1-00134 1 41153
all FR941206-1-00134 6 41156 41536 41782 42557 43854 44960
equipment FR941206-1-00134 43 41158 41838 41976 42155 42163 42393 42397 42447 42457 42698 42712 42730 42870 42919 42930 42976 43039 43044 43091 43145 43149 43240 43258 43537 43791 43823 43840 43886 43963 43994 44002 44521 44536 44619 44646 44791 44816 44854 44964 45094 45217 45241 45245
containing FR941206-1-00134 4 41161 42091 42267 42458
transformers FR941206-1-00134 36 41163 42031 42280 42287 42297 42308 42340 42440 42495 42535 42559 42586 42694 42705 42734 42737 42740 42743 42746 42750 42754 42770 42798 42821 42862 42925 42972 43333 43433 43683 43752 43861 44497 44500 44770 44975
mark FR941206-1-00134 1 41172
ml FR941206-1-00134 1 41173
aware FR941206-1-00134 4 41179 44492 44630 44724
reports FR941206-1-00134 1 41181
assumed FR941206-1-00134 11 41191 41203 41234 41925 42181 42234 42342 42389 42496 42588 42817
contain FR941206-1-00134 8 41194 41205 41236 41914 42236 42498 42508 42784
what FR941206-1-00134 1 41199
must FR941206-1-00134 5 41201 41232 41384 42599 44956
amend FR941206-1-00134 2 41212 41498
definition FR941206-1-00134 11 41214 41830 41844 41984 41995 42140 42151 42196 42226 42321 42360
capacitor FR941206-1-00134 2 41217 41225
761.3 FR941206-1-00134 6 41220 41850 41987 42157 42811 43349
whose FR941206-1-00134 1 41226
unknown FR941206-1-00134 1 41230
generally FR941206-1-00134 5 41231 42127 42713 42799 43379
should FR941206-1-00134 12 41244 42364 42380 42460 43027 43241 43792 43809 43894 43954 44137 44589
make FR941206-1-00134 1 41245
evident FR941206-1-00134 1 41247
readers FR941206-1-00134 2 41249 41692
rule FR941206-1-00134 5 41252 42002 42014 42037 44356
applies FR941206-1-00134 1 41253
recordkeeping FR941206-1-00134 8 41261 43405 43575 43600 43637 43645 43847 44030
just FR941206-1-00134 1 41266
b. FR941206-1-00134 1 41269
department FR941206-1-00134 2 41270 41306
transportation FR941206-1-00134 4 41272 41308 41528 41746
containers FR941206-1-00134 13 41273 41313 41335 41342 41394 41404 41434 41457 41622 41739 41754 41783 44432
waste FR941206-1-00134 10 41278 41331 41402 41477 41491 41671 41675 41721 42948 42966
currently FR941206-1-00134 3 41279 42529 44463
vi FR941206-1-00134 3 41292 41507 42581
761.65 FR941206-1-00134 7 41295 41321 41345 41359 41410 41510 44422
c FR941206-1-00134 8 41297 41323 41347 41361 41412 41512 43310 43321
6 FR941206-1-00134 5 41300 41350 41415 41515 45064
specify FR941206-1-00134 1 41302
dot FR941206-1-00134 16 41310 41341 41433 41521 41549 41556 41577 41596 41613 41620 41711 41725 41752 41772 41786 41824
specification FR941206-1-00134 4 41312 41712 41726 41753
section FR941206-1-00134 1 41320
7 FR941206-1-00134 2 41326 41364
allows FR941206-1-00134 1 41328
storedin FR941206-1-00134 1 41334
larger FR941206-1-00134 4 41338 41393 41405 45191
specified FR941206-1-00134 2 41343 41408
provided FR941206-1-00134 2 41353 44881
meet FR941206-1-00134 1 41355
addition FR941206-1-00134 6 41372 42147 42218 42475 43527 44186
spill FR941206-1-00134 4 41375 44111 44204 44263
prevention FR941206-1-00134 1 41376
control FR941206-1-00134 2 41377 45152
countermeasure FR941206-1-00134 1 41379
spcc FR941206-1-00134 1 41381
prepared FR941206-1-00134 1 41386
implemented FR941206-1-00134 1 41388
order FR941206-1-00134 4 41390 41966 42548 43588
used FR941206-1-00134 8 41397 41419 41459 42069 42107 42652 43094 44823
nond FR941206-1-00134 1 41400
much FR941206-1-00134 3 41425 41573 43250
against FR941206-1-00134 2 41427 43155
leaks FR941206-1-00134 1 41428
exposure FR941206-1-00134 4 41430 43108 44614 44743
relative FR941206-1-00134 1 41442
strength FR941206-1-00134 1 41443
durability FR941206-1-00134 1 41445
short FR941206-1-00134 1 41448
current FR941206-1-00134 7 41451 41970 42150 42553 42736 43275 44290
most FR941206-1-00134 4 41455 41468 41762 43080
durable FR941206-1-00134 1 41456
storing FR941206-1-00134 2 41461 41475
and/or FR941206-1-00134 2 41462 42116
transporting FR941206-1-00134 1 41463
particular FR941206-1-00134 2 41473 43078
pcb/radioactive FR941206-1-00134 2 41476 41665
alternative FR941206-1-00134 1 41484
see FR941206-1-00134 2 41486 43202
discussion FR941206-1-00134 2 41487 44324
unit FR941206-1-00134 4 41489 43203 44341 44562
iic_pcb/radioactive FR941206-1-00134 1 41490
deferring FR941206-1-00134 1 41518
container FR941206-1-00134 3 41522 41540 41550
citations FR941206-1-00134 1 41537
specific FR941206-1-00134 4 41539 43921 44907 44940
type FR941206-1-00134 3 41541 41948 42728
cross FR941206-1-00134 1 41544
reference FR941206-1-00134 1 41545
performancebased FR941206-1-00134 1 41548
set FR941206-1-00134 1 41552
forth FR941206-1-00134 1 41553
hazardous FR941206-1-00134 2 41557 41629
material FR941206-1-00134 3 41558 41590 41668
hmr FR941206-1-00134 3 41561 41682 41697
49 FR941206-1-00134 2 41564 41633
parts FR941206-1-00134 2 41566 45053
171180. FR941206-1-00134 1 41567
regulates FR941206-1-00134 1 41569
lower FR941206-1-00134 1 41574
like FR941206-1-00134 1 41584
emphasize FR941206-1-00134 1 41586
although FR941206-1-00134 4 41588 41761 43874 45101
some FR941206-1-00134 9 41589 42028 42352 42724 43956 44253 44554 44898 45033
761 FR941206-1-00134 2 41600 43558
materials FR941206-1-00134 2 41605 41630
packaged FR941206-1-00134 3 41608 41658 41677
accordance FR941206-1-00134 2 41610 41679
authorized FR941206-1-00134 5 41621 41757 41784 42679 42941
shown FR941206-1-00134 1 41626
table FR941206-1-00134 1 41631
172.101 FR941206-1-00134 1 41635
packing FR941206-1-00134 2 41638 41661
group FR941206-1-00134 2 41639 41662
ii FR941206-1-00134 2 41640 42898
transported FR941206-1-00134 2 41650 41688
highway FR941206-1-00134 1 41652
rail FR941206-1-00134 1 41654
only FR941206-1-00134 3 41656 43163 44362
pursuant FR941206-1-00134 2 41659 43580
pcb/fissionable FR941206-1-00134 1 41667
pcb/mixed FR941206-1-00134 1 41670
pcb/hazardous FR941206-1-00134 1 41674
allowed FR941206-1-00134 3 41685 43243 45157
additionally FR941206-1-00134 2 41690 42077
advised FR941206-1-00134 1 41694
amended FR941206-1-00134 1 41699
55 FR941206-1-00134 1 41703
fr FR941206-1-00134 3 41704 42017 42333
52402 FR941206-1-00134 1 41705
prohibits FR941206-1-00134 1 41707
construction FR941206-1-00134 1 41709
packaging FR941206-1-00134 1 41713
previously FR941206-1-00134 1 41714
ie FR941206-1-00134 4 41723 44210 44875 44927
5b FR941206-1-00134 1 41729
6d FR941206-1-00134 1 41731
17c FR941206-1-00134 1 41733
17e FR941206-1-00134 1 41735
17h FR941206-1-00134 1 41738
effective FR941206-1-00134 1 41741
outdated FR941206-1-00134 1 41751
beyond FR941206-1-00134 2 41758 44511
agreed FR941206-1-00134 1 41764
decision FR941206-1-00134 1 41768
defer FR941206-1-00134 1 41770
commenter FR941206-1-00134 2 41775 43843
continue FR941206-1-00134 1 41779
list FR941206-1-00134 1 41781
such FR941206-1-00134 14 41790 42050 42534 42768 42923 43057 43331 43445 43665 43822 43839 43966 43980 44811
approach FR941206-1-00134 1 41792
defeat FR941206-1-00134 1 41794
objectives FR941206-1-00134 1 41797
rules FR941206-1-00134 2 41802 43276
flexibility FR941206-1-00134 3 41807 44310 45010
industry FR941206-1-00134 1 41809
minimize FR941206-1-00134 4 41812 43455 44734 44842
resource FR941206-1-00134 1 41814
burden FR941206-1-00134 1 41815
each FR941206-1-00134 1 41822
modifies FR941206-1-00134 1 41825
its FR941206-1-00134 4 41826 42430 43551 44197
c. FR941206-1-00134 1 41829
transformer FR941206-1-00134 25 41834 41848 41855 41858 41868 41872 41880 41897 41905 41923 41930 41934 41981 42073 42084 42144 42173 42232 42251 42259 42405 42656 42676 43623 44995
pcbcontaminated FR941206-1-00134 15 41836 41974 41980 42153 42184 42345 42395 42971 42974 43037 43089 43143 43432 43860 44499
electrical FR941206-1-00134 21 41837 41975 42154 42162 42392 42396 42456 42697 42711 42869 42929 42975 43038 43090 43144 43790 44549 44661 44815 44933 45046
provides FR941206-1-00134 1 41851
: FR941206-1-00134 5 41852 41874 41932 42732 44894
means FR941206-1-00134 2 41856 43998
nameplate FR941206-1-00134 4 41876 41939 42061 42804
indicates FR941206-1-00134 1 41877
dielectric FR941206-1-00134 5 41883 41900 41906 41950 42887
fluid FR941206-1-00134 7 41884 41901 41907 41951 42090 42266 42888
; FR941206-1-00134 12 41885 41902 41940 41952 42288 43342 44209 44950 44996 45015 45036 45061
owner FR941206-1-00134 3 41887 43565 44558
operator FR941206-1-00134 1 41889
reason FR941206-1-00134 1 41892
believe FR941206-1-00134 2 41894 42256
been FR941206-1-00134 8 41909 42087 42167 42564 42591 44490 44502 45073
tested FR941206-1-00134 2 41910 42371
found FR941206-1-00134 3 41912 42506 44337
does FR941206-1-00134 2 41935 42436
records FR941206-1-00134 11 41941 41954 42104 42112 43372 43389 43548 43879 43928 44023 44057
do FR941206-1-00134 4 41942 41955 42714 42800
exist FR941206-1-00134 3 41944 41957 42254
indicate FR941206-1-00134 3 41946 41959 42121
definitions FR941206-1-00134 1 41971
specifically FR941206-1-00134 2 41979 44417
within FR941206-1-00134 3 41982 42602 44446
incorporate FR941206-1-00134 1 41992
into FR941206-1-00134 4 41993 42536 44457 45109
assumption FR941206-1-00134 2 42001 42036
preamble FR941206-1-00134 2 42006 43208
ban FR941206-1-00134 2 42013 43154
44 FR941206-1-00134 1 42016
31517 FR941206-1-00134 1 42018
inspectors FR941206-1-00134 1 42024
suspected FR941206-1-00134 1 42026
owners FR941206-1-00134 5 42029 42387 42454 44969 45198
abusing FR941206-1-00134 1 42033
avoid FR941206-1-00134 3 42040 42469 43590
stricter FR941206-1-00134 2 42042 43061
761.60. FR941206-1-00134 1 42046
example FR941206-1-00134 6 42048 42304 42545 43736 44773 44967
avoidance FR941206-1-00134 1 42052
technique FR941206-1-00134 1 42053
manufacturer FR941206-1-00134 3 42059 43951 44006
identifying FR941206-1-00134 5 42064 43491 43959 43986 44000
information FR941206-1-00134 5 42065 42689 43086 43533 43673
classify FR941206-1-00134 1 42071
possibility FR941206-1-00134 1 42080
exists FR941206-1-00134 1 42081
serviced FR941206-1-00134 2 42088 42264
purposes FR941206-1-00134 2 42099 43293
above FR941206-1-00134 1 42108
refers FR941206-1-00134 1 42109
servicing FR941206-1-00134 2 42111 43544
manufacturers FR941206-1-00134 1 42114
certifications FR941206-1-00134 1 42115
data FR941206-1-00134 1 42118
impact FR941206-1-00134 1 42123
effort FR941206-1-00134 1 42135
existing FR941206-1-00134 4 42139 42983 44318 44548
includes FR941206-1-00134 1 42159
oilfilled FR941206-1-00134 2 42161 42391
misinterpreted FR941206-1-00134 1 42168
mean FR941206-1-00134 1 42170
oil FR941206-1-00134 7 42176 42213 42250 42279 42338 42494 42775
499 FR941206-1-00134 2 42188 42349
add FR941206-1-00134 2 42203 43217
word FR941206-1-00134 1 42205
mineral FR941206-1-00134 5 42207 42249 42278 42337 42493
before FR941206-1-00134 2 42209 43289
words FR941206-1-00134 1 42211
filled FR941206-1-00134 4 42214 42307 42339 42773
added FR941206-1-00134 2 42223 42323
states FR941206-1-00134 2 42228 43228
untested FR941206-1-00134 1 42248
reasons FR941206-1-00134 2 42253 44758
was FR941206-1-00134 9 42260 42322 42394 42400 42958 43481 43727 44454 44565
historically FR941206-1-00134 1 42276
encompassed FR941206-1-00134 1 42281
vast FR941206-1-00134 1 42283
majority FR941206-1-00134 1 42284
nonl FR941206-1-00134 2 42286 42296
over FR941206-1-00134 1 42291
types FR941206-1-00134 4 42294 42708 42866 45168
expanded FR941206-1-00134 2 42299 42904
silicone FR941206-1-00134 1 42306
adding FR941206-1-00134 2 42310 44091
reestablish FR941206-1-00134 1 42314
intent FR941206-1-00134 4 42318 43641 44569 45237
regulation FR941206-1-00134 1 42326
august FR941206-1-00134 1 42328
1982 FR941206-1-00134 1 42330
46 FR941206-1-00134 1 42332
37342 FR941206-1-00134 1 42334
instead FR941206-1-00134 1 42356
consider FR941206-1-00134 3 42365 42461 43028
requiring FR941206-1-00134 1 42366
units FR941206-1-00134 4 42369 43066 43187 44979
others FR941206-1-00134 2 42376 44268
commented FR941206-1-00134 1 42377
immunity FR941206-1-00134 1 42382
from FR941206-1-00134 14 42383 42486 42648 42759 43256 43597 43686 43898 44155 44441 44449 44709 44742 45075
enforcement FR941206-1-00134 2 42384 42487
action FR941206-1-00134 2 42385 42488
who FR941206-1-00134 2 42388 43440
their FR941206-1-00134 4 42390 42872 44582 45173
later FR941206-1-00134 2 42401 42505
contained FR941206-1-00134 1 42406
costs FR941206-1-00134 1 42416
testing FR941206-1-00134 2 42418 42439
decreased FR941206-1-00134 1 42420
since FR941206-1-00134 4 42421 42795 43852 44769
1979 FR941206-1-00134 1 42422
long FR941206-1-00134 2 42431 43749
standing FR941206-1-00134 1 42432
policy FR941206-1-00134 7 42433 44113 44206 44265 44291 44319 45122
nonetheless FR941206-1-00134 1 42452
verifying FR941206-1-00134 1 42462
violations FR941206-1-00134 1 42470
tsca FR941206-1-00134 4 42472 43197 44202 44261
issue FR941206-1-00134 2 42482 44192
blanket FR941206-1-00134 1 42484
exemption FR941206-1-00134 1 42485
less FR941206-1-00134 4 42499 42594 42955 43235
but FR941206-1-00134 1 42504
761.30 FR941206-1-00134 5 42519 42573 42619 42683 42831
xv FR941206-1-00134 2 42527 42627
describe FR941206-1-00134 1 42530
procedures FR941206-1-00134 1 42531
bringing FR941206-1-00134 1 42533
compliance FR941206-1-00134 2 42537 43552
authorization FR941206-1-00134 2 42541 42555
qualify FR941206-1-00134 1 42550
registered FR941206-1-00134 4 42565 42601 42650 43173
fire FR941206-1-00134 3 42567 42615 42661
personnel FR941206-1-00134 3 42569 42617 42663
erroneously FR941206-1-00134 1 42587
contaminated FR941206-1-00134 1 42592
discovery FR941206-1-00134 1 42606
actual FR941206-1-00134 1 42609
contamination FR941206-1-00134 1 42610
level FR941206-1-00134 1 42611
can FR941206-1-00134 5 42635 42755 42771 44335 44775
demonstrated FR941206-1-00134 1 42638
production FR941206-1-00134 1 42644
receipt FR941206-1-00134 1 42647
letter FR941206-1-00134 1 42651
register FR941206-1-00134 1 42654
signed FR941206-1-00134 1 42658
registration FR941206-1-00134 1 42668
taken FR941206-1-00134 1 42670
place FR941206-1-00134 1 42671
seeking FR941206-1-00134 4 42688 43669 44188 45150
regarding FR941206-1-00134 3 42690 42851 44329
numbers FR941206-1-00134 2 42691 43953
small FR941206-1-00134 15 42693 42704 42710 42753 42769 42797 42861 42868 42879 42924 42928 43514 43713 43937 44069
nameplates FR941206-1-00134 1 42717
easily FR941206-1-00134 2 42721 44776
sampled FR941206-1-00134 1 42722
examples FR941206-1-00134 1 42725
instrument FR941206-1-00134 1 42739
grounding FR941206-1-00134 1 42742
ignition FR941206-1-00134 1 42749
range FR941206-1-00134 1 42756
size FR941206-1-00134 4 42758 42908 42934 44910
inches FR941206-1-00134 1 42761
height FR941206-1-00134 1 42766
epoxy FR941206-1-00134 1 42777
tarlike FR941206-1-00134 1 42780
potting FR941206-1-00134 1 42781
compounds FR941206-1-00134 1 42782
dry FR941206-1-00134 1 42792
soliciting FR941206-1-00134 1 42849
imposed FR941206-1-00134 2 42858 43579
similar FR941206-1-00134 2 42865 42927
resemble FR941206-1-00134 1 42876
3 FR941206-1-00134 2 42884 44998
pounds FR941206-1-00134 2 42885 44157
physical FR941206-1-00134 1 42910
dimensions FR941206-1-00134 1 42911
total FR941206-1-00134 1 42915
weight FR941206-1-00134 2 42916 42936
well FR941206-1-00134 3 42921 43072 44510
meeting FR941206-1-00134 1 42932
conditions FR941206-1-00134 2 42937 43013
approved FR941206-1-00134 2 42946 43198
chemical FR941206-1-00134 1 42947
landfill FR941206-1-00134 2 42949 42967
761.75 FR941206-1-00134 1 42951
stringent FR941206-1-00134 1 42956
deemed FR941206-1-00134 1 42959
protective FR941206-1-00134 1 42960
municipal FR941206-1-00134 2 42964 43179
d. FR941206-1-00134 1 42969
drained FR941206-1-00134 6 42970 42973 43036 43069 43088 43142
unregulated FR941206-1-00134 1 42978
salvaged FR941206-1-00134 2 42996 43121
through FR941206-1-00134 1 42997
smelting FR941206-1-00134 1 42998
process FR941206-1-00134 1 43001
recognized FR941206-1-00134 1 43002
acceptable FR941206-1-00134 1 43007
met FR941206-1-00134 1 43015
whether FR941206-1-00134 2 43024 44129
ensure FR941206-1-00134 3 43041 43064 43835
illegally FR941206-1-00134 1 43052
reused FR941206-1-00134 3 43053 44524 44579
possible FR941206-1-00134 2 43055 43253
remedies FR941206-1-00134 1 43056
decontamination FR941206-1-00134 1 43059
controls FR941206-1-00134 2 43062 43831
completely FR941206-1-00134 1 43068
received FR941206-1-00134 2 43073 44684
stated FR941206-1-00134 2 43082 43844
anecdotal FR941206-1-00134 1 43085
carcasses FR941206-1-00134 1 43092
barbecue FR941206-1-00134 1 43096
grills FR941206-1-00134 1 43097
reflected FR941206-1-00134 1 43098
isolated FR941206-1-00134 1 43099
instances FR941206-1-00134 3 43100 43650 44639
none FR941206-1-00134 1 43102
considering FR941206-1-00134 2 43104 44278
humans FR941206-1-00134 1 43110
valuable FR941206-1-00134 1 43116
metals FR941206-1-00134 1 43117
recycling FR941206-1-00134 1 43123
modify FR941206-1-00134 1 43129
including FR941206-1-00134 2 43147 43429
open FR941206-1-00134 1 43156
burning FR941206-1-00134 1 43157
allowing FR941206-1-00134 2 43161 44760
facilities FR941206-1-00134 1 43165
licensed FR941206-1-00134 1 43170
state FR941206-1-00134 3 43176 44418 44583
manage FR941206-1-00134 1 43178
industrial FR941206-1-00134 3 43181 43192 45207
wastes FR941206-1-00134 2 43182 44348
excluding FR941206-1-00134 5 43184 43513 43712 43936 44068
thermal FR941206-1-00134 1 43185
treatment FR941206-1-00134 1 43186
furnace FR941206-1-00134 1 43193
facility FR941206-1-00134 6 43200 43931 44925 45008 45021 45208
iib2 FR941206-1-00134 1 43204
finally FR941206-1-00134 2 43211 44321
period FR941206-1-00134 1 43232
48 FR941206-1-00134 1 43237
hours FR941206-1-00134 1 43238
drain FR941206-1-00134 1 43245
so FR941206-1-00134 1 43247
removed FR941206-1-00134 3 43255 44440 45074
reduce FR941206-1-00134 1 43261
content FR941206-1-00134 2 43263 43542
e. FR941206-1-00134 1 43268
transfer FR941206-1-00134 10 43269 43487 43606 43617 43660 43705 43726 43733 43803 44060
enclosed FR941206-1-00134 5 43272 43305 43328 43789 43806
sold FR941206-1-00134 2 43288 43359
resale FR941206-1-00134 1 43296
distributed FR941206-1-00134 3 43299 43353 43629
manner FR941206-1-00134 1 43306
761.20 FR941206-1-00134 2 43308 43319
defined FR941206-1-00134 1 43347
requested FR941206-1-00134 1 43363
comment FR941206-1-00134 1 43364
maintained FR941206-1-00134 3 43374 43391 45082
transactions FR941206-1-00134 3 43377 43675 45025
very FR941206-1-00134 2 43383 44906
supportive FR941206-1-00134 1 43384
document FR941206-1-00134 3 43393 43501 43700
761.180 FR941206-1-00134 3 43408 44040 44097
ix FR941206-1-00134 2 43416 44094
seeks FR941206-1-00134 1 43420
prevent FR941206-1-00134 1 43422
illegal FR941206-1-00134 5 43423 43459 43652 43901 44606
explain FR941206-1-00134 1 43441
disappearance FR941206-1-00134 1 43443
claiming FR941206-1-00134 1 43448
sale FR941206-1-00134 4 43450 43583 43786 43801
occurred FR941206-1-00134 1 43452
name FR941206-1-00134 1 43467
address FR941206-1-00134 2 43469 44293
phone FR941206-1-00134 1 43472
number FR941206-1-00134 10 43473 43492 43872 43883 43893 43913 43987 44015 44883 44986
parties FR941206-1-00134 1 43476
item FR941206-1-00134 6 43480 43495 43511 43627 43923 44066
transferred FR941206-1-00134 2 43482 43756
date FR941206-1-00134 3 43485 44451 44556
recorded FR941206-1-00134 1 43497
annual FR941206-1-00134 3 43500 43699 44036
log FR941206-1-00134 3 43502 43701 43768
suggests FR941206-1-00134 1 43530
summary FR941206-1-00134 1 43532
relevant FR941206-1-00134 1 43534
inspection FR941206-1-00134 1 43547
sections FR941206-1-00134 1 43555
passed FR941206-1-00134 1 43560
had FR941206-1-00134 2 43568 45072
anticipated FR941206-1-00134 1 43569
claims FR941206-1-00134 1 43591
transaction FR941206-1-00134 3 43594 43760 43771
exempt FR941206-1-00134 1 43596
involved FR941206-1-00134 1 43604
no FR941206-1-00134 3 43605 44465 45236
money FR941206-1-00134 1 43608
ownership FR941206-1-00134 5 43619 43662 43707 44062 45022
resulting FR941206-1-00134 1 43620
being FR941206-1-00134 4 43628 44529 44538 44749
behind FR941206-1-00134 2 43642 43655
identify FR941206-1-00134 3 43649 43703 43919
hidden FR941206-1-00134 1 43654
guise FR941206-1-00134 1 43657
additional FR941206-1-00134 3 43672 43830 44610
property FR941206-1-00134 2 43688 43746
real FR941206-1-00134 2 43731 43763
estate FR941206-1-00134 2 43732 43764
company FR941206-1-00134 3 43739 43916 44011
sells FR941206-1-00134 1 43740
warehouse FR941206-1-00134 1 43742
surrounding FR941206-1-00134 1 43745
separate FR941206-1-00134 1 43767
necessary FR941206-1-00134 2 43775 45091
few FR941206-1-00134 1 43778
banned FR941206-1-00134 2 43794 43812
outright FR941206-1-00134 1 43795
believes FR941206-1-00134 2 43798 43828
legitimate FR941206-1-00134 2 43819 44638
needed FR941206-1-00134 1 43833
proper FR941206-1-00134 1 43836
impossible FR941206-1-00134 1 43851
serial FR941206-1-00134 3 43871 43882 43892
absence FR941206-1-00134 1 43889
preclude FR941206-1-00134 1 43896
tracing FR941206-1-00134 1 43899
internal FR941206-1-00134 2 43911 43985
uses FR941206-1-00134 1 43917
equipped FR941206-1-00134 1 43949
develop FR941206-1-00134 1 43955
mechanism FR941206-1-00134 1 43957
pieces FR941206-1-00134 1 43961
activities FR941206-1-00134 1 43965
maintenance FR941206-1-00134 2 43968 45013
quarterly FR941206-1-00134 1 43970
inspections FR941206-1-00134 1 43971
permanent FR941206-1-00134 1 43977
engraving FR941206-1-00134 1 43982
prominent FR941206-1-00134 1 43990
location FR941206-1-00134 1 43991
absent FR941206-1-00134 1 44004
own FR941206-1-00134 1 44013
documented FR941206-1-00134 1 44020
recommended FR941206-1-00134 2 44027 44269
record FR941206-1-00134 1 44037
agrees FR941206-1-00134 1 44046
method FR941206-1-00134 1 44053
maintaining FR941206-1-00134 1 44055
implement FR941206-1-00134 1 44087
f. FR941206-1-00134 1 44105
reportable FR941206-1-00134 2 44108 44173
quantity FR941206-1-00134 2 44109 44174
_ FR941206-1-00134 1 44110
cleanup FR941206-1-00134 4 44112 44205 44217 44264
attempting FR941206-1-00134 1 44115
consistency FR941206-1-00134 1 44119
federal FR941206-1-00134 1 44122
statutes FR941206-1-00134 1 44123
761.125 FR941206-1-00134 2 44130 44375
modified FR941206-1-00134 1 44139
reporting FR941206-1-00134 3 44143 44274 44367
national FR941206-1-00134 3 44147 44238 44371
center FR941206-1-00134 3 44149 44240 44373
changing FR941206-1-00134 2 44151 44236
notice FR941206-1-00134 3 44153 44352 44364
10 FR941206-1-00134 1 44156
pound FR941206-1-00134 3 44160 44244 44388
reflect FR941206-1-00134 1 44168
made FR941206-1-00134 2 44170 44491
rq FR941206-1-00134 3 44176 44241 44385
cercla FR941206-1-00134 2 44179 44398
40 FR941206-1-00134 3 44181 44420 44785
302. FR941206-1-00134 1 44184
restated FR941206-1-00134 1 44196
establishing FR941206-1-00134 1 44200
guidance FR941206-1-00134 1 44214
recent FR941206-1-00134 1 44219
after FR941206-1-00134 1 44221
1987 FR941206-1-00134 1 44225
fresh FR941206-1-00134 1 44228
spills FR941206-1-00134 3 44229 44257 44334
conveyed FR941206-1-00134 1 44232
addressing FR941206-1-00134 1 44255
old FR941206-1-00134 2 44256 44333
applying FR941206-1-00134 1 44259
options FR941206-1-00134 1 44280
concluded FR941206-1-00134 1 44283
inappropriate FR941206-1-00134 1 44286
initiating FR941206-1-00134 1 44304
rulemaking FR941206-1-00134 1 44306
remove FR941206-1-00134 1 44313
redundancies FR941206-1-00134 1 44314
weakening FR941206-1-00134 1 44316
position FR941206-1-00134 1 44328
remediation FR941206-1-00134 1 44331
referring FR941206-1-00134 1 44339
iia FR941206-1-00134 1 44342
lowering FR941206-1-00134 1 44383
consistent FR941206-1-00134 1 44396
g. FR941206-1-00134 1 44400
indefinite FR941206-1-00134 1 44406
articles FR941206-1-00134 8 44410 44429 44573 44671 44746 44767 44900 45035
reuse FR941206-1-00134 17 44413 44484 44508 44600 44625 44654 44695 44752 44764 44820 44851 44864 44891 44983 45078 45121 45161
stored FR941206-1-00134 3 44435 44482 44750
shall FR941206-1-00134 1 44438
first FR941206-1-00134 1 44455
placed FR941206-1-00134 2 44456 44860
comparable FR941206-1-00134 1 44466
provision FR941206-1-00134 1 44467
addresses FR941206-1-00134 1 44472
length FR941206-1-00134 1 44474
article FR941206-1-00134 1 44479
situations FR941206-1-00134 6 44494 44727 44830 45108 45116 45145
held FR941206-1-00134 1 44503
reasonable FR941206-1-00134 1 44517
expect FR941206-1-00134 1 44519
done FR941206-1-00134 1 44530
pretext FR941206-1-00134 1 44533
retained FR941206-1-00134 1 44539
spares FR941206-1-00134 3 44542 44656 45067
critical FR941206-1-00134 2 44545 44658
components FR941206-1-00134 2 44546 44659
systems FR941206-1-00134 2 44550 44662
future FR941206-1-00134 1 44555
will FR941206-1-00134 1 44559
service FR941206-1-00134 5 44560 44680 44780 45076 45183
allow FR941206-1-00134 1 44571
clearly FR941206-1-00134 1 44575
due FR941206-1-00134 1 44580
disrepair FR941206-1-00134 2 44585 45224
remain FR941206-1-00134 1 44595
constitutes FR941206-1-00134 1 44605
creates FR941206-1-00134 1 44609
environmental FR941206-1-00134 3 44613 44807 45139
many FR941206-1-00134 6 44637 44648 44682 44756 45105 45220
warrant FR941206-1-00134 1 44641
years FR941206-1-00134 3 44649 44786 44988
purpose FR941206-1-00134 1 44652
typically FR941206-1-00134 1 44666
intact FR941206-1-00134 2 44667 45229
nonleaking FR941206-1-00134 1 44669
treated FR941206-1-00134 2 44674 44867
effect FR941206-1-00134 1 44698
amount FR941206-1-00134 1 44699
restriction FR941206-1-00134 1 44704
apparent FR941206-1-00134 1 44707
basis FR941206-1-00134 1 44708
standpoint FR941206-1-00134 1 44711
nevertheless FR941206-1-00134 2 44720 45114
restrictions FR941206-1-00134 1 44730
warranted FR941206-1-00134 2 44732 44893
compelling FR941206-1-00134 1 44757
active FR941206-1-00134 1 44779
life FR941206-1-00134 1 44781
disposing FR941206-1-00134 1 44788
prematurely FR941206-1-00134 1 44792
upon FR941206-1-00134 1 44794
arbitrary FR941206-1-00134 1 44796
economically FR941206-1-00134 2 44802 44835
prudent FR941206-1-00134 2 44803 44833
nor FR941206-1-00134 1 44804
serve FR941206-1-00134 1 44805
goals FR941206-1-00134 1 44808
placing FR941206-1-00134 1 44810
piece FR941206-1-00134 1 44813
spare FR941206-1-00134 2 44826 44963
emergency FR941206-1-00134 1 44829
sound FR941206-1-00134 1 44836
once FR941206-1-00134 1 44857
ine FR941206-1-00134 2 44877 45093
scenarios FR941206-1-00134 1 44885
extended FR941206-1-00134 1 44888
designed FR941206-1-00134 1 44902
manufactured FR941206-1-00134 1 44904
replacement FR941206-1-00134 1 44915
imperative FR941206-1-00134 1 44917
continued FR941206-1-00134 1 44920
uninterrupted FR941206-1-00134 1 44921
operation FR941206-1-00134 1 44922
power FR941206-1-00134 2 44929 44934
rectifiers FR941206-1-00134 1 44930
convert FR941206-1-00134 1 44932
usable FR941206-1-00134 1 44937
manufacturing FR941206-1-00134 1 44941
sidemounted FR941206-1-00134 1 44944
bushings FR941206-1-00134 1 44945
etc FR941206-1-00134 2 44947 45186
industries FR941206-1-00134 1 44955
maintain FR941206-1-00134 2 44957 44977
inventories FR941206-1-00134 1 44958
vintages FR941206-1-00134 1 44961
locomotive FR941206-1-00134 1 44971
stationary FR941206-1-00134 1 44973
reinstalling FR941206-1-00134 1 44991
reusing FR941206-1-00134 2 44993 45239
aircraft FR941206-1-00134 1 45000
airport FR941206-1-00134 2 45002 45005
safety FR941206-1-00134 1 45006
operational FR941206-1-00134 1 45009
expedient FR941206-1-00134 1 45012
capabilities FR941206-1-00134 1 45014
business FR941206-1-00134 1 45024
premature FR941206-1-00134 1 45030
difficulties FR941206-1-00134 1 45044
forecasting FR941206-1-00134 1 45045
demand FR941206-1-00134 1 45047
specialty FR941206-1-00134 1 45049
needs FR941206-1-00134 1 45050
obtaining FR941206-1-00134 1 45052
repair FR941206-1-00134 1 45055
readily FR941206-1-00134 1 45059
available FR941206-1-00134 1 45060
older FR941206-1-00134 1 45069
designs FR941206-1-00134 1 45070
significant FR941206-1-00134 1 45084
system FR941206-1-00134 1 45087
design FR941206-1-00134 1 45088
replaced FR941206-1-00134 1 45099
takes FR941206-1-00134 1 45103
factors FR941206-1-00134 1 45106
consideration FR941206-1-00134 1 45110
abused FR941206-1-00134 1 45124
abuse FR941206-1-00134 1 45127
results FR941206-1-00134 1 45128
serious FR941206-1-00134 1 45138
damage FR941206-1-00134 1 45140
imposing FR941206-1-00134 1 45163
safeguards FR941206-1-00134 1 45165
businesses FR941206-1-00134 2 45170 45234
nature FR941206-1-00134 1 45174
brokers FR941206-1-00134 1 45178
junk FR941206-1-00134 1 45180
yards FR941206-1-00134 1 45181
shops FR941206-1-00134 1 45184
accumulate FR941206-1-00134 1 45190
quantities FR941206-1-00134 1 45192
volumes FR941206-1-00134 2 45194 45214
users FR941206-1-00134 1 45200
utility FR941206-1-00134 1 45205
besides FR941206-1-00134 1 45211
accumulating FR941206-1-00134 1 45212
nong FR941206-1-00134 1 45231
themselves FR941206-1-00134 1 45242
awaiting FR941206-1-00134 1 45248
