liquids FR941206-1-00134 4 21523 21718 23823 23846
or FR941206-1-00134 75 21524 21530 21557 21572 21646 21666 21679 21735 21738 21744 21760 21770 21801 21827 21965 22203 22475 22500 22536 22553 22624 22653 22661 22751 22796 22808 22812 22829 22879 22894 23113 23338 23419 23432 23474 23508 23546 23609 23660 23685 23873 23968 23982 24037 24173 24221 24258 24652 24655 24703 24883 25133 25272 25589 25633 25641 25658 25717 25747 25757 25763 25923 25933 25937 25954 25959 25963 25969 25988 26109 26117 26269 26476 26486 26492
100 FR941206-1-00134 3 21525 21739 22136
m FR941206-1-00134 2 21526 21740
g/100cm FR941206-1-00134 1 21527
2 FR941206-1-00134 10 21528 21742 22734 24145 24399 24578 24812 25305 26164 26275
pcb FR941206-1-00134 39 21529 21551 21802 22244 22418 22717 23081 23410 23964 23978 24265 24269 24293 24386 24477 24612 24693 25040 25174 25188 25214 25239 25349 25394 25410 25444 25455 25477 25519 25552 25588 25720 25777 25810 25849 25943 26135 26471 26495
greater FR941206-1-00134 10 21531 21736 21745 21992 22130 22161 23985 25185 25590 25659
in FR941206-1-00134 86 21532 21542 21580 21605 21622 21652 21670 21684 21710 21749 21774 21785 21806 21831 21854 21935 22001 22027 22049 22172 22193 22377 22406 22517 22616 22684 22724 22963 23026 23085 23283 23372 23390 23595 23640 23650 23768 23777 23838 23943 24134 24138 24182 24308 24338 24344 24364 24392 24411 24448 24547 24586 24592 24623 24665 24670 24691 24747 24787 24852 24862 24928 25059 25082 25097 25351 25413 25461 25483 25536 25560 25624 25706 25795 25812 25878 25982 26100 26199 26208 26286 26291 26331 26350 26413 26419
a FR941206-1-00134 84 21533 21543 21550 21685 21846 21897 21959 22085 22194 22331 22448 22492 22542 22549 22594 22649 22657 22666 22731 22790 22805 22854 22867 22876 22889 22941 23086 23294 23374 23494 23566 23585 23603 23624 23628 23944 24082 24309 24375 24453 24573 24631 24659 24707 24725 24755 24767 24876 24921 24932 25019 25060 25196 25227 25340 25376 25473 25512 25538 25551 25625 25636 25639 25719 25773 25796 25853 25867 25926 25992 26073 26101 26112 26122 26154 26180 26191 26209 26267 26333 26340 26363 26407 26414
standard FR941206-1-00134 4 21534 23772 23786 23793
wipe FR941206-1-00134 1 21535
sample FR941206-1-00134 4 21536 21815 22123 22153
could FR941206-1-00134 13 21537 21649 21707 21746 21811 21930 22190 22465 22785 23824 25480 26020 26096
be FR941206-1-00134 70 21538 21577 21620 21650 21708 21747 21812 21820 21883 21906 21928 21950 21953 21976 22007 22055 22096 22111 22146 22176 22179 22191 22253 22467 22539 22786 22850 23034 23089 23263 23395 23425 23513 23540 23739 23756 23825 23855 23863 24015 24027 24047 24274 24314 24472 24620 24783 24875 25033 25057 25072 25161 25208 25243 25419 25481 25556 25581 25621 25662 25772 25995 26004 26088 26097 26218 26258 26280 26354 26411
removed FR941206-1-00134 10 21539 21898 21919 21925 21943 21970 22018 22128 22159 25273
and FR941206-1-00134 114 21540 21638 21690 21719 21783 21870 22015 22019 22064 22219 22233 22240 22245 22269 22281 22320 22368 22391 22428 22439 22462 22503 22525 22528 22562 22605 22632 22665 22702 22712 22774 22820 22888 23028 23062 23082 23103 23137 23145 23181 23221 23250 23274 23308 23322 23332 23397 23453 23455 23498 23517 23689 23748 23797 23870 24136 24189 24251 24267 24280 24323 24330 24335 24351 24382 24398 24406 24502 24507 24524 24544 24576 24685 24721 24759 24834 24886 24988 24995 24998 25009 25044 25077 25095 25172 25202 25212 25216 25247 25290 25485 25500 25507 25578 25652 25686 25704 25761 25786 25819 25858 25860 25870 26034 26130 26141 26273 26311 26316 26319 26373 26394 26417 26490
managed FR941206-1-00134 2 21541 25663
tsca FR941206-1-00134 24 21544 22225 22415 23078 23144 23163 24108 24130 24141 24238 24279 24322 24350 24380 24476 24866 24882 25539 26024 26030 26134 26437 26465 26499
approved FR941206-1-00134 5 21545 22192 23161 23518 23714
disposal FR941206-1-00134 58 21546 21948 21972 22195 22234 22270 22440 22452 22463 22473 22482 22526 22563 22587 22602 22608 22633 22652 22660 22674 22713 22775 22814 22870 22895 22915 22930 22943 22966 22985 22996 23063 23159 23179 23184 23222 23225 23231 23251 23275 23309 23323 23375 23393 24423 24478 24840 24846 25175 25668 25675 25808 25844 25871 26042 26067 26142 26440
facility FR941206-1-00134 9 21547 22944 23038 23415 25626 25928 25980 25993 26102
, FR941206-1-00134 204 21548 21633 21648 21694 21737 21784 21788 21816 21840 21853 21857 21923 21991 22004 22052 22099 22141 22230 22232 22237 22239 22266 22268 22274 22292 22349 22350 22356 22403 22527 22656 22664 22678 22683 22690 22750 22754 22761 22778 22799 22801 22847 22853 22872 22887 22938 22948 22950 23049 23079 23174 23193 23200 23205 23235 23241 23259 23287 23328 23331 23340 23434 23485 23516 23520 23537 23590 23592 23634 23646 23833 23857 23869 23986 24034 24054 24070 24075 24093 24168 24172 24226 24231 24241 24254 24257 24284 24288 24298 24367 24381 24416 24457 24470 24505 24509 24512 24515 24518 24520 24523 24541 24543 24555 24575 24599 24600 24604 24627 24673 24675 24699 24710 24758 24810 24823 24833 24844 24885 24982 24984 24986 25000 25005 25008 25016 25023 25039 25092 25094 25101 25112 25131 25139 25142 25145 25170 25177 25194 25221 25233 25241 25297 25356 25372 25385 25389 25409 25427 25467 25489 25492 25495 25499 25514 25543 25558 25591 25630 25632 25647 25701 25741 25753 25760 25797 25798 25802 25839 25857 25906 25920 25952 25966 25968 25985 26053 26093 26106 26108 26124 26149 26272 26314 26318 26330 26337 26365 26376 26378 26380 26382 26385 26388 26390 26393 26430 26449 26453 26463 26482 26489 26500 26509
as FR941206-1-00134 32 21549 21584 21845 21902 22313 22336 22338 22404 22647 22932 23039 23126 23256 23765 23800 24010 24096 24177 24217 24979 25002 25137 25339 25511 25638 25745 26121 26166 26239 26362 26426 26474
nonn FR941206-1-00134 1 21552
waste FR941206-1-00134 58 21553 22397 22402 22508 22585 22639 22746 23117 23166 23190 23209 24036 24098 24201 24245 24377 24404 24442 24455 24462 24484 24490 24534 24557 24565 24580 24633 24637 24728 24769 24792 24878 24891 24934 24971 25062 25231 25266 25294 25334 25541 25643 25681 25726 25815 25881 26003 26026 26032 26076 26119 26193 26224 26256 26278 26308 26328 26335
under FR941206-1-00134 34 21554 21559 21691 22198 22224 22302 22327 22426 23077 23098 23143 23162 24129 24192 24210 24237 24321 24379 24435 24464 24474 24535 24551 24724 24880 25697 25718 25903 25947 26022 26050 26072 26436 26498
proposed FR941206-1-00134 16 21555 21560 21575 21671 21775 21832 22294 22396 22593 22728 23121 24680 25683 25724 26017 26082
761.62 FR941206-1-00134 4 21556 22204 25569 25685
decontaminated FR941206-1-00134 1 21558
761.79. FR941206-1-00134 1 21561
natural FR941206-1-00134 10 21562 21589 21615 21625 21701 21726 21795 21863 21878 21940
gas FR941206-1-00134 10 21563 21590 21616 21626 21702 21727 21796 21864 21879 21941
pipeline FR941206-1-00134 10 21564 21586 21591 21597 21617 21627 21703 21728 21797 21880
with FR941206-1-00134 26 21565 21639 21664 21757 21768 21825 22030 22081 22181 22242 22287 22299 22530 23091 23151 23214 23405 23779 23809 24248 25103 25156 25183 25315 25336 26132
an FR941206-1-00134 20 21566 21640 22260 22456 22573 22783 22835 22933 23313 23359 23641 23708 23839 24617 24780 24869 24904 25826 25998 26434
inside FR941206-1-00134 3 21567 21641 21891
diameter FR941206-1-00134 4 21568 21642 21706 21800
of FR941206-1-00134 159 21569 21579 21596 21599 21631 21643 21661 21704 21731 21765 21798 21893 21896 21900 21939 21961 21981 21987 22012 22022 22041 22060 22067 22087 22098 22103 22117 22226 22235 22271 22305 22371 22380 22382 22389 22394 22513 22651 22659 22668 22687 22776 22815 22825 22837 22869 22875 22903 22921 22925 22935 22959 23022 23188 23267 23277 23281 23312 23408 23421 23458 23469 23480 23488 23524 23555 23561 23602 23605 23617 23653 23671 23677 23718 23822 23961 23971 23976 24088 24187 24199 24215 24243 24263 24291 24318 24341 24532 24572 24583 24611 24646 24658 24706 24713 24733 24742 24745 24766 24789 24807 24817 24830 24847 24855 24864 24890 24915 24930 24968 25079 25088 25099 25110 25124 25179 25187 25198 25237 25245 25279 25292 25312 25332 25348 25379 25392 25422 25437 25450 25585 25623 25680 25692 25708 25739 25775 25789 25809 25845 25848 25893 25910 25914 25925 25990 26043 26057 26061 26068 26099 26176 26190 26265 26283 26406 26422 26441 26507
4 FR941206-1-00134 3 21570 21644 24836
inches FR941206-1-00134 2 21571 21645
less FR941206-1-00134 5 21573 21647 21997 22134 25594
is FR941206-1-00134 34 21574 21610 21804 22071 22334 22610 22691 22747 22906 23001 23051 23068 23157 23170 23176 23289 23350 23584 23620 23695 23889 23984 24295 24558 24629 25223 25566 25628 25710 25781 26104 26405 26432 26447
to FR941206-1-00134 122 21576 21658 21762 21814 21822 21861 21909 21927 21952 21975 22095 22113 22133 22178 22252 22255 22279 22289 22386 22424 22458 22479 22495 22506 22555 22576 22581 22671 22693 22698 22705 22763 22766 22810 22827 22852 22857 22866 22882 22908 23017 23020 23033 23054 23105 23128 23133 23141 23292 23301 23315 23326 23344 23358 23365 23403 23447 23451 23467 23496 23506 23558 23622 23674 23680 23697 23710 23730 23738 23744 23755 23758 23818 23827 23854 23862 23866 23892 23904 23912 23953 24026 24125 24204 24278 24305 24327 24346 24373 24413 24459 24560 24711 24902 24910 24964 25106 25304 25322 25383 25418 25433 25524 25580 25654 25665 25771 25865 25940 25997 26040 26114 26156 26163 26186 26195 26201 26220 26243 26343 26454 26503
disposed FR941206-1-00134 4 21578 22097 25622 26098
the FR941206-1-00134 249 21581 21588 21603 21606 21656 21662 21681 21696 21817 21886 21890 21912 21916 21921 21924 21945 22013 22061 22076 22100 22115 22212 22216 22222 22227 22263 22282 22293 22303 22306 22328 22361 22369 22378 22387 22392 22395 22410 22417 22433 22459 22472 22476 22481 22511 22519 22531 22556 22577 22626 22673 22706 22738 22742 22745 22752 22767 22793 22797 22830 22838 22861 22873 22884 22901 22914 22922 22976 22994 22999 23023 23030 23037 23056 23080 23092 23107 23146 23194 23215 23244 23268 23278 23299 23302 23316 23335 23353 23406 23409 23429 23437 23456 23486 23499 23521 23525 23541 23553 23593 23597 23651 23669 23675 23682 23690 23711 23716 23769 23792 23810 23820 23871 23931 23948 23958 23962 23972 24085 24102 24123 24155 24183 24211 24228 24281 24292 24299 24324 24333 24339 24359 24365 24393 24402 24422 24449 24460 24475 24481 24488 24536 24552 24570 24587 24609 24644 24692 24737 24743 24748 24764 24790 24805 24808 24815 24818 24828 24831 24845 24853 24865 24888 24911 24939 24945 24953 24966 24969 25024 25065 25074 25083 25086 25090 25108 25114 25121 25180 25184 25203 25248 25262 25275 25288 25299 25309 25330 25346 25357 25361 25380 25390 25393 25403 25420 25423 25435 25448 25666 25698 25702 25723 25737 25776 25784 25806 25836 25843 25879 25901 25911 25921 25948 25979 25986 26016 26023 26029 26041 26048 26058 26069 26080 26084 26094 26125 26133 26158 26177 26184 26188 26215 26221 26230 26241 26255 26263 26277 26295 26325 26357 26366 26420 26439 26455 26460 26464 26505
same FR941206-1-00134 3 21582 23354 25075
manner FR941206-1-00134 1 21583
pcbcontaminated FR941206-1-00134 3 21585 21700 22148
. FR941206-1-00134 159 21587 21608 21624 21699 21725 21793 21850 21872 21914 21937 21958 21984 22038 22092 22119 22149 22186 22208 22248 22286 22360 22409 22455 22485 22510 22545 22565 22590 22618 22640 22681 22719 22727 22782 22841 22900 22931 22955 22971 22993 23008 23044 23047 23072 23100 23148 23167 23203 23228 23254 23285 23310 23348 23379 23416 23439 23461 23502 23552 23574 23612 23627 23644 23665 23668 23693 23727 23741 23788 23791 23814 23847 23887 23926 23997 24017 24040 24078 24114 24131 24140 24196 24224 24239 24261 24311 24332 24353 24395 24410 24438 24440 24444 24480 24530 24550 24602 24622 24688 24751 24771 24785 24859 24906 24920 24922 24926 24947 24973 25013 25048 25085 25147 25165 25168 25219 25250 25252 25257 25281 25308 25329 25368 25398 25401 25425 25447 25465 25505 25510 25535 25564 25645 25672 25691 25695 25722 25736 25779 25794 25834 25873 25918 25981 26006 26065 26120 26147 26171 26173 26179 26211 26226 26294 26323 26361 26425 26458 26497
industry FR941206-1-00134 2 21592 25382
routinely FR941206-1-00134 1 21593
takes FR941206-1-00134 1 21594
segments FR941206-1-00134 14 21595 21604 21818 21938 21967 21990 21995 22017 22026 22036 22044 22090 22158 22171
out FR941206-1-00134 1 21598
service FR941206-1-00134 2 21600 21687
by FR941206-1-00134 25 21601 21654 22600 22792 23428 23519 23706 23715 24567 24590 24641 24668 25191 25268 25635 25715 25791 25817 25885 26090 26111 26168 26260 26289 26348
abandoning FR941206-1-00134 1 21602
rightofway FR941206-1-00134 1 21607
epa FR941206-1-00134 39 21609 21851 22571 22682 23101 23149 23288 23444 23694 23888 24018 24041 24079 24119 24132 24225 24250 24368 24445 24605 24628 24752 24907 24951 25029 25222 25285 25319 25373 25468 25544 25565 25780 25803 25840 25874 26150 26227 26431
proposing FR941206-1-00134 9 21611 22692 23291 23696 23891 24630 25537 25567 26433
several FR941206-1-00134 6 21612 22968 23073 23440 23998 24417
options FR941206-1-00134 3 21613 22399 25676
for FR941206-1-00134 73 21614 21848 21868 21947 21971 21985 22039 22093 22258 22262 22400 22437 22441 22469 22523 22560 22613 22630 22635 22644 22700 22710 22715 22741 22772 22843 22910 22951 22965 22984 22998 23060 23164 23186 23219 23248 23252 23265 23272 23306 23320 23387 23392 23413 23528 23533 23723 23773 23884 23908 23916 23923 23994 24062 24067 24073 24207 24235 24285 24425 24614 24635 24868 24944 24955 25200 25277 25327 25677 25731 26083 26139 26438
that FR941206-1-00134 69 21618 21810 21877 21903 21968 22070 22143 22173 22184 22333 22413 22533 22570 22607 22725 22802 22821 22891 22979 23012 23076 23155 23352 23356 23383 23443 23477 23491 23565 23580 23656 23934 24001 24012 24020 24043 24118 24154 24271 24316 24388 24494 24718 24941 25052 25205 25226 25261 25370 25439 25454 25470 25476 25526 25546 25549 25573 25627 25805 25842 25888 25942 26014 26078 26205 26247 26345 26409 26446
would FR941206-1-00134 41 21619 21819 21875 21905 21949 21973 22006 22054 22110 22145 22175 22276 22296 22488 22736 22832 22845 23324 23492 23539 23736 23753 23842 23860 23929 23988 24619 24695 24942 25026 25242 25440 25769 25875 25994 26037 26086 26144 26353 26410 26467
abandoned FR941206-1-00134 6 21621 21651 21682 21709 21748 21805
place FR941206-1-00134 6 21623 21653 21711 21750 23293 26207
at FR941206-1-00134 26 21628 21729 21955 21978 22183 22330 22443 22945 22967 22975 23123 23197 23954 24466 24683 24962 25068 25568 25583 25670 25684 25688 25978 26235 26298 26401
any FR941206-1-00134 14 21629 21705 21799 22121 22126 22151 22716 23366 23844 23849 24165 24492 24636 25983
concentration FR941206-1-00134 2 21630 21803
pcbs FR941206-1-00134 44 21632 21734 21743 21867 21882 22182 22285 22442 22777 23136 23253 24025 24046 24064 24069 24089 24104 24128 24236 24307 24429 24639 24746 24850 24893 25100 25111 25125 25157 25328 25337 25527 25563 25660 25709 25735 25752 25768 25790 25958 25973 26445 26481 26508
containing FR941206-1-00134 17 21634 21866 21881 23135 23472 24428 24638 24849 24892 25562 25734 25751 25767 25957 25972 26444 26480
no FR941206-1-00134 8 21635 21715 22451 22822 23158 23177 23370 23787
freeflowing FR941206-1-00134 1 21636
liquid FR941206-1-00134 3 21637 23732 23747
filling FR941206-1-00134 1 21655
pipe FR941206-1-00134 6 21657 21901 21917 21942 21962 22094
50 FR941206-1-00134 8 21659 21763 21823 22355 23018 25586 25596 25656
percent FR941206-1-00134 4 21660 21764 21824 23970
volume FR941206-1-00134 10 21663 21767 22924 23280 23918 23950 23960 23975 24889 25186
cement FR941206-1-00134 4 21665 21769 21826 21842
other FR941206-1-00134 16 21667 21771 21828 22187 22591 24030 24050 24091 24229 24839 24989 25387 25820 25837 25934 26320
materials FR941206-1-00134 24 21668 21772 21829 22273 22325 22636 23025 23282 23563 23684 23688 23781 23803 23875 23886 23942 24008 24031 24209 24584 24848 24991 26284 26370
listed FR941206-1-00134 4 21669 21773 21808 21830
761.60 FR941206-1-00134 5 21672 21776 21833 22199 25671
( FR941206-1-00134 70 21673 21676 21777 21780 21834 21837 22029 22080 22200 22205 22310 22315 22342 22345 22365 22373 22447 22676 22730 22733 22758 23042 23119 23191 23483 23632 23663 23700 23703 23720 23784 23895 23898 23901 24032 24107 24144 24147 24150 24176 24219 24499 24562 24577 24595 24649 24678 24800 24811 24824 24835 24842 25037 25129 25163 25295 25354 25396 25503 25570 25600 25611 25673 25829 25899 25950 26046 26252 26274 26302
b FR941206-1-00134 8 21674 21778 21835 23896 24148 25251 25571 26303
) FR941206-1-00134 70 21675 21678 21779 21782 21836 21839 22037 22091 22202 22207 22312 22319 22344 22359 22367 22375 22449 22680 22732 22735 22760 23046 23125 23202 23501 23636 23667 23702 23705 23722 23790 23897 23900 23903 24039 24113 24146 24149 24152 24195 24223 24529 24564 24579 24601 24662 24687 24802 24813 24826 24837 24858 25047 25148 25167 25307 25364 25400 25509 25572 25602 25619 25696 25833 25917 25974 26064 26254 26276 26304
5 FR941206-1-00134 4 21677 21781 21838 22988
placing FR941206-1-00134 1 21680
segment FR941206-1-00134 10 21683 21899 21926 21983 22063 22069 22077 22108 22127 22144
public FR941206-1-00134 1 21686
notification FR941206-1-00134 2 21688 25936
program FR941206-1-00134 6 21689 24110 24730 25872 26077 26329
either FR941206-1-00134 5 21692 21754 21786 24881 26266
option FR941206-1-00134 1 21693
sealing FR941206-1-00134 1 21695
ends FR941206-1-00134 5 21697 22011 22021 22059 22066
shut FR941206-1-00134 2 21698 21724
if FR941206-1-00134 7 21712 21751 22120 22150 23329 23848 25017
it FR941206-1-00134 7 21713 21752 23013 23067 23349 23647 24312
contained FR941206-1-00134 1 21714
free FR941206-1-00134 1 21716
flowing FR941206-1-00134 1 21717
each FR941206-1-00134 9 21720 21789 21894 21956 21979 21982 22068 22107 23414
end FR941206-1-00134 5 21721 21790 21895 21957 21980
was FR941206-1-00134 14 21722 21753 21791 21843 21918 21969 22250 22804 24495 24895 24899 25021 25365 25472
sealed FR941206-1-00134 2 21723 21792
concentrations FR941206-1-00134 1 21730
500 FR941206-1-00134 1 21732
ppm FR941206-1-00134 3 21733 25587 25657
/100cm FR941206-1-00134 1 21741
washed FR941206-1-00134 1 21755
once FR941206-1-00134 1 21756
diesel FR941206-1-00134 1 21758
fuel FR941206-1-00134 1 21759
filled FR941206-1-00134 2 21761 21821
its FR941206-1-00134 1 21766
case FR941206-1-00134 1 21787
where FR941206-1-00134 7 21794 21915 22450 22471 22744 25120 25154
certain FR941206-1-00134 3 21807 23464 24426
locations FR941206-1-00134 2 21809 26400
difficult FR941206-1-00134 1 21813
unless FR941206-1-00134 3 21841 25712 26510
specified FR941206-1-00134 2 21844 23767
requirement FR941206-1-00134 7 21847 22464 22564 22634 22714 23064 26129
abandonment FR941206-1-00134 2 21849 21869
proposes FR941206-1-00134 2 21852 23104
appendix FR941206-1-00134 4 21855 21873 22357 25617
i FR941206-1-00134 3 21856 21874 22358
details FR941206-1-00134 1 21858
on FR941206-1-00134 23 21859 21885 21889 22431 22491 22541 22789 22981 23298 23400 24227 24371 24451 24569 24608 24643 24777 24820 25118 25151 25254 25835 26262
how FR941206-1-00134 2 21860 24778
characterize FR941206-1-00134 1 21862
pipelines FR941206-1-00134 1 21865
removal FR941206-1-00134 6 21871 21910 21986 22040 22174 25522
require FR941206-1-00134 4 21876 23239 23478 25195
wiped FR941206-1-00134 1 21884
lowest FR941206-1-00134 1 21887
point FR941206-1-00134 2 21888 21904
surface FR941206-1-00134 1 21892
determined FR941206-1-00134 4 21907 22540 25469 25841
prior FR941206-1-00134 1 21908
from FR941206-1-00134 36 21911 21920 21944 22009 22057 22075 22106 22125 22155 22284 22323 22834 23334 24029 24049 24071 24090 24101 24487 24497 24897 24993 25035 25042 25073 25274 25302 25360 25755 25896 25961 26161 26309 26356 26371 26484
ground FR941206-1-00134 3 21913 21922 21946
sampled FR941206-1-00134 7 21929 21954 21977 22035 22079 22089 22109
not FR941206-1-00134 35 21931 22611 22849 23052 23088 23212 23290 23572 23638 23989 24014 24059 24121 24162 24273 24296 24303 24356 24390 24861 25032 25159 25224 25459 25529 25782 25824 25945 25976 26038 26087 26145 26152 26451 26468
exceed FR941206-1-00134 1 21932
40 FR941206-1-00134 8 21933 22346 22444 22695 24467 25613 26236 26299
feet FR941206-1-00134 1 21934
length FR941206-1-00134 4 21936 21960 22003 22051
required FR941206-1-00134 4 21951 22008 22056 23396
having FR941206-1-00134 1 21963
seven FR941206-1-00134 4 21964 21994 22034 22088
fewer FR941206-1-00134 1 21966
have FR941206-1-00134 8 21974 23325 23737 23861 24122 24740 25517 26428
multiple FR941206-1-00134 6 21988 22042 22156 24503 26312 26374
contiguous FR941206-1-00134 3 21989 22043 22157
than FR941206-1-00134 9 21993 21998 22046 22131 22135 22162 23920 25150 25595
but FR941206-1-00134 7 21996 22848 23987 24761 25270 25592 26450
3 FR941206-1-00134 5 21999 22047 24143 24437 24825
miles FR941206-1-00134 2 22000 22048
total FR941206-1-00134 3 22002 22050 23973
samples FR941206-1-00134 3 22005 22053 22105
both FR941206-1-00134 9 22010 22020 22058 22065 22104 22243 23746 24249 24328
first FR941206-1-00134 4 22014 22062 25366 25407
last FR941206-1-00134 1 22016
five FR941206-1-00134 1 22023
randomly FR941206-1-00134 1 22024
chosen FR941206-1-00134 1 22025
between FR941206-1-00134 2 22028 24349
this FR941206-1-00134 16 22031 22082 22407 22486 22688 23538 23927 24342 24689 25316 25574 25678 25693 25915 26062 26091
scheme FR941206-1-00134 2 22032 22083
producing FR941206-1-00134 2 22033 22084
more FR941206-1-00134 1 22045
onehalf FR941206-1-00134 1 22072
mile FR941206-1-00134 1 22073
distant FR941206-1-00134 1 22074
previously FR941206-1-00134 1 22078
minimum FR941206-1-00134 1 22086
analytical FR941206-1-00134 1 22101
results FR941206-1-00134 4 22102 22124 22154 25449
averaged FR941206-1-00134 1 22112
determine FR941206-1-00134 2 22114 25434
level FR941206-1-00134 4 22116 22185 22332 25197
contamination FR941206-1-00134 5 22118 25350 25395 25405 25424
average FR941206-1-00134 2 22122 22152
were FR941206-1-00134 9 22129 22160 23852 24361 25416 25431 25458 25863 25975
10 FR941206-1-00134 3 22132 22163 22352
micrograms FR941206-1-00134 3 22137 22164 25597
pcb/100 FR941206-1-00134 2 22138 22165
square FR941206-1-00134 2 22139 22166
centimeters FR941206-1-00134 2 22140 22167
then FR941206-1-00134 2 22142 22168
considered FR941206-1-00134 1 22147
all FR941206-1-00134 6 22169 23029 23503 23977 24097 24760
unsampled FR941206-1-00134 1 22170
presumed FR941206-1-00134 1 22177
contaminated FR941206-1-00134 3 22180 25335 25582
sampling FR941206-1-00134 1 22188
regimes FR941206-1-00134 1 22189
approval FR941206-1-00134 2 22196 26128
issued FR941206-1-00134 2 22197 24191
e FR941206-1-00134 1 22201
c FR941206-1-00134 5 22206 23701 26172 26233 26359
c. FR941206-1-00134 1 22209
pcb/radioactive FR941206-1-00134 19 22210 22401 22507 22638 22720 22780 22927 23110 23165 23189 23208 23236 23388 23459 23831 24002 24200 24244 24319
wastes FR941206-1-00134 60 22211 22241 22614 22718 22721 22781 22816 22859 22928 22954 22960 23031 23084 23096 23111 23131 23134 23237 23389 23460 23471 23726 23735 23752 23811 23832 23911 23939 23996 24003 24051 24092 24329 24546 24588 24613 24666 24677 24723 24959 24976 24987 25012 25041 25066 25189 25240 25733 25891 25944 26013 26045 26070 26095 26246 26287 26346 26424 26443 26472
agency FR941206-1-00134 2 22213 25115
solicited FR941206-1-00134 4 22214 22429 24369 24446
through FR941206-1-00134 3 22215 23515 25210
anprm FR941206-1-00134 4 22217 22411 24366 24450
information FR941206-1-00134 3 22218 22249 24383
comments FR941206-1-00134 10 22220 22430 22514 24370 24447 24607 24757 24786 24916 25313
regarding FR941206-1-00134 3 22221 24384 24421
regulation FR941206-1-00134 6 22223 23142 23531 24317 25036 26360
continued FR941206-1-00134 3 22228 22264 25122
use FR941206-1-00134 10 22229 22265 22498 24408 24526 24952 25109 25123 26396 26506
storage FR941206-1-00134 35 22231 22267 22438 22461 22501 22524 22561 22617 22631 22711 22773 22839 22964 23027 23061 23220 23240 23249 23273 23284 23307 23321 23391 23454 23468 23560 23616 23691 23906 23945 25291 25300 26127 26140 26159
mixtures FR941206-1-00134 3 22236 24262 24320
items FR941206-1-00134 7 22238 24396 24427 24717 25028 25743 25895
radioactive FR941206-1-00134 18 22246 22290 22324 23083 23116 23138 23470 23529 23725 23734 23751 23885 23910 23938 24035 24127 24208 24264
constituents FR941206-1-00134 2 22247 23139
requested FR941206-1-00134 2 22251 23075
used FR941206-1-00134 7 22254 23679 23729 23743 23826 24851 25460
propose FR941206-1-00134 1 22256
criteria FR941206-1-00134 8 22257 22295 22842 23915 24554 26019 26081 26250
developing FR941206-1-00134 2 22259 23373
authorization FR941206-1-00134 1 22261
such FR941206-1-00134 17 22272 22534 22646 23764 23850 24009 24178 24193 24616 24779 25001 25018 25136 25744 25991 26002 26473
which FR941206-1-00134 8 22275 23596 23841 24023 24615 24894 26103 26402
minimize FR941206-1-00134 1 22277
risks FR941206-1-00134 3 22278 22824 25181
health FR941206-1-00134 5 22280 22828 23497 25201 25246
environment FR941206-1-00134 5 22283 22831 23500 25204 25249
respect FR941206-1-00134 1 22288
components FR941206-1-00134 1 22291
achieve FR941206-1-00134 1 22297
compliance FR941206-1-00134 3 22298 24109 26131
requirements FR941206-1-00134 17 22300 22502 22589 22896 23713 23763 23922 23933 23951 23993 24061 24256 24424 24491 25669 25932 26036
established FR941206-1-00134 3 22301 23427 24473
authority FR941206-1-00134 4 22304 22762 23527 23550
atomic FR941206-1-00134 4 22307 23642 24184 24212
energy FR941206-1-00134 4 22308 22372 24185 24213
act FR941206-1-00134 4 22309 24186 24194 24214
aea FR941206-1-00134 6 22311 22329 23147 24282 24325 24352
amended FR941206-1-00134 2 22314 24218
42 FR941206-1-00134 1 22316
usc FR941206-1-00134 1 22317
2011 FR941206-1-00134 1 22318
maintain FR941206-1-00134 1 22321
doses FR941206-1-00134 1 22322
regulated FR941206-1-00134 3 22326 24106 26089
`` FR941206-1-00134 14 22335 22595 23094 23109 23114 23129 23581 24157 24164 24956 24980 25907 26054 26306
low FR941206-1-00134 1 22337
reasonably FR941206-1-00134 1 22339
achievable FR941206-1-00134 1 22340
'' FR941206-1-00134 14 22341 22598 23097 23112 23118 23132 23613 24160 24197 24960 25014 25913 26060 26324
alara FR941206-1-00134 1 22343
fr FR941206-1-00134 3 22347 24597 25831
19442 FR941206-1-00134 1 22348
; FR941206-1-00134 6 22351 23172 23532 24052 24430 26028
cfr FR941206-1-00134 7 22353 22445 22696 24468 25614 26237 26300
part FR941206-1-00134 4 22354 24135 24139 25615
nuclear FR941206-1-00134 7 22362 23489 23535 23582 23760 23774 24170
regulatory FR941206-1-00134 7 22363 22551 23526 24205 24233 24286 24681
commission FR941206-1-00134 1 22364
nrc FR941206-1-00134 5 22366 23543 24222 24252 24334
department FR941206-1-00134 2 22370 23717
doe FR941206-1-00134 8 22374 22939 23050 23195 23576 24220 24259 24336
participated FR941206-1-00134 2 22376 24337
identification FR941206-1-00134 1 22379
situations FR941206-1-00134 2 22381 22470
potential FR941206-1-00134 1 22383
concern FR941206-1-00134 2 22384 25117
due FR941206-1-00134 2 22385 22865
presence FR941206-1-00134 1 22388
radionuclides FR941206-1-00134 1 22390
development FR941206-1-00134 2 22393 24340
management FR941206-1-00134 4 22398 22509 22756 23452
reflected FR941206-1-00134 1 22405
section FR941206-1-00134 3 22408 24142 24343
stated FR941206-1-00134 6 22412 23382 24000 25051 25260 25284
neither FR941206-1-00134 1 22414
nor FR941206-1-00134 1 22416
regulations FR941206-1-00134 8 22419 24190 24253 24394 24479 24694 25700 25778
has FR941206-1-00134 7 22420 22917 23377 24232 25126 25374 26228
waiver FR941206-1-00134 2 22421 22552
provisions FR941206-1-00134 1 22422
similar FR941206-1-00134 4 22423 22575 24458 26448
those FR941206-1-00134 7 22425 23152 23766 23941 24927 26012 26244
rcra FR941206-1-00134 16 22427 22582 23099 24465 24482 24537 24553 24884 25605 26222 26231 26296 26326 26367 26456 26461
amending FR941206-1-00134 1 22432
1year FR941206-1-00134 15 22434 22460 22520 22557 22627 22707 22769 22862 23057 23216 23245 23269 23303 23317 26136
time FR941206-1-00134 19 22435 22477 22521 22558 22628 22670 22708 22770 22863 22881 22912 23058 23217 23246 23270 23296 23304 23318 26137
limit FR941206-1-00134 19 22436 22522 22559 22629 22709 22771 23059 23218 23247 23271 23297 23305 23319 24827 25107 25908 26055 26138 26174
761.65 FR941206-1-00134 6 22446 22697 22729 23446 23699 23894
technology FR941206-1-00134 8 22453 22655 22878 22916 23160 23169 23376 24021
exists FR941206-1-00134 4 22454 23227 24022 24077
extension FR941206-1-00134 9 22457 22784 22836 22844 23300 23314 23347 23361 23438
also FR941206-1-00134 5 22466 22621 23890 24005 25056
appropriate FR941206-1-00134 4 22468 23542 23883 25935
capacity FR941206-1-00134 13 22474 22579 22609 22663 22871 22904 22936 23071 23180 23185 23226 23232 23257
necessary FR941206-1-00134 1 22478
complete FR941206-1-00134 3 22480 22672 22883
are FR941206-1-00134 18 22483 22722 22897 22961 22986 23463 23806 23836 24105 24180 24202 24276 24389 24433 24917 24977 25528 25682
insufficient FR941206-1-00134 3 22484 22880 23224
approach FR941206-1-00134 1 22487
provide FR941206-1-00134 2 22489 22737
flexibility FR941206-1-00134 2 22490 22516
casebycase FR941206-1-00134 3 22493 22543 22703
basis FR941206-1-00134 2 22494 22544
address FR941206-1-00134 2 22496 24838
specific FR941206-1-00134 3 22497 23295 23921
scenarios FR941206-1-00134 1 22499
issues FR941206-1-00134 6 22504 23511 24355 24409 24415 24432
unique FR941206-1-00134 1 22505
majority FR941206-1-00134 1 22512
supported FR941206-1-00134 3 22515 22622 24763
extending FR941206-1-00134 2 22518 22623
concurred FR941206-1-00134 1 22529
proposal FR941206-1-00134 4 22532 22726 24057 24867
extensions FR941206-1-00134 6 22535 22643 22704 22765 23266 23423
waivers FR941206-1-00134 1 22537
should FR941206-1-00134 13 22538 23394 24313 24471 24782 24874 25031 25055 25264 25286 25929 26001 26217
some FR941206-1-00134 5 22546 22911 23815 24772 25547
commenters FR941206-1-00134 12 22547 22592 22620 22641 23074 23441 23999 24418 24773 24860 26182 26427
suggested FR941206-1-00134 8 22548 22569 23442 24936 24950 25318 26167 26429
general FR941206-1-00134 1 22550
variance FR941206-1-00134 2 22554 22580
still FR941206-1-00134 2 22566 23262
another FR941206-1-00134 4 22567 25049 25282 26212
commenter FR941206-1-00134 9 22568 23381 24116 24949 25050 25259 25283 26170 26213
grant FR941206-1-00134 2 22572 22764
exemption FR941206-1-00134 40 22574 24301 24378 24405 24443 24456 24618 24634 24770 24781 24793 24809 24819 24832 24870 24879 24905 24925 24935 24946 24972 25025 25063 25232 25263 25542 25721 25727 25882 25912 25949 26018 26027 26059 26085 26178 26194 26216 26435 26466
national FR941206-1-00134 3 22578 23771 25341
's FR941206-1-00134 6 22583 24056 24625 24908 25116 25606
hazardous FR941206-1-00134 5 22584 24489 24720 26327 26423
land FR941206-1-00134 1 22586
restriction FR941206-1-00134 1 22588
good FR941206-1-00134 1 22596
faith FR941206-1-00134 1 22597
showing FR941206-1-00134 1 22599
contacting FR941206-1-00134 1 22601
facilities FR941206-1-00134 6 22603 22978 23206 23536 23935 25793
nationwide FR941206-1-00134 1 22604
certifying FR941206-1-00134 1 22606
available FR941206-1-00134 3 22612 23171 23234
remaining FR941206-1-00134 1 22615
many FR941206-1-00134 2 22619 25515
waiving FR941206-1-00134 1 22625
like FR941206-1-00134 2 22637 26459
recommended FR941206-1-00134 1 22642
problems FR941206-1-00134 2 22645 22937
: FR941206-1-00134 4 22648 24561 24799 26251
lack FR941206-1-00134 4 22650 22658 22667 22868
treatment FR941206-1-00134 4 22654 22662 22877 22893
sufficient FR941206-1-00134 1 22669
process FR941206-1-00134 3 22675 22886 25363
eg FR941206-1-00134 6 22677 23192 24033 25038 25296 25951
bioremediation FR941206-1-00134 1 22679
unit FR941206-1-00134 5 22685 23000 25689 25904 26051
iiig3 FR941206-1-00134 1 22686
preamble FR941206-1-00134 4 22689 25694 25916 26063
amend FR941206-1-00134 4 22694 23445 23698 23893
allow FR941206-1-00134 2 22699 23905
selfimplementing FR941206-1-00134 1 22701
included FR941206-1-00134 3 22723 25058 26369
regional FR941206-1-00134 7 22739 22794 22942 22969 23336 23430 23544
administrator FR941206-1-00134 4 22740 22795 23337 23431
region FR941206-1-00134 1 22743
being FR941206-1-00134 3 22748 22898 23812
stored FR941206-1-00134 6 22749 22926 23813 23837 23966 23980
director FR941206-1-00134 4 22753 22798 23339 23433
chemical FR941206-1-00134 3 22755 24158 26031
division FR941206-1-00134 1 22757
cmd FR941206-1-00134 4 22759 22800 23341 23435
current FR941206-1-00134 8 22768 22972 23009 23024 23932 24385 25667 25699
including FR941206-1-00134 4 22779 24500 24650 24700
granted FR941206-1-00134 1 22787
based FR941206-1-00134 1 22788
determination FR941206-1-00134 1 22791
there FR941206-1-00134 7 22803 23156 23175 23260 23462 24873 25471
demonstrated FR941206-1-00134 3 22806 22855 25211
need FR941206-1-00134 5 22807 22856 23754 26155 26185
justification FR941206-1-00134 1 22809
store FR941206-1-00134 7 22811 22858 23681 23731 23745 23828 23940
conduct FR941206-1-00134 1 22813
beyond FR941206-1-00134 2 22817 22860
1 FR941206-1-00134 9 22818 23899 24397 24439 24563 24801 25303 26162 26253
year FR941206-1-00134 3 22819 22992 23007
unreasonable FR941206-1-00134 1 22823
injury FR941206-1-00134 2 22826 23662
result FR941206-1-00134 7 22833 23639 23649 25513 26123 26364 26418
period FR941206-1-00134 2 22840 25371
include FR941206-1-00134 7 22846 24163 24539 25027 25265 25877 26469
limited FR941206-1-00134 3 22851 23183 24559
frame FR941206-1-00134 1 22864
absence FR941206-1-00134 1 22874
treatment/destruction FR941206-1-00134 1 22885
demonstration FR941206-1-00134 1 22890
relevant FR941206-1-00134 2 22892 23880
pursued FR941206-1-00134 1 22899
problem FR941206-1-00134 3 22902 25347 25406
shortfalls FR941206-1-00134 1 22905
expected FR941206-1-00134 2 22907 23053
continue FR941206-1-00134 2 22909 25770
after FR941206-1-00134 1 22913
been FR941206-1-00134 2 22918 25127
developed FR941206-1-00134 2 22919 24081
because FR941206-1-00134 9 22920 23223 23276 23369 24065 24283 25064 25178 26066
large FR941206-1-00134 3 22923 25235 25846
awaiting FR941206-1-00134 1 22929
example FR941206-1-00134 2 22934 24074
operates FR941206-1-00134 1 22940
oak FR941206-1-00134 3 22946 22982 23198
ridge FR941206-1-00134 3 22947 22983 23199
tennessee FR941206-1-00134 1 22949
pcb/rcra/radioactive FR941206-1-00134 1 22952
mixed FR941206-1-00134 3 22953 23095 23130
fifty FR941206-1-00134 1 22956
million FR941206-1-00134 3 22957 22989 23004
pounds FR941206-1-00134 3 22958 22990 23005
currently FR941206-1-00134 3 22962 23040 23794
sites FR941206-1-00134 3 22970 25141 25816
generation FR941206-1-00134 3 22973 23652 26421
rates FR941206-1-00134 1 22974
various FR941206-1-00134 1 22977
rely FR941206-1-00134 1 22980
approximately FR941206-1-00134 2 22987 23002
per FR941206-1-00134 3 22991 23006 25598
maximum FR941206-1-00134 1 22995
rate FR941206-1-00134 1 22997
3.09 FR941206-1-00134 1 23003
projections FR941206-1-00134 1 23010
indicate FR941206-1-00134 1 23011
will FR941206-1-00134 4 23014 23238 23261 23637
take FR941206-1-00134 3 23015 25320 26206
30 FR941206-1-00134 1 23016
years FR941206-1-00134 3 23019 25306 26165
dispose FR941206-1-00134 2 23021 24712
yet FR941206-1-00134 1 23032
generated FR941206-1-00134 12 23035 24566 24589 24640 24667 24896 25067 25190 25267 26259 26288 26347
using FR941206-1-00134 2 23036 25604
configured FR941206-1-00134 1 23041
ref FR941206-1-00134 4 23043 23664 25164 25397
11 FR941206-1-00134 1 23045
therefore FR941206-1-00134 8 23048 23204 23286 25220 25426 25876 25919 26148
meet FR941206-1-00134 4 23055 23759 23913 26248
even FR941206-1-00134 3 23065 23255 24735
though FR941206-1-00134 2 23066 24736
pursuing FR941206-1-00134 1 23069
additional FR941206-1-00134 5 23070 23230 24007 24775 25674
mixture FR941206-1-00134 2 23087 24310
confused FR941206-1-00134 1 23090
term FR941206-1-00134 3 23093 23108 24156
agrees FR941206-1-00134 2 23102 24133
apply FR941206-1-00134 5 23106 23357 23364 26039 26146
pcb/fissionable FR941206-1-00134 6 23115 23724 23733 23750 23909 23937
see FR941206-1-00134 6 23120 24679 25612 25900 26047 26153
definition FR941206-1-00134 2 23122 24954
761.3 FR941206-1-00134 3 23124 24684 24963
opposed FR941206-1-00134 1 23127
subject FR941206-1-00134 4 23140 24203 24277 25996
disagrees FR941206-1-00134 2 23150 24137
cementers FR941206-1-00134 1 23153
indicating FR941206-1-00134 1 23154
incineration FR941206-1-00134 3 23168 23187 26035
however FR941206-1-00134 6 23173 23645 24053 25015 25466 25646
commercial FR941206-1-00134 9 23178 25010 25045 25053 25746 25859 25953 26126 26475
only FR941206-1-00134 3 23182 25890 26011
incinerator FR941206-1-00134 1 23196
tn FR941206-1-00134 1 23201
storing FR941206-1-00134 2 23207 23936
often FR941206-1-00134 1 23210
can FR941206-1-00134 6 23211 23648 23657 24013 24272 25206
comply FR941206-1-00134 2 23213 24247
until FR941206-1-00134 1 23229
becomes FR941206-1-00134 1 23233
generally FR941206-1-00134 2 23242 25160
exceeding FR941206-1-00134 1 23243
increases FR941206-1-00134 1 23258
requests FR941206-1-00134 2 23264 23368
sheer FR941206-1-00134 1 23279
recipients FR941206-1-00134 1 23311
request FR941206-1-00134 2 23327 23362
needed FR941206-1-00134 1 23330
receive FR941206-1-00134 1 23333
periodic FR941206-1-00134 1 23342
renewals FR941206-1-00134 1 23343
their FR941206-1-00134 7 23345 23858 24593 24671 24714 26292 26351
original FR941206-1-00134 3 23346 23360 24103
possible FR941206-1-00134 2 23351 24045
reasons FR941206-1-00134 1 23355
may FR941206-1-00134 8 23363 23424 24004 24739 25071 25158 25554 25620
subsequent FR941206-1-00134 2 23367 25787
progress FR941206-1-00134 1 23371
occurred FR941206-1-00134 1 23378
one FR941206-1-00134 5 23380 24115 24948 25258 26169
annual FR941206-1-00134 2 23384 23411
status FR941206-1-00134 2 23385 23417
reports FR941206-1-00134 2 23386 23418
updated FR941206-1-00134 1 23398
annually FR941206-1-00134 1 23399
july FR941206-1-00134 1 23401
15 FR941206-1-00134 1 23402
coincide FR941206-1-00134 1 23404
submission FR941206-1-00134 1 23407
report FR941206-1-00134 1 23412
reviews FR941206-1-00134 1 23420
existing FR941206-1-00134 1 23422
conditions FR941206-1-00134 1 23426
providing FR941206-1-00134 2 23436 23804
accommodate FR941206-1-00134 1 23448
concerns FR941206-1-00134 1 23449
relating FR941206-1-00134 3 23450 23466 23505
uniqueness FR941206-1-00134 1 23457
elements FR941206-1-00134 1 23465
plutonium FR941206-1-00134 1 23473
enriched FR941206-1-00134 1 23475
uranium FR941206-1-00134 1 23476
consideration FR941206-1-00134 1 23479
criticality FR941206-1-00134 9 23481 23507 23556 23583 23625 23635 23672 23761 23775
safety FR941206-1-00134 4 23482 23762 23776 23881
ie FR941206-1-00134 7 23484 23591 23633 24674 24843 25130 25355
prevention FR941206-1-00134 1 23487
reactions FR941206-1-00134 1 23490
pose FR941206-1-00134 1 23493
threat FR941206-1-00134 1 23495
actions FR941206-1-00134 2 23504 25104
radiation FR941206-1-00134 3 23509 23548 23655
protection FR941206-1-00134 3 23510 23549 25199
must FR941206-1-00134 5 23512 24246 25661 26257 26279
coordinated FR941206-1-00134 1 23514
local FR941206-1-00134 1 23522
office FR941206-1-00134 4 23523 23545 23551 25006
material FR941206-1-00134 7 23530 23607 23619 24167 24171 24175 24493
licensed FR941206-1-00134 3 23534 25631 26107
state FR941206-1-00134 5 23547 23594 24255 25637 26113
issue FR941206-1-00134 3 23554 23670 25342
relates FR941206-1-00134 2 23557 23673
proper FR941206-1-00134 2 23559 23615
fissionable FR941206-1-00134 6 23562 23606 23618 23683 23687 23830
so FR941206-1-00134 2 23564 24094
continuous FR941206-1-00134 1 23567
selfsustaining FR941206-1-00134 2 23568 23629
chain FR941206-1-00134 3 23569 23588 23630
reaction FR941206-1-00134 3 23570 23589 23631
does FR941206-1-00134 6 23571 24058 24120 24161 24302 26151
occur FR941206-1-00134 1 23573
[ FR941206-1-00134 1 23575
order FR941206-1-00134 3 23577 24345 26200
5480.5 FR941206-1-00134 1 23578
states FR941206-1-00134 3 23579 24153 25516
self FR941206-1-00134 1 23586
sustaining FR941206-1-00134 1 23587
effective FR941206-1-00134 2 23598 25213
neutron FR941206-1-00134 1 23599
multiplication FR941206-1-00134 1 23600
constant FR941206-1-00134 1 23601
system FR941206-1-00134 1 23604
equals FR941206-1-00134 1 23608
exceeds FR941206-1-00134 1 23610
unity FR941206-1-00134 1 23611
] FR941206-1-00134 1 23614
essential FR941206-1-00134 1 23621
avoid FR941206-1-00134 1 23623
event FR941206-1-00134 2 23626 25984
explosion FR941206-1-00134 1 23643
harmful FR941206-1-00134 1 23654
cause FR941206-1-00134 1 23658
death FR941206-1-00134 1 23659
serious FR941206-1-00134 1 23661
54 FR941206-1-00134 1 23666
types FR941206-1-00134 4 23676 24610 25078 25436
containers FR941206-1-00134 7 23678 23728 23742 23816 23851 23868 23979
suspect FR941206-1-00134 1 23686
area FR941206-1-00134 3 23692 23840 23946
6 FR941206-1-00134 1 23704
allowing FR941206-1-00134 2 23707 24084
alternative FR941206-1-00134 1 23709
container FR941206-1-00134 3 23712 23802 23965
transportation FR941206-1-00134 1 23719
dot FR941206-1-00134 1 23721
nonleaking FR941206-1-00134 1 23740
nond FR941206-1-00134 3 23749 23829 25742
designed FR941206-1-00134 2 23757 23817
american FR941206-1-00134 1 23770
operations FR941206-1-00134 4 23778 24997 25534 25887
fissile FR941206-1-00134 1 23780
outside FR941206-1-00134 1 23782
reactors FR941206-1-00134 1 23783
ansi FR941206-1-00134 1 23785
8.1 FR941206-1-00134 1 23789
includes FR941206-1-00134 2 23795 26305
polyethylene FR941206-1-00134 1 23796
stainless FR941206-1-00134 1 23798
steel FR941206-1-00134 1 23799
acceptable FR941206-1-00134 1 23801
they FR941206-1-00134 2 23805 23835
chemically FR941206-1-00134 1 23807
compatible FR941206-1-00134 1 23808
prevent FR941206-1-00134 1 23819
buildup FR941206-1-00134 1 23821
provided FR941206-1-00134 3 23834 24774 24918
contain FR941206-1-00134 7 23843 24006 24060 24719 25443 25550 25655
spilled FR941206-1-00134 2 23845 23874
found FR941206-1-00134 10 23853 24585 24664 24961 25081 25162 25482 25579 25653 26285
leaking FR941206-1-00134 1 23856
contents FR941206-1-00134 1 23859
transferred FR941206-1-00134 1 23864
immediately FR941206-1-00134 1 23865
nong FR941206-1-00134 1 23867
leaked FR941206-1-00134 1 23872
cleanedup FR941206-1-00134 1 23876
taking FR941206-1-00134 1 23877
into FR941206-1-00134 2 23878 24796
account FR941206-1-00134 1 23879
procedures FR941206-1-00134 2 23882 25939
ii FR941206-1-00134 2 23902 25618
areas FR941206-1-00134 3 23907 24528 26398
performance FR941206-1-00134 1 23914
containment FR941206-1-00134 3 23917 23949 25217
rather FR941206-1-00134 2 23919 25149
curb FR941206-1-00134 2 23924 23991
height FR941206-1-00134 2 23925 23992
amendment FR941206-1-00134 1 23928
retain FR941206-1-00134 1 23930
meeting FR941206-1-00134 1 23947
equal FR941206-1-00134 1 23952
least FR941206-1-00134 1 23955
two FR941206-1-00134 3 23956 24762 26249
times FR941206-1-00134 1 23957
internal FR941206-1-00134 2 23959 23974
largest FR941206-1-00134 1 23963
therein FR941206-1-00134 2 23967 23981
25 FR941206-1-00134 1 23969
whichever FR941206-1-00134 1 23983
impose FR941206-1-00134 1 23990
these FR941206-1-00134 8 23995 24414 24431 25069 25192 25451 25729 26044
asbestos FR941206-1-00134 2 24011 24038
incinerated FR941206-1-00134 1 24016
believes FR941206-1-00134 2 24019 25030
allows FR941206-1-00134 1 24024
separated FR941206-1-00134 4 24028 24048 24100 24275
recommends FR941206-1-00134 1 24042
whenever FR941206-1-00134 1 24044
today FR941206-1-00134 2 24055 24624
separating FR941206-1-00134 2 24063 24068
guidance FR941206-1-00134 1 24066
water FR941206-1-00134 1 24072
already FR941206-1-00134 1 24076
had FR941206-1-00134 1 24080
policy FR941206-1-00134 2 24083 24111
physical FR941206-1-00134 1 24086
separation FR941206-1-00134 2 24087 24290
long FR941206-1-00134 1 24095
parts FR941206-1-00134 1 24099
6pcb2 FR941206-1-00134 1 24112
indicated FR941206-1-00134 2 24117 25453
jurisdiction FR941206-1-00134 1 24124
regulate FR941206-1-00134 1 24126
iv FR941206-1-00134 1 24151
substance FR941206-1-00134 1 24159
source FR941206-1-00134 3 24166 25391 25421
special FR941206-1-00134 1 24169
byproduct FR941206-1-00134 1 24174
terms FR941206-1-00134 1 24179
defined FR941206-1-00134 3 24181 24978 25229
1954 FR941206-1-00134 2 24188 24216
generators FR941206-1-00134 2 24198 24242
oversight FR941206-1-00134 2 24206 24234
hand FR941206-1-00134 2 24230 25838
thus FR941206-1-00134 1 24240
orders FR941206-1-00134 1 24260
molecules FR941206-1-00134 3 24266 24270 24294
none FR941206-1-00134 1 24268
purposes FR941206-1-00134 2 24287 25278
when FR941206-1-00134 7 24289 24358 25345 25402 25576 25603 25650
achieved FR941206-1-00134 2 24297 25209
statutory FR941206-1-00134 1 24300
extend FR941206-1-00134 2 24304 26157
nonradioactive FR941206-1-00134 1 24306
noted FR941206-1-00134 1 24315
applies FR941206-1-00134 1 24326
nons FR941206-1-00134 1 24331
ensure FR941206-1-00134 4 24347 25525 25941 26344
compatibility FR941206-1-00134 1 24348
d. FR941206-1-00134 1 24354
addressed FR941206-1-00134 2 24357 24434
rules FR941206-1-00134 2 24360 26234
originally FR941206-1-00134 1 24362
promulgated FR941206-1-00134 1 24363
whether FR941206-1-00134 4 24372 24452 24872 24887
establish FR941206-1-00134 3 24374 25866 25930
household FR941206-1-00134 39 24376 24403 24441 24454 24461 24483 24533 24556 24574 24632 24716 24749 24768 24791 24877 24933 24970 25003 25061 25084 25152 25230 25293 25333 25414 25463 25540 25725 25732 25880 25894 26025 26192 26223 26245 26271 26307 26334 26442
uses FR941206-1-00134 1 24387
authorized FR941206-1-00134 3 24391 25128 25714
below FR941206-1-00134 2 24400 24919
discuss FR941206-1-00134 1 24401
unauthorized FR941206-1-00134 1 24407
responding FR941206-1-00134 1 24412
raised FR941206-1-00134 1 24419
questions FR941206-1-00134 1 24420
item FR941206-1-00134 1 24436
exclusion FR941206-1-00134 10 24463 24485 24538 26225 26242 26297 26336 26368 26457 26462
261.4 FR941206-1-00134 3 24469 26238 26301
exempts FR941206-1-00134 1 24486
derived FR941206-1-00134 1 24496
households FR941206-1-00134 5 24498 24648 24898 25269 26352
single FR941206-1-00134 4 24501 24651 26310 26372
residences FR941206-1-00134 3 24504 25898 26375
hotels FR941206-1-00134 3 24506 26315 26377
motels FR941206-1-00134 3 24508 26317 26379
bunk FR941206-1-00134 1 24510
houses FR941206-1-00134 1 24511
ranger FR941206-1-00134 2 24513 26383
stations FR941206-1-00134 2 24514 26384
crew FR941206-1-00134 2 24516 26386
quarters FR941206-1-00134 2 24517 26387
campgrounds FR941206-1-00134 2 24519 26389
picnic FR941206-1-00134 2 24521 26391
grounds FR941206-1-00134 2 24522 26392
day FR941206-1-00134 2 24525 26395
recreation FR941206-1-00134 2 24527 26397
examples FR941206-1-00134 1 24531
garbage FR941206-1-00134 2 24540 24981
trash FR941206-1-00134 1 24542
sanitary FR941206-1-00134 1 24545
septic FR941206-1-00134 1 24548
tanks FR941206-1-00134 1 24549
individuals FR941206-1-00134 3 24568 24642 26261
premises FR941206-1-00134 3 24571 24645 26264
composed FR941206-1-00134 3 24581 25892 26281
primarily FR941206-1-00134 3 24582 24663 26282
consumers FR941206-1-00134 4 24591 24669 26290 26349
homes FR941206-1-00134 3 24594 24672 26293
49 FR941206-1-00134 1 24596
44978 FR941206-1-00134 1 24598
additionally FR941206-1-00134 2 24603 25169
sought FR941206-1-00134 2 24606 26502
applicable FR941206-1-00134 1 24621
notice FR941206-1-00134 2 24626 25801
private FR941206-1-00134 3 24647 24697 25897
individually FR941206-1-00134 2 24653 24701
owned FR941206-1-00134 2 24654 24702
rented FR941206-1-00134 2 24656 24704
units FR941206-1-00134 2 24657 24705
multiunit FR941206-1-00134 2 24660 24708
construction FR941206-1-00134 3 24661 24709 24854
domestic FR941206-1-00134 1 24676
text FR941206-1-00134 1 24682
761.63 FR941206-1-00134 1 24686
change FR941206-1-00134 2 24690 25020
authorize FR941206-1-00134 1 24696
homeowners FR941206-1-00134 1 24698
unwanted FR941206-1-00134 1 24715
toxic FR941206-1-00134 1 24722
municipal FR941206-1-00134 9 24726 24957 24974 25324 25640 25813 26007 26074 26116
solid FR941206-1-00134 5 24727 24958 24975 25814 26075
collection FR941206-1-00134 4 24729 25325 25869 26008
without FR941206-1-00134 1 24731
fear FR941206-1-00134 1 24732
recrimination FR941206-1-00134 1 24734
homeowner FR941206-1-00134 1 24738
knowledge FR941206-1-00134 1 24741
existence FR941206-1-00134 1 24744
appliance FR941206-1-00134 1 24750
received FR941206-1-00134 1 24753
roughly FR941206-1-00134 1 24754
dozen FR941206-1-00134 1 24756
establishment FR941206-1-00134 1 24765
caveats FR941206-1-00134 1 24776
structured FR941206-1-00134 1 24784
favor FR941206-1-00134 3 24788 24863 24929
essentially FR941206-1-00134 1 24794
fell FR941206-1-00134 1 24795
four FR941206-1-00134 2 24797 24912
categories FR941206-1-00134 2 24798 24914
broadly FR941206-1-00134 4 24803 24923 24937 25228
define FR941206-1-00134 3 24804 24924 24965
scope FR941206-1-00134 6 24806 24829 24967 25909 26056 26175
consider FR941206-1-00134 1 24814
impact FR941206-1-00134 2 24816 25253
recycling FR941206-1-00134 8 24821 25255 25280 25289 25331 25792 25886 25927
activities FR941206-1-00134 13 24822 24940 24999 25004 25046 25119 25176 25193 25256 25430 25730 25862 26204
considerations FR941206-1-00134 1 24841
residential FR941206-1-00134 5 24856 24994 26197 26321 26415
buildings FR941206-1-00134 3 24857 25054 25070
questioned FR941206-1-00134 1 24871
significant FR941206-1-00134 2 24900 25474
enough FR941206-1-00134 1 24901
warrant FR941206-1-00134 1 24903
responses FR941206-1-00134 1 24909
broad FR941206-1-00134 1 24913
establishing FR941206-1-00134 2 24931 26332
defining FR941206-1-00134 1 24938
qualify FR941206-1-00134 1 24943
refuse FR941206-1-00134 1 24983
sludges FR941206-1-00134 1 24985
discarded FR941206-1-00134 1 24990
resulting FR941206-1-00134 2 24992 25559
nonl FR941206-1-00134 2 24996 26470
functions FR941206-1-00134 1 25007
housekeeping FR941206-1-00134 1 25011
made FR941206-1-00134 1 25022
excluded FR941206-1-00134 1 25034
offices FR941206-1-00134 1 25043
sources FR941206-1-00134 2 25076 26322
equipment FR941206-1-00134 5 25080 25766 25811 25971 26496
effect FR941206-1-00134 1 25087
banning FR941206-1-00134 1 25089
manufacture FR941206-1-00134 1 25091
processing FR941206-1-00134 4 25093 25703 25738 25785
distribution FR941206-1-00134 2 25096 25705
commerce FR941206-1-00134 2 25098 25707
coupled FR941206-1-00134 1 25102
taken FR941206-1-00134 1 25105
focuses FR941206-1-00134 1 25113
industrial FR941206-1-00134 11 25132 25171 25642 25748 25762 25861 25955 25967 26118 26477 26491
commercialscale FR941206-1-00134 3 25134 25173 25238
settings FR941206-1-00134 3 25135 25153 26198
utilities FR941206-1-00134 1 25138
manufacturing FR941206-1-00134 1 25140
construction/renovation/demolition FR941206-1-00134 1 25143
projects FR941206-1-00134 4 25144 25759 25965 26488
etc FR941206-1-00134 1 25146
appliances FR941206-1-00134 7 25155 25415 25438 25464 25750 25956 26479
32 FR941206-1-00134 2 25166 25506
associated FR941206-1-00134 2 25182 25314
best FR941206-1-00134 1 25207
destruction FR941206-1-00134 1 25215
technologies FR941206-1-00134 1 25218
persuaded FR941206-1-00134 1 25225
encompassing FR941206-1-00134 1 25234
volumes FR941206-1-00134 1 25236
protective FR941206-1-00134 1 25244
diverted FR941206-1-00134 1 25271
wastestream FR941206-1-00134 1 25276
control FR941206-1-00134 1 25287
increase FR941206-1-00134 1 25298
timeframe FR941206-1-00134 2 25301 26160
final FR941206-1-00134 1 25310
set FR941206-1-00134 1 25311
category FR941206-1-00134 1 25317
steps FR941206-1-00134 1 25321
encourage FR941206-1-00134 1 25323
programs FR941206-1-00134 3 25326 25523 26009
surfaced FR941206-1-00134 2 25338 25408
during FR941206-1-00134 2 25343 25532
198586 FR941206-1-00134 1 25344
shredder FR941206-1-00134 2 25352 25648
fluff FR941206-1-00134 3 25353 25404 25561
nonc FR941206-1-00134 1 25358
residue FR941206-1-00134 3 25359 25575 25649
shredding FR941206-1-00134 3 25362 25381 25533
identified FR941206-1-00134 1 25367
since FR941206-1-00134 1 25369
conducted FR941206-1-00134 2 25375 26412
pilot FR941206-1-00134 1 25377
study FR941206-1-00134 1 25378
ascertain FR941206-1-00134 1 25384
among FR941206-1-00134 1 25386
things FR941206-1-00134 1 25388
34 FR941206-1-00134 1 25399
small FR941206-1-00134 6 25411 25445 25456 25478 25520 25850
capacitors FR941206-1-00134 5 25412 25446 25457 25479 25851
thought FR941206-1-00134 1 25417
data FR941206-1-00134 1 25428
search/collection FR941206-1-00134 1 25429
initiated FR941206-1-00134 1 25432
most FR941206-1-00134 2 25441 25462
likely FR941206-1-00134 1 25442
efforts FR941206-1-00134 1 25452
likelihood FR941206-1-00134 1 25475
room FR941206-1-00134 1 25484
central FR941206-1-00134 1 25486
air FR941206-1-00134 1 25487
conditioners FR941206-1-00134 1 25488
heat FR941206-1-00134 1 25490
pumps FR941206-1-00134 1 25491
furnace FR941206-1-00134 1 25493
blowers FR941206-1-00134 1 25494
fluorescent FR941206-1-00134 1 25496
lighting FR941206-1-00134 1 25497
ballasts FR941206-1-00134 1 25498
microwave FR941206-1-00134 1 25501
ovens FR941206-1-00134 1 25502
refs FR941206-1-00134 1 25504
33 FR941206-1-00134 1 25508
implemented FR941206-1-00134 1 25518
capacitor FR941206-1-00134 1 25521
intentionally FR941206-1-00134 1 25530
processed FR941206-1-00134 3 25531 25977 26005
recognizes FR941206-1-00134 1 25545
objects FR941206-1-00134 1 25548
component FR941206-1-00134 1 25553
inadvertently FR941206-1-00134 1 25555
shredded FR941206-1-00134 1 25557
tested FR941206-1-00134 2 25577 25651
levels FR941206-1-00134 1 25584
measuring FR941206-1-00134 1 25593
liter FR941206-1-00134 1 25599
ppb FR941206-1-00134 1 25601
toxicity FR941206-1-00134 1 25607
characteristic FR941206-1-00134 1 25608
leaching FR941206-1-00134 1 25609
procedure FR941206-1-00134 1 25610
261 FR941206-1-00134 1 25616
permitted FR941206-1-00134 2 25629 26105
registered FR941206-1-00134 2 25634 26110
landfill FR941206-1-00134 2 25644 26033
pursuant FR941206-1-00134 1 25664
type FR941206-1-00134 2 25679 26408
discussed FR941206-1-00134 1 25687
iia5 FR941206-1-00134 1 25690
prohibited FR941206-1-00134 1 25711
otherwise FR941206-1-00134 1 25713
rulemaking FR941206-1-00134 1 25716
authorizes FR941206-1-00134 1 25728
nont FR941206-1-00134 1 25740
grade FR941206-1-00134 2 25749 26478
fixtures FR941206-1-00134 3 25754 25960 26483
renovation FR941206-1-00134 3 25756 25964 26487
demolition FR941206-1-00134 3 25758 25962 26485
heavy FR941206-1-00134 2 25764 26493
duty FR941206-1-00134 2 25765 26494
violation FR941206-1-00134 1 25774
encouraging FR941206-1-00134 1 25783
dilution FR941206-1-00134 1 25788
federal FR941206-1-00134 1 25799
register FR941206-1-00134 1 25800
explained FR941206-1-00134 1 25804
random FR941206-1-00134 1 25807
householders FR941206-1-00134 1 25818
infrequent FR941206-1-00134 1 25821
disposers FR941206-1-00134 1 25822
did FR941206-1-00134 1 25823
present FR941206-1-00134 1 25825
environmental FR941206-1-00134 1 25827
hazard FR941206-1-00134 1 25828
44 FR941206-1-00134 1 25830
31528 FR941206-1-00134 1 25832
quantities FR941206-1-00134 1 25847
posed FR941206-1-00134 1 25852
somewhat FR941206-1-00134 1 25854
larger FR941206-1-00134 1 25855
risk FR941206-1-00134 1 25856
encouraged FR941206-1-00134 1 25864
voluntary FR941206-1-00134 1 25868
wastestreams FR941206-1-00134 1 25883
created FR941206-1-00134 1 25884
accepted FR941206-1-00134 1 25889
discussion FR941206-1-00134 2 25902 26049
iid1.c. FR941206-1-00134 2 25905 26052
owner FR941206-1-00134 2 25922 25987
operator FR941206-1-00134 2 25924 25989
contractual FR941206-1-00134 1 25931
inspection FR941206-1-00134 1 25938
covered FR941206-1-00134 1 25946
heavyduty FR941206-1-00134 1 25970
enforcement FR941206-1-00134 1 25999
action FR941206-1-00134 1 26000
accepting FR941206-1-00134 1 26010
satisfy FR941206-1-00134 2 26015 26079
operate FR941206-1-00134 1 26021
collected FR941206-1-00134 1 26071
rule FR941206-1-00134 1 26092
manage FR941206-1-00134 1 26115
limitation FR941206-1-00134 1 26143
few FR941206-1-00134 1 26181
stressed FR941206-1-00134 1 26183
restrict FR941206-1-00134 1 26187
applicability FR941206-1-00134 1 26189
purely FR941206-1-00134 1 26196
exclude FR941206-1-00134 1 26202
business FR941206-1-00134 1 26203
residence FR941206-1-00134 1 26210
believed FR941206-1-00134 1 26214
identical FR941206-1-00134 2 26219 26452
interpreted FR941206-1-00134 1 26229
subtitle FR941206-1-00134 2 26232 26358
limiting FR941206-1-00134 1 26240
temporary FR941206-1-00134 1 26268
permanent FR941206-1-00134 1 26270
dwellings FR941206-1-00134 1 26313
acted FR941206-1-00134 1 26338
upon FR941206-1-00134 1 26339
congressional FR941206-1-00134 1 26341
intent FR941206-1-00134 1 26342
exempt FR941206-1-00134 1 26355
bunkhouses FR941206-1-00134 1 26381
_ FR941206-1-00134 1 26399
consumer FR941206-1-00134 1 26403
activity FR941206-1-00134 1 26404
setting FR941206-1-00134 1 26416
congress FR941206-1-00134 1 26501
eliminate FR941206-1-00134 1 26504
specifically FR941206-1-00134 1 26511
