million FR941206-1-00134 14 75977 76058 76062 76229 76509 76560 76715 76879 76899 77058 77126 78076 78082 79303
, FR941206-1-00134 220 75978 75999 76021 76083 76105 76120 76122 76129 76168 76389 76421 76436 76438 76449 76491 76496 76569 76589 76591 76593 76596 76612 76663 76665 76693 76743 76780 76788 76818 76826 76880 76906 76909 76933 76937 76939 76943 76947 76950 76963 76966 77024 77059 77122 77202 77272 77305 77307 77309 77405 77422 77431 77551 77561 77579 77586 77603 77616 77658 77661 77674 77734 77759 77761 77786 77815 77828 77852 77857 77875 77885 77899 77909 77930 77932 77948 78005 78009 78022 78037 78039 78102 78107 78142 78158 78161 78191 78195 78213 78226 78265 78284 78323 78326 78337 78345 78360 78375 78382 78385 78419 78421 78473 78476 78479 78516 78518 78526 78543 78555 78558 78592 78596 78602 78609 78638 78640 78795 78818 78833 78837 78841 78843 78845 78889 78894 78901 78925 78932 78939 78946 78950 78954 78956 78958 78975 78981 78983 78986 79026 79029 79031 79034 79042 79047 79051 79056 79091 79093 79095 79137 79139 79143 79145 79162 79216 79224 79226 79240 79287 79311 79369 79396 79431 79444 79493 79514 79515 79539 79547 79556 79561 79582 79585 79690 79703 79711 79717 79722 79754 79758 79762 79767 79773 79779 79784 79789 79794 79801 79804 79809 79814 79818 79823 79827 79834 79843 79849 79856 79860 79864 79871 79876 79880 79886 79903 79909 79965 79975 79987 80248 80250 80299 80397 80432 80440 80508 80515 80580 80592
generated FR941206-1-00134 6 75979 76717 77989 79324 80296 80357
primarily FR941206-1-00134 1 75980
by FR941206-1-00134 24 75981 76838 77254 77447 77767 78422 78507 78741 78810 79103 79158 79526 79550 79616 79625 79696 79730 79747 79944 80297 80311 80358 80371 80484
greater FR941206-1-00134 5 75982 76725 79389 79963 80005
costs FR941206-1-00134 23 75983 76054 76222 76256 76300 77441 77444 77454 77475 77773 77785 78014 78173 78205 78216 78230 78276 78357 78371 78428 78439 78513 78546
for FR941206-1-00134 54 75984 76067 76203 76291 76361 76472 76536 76563 76603 76605 76628 76644 76752 76806 76823 76904 76928 76934 77083 77196 77231 77259 77289 77292 77372 77469 77572 77840 78050 78067 78077 78115 78159 78282 78606 78688 78785 78852 78886 78928 78992 79076 79285 79342 79362 79381 79408 79425 79700 79740 79751 79930 80315 80329
disposing FR941206-1-00134 1 75985
of FR941206-1-00134 174 75986 75995 76002 76040 76055 76088 76100 76141 76159 76172 76205 76218 76276 76294 76313 76319 76346 76355 76394 76414 76443 76452 76466 76477 76488 76551 76573 76608 76620 76636 76639 76657 76700 76710 76801 76858 76870 76896 77013 77107 77136 77150 77188 77192 77224 77251 77269 77283 77295 77328 77335 77356 77389 77401 77445 77455 77460 77480 77524 77541 77546 77583 77591 77601 77649 77668 77685 77707 77715 77718 77728 77750 77770 77792 77837 77883 77891 77925 77941 77973 78002 78029 78070 78079 78094 78121 78137 78174 78198 78206 78209 78244 78261 78277 78296 78302 78320 78348 78408 78413 78437 78440 78447 78450 78467 78537 78547 78577 78589 78598 78683 78700 78713 78725 78728 78754 78761 78778 78855 78908 78920 78923 78970 78977 79017 79148 79205 79214 79255 79264 79267 79290 79299 79314 79317 79334 79414 79490 79529 79543 79620 79708 79913 79936 79940 80001 80008 80033 80047 80084 80118 80147 80154 80189 80227 80265 80273 80285 80320 80327 80341 80379 80388 80394 80418 80427 80447 80453 80464 80488 80512 80550 80571 80599
pcbcontaminated FR941206-1-00134 11 75987 76278 76701 76745 77514 77672 77794 77892 78590 79714 79826
transformers FR941206-1-00134 13 75988 75991 76094 76102 76150 76182 77515 77673 77690 77795 77832 77893 78595
. FR941206-1-00134 165 75989 76034 76053 76107 76127 76151 76183 76220 76232 76253 76263 76297 76309 76311 76316 76343 76364 76407 76433 76485 76522 76546 76576 76623 76654 76675 76705 76738 76774 76798 76848 76865 76892 76921 76986 77034 77050 77071 77109 77129 77145 77165 77175 77220 77234 77278 77312 77314 77320 77341 77364 77392 77425 77497 77499 77507 77528 77544 77568 77595 77613 77634 77653 77682 77695 77724 77748 77775 77796 77808 77825 77844 77864 77897 77907 77936 77950 77952 77959 77983 77994 78019 78034 78060 78086 78118 78140 78188 78211 78247 78281 78299 78333 78358 78395 78411 78426 78458 78471 78488 78490 78497 78511 78541 78567 78605 78634 78651 78704 78715 78721 78744 78773 78801 78815 78848 78881 78910 78994 79015 79039 79043 79049 79099 79124 79153 79236 79262 79284 79309 79380 79424 79440 79477 79498 79608 79692 79899 79925 79947 80006 80031 80036 80053 80082 80116 80121 80145 80165 80167 80185 80205 80223 80241 80260 80317 80344 80373 80421 80456 80466 80494 80528 80562 80603
most FR941206-1-00134 7 75990 76039 77545 77865 77984 78023 79263
now FR941206-1-00134 2 75992 77933
are FR941206-1-00134 35 75993 76110 76223 76257 76301 76329 76350 76402 76631 76750 76782 77043 77434 77462 77549 77688 77697 77744 77765 77912 77988 78027 78217 78417 78429 78565 78573 78643 78656 79156 79164 79276 80010 80504 80586
disposed FR941206-1-00134 3 75994 76857 78028
via FR941206-1-00134 2 75996 76859
industrial FR941206-1-00134 9 75997 76142 77143 77504 77510 77535 77731 77777 79787
furnace FR941206-1-00134 11 75998 76009 77505 77511 77536 77577 77627 77722 77732 77778 79788
but FR941206-1-00134 4 76000 78454 79163 80406
certain FR941206-1-00134 3 76001 78737 79312
these FR941206-1-00134 18 76003 76041 76125 76621 76658 76853 76922 77573 77662 77726 78017 78485 78512 78548 78607 78689 78882 78961
facilities FR941206-1-00134 8 76004 76109 76143 76173 76930 77574 78293 80554
would FR941206-1-00134 36 76005 76027 76044 76134 76174 76600 76679 76722 76925 77324 77516 77618 77630 77646 77780 77822 77868 78010 78040 78131 78169 78201 78231 78268 78289 78309 78327 78363 78386 78464 78480 78504 78529 78621 78662 79079
not FR941206-1-00134 21 76006 76661 77160 77619 77781 77859 77869 77945 78232 78251 78269 78310 78552 78663 79165 79506 79596 79995 80333 80408 80442
meet FR941206-1-00134 2 76007 77631
the FR941206-1-00134 208 76008 76023 76086 76096 76130 76157 76162 76201 76215 76274 76292 76298 76337 76341 76344 76356 76365 76371 76392 76398 76405 76423 76441 76444 76450 76460 76463 76473 76486 76516 76523 76552 76570 76577 76606 76614 76618 76624 76634 76637 76651 76655 76696 76719 76735 76740 76785 76789 76849 76866 76883 76890 76912 76919 76983 77051 77062 77069 77079 77097 77110 77116 77134 77163 77166 77186 77206 77210 77217 77248 77275 77284 77321 77345 77353 77357 77365 77399 77402 77443 77481 77488 77508 77525 77547 77569 77581 77608 77625 77635 77642 77650 77683 77716 77719 77729 77735 77741 77751 77768 77771 77776 77793 77797 77802 77829 77838 77926 77937 78000 78061 78071 78111 78119 78122 78135 78138 78214 78228 78242 78274 78346 78354 78368 78396 78406 78414 78423 78438 78448 78468 78508 78535 78544 78569 78610 78652 78675 78680 78693 78709 78723 78726 78749 78774 78788 78791 78826 78849 78872 78877 78898 78906 78913 78937 78968 78995 79007 79073 79256 79265 79332 79358 79397 79404 79412 79415 79432 79445 79461 79527 79530 79541 79553 79563 79566 79572 79603 79618 79627 79698 79918 79984 79992 80037 80044 80048 80151 80155 80244 80269 80280 80308 80318 80352 80361 80364 80398 80434 80444 80448 80460 80472 80486 80489 80492 80510 80513
standards FR941206-1-00134 2 76010 80284
specified FR941206-1-00134 3 76011 79282 79330
in FR941206-1-00134 57 76012 76049 76103 76352 76370 76462 76493 76541 76681 76727 76758 76770 76978 77094 77103 77162 77539 77580 77614 77624 77850 77880 77914 78110 78189 78241 78254 78273 78334 78356 78452 78500 78532 78654 78666 78875 79012 79019 79101 79141 79233 79246 79278 79325 79331 79367 79448 79464 79540 79575 79614 79694 80290 80423 80491 80543 80589
proposed FR941206-1-00134 17 76013 76185 76387 76494 76524 76564 76578 76685 76720 76786 76807 76923 76988 77526 78611 78780 79060
761.60 FR941206-1-00134 9 76014 76266 76686 76808 77961 79630 79644 79660 79676
( FR941206-1-00134 83 76015 76018 76069 76074 76077 76080 76197 76236 76240 76267 76270 76375 76447 76506 76566 76584 76687 76690 76809 76812 76815 76931 77001 77004 77007 77075 77179 77182 77238 77241 77244 77361 77419 77962 77965 77968 78147 78180 78671 78732 78770 78812 78830 78943 79106 79114 79126 79304 79500 79631 79634 79637 79640 79645 79648 79651 79654 79661 79664 79667 79670 79677 79680 79683 79686 79979 80014 80028 80065 80079 80099 80113 80142 80162 80168 80182 80198 80206 80220 80236 80254 80469 80540
a FR941206-1-00134 75 76016 76075 76139 76169 76198 76470 76893 76979 77027 77076 77147 77189 77221 77293 77326 77380 77386 77458 77477 77498 77522 77588 77599 77845 77855 77878 77887 77923 78056 78127 78237 78574 78697 78758 78820 79111 79203 79234 79281 79352 79376 79456 79473 79481 79488 79520 79545 79632 79641 79646 79662 79671 79678 79910 79928 79934 79945 79948 79999 80020 80054 80088 80122 80176 80214 80321 80338 80375 80403 80415 80428 80450 80500 80518 80600
) FR941206-1-00134 83 76017 76020 76071 76076 76079 76082 76199 76238 76242 76269 76272 76385 76458 76512 76568 76599 76689 76692 76811 76814 76817 76954 77003 77006 77009 77077 77181 77184 77240 77243 77246 77363 77424 77964 77967 77970 78168 78187 78691 78734 78772 78817 78832 78945 79108 79116 79128 79306 79502 79633 79636 79639 79642 79647 79650 79653 79656 79663 79666 79669 79672 79679 79682 79685 79688 79986 80016 80032 80069 80083 80103 80117 80146 80166 80170 80186 80202 80208 80224 80240 80261 80475 80545
4 FR941206-1-00134 5 76019 76114 76271 76381 78771
and FR941206-1-00134 86 76022 76059 76072 76093 76095 76123 76138 76213 76239 76284 76417 76431 76597 76666 76698 76765 76830 76833 76941 76959 76967 77086 77142 77199 77203 77262 77310 77333 77338 77351 77486 77641 77691 77928 78006 78045 78053 78105 78227 78259 78324 78383 78442 78527 78556 78603 78730 78751 78819 78896 78902 78904 78972 78979 79036 79097 79109 79208 79219 79221 79307 79385 79403 79460 79593 79643 79674 79724 79736 79742 79746 79888 79932 79938 80087 80129 80192 80230 80251 80287 80313 80506 80536 80547 80552 80585
furnaces FR941206-1-00134 2 76024 77585
no FR941206-1-00134 9 76025 77698 78460 78559 78814 79478 79536 79569 80383
longer FR941206-1-00134 1 76026
be FR941206-1-00134 49 76028 76045 76226 76260 76282 76304 76601 76672 76856 76876 77172 77620 77757 77870 77919 77946 78041 78233 78236 78270 78311 78364 78387 78432 78465 78505 78520 78530 78622 78646 78664 78823 78934 78965 79062 79349 79373 79401 79418 79421 79435 79453 79469 79485 79956 80041 80071 80105 80134
able FR941206-1-00134 4 76029 78312 78388 78623
to FR941206-1-00134 104 76030 76112 76118 76144 76178 76188 76208 76225 76246 76259 76287 76303 76323 76368 76481 76499 76514 76712 76784 76855 76875 76982 76991 77047 77089 77105 77114 77171 77208 77216 77274 77280 77302 77369 77411 77427 77492 77562 77607 77622 77738 77789 77877 78016 78043 78052 78089 78165 78177 78182 78223 78235 78257 78294 78313 78318 78352 78366 78372 78389 78405 78431 78484 78519 78534 78585 78624 78629 78645 78674 78735 78787 78859 78865 78936 78967 79000 79061 79081 79117 79132 79167 79242 79250 79271 79295 79321 79357 79387 79420 79508 79584 79629 79657 79892 79906 79958 80073 80107 80136 80279 80335 80410 80523
accept FR941206-1-00134 1 76031
this FR941206-1-00134 31 76032 76153 76362 76408 76467 76629 76730 76871 77232 77290 77342 77395 78068 78087 78116 78300 78755 78779 78853 78921 78930 79013 79129 79159 79247 79268 79291 79318 79346 79503 80349
equipment FR941206-1-00134 18 76033 76219 76280 76296 77628 77637 77694 78591 78626 78670 79511 79531 79567 79577 79604 79716 80309 80369
it FR941206-1-00134 9 76035 77529 77654 77816 78635 79519 79534 79967 80345
is FR941206-1-00134 41 76036 76386 76435 76455 76497 76648 76660 76684 76716 76793 76804 76873 77055 77123 77169 77379 77410 77490 77575 77638 78551 78857 78879 79059 79548 79953 79968 80051 80059 80093 80126 80157 80277 80332 80346 80402 80407 80436 80471 80517 80569
likely FR941206-1-00134 9 76037 77491 77605 77621 77866 78234 78365 78481 78644
that FR941206-1-00134 32 76038 76161 76454 76581 76678 76749 76755 77026 77331 77532 77629 77657 77710 77819 77911 77998 78307 78579 78641 78659 78748 79155 79516 79533 79562 79594 79991 80276 80303 80351 80568 80577
pcb FR941206-1-00134 53 76042 76089 76101 76149 76181 76206 76553 76582 76642 76929 77014 77084 77211 77303 77322 77336 77339 77609 77831 78024 78057 78321 78509 78538 78594 78873 79151 79336 79340 79370 79405 79446 79462 79482 79709 79720 79726 79830 79846 79852 79951 80266 80281 80294 80301 80342 80355 80365 80380 80419 80438 80454 80566
articles FR941206-1-00134 2 76043 76207
incinerated FR941206-1-00134 1 76046
or FR941206-1-00134 54 76047 76116 76336 76519 76534 76754 76768 76863 76886 76915 76951 76975 77065 77119 77704 77939 78378 78679 78692 78916 79003 79146 79150 79212 79227 79244 79253 79259 79388 79428 79523 79538 79586 79840 79869 79962 79972 79988 80004 80187 80200 80203 80225 80238 80271 80300 80323 80360 80390 80400 80425 80525 80573 80596
placed FR941206-1-00134 1 76048
chemical FR941206-1-00134 9 76050 76428 76531 76771 76860 79210 79438 79989 80481
waste FR941206-1-00134 33 76051 76429 76453 76490 76532 76731 76772 76861 77253 77261 77985 78033 78292 79177 79710 79783 79839 79842 79848 79854 79922 80267 80295 80302 80343 80356 80366 80381 80420 80439 80455 80564 80567
landfills FR941206-1-00134 4 76052 76533 76773 77144
$ FR941206-1-00134 27 76056 76060 76227 76261 76305 76320 76324 76380 76478 76482 76507 76558 76713 76796 76877 76897 77056 77124 77173 77225 77270 77593 78074 78096 78175 78178 78185
1.3 FR941206-1-00134 1 76057
1.1 FR941206-1-00134 2 76061 77125
per FR941206-1-00134 13 76063 76230 76307 76327 76383 76510 76561 76900 77127 77227 78098 78868 79302
year FR941206-1-00134 10 76064 76231 76308 76328 76384 76511 76562 76901 77128 77228
were FR941206-1-00134 6 76065 76555 77159 77746 78403 78514
estimated FR941206-1-00134 30 76066 76111 76187 76224 76258 76302 76330 76347 76376 76498 76556 76626 76805 76874 76903 76990 77052 77111 77170 77230 77265 77531 77612 77656 77818 77947 78066 78430 78515 78858
761.40 FR941206-1-00134 2 76068 76235
k FR941206-1-00134 1 76070
761.30 FR941206-1-00134 2 76073 76565
1 FR941206-1-00134 3 76078 77005 80015
vii FR941206-1-00134 1 76081
which FR941206-1-00134 13 76084 76390 76645 76694 76781 76819 77578 78876 80022 80178 80193 80216 80231
cover FR941206-1-00134 4 76085 76247 78353 79912
marking FR941206-1-00134 2 76087 76244
large FR941206-1-00134 10 76090 76170 76502 76625 77470 78192 78238 78554 80171 80209
lowvoltage FR941206-1-00134 1 76091
capacitors FR941206-1-00134 2 76092 80009
registration FR941206-1-00134 2 76097 76132
with FR941206-1-00134 14 76098 76641 76729 77016 77556 77598 77679 77812 78134 78163 78196 79589 79599 79983
epa FR941206-1-00134 22 76099 76334 76400 76520 76778 76887 76916 77066 77088 77120 77406 77421 77428 77632 77736 78397 78583 78632 78745 78811 78993 80412
use FR941206-1-00134 10 76104 76572 76604 76619 76647 77187 77306 78290 79144 80511
respectively FR941206-1-00134 2 76106 79691
many FR941206-1-00134 5 76108 77861 77871 77995 78618
require FR941206-1-00134 4 76113 76135 76763 76852
hours FR941206-1-00134 3 76115 78864 78867
more FR941206-1-00134 9 76117 77448 77974 78152 78619 80094 80109 80188 80226
locate FR941206-1-00134 1 76119
mark FR941206-1-00134 3 76121 79524 79546
register FR941206-1-00134 2 76124 76179
items FR941206-1-00134 7 76126 76583 76622 77337 78550 79152 80576
similarly FR941206-1-00134 1 76128
transformer FR941206-1-00134 3 76131 77542 79727
requirement FR941206-1-00134 1 76133
electric FR941206-1-00134 2 76136 76594
utilities FR941206-1-00134 1 76137
variety FR941206-1-00134 2 76140 77327
submit FR941206-1-00134 1 76145
information FR941206-1-00134 14 76146 76160 78738 78762 78775 78803 78827 78856 78909 78924 78940 78971 79008 79974
on FR941206-1-00134 25 76147 76633 76776 77317 77348 77385 77415 77502 77659 77676 77810 77955 78126 78315 78399 78493 78562 78871 79006 79351 79375 79455 79472 79518 79558
their FR941206-1-00134 16 76148 76180 76609 77576 77604 77669 77686 77881 78007 78224 78255 78316 78373 78660 78668 78701
while FR941206-1-00134 5 76152 77394 77853 80306 80367
amendment FR941206-1-00134 1 76154
requires FR941206-1-00134 2 76155 77367
only FR941206-1-00134 8 76156 76427 76671 77040 77146 78150 79273 80556
submission FR941206-1-00134 1 76158
firms FR941206-1-00134 16 76163 77617 77804 77814 77872 77896 77901 77910 78280 78288 78305 78308 78340 78470 78525 78650
should FR941206-1-00134 5 76164 77858 78350 78933 78963
have FR941206-1-00134 4 76165 78581 78782 80559
readily FR941206-1-00134 1 76166
available FR941206-1-00134 3 76167 77484 77701
number FR941206-1-00134 5 76171 76638 76656 77388 78576
incur FR941206-1-00134 5 76175 77782 78011 78170 78202
some FR941206-1-00134 2 76176 77900
expense FR941206-1-00134 1 76177
other FR941206-1-00134 11 76184 76529 76957 77692 77705 77895 78494 78501 78918 79209 80325
provisions FR941206-1-00134 4 76186 76989 79266 79313
generate FR941206-1-00134 4 76189 76500 76992 78614
incremental FR941206-1-00134 9 76190 76221 76254 78092 78123 78171 78215 78229 78369
cost FR941206-1-00134 29 76191 76314 76317 76348 76373 76475 76504 76549 76668 76682 76708 76791 76802 76868 76894 76994 77222 77267 77298 77590 78093 78113 78124 78243 78331 78343 78393 78449 78462
include FR941206-1-00134 5 76192 76996 78884 79161 80532
: FR941206-1-00134 13 76193 76997 77437 78989 79041 79066 79085 79087 79121 79168 79896 80013 80533
• FR941206-1-00134 12 76194 76233 76264 76998 77072 77130 77176 77235 77438 77453 77473 77487
section FR941206-1-00134 12 76195 76265 76409 76579 76630 76999 77073 77131 77177 77236 77343 77960
761.67 FR941206-1-00134 1 76196
limits FR941206-1-00134 1 76200
storage FR941206-1-00134 12 76202 76217 76949 77012 77039 77081 77091 77308 80282 80291 80330 80378
reuse FR941206-1-00134 1 76204
less FR941206-1-00134 8 76209 78433 78443 80024 80060 80075 80138 80158
than FR941206-1-00134 19 76210 76530 76733 77449 77468 77558 77894 77975 78153 78434 78444 79390 80025 80061 80076 80095 80110 80139 80159
3 FR941206-1-00134 10 76211 77057 77313 80029 80080 80114 80143 80183 80207 80221
years FR941206-1-00134 1 76212
prevents FR941206-1-00134 1 76214
indefinite FR941206-1-00134 1 76216
0.9 FR941206-1-00134 1 76228
sections FR941206-1-00134 1 76234
d FR941206-1-00134 2 76237 79289
h FR941206-1-00134 1 76241
extends FR941206-1-00134 2 76243 77078
requirements FR941206-1-00134 6 76245 77355 78753 78777 79010 79038
transport FR941206-1-00134 2 76248 78046
vehicles FR941206-1-00134 1 76249
carrying FR941206-1-00134 1 76250
nond FR941206-1-00134 11 76251 77200 79343 79393 79394 79398 79409 79450 79807 80395 80537
pcbs FR941206-1-00134 32 76252 76540 76575 76757 76839 76971 76977 77018 77155 77201 79149 79261 79272 79275 79322 79344 79364 79384 79410 79423 79537 79570 79591 79601 79793 79808 79964 79997 80396 80503 80522 80579
annual FR941206-1-00134 10 76255 76474 76503 76707 76790 76867 77053 77167 77266 77439
236000 FR941206-1-00134 1 76262
b FR941206-1-00134 11 76268 76310 76688 76810 77951 77963 79107 79127 79316 79655 79687
specifies FR941206-1-00134 1 76273
amount FR941206-1-00134 2 76275 76451
time FR941206-1-00134 4 76277 77092 78885 80384
electrical FR941206-1-00134 3 76279 77693 79715
must FR941206-1-00134 3 76281 79955 80104
drained FR941206-1-00134 2 76283 76295
adds FR941206-1-00134 1 76285
language FR941206-1-00134 1 76286
indicate FR941206-1-00134 1 76288
appropriate FR941206-1-00134 1 76289
options FR941206-1-00134 5 76290 76416 76528 76822 77371
disposal FR941206-1-00134 23 76293 76393 76415 76487 76527 76699 76769 76821 76936 76945 77135 77972 78001 78013 78054 78058 78078 78106 78172 78204 78370 78539 80316
added FR941206-1-00134 2 76299 79583
131400 FR941206-1-00134 1 76306
areas FR941206-1-00134 7 76312 76345 79799 80531 80535 80539 80549
savings FR941206-1-00134 22 76315 76318 76349 76374 76476 76505 76550 76627 76669 76683 76709 76792 76803 76869 76895 76995 77054 77112 77168 77223 77268 77299
4.2 FR941206-1-00134 1 76321
billion FR941206-1-00134 5 76322 76326 76382 76480 76484
4.8 FR941206-1-00134 1 76325
using FR941206-1-00134 5 76331 76881 76910 77060 78684
either FR941206-1-00134 9 76332 76515 76766 76882 76911 77061 77115 78657 78673
existing FR941206-1-00134 17 76333 76338 76399 76424 76517 76615 76736 76741 76777 76850 76884 76913 77035 77063 77117 77276 78891
policy FR941206-1-00134 9 76335 76521 76888 76917 77067 77121 77409 78828 78941
regulations FR941206-1-00134 21 76339 76401 76518 76616 76721 76737 76742 76787 76851 76885 76914 76924 76985 77064 77118 77164 77212 77219 77277 78018 78072
as FR941206-1-00134 26 76340 76404 76586 76889 76918 76972 77068 77457 77521 77826 77922 77979 78030 78108 78764 79064 79083 79119 79202 79365 79487 79894 80011 80337 80414 80541
baseline FR941206-1-00134 5 76342 76406 76891 76920 77070
summarized FR941206-1-00134 1 76351
table FR941206-1-00134 2 76353 77281
43 FR941206-1-00134 2 76354 77282
regulatory FR941206-1-00134 8 76357 76652 77285 77315 77358 78424 78486 78973
impact FR941206-1-00134 5 76358 77286 77316 77384 78064
analysis FR941206-1-00134 5 76359 77287 79439 79990 80482
developed FR941206-1-00134 2 76360 77288
rulemaking FR941206-1-00134 2 76363 77291
provision FR941206-1-00134 7 76366 76677 76872 77233 78069 78117 79479
expected FR941206-1-00134 1 76367
result FR941206-1-00134 6 76369 76680 77523 77924 79204 79489
largest FR941206-1-00134 1 76372
at FR941206-1-00134 17 76377 76557 76840 77019 77140 77463 78020 78055 78073 78766 79230 79297 79328 79360 79998 80195 80382
slightly FR941206-1-00134 2 76378 78151
over FR941206-1-00134 3 76379 77592 79917
761.61 FR941206-1-00134 1 76388
covers FR941206-1-00134 2 76391 76695
remediation FR941206-1-00134 7 76395 76445 76953 79853 79867 79907 79921
wastes FR941206-1-00134 11 76396 76538 76974 77085 77108 77139 77153 77340 77982 78322 80604
when FR941206-1-00134 3 76397 77041 79904
used FR941206-1-00134 2 76403 80042
allows FR941206-1-00134 5 76410 77010 77087 77133 77185
an FR941206-1-00134 6 76411 76706 77264 77713 78090 78802
expanded FR941206-1-00134 1 76412
set FR941206-1-00134 1 76413
simplified FR941206-1-00134 1 76418
administrative FR941206-1-00134 1 76419
procedures FR941206-1-00134 1 76420
where FR941206-1-00134 10 76422 76968 77096 78338 79920 80433 80470 80502 80507 80555
regulation FR941206-1-00134 2 76425 77489
allowed FR941206-1-00134 2 76426 76649
landfilling FR941206-1-00134 1 76430
incineration FR941206-1-00134 5 76432 76535 76767 76864 76938
there FR941206-1-00134 6 76434 77378 77696 77867 78267 80516
however FR941206-1-00134 8 76437 76664 77760 77949 78038 78420 78517 78639
uncertainty FR941206-1-00134 1 76439
about FR941206-1-00134 1 76440
estimate FR941206-1-00134 3 76442 76468 78915
rate FR941206-1-00134 1 76446
ie FR941206-1-00134 2 76448 76932
remediated FR941206-1-00134 1 76456
annually FR941206-1-00134 1 76457
; FR941206-1-00134 24 76459 77021 77156 77452 77472 77485 79171 79174 79176 79179 79183 79186 79188 79190 79192 79194 79197 79199 79207 79411 79592 79729 79745 80546
variation FR941206-1-00134 2 76461 78272
plausible FR941206-1-00134 1 76464
values FR941206-1-00134 1 76465
produces FR941206-1-00134 1 76469
range FR941206-1-00134 2 76471 77191
2 FR941206-1-00134 8 76479 76847 77966 79635 79649 79665 79681 80169
6 FR941206-1-00134 4 76483 76813 77183 77242
nonn FR941206-1-00134 3 76489 76537 79847
covered FR941206-1-00134 1 76492
761.62 FR941206-1-00134 1 76495
another FR941206-1-00134 3 76501 76676 76799
150 FR941206-1-00134 1 76508
compared FR941206-1-00134 3 76513 77113 77273
rule FR941206-1-00134 4 76525 78756 78781 78997
establishes FR941206-1-00134 1 76526
containing FR941206-1-00134 3 76539 79258 79383
concentrations FR941206-1-00134 10 76542 76759 76841 77020 77042 79279 79298 79329 79341 79371
< FR941206-1-00134 2 76543 76842
50 FR941206-1-00134 6 76544 77022 77044 78166 78183 79300
ppm FR941206-1-00134 8 76545 76762 77023 77045 77049 79305 79961 80003
additional FR941206-1-00134 5 76547 76987 77297 78203 78615
substantial FR941206-1-00134 2 76548 77387
amendments FR941206-1-00134 8 76554 76653 77323 77527 77610 77927 78510 78612
500 FR941206-1-00134 6 76559 76761 77048 79960 80002 80386
q FR941206-1-00134 1 76567
continued FR941206-1-00134 2 76571 76646
prea FR941206-1-00134 1 76574
provides FR941206-1-00134 1 76580
such FR941206-1-00134 5 76585 77260 77942 78649 79544
hvac FR941206-1-00134 1 76587
gaskets FR941206-1-00134 1 76588
plastic FR941206-1-00134 1 76590
plasticizers FR941206-1-00134 1 76592
cable FR941206-1-00134 1 76595
others FR941206-1-00134 6 76598 78604 80298 80312 80359 80372
authorized FR941206-1-00134 2 76602 80557
remainder FR941206-1-00134 2 76607 77684
useful FR941206-1-00134 1 76610
life FR941206-1-00134 2 76611 80527
whereas FR941206-1-00134 1 76613
banned FR941206-1-00134 1 76617
based FR941206-1-00134 5 76632 76775 77675 77809 79557
estimates FR941206-1-00134 4 76635 77300 78114 78883
buildings FR941206-1-00134 1 76640
contamination FR941206-1-00134 1 76643
under FR941206-1-00134 7 76650 76739 76956 78790 79338 79345 80348
locations FR941206-1-00134 1 76659
known FR941206-1-00134 2 76662 79969
thus FR941206-1-00134 4 76667 78141 78212 78359
can FR941206-1-00134 3 76670 77711 77944
roughly FR941206-1-00134 1 76673
approximated FR941206-1-00134 1 76674
5 FR941206-1-00134 3 76691 77450 78435
abandonment FR941206-1-00134 1 76697
natural FR941206-1-00134 3 76702 76746 78599
gas FR941206-1-00134 3 76703 76747 78600
pipelines FR941206-1-00134 3 76704 76748 78601
close FR941206-1-00134 1 76711
63 FR941206-1-00134 1 76714
because FR941206-1-00134 3 76718 77762 78617
allow FR941206-1-00134 2 76723 77037
considerably FR941206-1-00134 1 76724
latitude FR941206-1-00134 1 76726
dealing FR941206-1-00134 1 76728
stream FR941206-1-00134 1 76732
did FR941206-1-00134 1 76734
all FR941206-1-00134 7 76744 77764 78286 78328 78339 78453 79133
inaccessible FR941206-1-00134 1 76751
characterization FR941206-1-00134 1 76753
contain FR941206-1-00134 9 76756 77154 77886 79959 79996 80074 80108 80137 80578
> FR941206-1-00134 1 76760
excavation FR941206-1-00134 1 76764
policies FR941206-1-00134 1 76779
similar FR941206-1-00134 4 76783 76980 78330 78342
much FR941206-1-00134 4 76794 77888 78253 78271
smaller_ FR941206-1-00134 1 76795
387310 FR941206-1-00134 1 76797
area FR941206-1-00134 5 76800 79778 79919 80498 80514
iii FR941206-1-00134 3 76816 79638 79652
identifies FR941206-1-00134 1 76820
nonporous FR941206-1-00134 1 76824
surfaces FR941206-1-00134 2 76825 79942
including FR941206-1-00134 7 76827 76964 78593 78926 79217 79980 80593
metal FR941206-1-00134 3 76828 77720 77841
ship FR941206-1-00134 1 76829
submarine FR941206-1-00134 1 76831
hulls FR941206-1-00134 1 76832
air FR941206-1-00134 1 76834
handling FR941206-1-00134 3 76835 77513 77791
systems FR941206-1-00134 1 76836
contaminated FR941206-1-00134 3 76837 79172 79201
100 FR941206-1-00134 4 76843 77534 77566 80066
m FR941206-1-00134 3 76844 78839 78952
g/100 FR941206-1-00134 1 76845
cm FR941206-1-00134 1 76846
materials FR941206-1-00134 5 76854 79200 79296 79395 79399
landfill FR941206-1-00134 1 76862
37.5 FR941206-1-00134 1 76878
10.6 FR941206-1-00134 1 76898
was FR941206-1-00134 11 76902 77229 77530 77611 77655 77817 78065 78636 79605 79923 80304
761.77 FR941206-1-00134 1 76905
coordinated FR941206-1-00134 1 76907
approval FR941206-1-00134 4 76908 78633 78786 80413
acknowledge FR941206-1-00134 1 76926
permits FR941206-1-00134 1 76927
land FR941206-1-00134 2 76935 78379
research FR941206-1-00134 2 76940 79741
development FR941206-1-00134 3 76942 78380 79743
alternative FR941206-1-00134 1 76944
technologies FR941206-1-00134 1 76946
commercial FR941206-1-00134 8 76948 78291 79706 80263 80339 80404 80416 80451
site FR941206-1-00134 4 76952 79868 79870 80501
issued FR941206-1-00134 1 76955
state FR941206-1-00134 1 76958
federal FR941206-1-00134 2 76960 78742
environmental FR941206-1-00134 5 76961 78834 78947 79024 80246
programs FR941206-1-00134 1 76962
rcra FR941206-1-00134 2 76965 79863
states FR941206-1-00134 2 76969 80462
classify FR941206-1-00134 1 76970
hazardous FR941206-1-00134 3 76973 77152 79027
regulate FR941206-1-00134 1 76976
fashion FR941206-1-00134 1 76981
tsca FR941206-1-00134 2 76984 79879
significant FR941206-1-00134 6 76993 77382 77432 77478 77745 78560
761.65 FR941206-1-00134 5 77000 77074 77178 77237 80286
c FR941206-1-00134 4 77002 77180 77239 78489
iv FR941206-1-00134 1 77008
temporary FR941206-1-00134 2 77011 77038
containers FR941206-1-00134 2 77015 77195
liquid FR941206-1-00134 7 77017 77198 79363 79422 79466 79792 80389
provided FR941206-1-00134 2 77025 79497
spill FR941206-1-00134 1 77028
prevention FR941206-1-00134 1 77029
plan FR941206-1-00134 1 77030
has FR941206-1-00134 7 77031 77099 78746 78807 79517 79578 79595
been FR941206-1-00134 5 77032 78783 78808 79579 79597
prepared FR941206-1-00134 2 77033 78809
measures FR941206-1-00134 1 77036
up FR941206-1-00134 1 77046
allowable FR941206-1-00134 1 77080
period FR941206-1-00134 1 77082
grant FR941206-1-00134 1 77090
extensions FR941206-1-00134 1 77093
cases FR941206-1-00134 1 77095
owner FR941206-1-00134 4 77098 80270 80399 80446
shown FR941206-1-00134 2 77100 77755
due FR941206-1-00134 4 77101 78015 78483 78672
diligence FR941206-1-00134 1 77102
trying FR941206-1-00134 1 77104
dispose FR941206-1-00134 6 77106 77334 78260 78295 78319 79147
761.63 FR941206-1-00134 1 77132
pcbcontaining FR941206-1-00134 6 77137 78047 78083 78099 78155 78262
household FR941206-1-00134 5 77138 77151 79782 80563 80575
municipal FR941206-1-00134 3 77141 77980 78031
small FR941206-1-00134 21 77148 77318 77329 77374 77390 77417 77495 77503 77509 77550 77803 77956 78144 78400 78495 78498 78524 78563 78575 79738 80017
portion FR941206-1-00134 3 77149 77890 78699
they FR941206-1-00134 2 77157 77763
previously FR941206-1-00134 1 77158
addressed FR941206-1-00134 1 77161
840000 FR941206-1-00134 1 77174
wider FR941206-1-00134 1 77190
dot FR941206-1-00134 4 77193 77218 79761 80458
approved FR941206-1-00134 1 77194
storing FR941206-1-00134 2 77197 80437
thereby FR941206-1-00134 1 77204
avoids FR941206-1-00134 1 77205
need FR941206-1-00134 1 77207
revise FR941206-1-00134 1 77209
after FR941206-1-00134 2 77213 79513
each FR941206-1-00134 4 77214 79449 79465 80274
change FR941206-1-00134 2 77215 80422
565000 FR941206-1-00134 1 77226
i FR941206-1-00134 2 77245 79055
acknowledges FR941206-1-00134 1 77247
special FR941206-1-00134 3 77249 78582 78631
characteristics FR941206-1-00134 2 77250 77727
radioactive FR941206-1-00134 2 77252 79838
allowing FR941206-1-00134 1 77255
unique FR941206-1-00134 1 77256
container FR941206-1-00134 1 77257
designs FR941206-1-00134 1 77258
generates FR941206-1-00134 1 77263
132000 FR941206-1-00134 1 77271
refer FR941206-1-00134 1 77279
list FR941206-1-00134 1 77294
several FR941206-1-00134 3 77296 77677 78207
related FR941206-1-00134 1 77301
import FR941206-1-00134 1 77304
exemption FR941206-1-00134 1 77311
businesses FR941206-1-00134 9 77319 77330 77350 77548 78496 78499 78564 78570 78608
affect FR941206-1-00134 1 77325
handle FR941206-1-00134 3 77332 77999 78258
considers FR941206-1-00134 1 77344
economic FR941206-1-00134 8 77346 77383 77500 77519 77742 77953 78063 78491
impacts FR941206-1-00134 17 77347 77376 77404 77414 77433 77501 77520 77743 77954 78303 78394 78402 78425 78487 78492 78561 78642
those FR941206-1-00134 3 77349 78148 78162
addresses FR941206-1-00134 1 77352
analytical FR941206-1-00134 1 77354
flexibility FR941206-1-00134 1 77359
act FR941206-1-00134 5 77360 78708 78712 78794 80253
rfa FR941206-1-00134 2 77362 77366
agencies FR941206-1-00134 2 77368 78743
explore FR941206-1-00134 1 77370
minimizing FR941206-1-00134 1 77373
business FR941206-1-00134 3 77375 78401 78695
whenever FR941206-1-00134 1 77377
`` FR941206-1-00134 40 77381 78759 79335 79621 79659 79675 79701 79705 79713 79719 79725 79732 79737 79752 79756 79760 79764 79769 79775 79781 79786 79791 79796 79802 79806 79811 79816 79820 79825 79829 79836 79845 79851 79857 79862 79866 79873 79878 79882 79889
entities FR941206-1-00134 4 77391 77418 77471 77496
'' FR941206-1-00134 40 77393 78763 79337 79624 79673 79689 79704 79712 79718 79723 79728 79735 79744 79755 79759 79763 79768 79774 79780 79785 79790 79795 79800 79805 79810 79815 79819 79824 79828 79835 79844 79850 79855 79861 79865 79872 79877 79881 79887 79891
discussion FR941206-1-00134 1 77396
will FR941206-1-00134 3 77397 77805 78998
consider FR941206-1-00134 2 77398 77412
significance FR941206-1-00134 1 77400
potential FR941206-1-00134 2 77403 80519
's FR941206-1-00134 5 77407 77429 79977 80377 80430
internal FR941206-1-00134 1 77408
any FR941206-1-00134 12 77413 77416 78478 78917 79001 79222 79231 79491 79509 79590 79600 80324
us FR941206-1-00134 1 77420
1992d FR941206-1-00134 1 77423
according FR941206-1-00134 3 77426 78222 79356
guidelines FR941206-1-00134 1 77430
produced FR941206-1-00134 1 77435
if FR941206-1-00134 6 77436 78477 79274 80043 80150 80374
compliance FR941206-1-00134 6 77440 77456 77772 77784 78278 78427
increase FR941206-1-00134 4 77442 78240 78351 78355
production FR941206-1-00134 2 77446 78441
percent FR941206-1-00134 8 77451 77466 77667 77836 77848 78436 78446 79392
percentage FR941206-1-00134 3 77459 77479 78239
sales FR941206-1-00134 2 77461 78451
least FR941206-1-00134 1 77464
10 FR941206-1-00134 3 77465 77559 78445
higher FR941206-1-00134 2 77467 77889
capital FR941206-1-00134 5 77474 77483 77589 78461 78676
represent FR941206-1-00134 2 77476 77833
total FR941206-1-00134 5 77482 79251 80057 80091 80152
shut FR941206-1-00134 2 77493 77823
down FR941206-1-00134 2 77494 77824
operations FR941206-1-00134 11 77506 77537 77564 77663 77733 77807 77821 77843 77993 78475 78703
operators FR941206-1-00134 3 77512 77602 77779
experience FR941206-1-00134 2 77517 77903
negative FR941206-1-00134 1 77518
approximately FR941206-1-00134 5 77533 77665 77834 78080 78095
specialize FR941206-1-00134 1 77538
recovery FR941206-1-00134 4 77540 77648 77721 77842
carcasses FR941206-1-00134 1 77543
ranging FR941206-1-00134 1 77552
from FR941206-1-00134 9 77553 77671 78825 78862 79552 79581 79970 80521 80582
owneroperated FR941206-1-00134 1 77554
units FR941206-1-00134 2 77555 80598
fewer FR941206-1-00134 1 77557
employees FR941206-1-00134 3 77560 77567 80558
larger FR941206-1-00134 1 77563
approaching FR941206-1-00134 1 77565
major FR941206-1-00134 1 77570
asset FR941206-1-00134 1 77571
case FR941206-1-00134 2 77582 78407
aljonunited FR941206-1-00134 1 77584
carries FR941206-1-00134 1 77587
100000 FR941206-1-00134 1 77594
through FR941206-1-00134 2 77596 77702
contacts FR941206-1-00134 2 77597 77678
selection FR941206-1-00134 1 77600
response FR941206-1-00134 2 77606 80247
general FR941206-1-00134 1 77615
invest FR941206-1-00134 1 77623
new FR941206-1-00134 5 77626 77636 78376 79112 80445
specifications FR941206-1-00134 1 77633
quite FR941206-1-00134 1 77639
costly FR941206-1-00134 1 77640
high FR941206-1-00134 5 77643 79776 80172 80496 80529
temperatures FR941206-1-00134 1 77644
required FR941206-1-00134 5 77645 78042 78466 78678 80409
make FR941206-1-00134 2 77647 80443
metals FR941206-1-00134 1 77651
impossible FR941206-1-00134 1 77652
average FR941206-1-00134 3 77660 78091 78860
derive FR941206-1-00134 1 77664
15 FR941206-1-00134 4 77666 77835 77847 79088
inputs FR941206-1-00134 4 77670 77687 77839 77874
industry FR941206-1-00134 4 77680 77708 77723 77813
personnel FR941206-1-00134 2 77681 78687
nonbcontaminated FR941206-1-00134 1 77689
financial FR941206-1-00134 2 77699 77916
statistics FR941206-1-00134 1 77700
conventional FR941206-1-00134 1 77703
sources FR941206-1-00134 3 77706 77882 78893
data FR941206-1-00134 4 77709 78892 78900 79560
provide FR941206-1-00134 1 77712
overview FR941206-1-00134 1 77714
condition FR941206-1-00134 2 77717 77917
given FR941206-1-00134 1 77725
affected FR941206-1-00134 5 77730 77830 78469 78506 78572
criteria FR941206-1-00134 4 77737 77754 78398 78416
determine FR941206-1-00134 1 77739
whether FR941206-1-00134 2 77740 77801
applied FR941206-1-00134 2 77747 78404
none FR941206-1-00134 2 77749 78412
first FR941206-1-00134 2 77752 79606
three FR941206-1-00134 1 77753
could FR941206-1-00134 2 77756 77918
evaluated FR941206-1-00134 1 77758
defined FR941206-1-00134 4 77766 78765 79366 80542
size FR941206-1-00134 4 77769 78120 78136 78225
incurred FR941206-1-00134 2 77774 78125
direct FR941206-1-00134 1 77783
choosing FR941206-1-00134 1 77787
instead FR941206-1-00134 1 77788
cease FR941206-1-00134 2 77790 77806
last FR941206-1-00134 1 77798
criterion FR941206-1-00134 1 77799
asks FR941206-1-00134 1 77800
discussions FR941206-1-00134 1 77811
few FR941206-1-00134 2 77820 78474
noted FR941206-1-00134 2 77827 79239
corresponding FR941206-1-00134 1 77846
decline FR941206-1-00134 1 77849
profits FR941206-1-00134 1 77851
representing FR941206-1-00134 1 77854
hardship FR941206-1-00134 1 77856
cause FR941206-1-00134 1 77860
plant FR941206-1-00134 1 77862
shutdowns FR941206-1-00134 1 77863
whose FR941206-1-00134 5 77873 79950 80056 80090 80124
owing FR941206-1-00134 1 77876
peculiarity FR941206-1-00134 1 77879
supply FR941206-1-00134 1 77884
nevertheless FR941206-1-00134 1 77898
might FR941206-1-00134 3 77902 77929 78613
sharper FR941206-1-00134 1 77904
profit FR941206-1-00134 1 77905
declines FR941206-1-00134 1 77906
also FR941206-1-00134 5 77908 78503 78542 78964 79310
currently FR941206-1-00134 2 77913 78580
poor FR941206-1-00134 1 77915
weakened FR941206-1-00134 1 77920
further FR941206-1-00134 1 77921
therefore FR941206-1-00134 5 77931 78325 78384 78557 79050
face FR941206-1-00134 3 77934 78329 78341
closure FR941206-1-00134 1 77935
extent FR941206-1-00134 1 77938
likelihood FR941206-1-00134 1 77940
closures FR941206-1-00134 1 77943
demolition FR941206-1-00134 13 77957 77992 77996 78035 78129 78145 78193 78220 78245 78248 78287 78361 78409
contractors FR941206-1-00134 6 77958 77997 78036 78249 78362 78410
ii FR941206-1-00134 3 77969 79668 79684
prohibits FR941206-1-00134 1 77971
24 FR941206-1-00134 2 77976 78154
light FR941206-1-00134 11 77977 77986 78003 78025 78048 78084 78100 78156 78199 78263 78297
ballasts FR941206-1-00134 11 77978 77987 78004 78026 78049 78085 78157 78167 78200 78264 78298
solid FR941206-1-00134 2 77981 78032
during FR941206-1-00134 2 77990 80509
building FR941206-1-00134 2 77991 78377
customers FR941206-1-00134 2 78008 78374
increased FR941206-1-00134 1 78012
present FR941206-1-00134 2 78021 79277
assemble FR941206-1-00134 1 78044
transportation FR941206-1-00134 3 78051 78104 80465
facility FR941206-1-00134 7 78059 80275 80353 80362 80376 80431 80449
aggregate FR941206-1-00134 2 78062 78545
54 FR941206-1-00134 1 78075
30 FR941206-1-00134 1 78081
translates FR941206-1-00134 1 78088
1.80 FR941206-1-00134 2 78097 78186
ballast FR941206-1-00134 1 78101
covering FR941206-1-00134 1 78103
derived FR941206-1-00134 1 78109
specific FR941206-1-00134 2 78112 78128
job FR941206-1-00134 2 78130 78139
vary FR941206-1-00134 2 78132 78252
directly FR941206-1-00134 1 78133
relatively FR941206-1-00134 1 78143
jobs FR941206-1-00134 4 78146 78194 78221 78246
generating FR941206-1-00134 1 78149
example FR941206-1-00134 3 78160 78283 79286
25 FR941206-1-00134 2 78164 78181
45 FR941206-1-00134 1 78176
90 FR941206-1-00134 1 78179
times FR941206-1-00134 1 78184
contrast FR941206-1-00134 1 78190
thousands FR941206-1-00134 2 78197 78208
dollars FR941206-1-00134 1 78210
distributed FR941206-1-00134 3 78218 78522 78531
among FR941206-1-00134 6 78219 78279 78304 78523 78568 78648
do FR941206-1-00134 1 78250
ability FR941206-1-00134 2 78256 78317
so FR941206-1-00134 1 78266
unit FR941206-1-00134 2 78275 80283
virtually FR941206-1-00134 1 78285
consistency FR941206-1-00134 1 78301
suggests FR941206-1-00134 1 78306
compete FR941206-1-00134 1 78314
increases FR941206-1-00134 2 78332 78344
competitive FR941206-1-00134 1 78335
markets FR941206-1-00134 1 78336
price FR941206-1-00134 1 78347
services FR941206-1-00134 2 78349 80331
pass FR941206-1-00134 1 78367
companies FR941206-1-00134 4 78381 78578 78620 78653
mitigate FR941206-1-00134 1 78390
even FR941206-1-00134 1 78391
minor FR941206-1-00134 1 78392
four FR941206-1-00134 1 78415
satisfied FR941206-1-00134 1 78418
very FR941206-1-00134 2 78455 78553
exceptional FR941206-1-00134 1 78456
circumstances FR941206-1-00134 1 78457
essentially FR941206-1-00134 1 78459
expenditures FR941206-1-00134 1 78463
finally FR941206-1-00134 1 78472
fail FR941206-1-00134 1 78482
industries FR941206-1-00134 1 78502
widely FR941206-1-00134 1 78521
generally FR941206-1-00134 2 78528 79294
proportion FR941206-1-00134 1 78533
level FR941206-1-00134 2 78536 79283
activities FR941206-1-00134 4 78540 78874 79908 80292
remaining FR941206-1-00134 1 78549
forecast FR941206-1-00134 1 78566
potentially FR941206-1-00134 1 78571
approvals FR941206-1-00134 1 78584
decontaminate FR941206-1-00134 2 78586 78625
various FR941206-1-00134 1 78587
types FR941206-1-00134 2 78588 80007
components FR941206-1-00134 1 78597
competition FR941206-1-00134 1 78616
without FR941206-1-00134 1 78627
needing FR941206-1-00134 1 78628
obtain FR941206-1-00134 1 78630
judged FR941206-1-00134 1 78637
modest FR941206-1-00134 2 78647 78698
question FR941206-1-00134 1 78655
confident FR941206-1-00134 1 78658
clients FR941206-1-00134 1 78661
interested FR941206-1-00134 1 78665
decontaminating FR941206-1-00134 1 78667
own FR941206-1-00134 1 78669
investments FR941206-1-00134 1 78677
relative FR941206-1-00134 1 78681
ease FR941206-1-00134 1 78682
outside FR941206-1-00134 1 78685
contractor FR941206-1-00134 1 78686
functions FR941206-1-00134 1 78690
pcbdecontamination FR941206-1-00134 1 78694
represented FR941206-1-00134 1 78696
current FR941206-1-00134 1 78702
c. FR941206-1-00134 1 78705
paperwork FR941206-1-00134 3 78706 78710 78792
reduction FR941206-1-00134 3 78707 78711 78793
1980 FR941206-1-00134 1 78714
44 FR941206-1-00134 3 78716 78767 78796
usc FR941206-1-00134 5 78717 78768 78797 79089 80256
3501 FR941206-1-00134 2 78718 78798
et FR941206-1-00134 3 78719 78799 80258
seq FR941206-1-00134 3 78720 78800 80259
authorizes FR941206-1-00134 1 78722
director FR941206-1-00134 1 78724
office FR941206-1-00134 3 78727 78969 78976
management FR941206-1-00134 2 78729 78978
budget FR941206-1-00134 2 78731 78980
omb FR941206-1-00134 3 78733 78789 79002
review FR941206-1-00134 1 78736
collection FR941206-1-00134 8 78739 78760 78776 78804 78854 78907 78922 79009
requests FR941206-1-00134 1 78740
determined FR941206-1-00134 6 78747 79350 79374 79407 79454 79470
recordkeeping FR941206-1-00134 2 78750 79037
reporting FR941206-1-00134 3 78752 79035 80480
constitute FR941206-1-00134 1 78757
3502 FR941206-1-00134 1 78769
submitted FR941206-1-00134 3 78784 78935 78966
request FR941206-1-00134 1 78805
document FR941206-1-00134 1 78806
icr FR941206-1-00134 1 78813
1729 FR941206-1-00134 1 78816
copy FR941206-1-00134 1 78821
may FR941206-1-00134 5 78822 79484 80040 80070 80133
obtained FR941206-1-00134 1 78824
branch FR941206-1-00134 2 78829 78942
2136 FR941206-1-00134 2 78831 78944
protection FR941206-1-00134 3 78835 78948 79025
agency FR941206-1-00134 2 78836 78949
401 FR941206-1-00134 2 78838 78951
st. FR941206-1-00134 2 78840 78953
sw. FR941206-1-00134 2 78842 78955
washington FR941206-1-00134 3 78844 78957 78982
dc FR941206-1-00134 5 78846 78959 78984 80201 80239
20460 FR941206-1-00134 1 78847
public FR941206-1-00134 3 78850 79004 80551
burden FR941206-1-00134 3 78851 78914 78931
anywhere FR941206-1-00134 1 78861
140 FR941206-1-00134 1 78863
1977 FR941206-1-00134 1 78866
respondent FR941206-1-00134 2 78869 78878
depending FR941206-1-00134 1 78870
engaged FR941206-1-00134 1 78880
reviewing FR941206-1-00134 2 78887 78905
instructions FR941206-1-00134 1 78888
searching FR941206-1-00134 1 78890
gathering FR941206-1-00134 1 78895
maintaining FR941206-1-00134 1 78897
needed FR941206-1-00134 1 78899
completing FR941206-1-00134 1 78903
comments FR941206-1-00134 3 78911 78962 79005
regarding FR941206-1-00134 1 78912
aspect FR941206-1-00134 1 78919
suggestions FR941206-1-00134 1 78927
reducing FR941206-1-00134 1 78929
chief FR941206-1-00134 1 78938
20460. FR941206-1-00134 1 78960
affairs FR941206-1-00134 1 78974
20503 FR941206-1-00134 1 78985
marked FR941206-1-00134 1 78987
attention FR941206-1-00134 1 78988
desk FR941206-1-00134 1 78990
officer FR941206-1-00134 1 78991
final FR941206-1-00134 1 78996
respond FR941206-1-00134 1 78999
contained FR941206-1-00134 2 79011 79574
proposal FR941206-1-00134 1 79014
lists FR941206-1-00134 1 79016
subjects FR941206-1-00134 1 79018
40 FR941206-1-00134 2 79020 79052
cfr FR941206-1-00134 2 79021 79053
part FR941206-1-00134 12 79022 79057 79067 79077 79130 79160 79248 79269 79292 79319 79347 79504
761 FR941206-1-00134 3 79023 79058 79078
substances FR941206-1-00134 4 79028 79154 79211 79215
labeling FR941206-1-00134 1 79030
polychlorinated FR941206-1-00134 1 79032
biphenyls FR941206-1-00134 1 79033
dated FR941206-1-00134 1 79040
carol FR941206-1-00134 1 79044
m. FR941206-1-00134 1 79045
browner FR941206-1-00134 1 79046
administrator FR941206-1-00134 1 79048
chapter FR941206-1-00134 1 79054
amended FR941206-1-00134 3 79063 79070 79611
follows FR941206-1-00134 5 79065 79084 79120 79895 80012
761_ FR941206-1-00134 1 79068
[ FR941206-1-00134 2 79069 79610
] FR941206-1-00134 2 79071 79612
1. FR941206-1-00134 1 79072
authority FR941206-1-00134 2 79074 79086
citation FR941206-1-00134 1 79075
continue FR941206-1-00134 1 79080
read FR941206-1-00134 4 79082 79118 79658 79893
2605 FR941206-1-00134 1 79090
2607 FR941206-1-00134 1 79092
2611 FR941206-1-00134 1 79094
2614 FR941206-1-00134 1 79096
2616 FR941206-1-00134 1 79098
2. FR941206-1-00134 1 79100
761.1 FR941206-1-00134 2 79102 79122
revising FR941206-1-00134 2 79104 79697
paragraph FR941206-1-00134 2 79105 79113
adding FR941206-1-00134 2 79110 79748
g FR941206-1-00134 2 79115 79501
applicability FR941206-1-00134 1 79123
***** FR941206-1-00134 6 79125 79499 79900 80262 80457 80495
applies FR941206-1-00134 2 79131 79293
persons FR941206-1-00134 1 79134
who FR941206-1-00134 2 79135 80288
manufacture FR941206-1-00134 1 79136
process FR941206-1-00134 2 79138 79235
distribute FR941206-1-00134 1 79140
commerce FR941206-1-00134 1 79142
regulated FR941206-1-00134 1 79157
limited FR941206-1-00134 1 79166
dielectric FR941206-1-00134 9 79169 79946 80034 80049 80085 80119 80148 80190 80228
fluids FR941206-1-00134 3 79170 79182 79185
solvents FR941206-1-00134 1 79173
oils FR941206-1-00134 2 79175 79178
heat FR941206-1-00134 1 79180
transfer FR941206-1-00134 1 79181
hydraulic FR941206-1-00134 1 79184
paints FR941206-1-00134 1 79187
sludges FR941206-1-00134 1 79189
slurries FR941206-1-00134 1 79191
sediments FR941206-1-00134 1 79193
dredge FR941206-1-00134 1 79195
spoils FR941206-1-00134 1 79196
soils FR941206-1-00134 1 79198
spills FR941206-1-00134 1 79206
combinations FR941206-1-00134 1 79213
impurities FR941206-1-00134 1 79218
byproducts FR941206-1-00134 1 79220
byproduct FR941206-1-00134 1 79223
intermediate FR941206-1-00134 1 79225
impurity FR941206-1-00134 1 79228
manufactured FR941206-1-00134 3 79229 79512 79607
point FR941206-1-00134 1 79232
unless FR941206-1-00134 4 79237 79494 79571 79966
otherwise FR941206-1-00134 3 79238 79495 79587
references FR941206-1-00134 2 79241 79628
volumes FR941206-1-00134 1 79243
weights FR941206-1-00134 1 79245
apply FR941206-1-00134 4 79249 79270 79320 79507
volume FR941206-1-00134 4 79252 80058 80092 80125
weight FR941206-1-00134 11 79254 79354 79378 79458 79475 79771 79884 80046 80153 80477 80487
material FR941206-1-00134 1 79257
contacting FR941206-1-00134 1 79260
above FR941206-1-00134 3 79280 79308 80204
subpart FR941206-1-00134 2 79288 79315
parts FR941206-1-00134 1 79301
inadvertently FR941206-1-00134 1 79323
manufacturing FR941206-1-00134 1 79326
processes FR941206-1-00134 1 79327
definition FR941206-1-00134 5 79333 79359 79619 80350 80473
761.3. FR941206-1-00134 2 79339 79361
shall FR941206-1-00134 8 79348 79372 79400 79417 79434 79452 79468 79505
dry FR941206-1-00134 6 79353 79457 79765 79770 80467 80476
basis FR941206-1-00134 7 79355 79379 79459 79476 79772 79885 80478
761.3 FR941206-1-00134 4 79368 79615 79695 79897
wet FR941206-1-00134 3 79377 79474 79883
samples FR941206-1-00134 1 79382
equal FR941206-1-00134 1 79386
0.5 FR941206-1-00134 1 79391
separated FR941206-1-00134 3 79402 79436 79943
concentration FR941206-1-00134 6 79406 79447 79463 79483 79952 80000
rest FR941206-1-00134 1 79413
sample FR941206-1-00134 2 79416 80493
considered FR941206-1-00134 4 79419 80072 80106 80135
multiphasic FR941206-1-00134 1 79426
nond/liquid FR941206-1-00134 1 79427
liquid/liquid FR941206-1-00134 1 79429
mixtures FR941206-1-00134 1 79430
phases FR941206-1-00134 1 79433
before FR941206-1-00134 1 79437
following FR941206-1-00134 2 79441 80038
phase FR941206-1-00134 3 79442 79451 79467
separation FR941206-1-00134 1 79443
separately FR941206-1-00134 1 79471
specifying FR941206-1-00134 1 79480
avoided FR941206-1-00134 1 79486
dilution FR941206-1-00134 1 79492
specifically FR941206-1-00134 1 79496
oilfilled FR941206-1-00134 1 79510
permanent FR941206-1-00134 1 79521
label FR941206-1-00134 2 79522 79971
affixed FR941206-1-00134 1 79525
manufacturer FR941206-1-00134 4 79528 79554 79976 79985
indicating FR941206-1-00134 1 79532
contains FR941206-1-00134 5 79535 79568 80023 80179 80217
absence FR941206-1-00134 1 79542
accompanied FR941206-1-00134 1 79549
documentation FR941206-1-00134 1 79551
certifying FR941206-1-00134 1 79555
test FR941206-1-00134 2 79559 79833
oil FR941206-1-00134 2 79564 79573
within FR941206-1-00134 1 79565
said FR941206-1-00134 1 79576
removed FR941206-1-00134 4 79580 79924 80305 80363
serviced FR941206-1-00134 2 79588 79598
since FR941206-1-00134 1 79602
§761.3 FR941206-1-00134 1 79609
3. FR941206-1-00134 1 79613
amending FR941206-1-00134 1 79617
qualified FR941206-1-00134 1 79622
incinerator FR941206-1-00134 1 79623
changing FR941206-1-00134 1 79626
4. FR941206-1-00134 1 79693
definitions FR941206-1-00134 3 79699 79750 79898
capacitor FR941206-1-00134 14 79702 79926 79949 79993 80018 80021 80055 80089 80123 80156 80174 80177 80212 80215
storer FR941206-1-00134 6 79707 80264 80340 80405 80417 80452
item FR941206-1-00134 1 79721
removing FR941206-1-00134 1 79731
emergency FR941206-1-00134 1 79733
situation FR941206-1-00134 1 79734
quantities FR941206-1-00134 1 79739
alphabetically FR941206-1-00134 1 79749
cap FR941206-1-00134 2 79753 79901
cercla FR941206-1-00134 2 79757 80242
surface FR941206-1-00134 4 79766 79813 79859 80468
exposure FR941206-1-00134 5 79777 79798 80497 80520 80530
low FR941206-1-00134 2 79797 80210
microencapsulation FR941206-1-00134 1 79803
nons FR941206-1-00134 1 79812
ntis FR941206-1-00134 1 79817
open FR941206-1-00134 1 79821
burning FR941206-1-00134 1 79822
field FR941206-1-00134 1 79831
screening FR941206-1-00134 1 79832
pcb/fissionable FR941206-1-00134 1 79837
pcb/radioactive FR941206-1-00134 1 79841
porous FR941206-1-00134 1 79858
treatability FR941206-1-00134 1 79874
study FR941206-1-00134 1 79875
vitrification FR941206-1-00134 1 79890
means FR941206-1-00134 11 79902 79927 80019 80175 80213 80243 80268 80459 80479 80499 80565
referring FR941206-1-00134 1 79905
uniform FR941206-1-00134 1 79911
minimum FR941206-1-00134 1 79914
thickness FR941206-1-00134 1 79915
spread FR941206-1-00134 1 79916
device FR941206-1-00134 1 79929
accumulating FR941206-1-00134 1 79931
holding FR941206-1-00134 1 79933
charge FR941206-1-00134 1 79935
electricity FR941206-1-00134 1 79937
consists FR941206-1-00134 1 79939
conducting FR941206-1-00134 1 79941
unknown FR941206-1-00134 2 79954 80052
assumed FR941206-1-00134 1 79957
nameplate FR941206-1-00134 1 79973
literature FR941206-1-00134 1 79978
documented FR941206-1-00134 1 79981
communications FR941206-1-00134 1 79982
does FR941206-1-00134 2 79994 80441
1.36 FR941206-1-00134 6 80026 80077 80111 80140 80180 80218
kg FR941206-1-00134 6 80027 80112 80141 80161 80181 80219
lbs FR941206-1-00134 7 80030 80081 80115 80144 80164 80184 80222
fluid FR941206-1-00134 7 80035 80050 80086 80120 80149 80191 80229
assumptions FR941206-1-00134 1 80039
actual FR941206-1-00134 1 80045
1639 FR941206-1-00134 2 80062 80128
cubic FR941206-1-00134 6 80063 80067 80097 80101 80131 80392
centimeters FR941206-1-00134 3 80064 80098 80132
inches FR941206-1-00134 2 80068 80102
kgs FR941206-1-00134 1 80078
3278 FR941206-1-00134 2 80096 80130
200 FR941206-1-00134 1 80100
between FR941206-1-00134 1 80127
4.08 FR941206-1-00134 1 80160
9 FR941206-1-00134 1 80163
voltage FR941206-1-00134 2 80173 80211
operates FR941206-1-00134 2 80194 80232
2000 FR941206-1-00134 2 80196 80234
volts FR941206-1-00134 2 80197 80235
ac FR941206-1-00134 2 80199 80237
below FR941206-1-00134 1 80233
comprehensive FR941206-1-00134 1 80245
compensation FR941206-1-00134 2 80249 80328
liability FR941206-1-00134 1 80252
42 FR941206-1-00134 1 80255
96019657 FR941206-1-00134 1 80257
operator FR941206-1-00134 2 80272 80401
subject FR941206-1-00134 1 80278
engages FR941206-1-00134 1 80289
involving FR941206-1-00134 1 80293
servicing FR941206-1-00134 2 80307 80368
owned FR941206-1-00134 3 80310 80370 80595
brokered FR941206-1-00134 1 80314
receipt FR941206-1-00134 1 80319
fee FR941206-1-00134 1 80322
form FR941206-1-00134 1 80326
necessary FR941206-1-00134 1 80334
qualify FR941206-1-00134 1 80336
sufficient FR941206-1-00134 1 80347
stores FR941206-1-00134 1 80354
exceeds FR941206-1-00134 1 80385
gallons FR941206-1-00134 1 80387
70 FR941206-1-00134 1 80391
feet FR941206-1-00134 1 80393
seek FR941206-1-00134 1 80411
ownership FR941206-1-00134 1 80424
title FR941206-1-00134 1 80426
generator FR941206-1-00134 2 80429 80435
united FR941206-1-00134 1 80461
department FR941206-1-00134 1 80463
? FR941206-1-00134 1 80474
results FR941206-1-00134 1 80483
excluding FR941206-1-00134 1 80485
water FR941206-1-00134 1 80490
located FR941206-1-00134 1 80505
humans FR941206-1-00134 1 80524
animal FR941206-1-00134 1 80526
residential/commercial FR941206-1-00134 1 80534
access FR941206-1-00134 2 80538 80561
761.123 FR941206-1-00134 1 80544
nonc FR941206-1-00134 1 80548
private FR941206-1-00134 3 80553 80583 80590
routine FR941206-1-00134 1 80560
composed FR941206-1-00134 1 80570
unwanted FR941206-1-00134 1 80572
discarded FR941206-1-00134 1 80574
come FR941206-1-00134 1 80581
residences FR941206-1-00134 1 80584
commonly FR941206-1-00134 1 80587
found FR941206-1-00134 1 80588
households FR941206-1-00134 1 80591
individually FR941206-1-00134 1 80594
rented FR941206-1-00134 1 80597
multiunit FR941206-1-00134 1 80601
construction FR941206-1-00134 1 80602
created FR941206-1-00134 1 80605
