outlined FR941206-1-00134 1 815
in FR941206-1-00134 84 816 869 873 886 974 982 990 999 1010 1051 1121 1148 1161 1188 1204 1292 1332 1353 1391 1396 1453 1529 1553 1560 1565 1727 1827 1892 1967 1982 2048 2091 2105 2341 2348 2403 2548 2568 2648 2668 2687 2772 2848 2884 2910 2934 2955 2975 3030 3035 3042 3077 3144 3227 3240 3245 3361 3444 3557 3757 3820 3919 3924 3932 3963 4102 4134 4149 4221 4231 4398 4408 4445 4452 4461 4594 4623 4677 4708 4752 4804 5060 5140 5158
the FR941206-1-00134 200 817 827 832 858 879 887 895 900 918 941 952 955 964 1019 1026 1052 1074 1087 1097 1101 1133 1143 1149 1162 1170 1174 1189 1198 1253 1287 1313 1316 1354 1359 1382 1420 1428 1444 1457 1466 1491 1495 1550 1554 1566 1582 1613 1636 1643 1656 1684 1692 1697 1728 1738 1742 1771 1817 1853 1865 1878 1883 1921 1926 1956 1960 1971 1991 2010 2013 2049 2065 2071 2098 2112 2136 2150 2172 2180 2242 2248 2251 2331 2335 2393 2396 2430 2447 2480 2501 2535 2560 2605 2613 2623 2680 2689 2708 2727 2734 2759 2767 2785 2818 2821 2854 2870 2880 2885 2898 2903 2912 2935 2949 2964 2969 2978 2982 3004 3025 3043 3066 3070 3101 3110 3145 3209 3222 3228 3231 3238 3246 3282 3409 3431 3503 3558 3579 3596 3735 3777 3798 3866 3896 3913 3936 3940 4017 4024 4038 4051 4095 4110 4116 4135 4142 4145 4159 4162 4177 4270 4278 4308 4321 4371 4390 4394 4404 4421 4432 4583 4656 4691 4694 4714 4718 4759 4790 4796 4823 4842 4850 4865 4885 4951 4960 4976 4989 5009 5020 5025 5027 5039 5044 5056 5071 5074 5103 5147 5161
anprm FR941206-1-00134 4 818 888 2886 4136
, FR941206-1-00134 179 819 830 865 969 994 1044 1045 1064 1104 1109 1126 1144 1155 1175 1206 1208 1234 1235 1337 1384 1402 1411 1413 1419 1438 1464 1475 1484 1488 1506 1516 1524 1537 1573 1604 1653 1664 1716 1804 1814 1851 1888 1899 1907 1913 1931 1964 1998 2003 2024 2025 2041 2093 2121 2199 2210 2337 2339 2343 2398 2400 2452 2505 2508 2538 2542 2550 2582 2587 2592 2597 2619 2671 2710 2750 2765 2777 2791 2807 2925 2927 2929 2939 2990 2994 3000 3002 3016 3017 3032 3038 3060 3079 3159 3198 3258 3266 3278 3368 3370 3715 3806 3923 3931 3934 3945 3960 3969 3975 3995 4001 4013 4016 4027 4034 4050 4101 4108 4137 4168 4181 4184 4188 4194 4196 4201 4230 4242 4262 4339 4343 4345 4351 4361 4370 4444 4447 4471 4475 4480 4486 4490 4493 4507 4528 4531 4543 4549 4572 4596 4606 4608 4611 4631 4654 4660 4669 4676 4689 4697 4713 4733 4745 4746 4763 4789 4806 4853 4884 4928 4950 4958 4964 4996 5001 5036 5136 5149 5171
a FR941206-1-00134 48 820 874 915 991 1023 1048 1071 1092 1130 1238 1259 1321 1482 1518 1649 1781 1792 1809 1861 1869 2238 2266 2351 2465 2514 2533 2554 2585 2675 2754 2801 2866 2888 2924 3061 3096 3628 3902 4048 4129 4232 4429 4679 4816 4858 5063 5119 5132
number FR941206-1-00134 7 821 875 2676 2755 2889 4797 4952
of FR941206-1-00134 177 822 857 876 878 897 917 922 943 954 966 1028 1039 1073 1089 1132 1151 1212 1222 1247 1290 1309 1323 1409 1459 1468 1497 1522 1528 1532 1584 1615 1645 1707 1821 1855 1885 1909 1928 1975 1981 2018 2033 2051 2079 2102 2114 2155 2183 2226 2253 2346 2405 2442 2475 2546 2556 2563 2572 2604 2629 2661 2677 2691 2718 2736 2756 2787 2850 2856 2865 2890 2905 2938 2957 2966 3027 3069 3100 3125 3216 3224 3243 3252 3265 3298 3305 3333 3365 3392 3397 3430 3456 3465 3470 3477 3489 3495 3499 3506 3511 3517 3534 3539 3551 3570 3578 3595 3607 3617 3635 3662 3698 3706 3726 3755 3767 3790 3797 3800 3825 3827 3838 3865 3886 3904 3939 3978 4058 4072 4105 4122 4126 4144 4154 4164 4179 4192 4220 4250 4264 4272 4303 4323 4326 4335 4393 4403 4420 4425 4604 4639 4668 4693 4717 4736 4755 4788 4795 4798 4810 4818 4841 4849 4874 4887 4904 4907 4953 4962 4980 5032 5043 5051 5073 5134 5144 5157
other FR941206-1-00134 19 823 838 1399 1530 1842 1944 2349 2540 2743 2788 3084 3434 3522 4288 4316 4613 4642 4880 5097
topics FR941206-1-00134 3 824 2871 3242
pertaining FR941206-1-00134 1 825
to FR941206-1-00134 102 826 905 908 962 978 1003 1016 1069 1241 1257 1269 1285 1299 1342 1368 1378 1386 1398 1432 1436 1481 1525 1541 1548 1562 1590 1621 1635 1661 1667 1758 1840 1902 1920 1954 1996 2008 2037 2097 2108 2141 2190 2244 2287 2294 2333 2444 2463 2477 2503 2537 2579 2679 2684 2726 2758 2761 2769 2824 2843 2872 2897 2948 2961 2968 3008 3023 3051 3064 3133 3214 3236 3270 3627 3653 3700 3776 3833 3952 4037 4060 4067 4076 4156 4245 4253 4305 4412 4440 4548 4555 4560 4665 4971 4974 4988 5005 5008 5076 5083 5091 5146
pcb FR941206-1-00134 71 828 880 987 1034 1075 1202 1445 1492 1555 1637 2072 2681 2737 2796 2913 2950 3044 3111 3149 3163 3219 3259 3316 3334 3338 3342 3380 3393 3483 3535 3540 3564 3571 3608 3619 3641 3668 3692 3738 3745 3810 3892 3898 3958 3976 4018 4040 4147 4170 4267 4510 4518 4526 4529 4533 4540 4557 4578 4586 4618 4658 4674 4730 4912 4947 4955 4983 4998 5013 5041 5162
regulations FR941206-1-00134 20 829 836 881 977 1002 1076 1992 2709 2729 2760 2768 2951 3899 3941 4041 4052 4096 4118 4148 4659
and FR941206-1-00134 119 831 837 840 899 920 927 958 1008 1156 1177 1209 1214 1230 1245 1312 1325 1350 1381 1385 1414 1465 1512 1594 1625 1672 1678 1709 1724 1737 1763 1789 1800 1819 1833 1857 1895 1917 1935 1941 1973 1985 2012 2031 2119 2133 2221 2299 2344 2401 2453 2482 2602 2616 2625 2781 2792 2813 2831 2836 2846 2915 2930 2988 3003 3055 3058 3080 3086 3089 3181 3286 3357 3363 3371 3387 3487 3525 3542 3585 3602 3621 3670 3719 3769 3779 3856 3957 4004 4115 4158 4185 4189 4197 4287 4307 4315 4346 4363 4387 4416 4494 4532 4552 4592 4625 4641 4748 4765 4812 4830 4845 4879 4929 4959 4978 4985 5086 5093 5155
interface FR941206-1-00134 1 833
between FR941206-1-00134 2 834 4112
those FR941206-1-00134 5 835 1157 2001 3034 5151
federal FR941206-1-00134 7 839 1053 1124 2744 2789 2936 3085
state FR941206-1-00134 9 841 1671 2510 2534 2746 2991 3087 3679 3693
programs FR941206-1-00134 5 842 2080 2127 3289 3336
affecting FR941206-1-00134 1 843
pcbs FR941206-1-00134 58 844 898 909 926 1090 1460 1469 1822 1856 1891 1934 1976 1997 2081 2094 2115 2146 2254 2293 2347 2406 2547 2692 2835 2841 2851 2973 3028 3075 3122 3217 3277 3299 3306 3474 3507 3512 3519 3554 3636 3663 3723 3750 3756 3918 3956 4055 4123 4215 4350 4499 4640 4783 4802 4854 4878 5029 5145
were FR941206-1-00134 14 845 883 1115 1146 1838 2045 3411 4007 4029 4035 4065 4458 4784 4855
received FR941206-1-00134 5 846 1116 1141 1172 1180
from FR941206-1-00134 16 847 1117 1451 1746 1925 2015 2392 2511 2715 2908 3984 4161 4176 4206 4380 4537
more FR941206-1-00134 2 848 4584
than FR941206-1-00134 11 849 2350 2703 3135 3166 3183 3980 4062 4074 4078 4455
90 FR941206-1-00134 1 850
respondents FR941206-1-00134 2 851 1119
. FR941206-1-00134 121 852 860 889 910 932 946 989 1036 1096 1110 1120 1138 1169 1192 1220 1226 1252 1281 1295 1315 1358 1395 1417 1443 1456 1473 1490 1501 1545 1569 1600 1633 1648 1670 1691 1714 1770 1830 1864 1897 1946 1987 2020 2055 2076 2090 2104 2135 2165 2170 2175 2228 2269 2316 2369 2421 2491 2527 2559 2571 2636 2658 2720 2748 2805 2869 2945 2977 3019 3046 3091 3113 3143 3204 3230 3248 3250 3324 3328 3521 3773 3874 3879 3884 3895 3927 3987 4023 4046 4094 4133 4199 4277 4310 4331 4382 4389 4401 4431 4463 4515 4539 4570 4575 4615 4644 4687 4711 4724 4772 4803 4836 4864 4882 4900 4939 4994 5050 5055 5095 5130
epa FR941206-1-00134 50 853 866 904 911 948 983 995 1011 1046 1127 1236 1275 1329 1365 1424 1546 1717 1736 1900 1947 1988 2022 2056 2089 2122 2241 2286 2330 2388 2422 2500 2528 2672 2721 2751 2808 2958 3020 3092 3205 4098 4138 4352 4381 4725 4774 4807 4965 5002 5116
has FR941206-1-00134 3 854 1718 3949
considered FR941206-1-00134 5 855 1147 1187 1875 2047
all FR941206-1-00134 4 856 1139 3954 5096
comments FR941206-1-00134 9 859 864 1111 1140 1158 1171 1179 2906 4140
based FR941206-1-00134 8 861 3930 4030 4119 4670 4940 5018 5037
on FR941206-1-00134 35 862 986 1043 1091 1108 1112 1142 1181 1233 1263 1683 1914 1951 1970 2028 2059 2395 2834 2837 2996 3074 3155 3424 3624 3935 3942 3998 4031 4120 4128 4141 4671 4941 5019 5038
these FR941206-1-00134 16 863 944 967 1334 1403 1668 1751 1828 1937 2665 3964 4311 4383 4646 4750 4905
is FR941206-1-00134 29 867 912 971 996 1128 1255 1449 1461 1470 1642 1665 2123 2140 2187 2576 2673 2722 2752 2809 3093 3234 4099 4353 4410 4438 4720 4895 4969 5003
including FR941206-1-00134 4 868 3279 3716 4734
this FR941206-1-00134 18 870 933 1152 1166 1182 1223 1968 2052 2184 2564 2573 2649 2876 3928 4106 4324 4942 5052
proposal FR941206-1-00134 7 871 1106 1114 1145 1176 2174 2662
changes FR941206-1-00134 11 872 981 1009 2640 2757 2947 3007 3041 3050 3524 3819
areas FR941206-1-00134 4 877 1336 1401 4735
that FR941206-1-00134 29 882 1085 1113 1293 1301 1328 1654 1837 1990 1993 2290 2383 2433 2557 2730 2893 3106 3118 3147 4097 4224 4236 4281 4296 4443 4500 4524 4967 5012
not FR941206-1-00134 17 884 936 950 960 1719 2450 2470 3406 3992 4298 4376 4502 4521 4546 4581 4721 4776
addressed FR941206-1-00134 4 885 2874 3407 5101
several FR941206-1-00134 7 890 928 1454 2085 2946 4103 4355
commenters FR941206-1-00134 1 891
submitted FR941206-1-00134 1 892
information FR941206-1-00134 5 893 4727 4768 4778 4943
concerning FR941206-1-00134 2 894 4944
toxicity FR941206-1-00134 4 896 919 956 988
methods FR941206-1-00134 6 901 1015 2249 3705 4286 4314
used FR941206-1-00134 4 902 3443 4439 4554
by FR941206-1-00134 13 903 1882 2088 2424 2506 2530 2612 2622 2840 2972 3814 4892 5069
determine FR941206-1-00134 2 906 1286
exposure FR941206-1-00134 9 907 1006 1523 1756 4033 4273 5067 5122 5127
currently FR941206-1-00134 4 913 1994 2705 4200
conducting FR941206-1-00134 1 914
review FR941206-1-00134 3 916 934 957
mechanisms FR941206-1-00134 1 921
action FR941206-1-00134 4 923 2100 2143 3285
associated FR941206-1-00134 4 924 4600 4821 4833
with FR941206-1-00134 20 925 1517 1852 2000 2149 2297 2664 2784 3083 3162 4226 4238 4349 4601 4627 4801 4822 4834 4877 5160
structurally FR941206-1-00134 1 929
related FR941206-1-00134 1 930
chemicals FR941206-1-00134 1 931
may FR941206-1-00134 11 935 1406 2386 2423 2484 2529 4216 4275 4501 4648 4703
be FR941206-1-00134 20 937 1186 1526 1588 1619 1825 1874 1979 2295 2485 2873 3200 3993 4218 4503 4666 4704 5016 5089 5176
complete FR941206-1-00134 1 938
until FR941206-1-00134 1 939
after FR941206-1-00134 2 940 3734
promulgation FR941206-1-00134 2 942 965
amendments FR941206-1-00134 3 945 2628 3775
since FR941206-1-00134 2 947 5137
can FR941206-1-00134 4 949 1679 1824 1978
predict FR941206-1-00134 1 951
outcome FR941206-1-00134 1 953
does FR941206-1-00134 4 959 2469 4775 4792
want FR941206-1-00134 1 961
delay FR941206-1-00134 1 963
rules FR941206-1-00134 9 968 1775 1803 2246 2289 2683 3045 3410 3966
it FR941206-1-00134 3 970 1502 4968
proposing FR941206-1-00134 11 972 997 2125 2674 2724 2753 2810 3095 4100 4354 5004
flexibility FR941206-1-00134 3 973 998 2686
certain FR941206-1-00134 7 975 1000 1033 1498 2779 2811 4190
disposal FR941206-1-00134 48 976 1001 1030 1477 1543 1556 1638 1748 2252 2608 2682 2690 2728 2797 2858 2867 2989 3267 3347 3350 3353 3376 3383 3435 3461 3464 3469 3476 3488 3494 3498 3514 3586 3603 3707 3801 4163 4285 4313 4357 4373 4731 4902 4956 4963 4979 4992 5023
allow FR941206-1-00134 7 979 1004 1753 2697 2732 5006 5084
for FR941206-1-00134 61 980 1021 1032 1100 1165 1173 1200 1346 1570 1577 1601 1608 1732 1943 2063 2070 2111 2131 2145 2153 2171 2250 2285 2389 2487 2698 2733 2795 2820 2853 2986 2998 3157 3276 3296 3303 3315 3375 3513 3532 3574 3583 3600 3640 3647 3664 3703 3744 3786 3795 3805 3818 3916 4054 4292 4332 4505 4926 4935 4997 5022
's FR941206-1-00134 18 984 1012 1123 1194 1276 1366 1371 1425 2023 2067 2138 2900 2959 3021 3072 3311 4328 4808
position FR941206-1-00134 2 985 3073
similar FR941206-1-00134 1 992
fashion FR941206-1-00134 1 993
sitespecific FR941206-1-00134 4 1005 1721 1910 5120
data FR941206-1-00134 2 1007 4751
risk FR941206-1-00134 18 1013 1521 1708 1722 1871 1880 1923 2017 2441 2474 2717 2804 2965 4153 4271 4302 4653 5128
assessment FR941206-1-00134 4 1014 1706 3881 5129
serve FR941206-1-00134 1 1017
as FR941206-1-00134 26 1018 1508 1845 1860 2552 2610 2620 2827 2829 3202 3912 3961 3997 4047 4174 4341 4368 4509 4690 4758 4857 4918 4920 5123 5125 5131
basis FR941206-1-00134 3 1020 1095 4132
making FR941206-1-00134 1 1022
determination FR941206-1-00134 1 1024
regarding FR941206-1-00134 1 1025
selection FR941206-1-00134 1 1027
acceptable FR941206-1-00134 1 1029
technologies FR941206-1-00134 2 1031 2859
wastes FR941206-1-00134 29 1035 1500 1505 1859 2040 3260 3340 3344 3403 3893 4171 4175 4204 4295 4442 4466 4492 4519 4523 4579 4587 4619 4647 4702 4910 4984 5000 5014 5152
b. FR941206-1-00134 10 1037 3292 3348 3377 3422 3447 3468 3529 3688 3788
reproposal FR941206-1-00134 3 1038 1131 1195
dry FR941206-1-00134 3 1040 1093 4130
weight FR941206-1-00134 7 1041 1062 1094 1136 3711 4131 4886
measurement FR941206-1-00134 2 1042 3158
issued FR941206-1-00134 5 1047 1393 1666 2188 2577
proposed FR941206-1-00134 25 1049 1153 1167 1183 1805 1966 2002 2053 2160 2185 2642 2877 2952 3006 3253 3273 3301 3312 3774 3887 3965 4329 4405 5059 5104
rule FR941206-1-00134 15 1050 1137 1154 1184 1191 2054 2186 2425 2507 2531 2565 2650 2917 3781 4330
register FR941206-1-00134 3 1054 1125 2937
( FR941206-1-00134 94 1055 1082 1216 1266 1282 1296 1535 1576 1607 1780 1783 1786 1791 1794 1797 1808 1811 2162 2166 2193 2196 2201 2204 2207 2212 2215 2218 2223 2231 2234 2237 2255 2259 2262 2265 2273 2276 2279 2302 2306 2309 2312 2320 2323 2326 2355 2359 2362 2365 2373 2376 2379 2407 2411 2414 2417 2436 2454 2496 2513 2516 2519 2523 2566 2584 2589 2594 2599 2631 2653 2842 2918 2940 3012 3130 3140 3173 3190 3909 3921 3973 4009 4085 4259 4562 4629 4741 4827 5034 5046 5062 5109 5111 5166
`` FR941206-1-00134 10 1056 2435 3103 3211 3868 4165 4434 4698 4859 5105
polychlorinated FR941206-1-00134 2 1057 2489
biphenyls FR941206-1-00134 1 1058
; FR941206-1-00134 3 1059 3747 4212
wet FR941206-1-00134 3 1060 1134 3709
weight/dry FR941206-1-00134 3 1061 1135 3710
clarification FR941206-1-00134 8 1063 3577 3697 3712 3789 3837 3864 5135
55 FR941206-1-00134 1 1065
fr FR941206-1-00134 4 1066 2942 3014 4743
12866 FR941206-1-00134 1 1067
) FR941206-1-00134 93 1068 1084 1225 1268 1284 1298 1540 1586 1617 1782 1785 1788 1793 1796 1799 1810 1813 2164 2176 2195 2198 2203 2206 2209 2214 2217 2220 2225 2233 2236 2239 2261 2264 2267 2268 2275 2278 2281 2308 2311 2314 2315 2322 2325 2328 2361 2364 2367 2368 2375 2378 2381 2413 2416 2419 2420 2438 2456 2498 2515 2518 2525 2526 2575 2586 2591 2596 2601 2635 2657 2852 2932 2944 3018 3132 3142 3180 3197 3911 3926 3986 4022 4093 4261 4574 4635 4747 4829 5054 5064 5113 5114 5174
amend FR941206-1-00134 1 1070
portion FR941206-1-00134 3 1072 2182 2562
codified FR941206-1-00134 1 1077
at FR941206-1-00134 19 1078 1581 1612 1700 1767 1776 1806 2643 3098 3123 3610 3967 4056 4070 4255 4359 4837 4911 5024
40 FR941206-1-00134 8 1079 1777 2644 2919 4227 4239 4256 5167
cfr FR941206-1-00134 9 1080 1778 2645 2920 3763 4228 4240 4257 5168
761.1 FR941206-1-00134 1 1081
b FR941206-1-00134 12 1083 2208 2219 2224 2280 2313 2327 2366 2380 2418 2497 2524
addresses FR941206-1-00134 1 1086
analysis FR941206-1-00134 2 1088 3505
comment FR941206-1-00134 4 1098 1950 2058 2134
period FR941206-1-00134 1 1099
april FR941206-1-00134 1 1102
6 FR941206-1-00134 8 1103 2192 2200 2211 2230 2272 2319 2372
1990 FR941206-1-00134 1 1105
ended FR941206-1-00134 1 1107
16 FR941206-1-00134 2 1118 2881
today FR941206-1-00134 6 1122 1193 2124 2953 3310 4327
issuing FR941206-1-00134 1 1129
preparation FR941206-1-00134 1 1150
are FR941206-1-00134 26 1159 1306 1340 1479 1712 1835 1939 2004 2082 2095 2641 2704 2954 3153 4283 4320 4385 4428 4448 4525 4545 4589 4620 4662 5080 5100
included FR941206-1-00134 3 1160 4043 4749
rulemaking FR941206-1-00134 8 1163 1168 1969 2878 3254 3876 3888 4973
record FR941206-1-00134 2 1164 3877
any FR941206-1-00134 6 1178 1476 1701 2384 2509 2544
will FR941206-1-00134 2 1185 5175
final FR941206-1-00134 1 1190
would FR941206-1-00134 20 1196 1330 1587 1618 1740 2291 2449 2696 2731 2816 2862 3107 3115 3199 3206 4297 4375 4467 4520 4580
clarify FR941206-1-00134 1 1197
requirements FR941206-1-00134 13 1199 1596 1627 2786 2794 3566 3639 3646 3771 3804 3882 5021 5058
determining FR941206-1-00134 1 1201
concentrations FR941206-1-00134 7 1203 1974 3124 3164 4026 4057 4071
liquids FR941206-1-00134 11 1205 1213 1511 3150 3484 3714 3718 3727 4344 4534 4541
nons FR941206-1-00134 4 1207 1215 3152 3729
multiphasic FR941206-1-00134 1 1210
combinations FR941206-1-00134 1 1211
see FR941206-1-00134 4 1217 2167 4010 5047
unit FR941206-1-00134 7 1218 2168 2569 2669 3649 3655 5048
iii FR941206-1-00134 5 1219 1787 1798 3327 3520
m. FR941206-1-00134 2 1221 3708
preamble FR941206-1-00134 4 1224 2574 3247 5053
c. FR941206-1-00134 9 1227 3300 3351 3401 3427 3451 3475 3537 3793
waste FR941206-1-00134 27 1228 1243 1249 1272 1278 1303 1348 2029 2034 2607 2627 2700 2738 3416 3500 3536 4234 4289 4317 4338 4482 4489 4682 4862 4889 4937 4948
minimization FR941206-1-00134 4 1229 1244 1273 2030
combustion FR941206-1-00134 14 1231 1246 1291 1304 1349 1441 1533 1567 1854 1884 1927 1957 2032 2068
strategy FR941206-1-00134 12 1232 1240 1254 1318 1361 1422 1568 1958 2027 2069 3275 3314
announced FR941206-1-00134 2 1237 1423
draft FR941206-1-00134 5 1239 1317 1360 1421 2026
address FR941206-1-00134 7 1242 1343 1407 2770 2817 4975 5065
hazardous FR941206-1-00134 7 1248 1277 1302 1347 1858 2039 2624
under FR941206-1-00134 21 1250 1447 1558 1598 1629 1640 2006 2074 2084 2116 2128 2147 2159 2651 2707 2742 3281 3307 3318 4655 5102
rcra FR941206-1-00134 15 1251 1355 1370 1440 1452 1599 1630 2038 2103 2118 2148 2173 2561 3283 3308
designed FR941206-1-00134 1 1256
stimulate FR941206-1-00134 1 1258
broad FR941206-1-00134 2 1260 2283
national FR941206-1-00134 2 1261 4824
dialogue FR941206-1-00134 1 1262
how FR941206-1-00134 2 1264 1952
: FR941206-1-00134 3 1265 2434 3850
1 FR941206-1-00134 6 1267 2197 2235 2263 2277 2310
better FR941206-1-00134 2 1270 4414
integrate FR941206-1-00134 1 1271
into FR941206-1-00134 1 1274
management FR941206-1-00134 6 1279 2701 2739 4290 4318 4977
program FR941206-1-00134 9 1280 1294 1446 1493 1557 1639 2073 3112 3294
2 FR941206-1-00134 9 1283 1784 2205 2324 2363 2517 3179 3196 4092
appropriate FR941206-1-00134 2 1288 4970
role FR941206-1-00134 1 1289
3 FR941206-1-00134 6 1297 1795 2216 2377 2415 4897
ensure FR941206-1-00134 1 1300
standards FR941206-1-00134 10 1305 1345 1593 1624 1659 1906 2110 2152 3356 3671
fully FR941206-1-00134 1 1307
protective FR941206-1-00134 1 1308
human FR941206-1-00134 1 1310
health FR941206-1-00134 7 1311 1380 2445 2478 2830 4157 4306
environment FR941206-1-00134 9 1314 1383 2014 2448 2481 2970 4160 4309 5148
sets FR941206-1-00134 2 1319 1363
forth FR941206-1-00134 2 1320 1364
series FR941206-1-00134 1 1322
short- FR941206-1-00134 1 1324
longterm FR941206-1-00134 2 1326 4739
activities FR941206-1-00134 6 1327 2702 2740 2798 3426 3681
undertake FR941206-1-00134 1 1331
pursuing FR941206-1-00134 1 1333
three FR941206-1-00134 1 1335
among FR941206-1-00134 2 1338 2539
which FR941206-1-00134 16 1339 1823 1872 1977 2468 2483 2799 2815 2860 3589 3839 4028 4042 4426 4588 5079
rulemakings FR941206-1-00134 1 1341
technical FR941206-1-00134 2 1344 1658
public FR941206-1-00134 5 1351 1710 1725 1739 2011
participation FR941206-1-00134 2 1352 1726
permitting FR941206-1-00134 3 1356 1374 1434
process FR941206-1-00134 2 1357 1731
also FR941206-1-00134 5 1362 1503 2723 3094 3207
intention FR941206-1-00134 1 1367
use FR941206-1-00134 14 1369 1467 2345 2549 2558 2976 3031 3078 3364 3439 3673 3754 3920 4506
casebycase FR941206-1-00134 1 1372
omnibus FR941206-1-00134 1 1373
authority FR941206-1-00134 6 1375 2243 2284 2332 2502 2536
where FR941206-1-00134 6 1376 1631 2693 3988 4782 5115
necessary FR941206-1-00134 1 1377
protect FR941206-1-00134 2 1379 2009
impose FR941206-1-00134 3 1387 1680 1903
upgraded FR941206-1-00134 1 1388
permit FR941206-1-00134 4 1389 1404 1729 1911
conditions FR941206-1-00134 6 1390 1405 1575 1606 1912 2695
newly FR941206-1-00134 1 1392
permits FR941206-1-00134 1 1394
addition FR941206-1-00134 1 1397
potential FR941206-1-00134 2 1400 1520
emissions FR941206-1-00134 1 1408
dioxins FR941206-1-00134 1 1410
furans FR941206-1-00134 1 1412
particulate FR941206-1-00134 1 1415
matter FR941206-1-00134 1 1416
finally FR941206-1-00134 2 1418 2806
intentions FR941206-1-00134 1 1426
over FR941206-1-00134 1 1427
succeeding FR941206-1-00134 1 1429
18 FR941206-1-00134 3 1430 2222 2495
months FR941206-1-00134 1 1431
give FR941206-1-00134 1 1433
priority FR941206-1-00134 1 1435
existing FR941206-1-00134 3 1437 4039 4117
operating FR941206-1-00134 3 1439 1698 1765
units FR941206-1-00134 11 1442 1534 1579 1610 1669 1686 1749 1752 1829 1836 1938
tsca FR941206-1-00134 16 1448 1559 1641 1693 2007 2075 2120 2181 2227 2270 2317 2370 2493 3319 4680 4685
different FR941206-1-00134 3 1450 2699 4333
aspects FR941206-1-00134 1 1455
manufacture FR941206-1-00134 4 1458 2336 2397 3661
generally FR941206-1-00134 3 1462 1695 3900
banned FR941206-1-00134 1 1463
heavily FR941206-1-00134 1 1471
restricted FR941206-1-00134 1 1472
therefore FR941206-1-00134 4 1474 1898 4995 5087
issues FR941206-1-00134 7 1478 1563 2882 2892 3405 3462 5068
limited FR941206-1-00134 3 1480 1764 4547
finite FR941206-1-00134 1 1483
although FR941206-1-00134 3 1485 2021 4645
widely FR941206-1-00134 1 1486
dispersed FR941206-1-00134 1 1487
universe FR941206-1-00134 1 1489
mandates FR941206-1-00134 1 1494
burning FR941206-1-00134 2 1496 3386
highrisk FR941206-1-00134 1 1499
allows FR941206-1-00134 1 1504
such FR941206-1-00134 8 1507 1844 2488 2551 3996 4173 4340 4508
low FR941206-1-00134 7 1509 1886 1889 1922 1929 1932 4628
concentration FR941206-1-00134 10 1510 1818 1887 1930 3903 3977 4005 4268 4675 5042
drained FR941206-1-00134 2 1513 3546
transformer FR941206-1-00134 3 1514 3009 3541
carcasses FR941206-1-00134 1 1515
lower FR941206-1-00134 1 1519
disposed FR941206-1-00134 6 1527 1980 4219 4667 4787 5156
types FR941206-1-00134 2 1531 4906
eg FR941206-1-00134 2 1536 3974
industrial FR941206-1-00134 10 1538 1773 1801 1831 1893 1915 1983 3388 4186 4481
boilers FR941206-1-00134 5 1539 1832 1894 1916 1984
provide FR941206-1-00134 3 1542 2685 4413
capacity FR941206-1-00134 1 1544
proposes FR941206-1-00134 2 1547 1901
make FR941206-1-00134 2 1549 2778
following FR941206-1-00134 2 1551 3232
adjustments FR941206-1-00134 1 1552
response FR941206-1-00134 3 1561 4762 4814
raised FR941206-1-00134 1 1564
fixedsite FR941206-1-00134 2 1571 1662
incinerators FR941206-1-00134 6 1572 1603 1647 1663 1734 4913
approval FR941206-1-00134 9 1574 1605 1652 1694 2154 2868 3684 3702 4379
new FR941206-1-00134 4 1578 1592 1609 1623
or FR941206-1-00134 26 1580 1611 1848 1965 2446 2479 2639 2745 2775 2907 3120 3151 3218 3593 3613 4243 4269 4450 4513 4612 4636 4684 4738 4770 4786 4914
time FR941206-1-00134 8 1583 1614 1699 1766 2984 3581 3598 5026
renewal FR941206-1-00134 2 1585 1616
adjusted FR941206-1-00134 2 1589 1620
reflect FR941206-1-00134 2 1591 1622
procedural FR941206-1-00134 2 1595 1626
adopted FR941206-1-00134 3 1597 1628 1720
mobile FR941206-1-00134 5 1602 1646 1685 1733 1747
applicable FR941206-1-00134 2 1632 1660
unique FR941206-1-00134 1 1634
concept FR941206-1-00134 1 1644
single FR941206-1-00134 1 1650
multiyear FR941206-1-00134 1 1651
imposes FR941206-1-00134 1 1655
same FR941206-1-00134 1 1657
local FR941206-1-00134 1 1673
governments FR941206-1-00134 1 1674
receive FR941206-1-00134 1 1675
prior FR941206-1-00134 3 1676 4378 4559
notification FR941206-1-00134 6 1677 2555 2914 3778 3813 3855
additional FR941206-1-00134 5 1681 1705 2891 4284 4312
restrictions FR941206-1-00134 2 1682 2995
using FR941206-1-00134 1 1687
their FR941206-1-00134 5 1688 1759 2773 4265 4672
own FR941206-1-00134 1 1689
authorities FR941206-1-00134 4 1690 2179 2666 2747
limits FR941206-1-00134 1 1696
one FR941206-1-00134 1 1702
site FR941206-1-00134 3 1703 1769 4781
unless FR941206-1-00134 2 1704 3970
notice FR941206-1-00134 4 1711 3251 3885 4107
conducted FR941206-1-00134 1 1713
however FR941206-1-00134 2 1715 4712
assessments FR941206-1-00134 1 1723
development FR941206-1-00134 3 1730 2050 2855
because FR941206-1-00134 2 1735 1936
lose FR941206-1-00134 1 1741
considerable FR941206-1-00134 1 1743
benefits FR941206-1-00134 1 1744
derived FR941206-1-00134 2 1745 4205
considering FR941206-1-00134 1 1750
only FR941206-1-00134 4 1754 2036 4217 5150
minimal FR941206-1-00134 1 1755
due FR941206-1-00134 2 1757 1919
high FR941206-1-00134 2 1760 4919
destruction FR941206-1-00134 2 1761 4251
efficiency FR941206-1-00134 1 1762
each FR941206-1-00134 2 1768 4706
current FR941206-1-00134 6 1772 3897 4146 4266 4657 4990
boiler FR941206-1-00134 1 1774
761.60 FR941206-1-00134 4 1779 1790 1807 4258
furnace FR941206-1-00134 1 1802
4 FR941206-1-00134 1 1812
limit FR941206-1-00134 5 1815 2985 3428 3582 3599
both FR941206-1-00134 3 1816 2117 2129
volume FR941206-1-00134 20 1820 1890 1933 3257 3379 3482 3891 4167 4203 4294 4337 4436 4465 4517 4577 4617 4700 4909 4946 4982
treated FR941206-1-00134 1 1826
furnaces FR941206-1-00134 5 1834 1896 1918 1986 3389
built FR941206-1-00134 1 1839
perform FR941206-1-00134 1 1841
functions FR941206-1-00134 1 1843
power FR941206-1-00134 1 1846
generation FR941206-1-00134 2 1847 4949
materials FR941206-1-00134 6 1849 3372 3442 3450 4470 4497
recycling FR941206-1-00134 2 1850 3425
secondary FR941206-1-00134 1 1862
function FR941206-1-00134 2 1863 1867
primary FR941206-1-00134 1 1866
poses FR941206-1-00134 1 1868
separate FR941206-1-00134 1 1870
should FR941206-1-00134 3 1873 4417 5088
when FR941206-1-00134 3 1876 3408 4456
addressing FR941206-1-00134 2 1877 2688
overall FR941206-1-00134 4 1879 2043 2061 4422
posed FR941206-1-00134 3 1881 1924 2971
uniform FR941206-1-00134 1 1904
technologybased FR941206-1-00134 1 1905
instead FR941206-1-00134 1 1908
constructed FR941206-1-00134 1 1940
operated FR941206-1-00134 1 1942
purposes FR941206-1-00134 1 1945
specifically FR941206-1-00134 2 1948 4495
requests FR941206-1-00134 2 1949 2057
best FR941206-1-00134 1 1953
implement FR941206-1-00134 1 1955
given FR941206-1-00134 1 1959
controls FR941206-1-00134 1 1961
already FR941206-1-00134 1 1962
imposed FR941206-1-00134 1 1963
quantities FR941206-1-00134 1 1972
believes FR941206-1-00134 3 1989 4280 4966
apply FR941206-1-00134 3 1995 3108 3208
along FR941206-1-00134 1 1999
sufficient FR941206-1-00134 1 2005
unreasonable FR941206-1-00134 6 2016 2440 2473 2716 4152 4301
injury FR941206-1-00134 6 2019 2443 2476 2719 4155 4304
extends FR941206-1-00134 1 2035
its FR941206-1-00134 3 2042 2060 4753
objectives FR941206-1-00134 1 2044
carefully FR941206-1-00134 1 2046
plan FR941206-1-00134 1 2062
implementing FR941206-1-00134 2 2064 2911
agency FR941206-1-00134 7 2066 2137 2899 3071 3452 4279 4791
d. FR941206-1-00134 8 2077 3309 3404 3433 3454 3480 3545 3802
coordination FR941206-1-00134 1 2078
regulated FR941206-1-00134 2 2083 3067
statutes FR941206-1-00134 3 2086 2130 2790
administered FR941206-1-00134 1 2087
particular FR941206-1-00134 1 2092
subject FR941206-1-00134 2 2096 4322
corrective FR941206-1-00134 2 2099 3284
provisions FR941206-1-00134 5 2101 2764 2782 2979 2993
an FR941206-1-00134 13 2106 2390 2427 2439 2472 3591 3843 4151 4207 4222 4246 4300 5141
effort FR941206-1-00134 3 2107 2960 3063
harmonize FR941206-1-00134 2 2109 2142
cleanup FR941206-1-00134 8 2113 2126 3280 3297 3304 3561 4020 5164
comparison FR941206-1-00134 1 2132
goal FR941206-1-00134 1 2139
levels FR941206-1-00134 4 2144 3223 4006 4638
target FR941206-1-00134 1 2151
riskbased FR941206-1-00134 4 2156 3329 3346 5106
remediation FR941206-1-00134 7 2157 3274 3313 3335 3339 4999 5057
actions FR941206-1-00134 1 2158
761.61 FR941206-1-00134 4 2161 4360 5061 5110
c FR941206-1-00134 3 2163 2600 5112
iia7 FR941206-1-00134 2 2169 2570
e. FR941206-1-00134 5 2177 3331 3485 3549 3812
statutory FR941206-1-00134 1 2178
pursuant FR941206-1-00134 3 2189 2578 4244
sections FR941206-1-00134 3 2191 2580 4104
e FR941206-1-00134 12 2194 2202 2213 2232 2260 2274 2307 2321 2360 2374 2412 4260
section FR941206-1-00134 7 2229 2271 2318 2371 2494 4325 5075
gives FR941206-1-00134 3 2240 2329 2499
promulgate FR941206-1-00134 2 2245 2288
prescribing FR941206-1-00134 1 2247
15 FR941206-1-00134 5 2256 2303 2356 2408 2520
usc FR941206-1-00134 7 2257 2304 2357 2409 2521 2633 2655
2605 FR941206-1-00134 4 2258 2305 2358 2410
provides FR941206-1-00134 2 2282 2382
require FR941206-1-00134 4 2292 2863 4377 5118
marked FR941206-1-00134 1 2296
clear FR941206-1-00134 1 2298
adequate FR941206-1-00134 1 2300
warnings FR941206-1-00134 1 2301
authorize FR941206-1-00134 1 2334
processing FR941206-1-00134 4 2338 2399 2845 3374
distribution FR941206-1-00134 4 2340 2402 2847 3360
commerce FR941206-1-00134 4 2342 2404 2849 3362
totally FR941206-1-00134 2 2352 3552
enclosed FR941206-1-00134 2 2353 3553
manner FR941206-1-00134 1 2354
person FR941206-1-00134 1 2385
petition FR941206-1-00134 1 2387
exemption FR941206-1-00134 7 2391 2428 3417 3421 3432 3677 3785
prohibition FR941206-1-00134 1 2394
grant FR941206-1-00134 2 2426 2532
if FR941206-1-00134 2 2429 4365
administrator FR941206-1-00134 1 2431
finds FR941206-1-00134 1 2432
i FR941206-1-00134 1 2437
result FR941206-1-00134 3 2451 4049 5139
ii FR941206-1-00134 4 2455 3249 3323 3883
good FR941206-1-00134 1 2457
faith FR941206-1-00134 1 2458
efforts FR941206-1-00134 2 2459 3022
have FR941206-1-00134 5 2460 2894 4777 4793 4916
been FR941206-1-00134 3 2461 3950 4917
made FR941206-1-00134 1 2462
develop FR941206-1-00134 1 2464
chemical FR941206-1-00134 5 2466 3504 4233 4681 4936
substance FR941206-1-00134 1 2467
present FR941206-1-00134 3 2471 2800 3154
substituted FR941206-1-00134 1 2486
biphenyl FR941206-1-00134 1 2490
'' FR941206-1-00134 9 2492 3105 3213 3870 4172 4437 4701 4861 5107
exempt FR941206-1-00134 1 2504
subsection FR941206-1-00134 1 2512
2617 FR941206-1-00134 1 2522
things FR941206-1-00134 1 2541
regulate FR941206-1-00134 1 2543
aspect FR941206-1-00134 1 2545
requiring FR941206-1-00134 1 2553
discussed FR941206-1-00134 1 2567
1006 FR941206-1-00134 1 2581
2002 FR941206-1-00134 1 2583
3004 FR941206-1-00134 2 2588 2593
u FR941206-1-00134 1 2590
v FR941206-1-00134 1 2595
3005 FR941206-1-00134 1 2598
3007 FR941206-1-00134 1 2603
solid FR941206-1-00134 2 2606 2626
act FR941206-1-00134 3 2609 2618 4767
amended FR941206-1-00134 2 2611 2621
resource FR941206-1-00134 1 2614
conservation FR941206-1-00134 1 2615
recovery FR941206-1-00134 1 2617
1984 FR941206-1-00134 1 2630
42 FR941206-1-00134 2 2632 2654
6924 FR941206-1-00134 1 2634
no FR941206-1-00134 3 2637 3148 4569
additions FR941206-1-00134 1 2638
part FR941206-1-00134 6 2646 2921 3933 4011 4430 5169
300 FR941206-1-00134 1 2647
cercla FR941206-1-00134 3 2652 3287 3293
96019657 FR941206-1-00134 1 2656
f. FR941206-1-00134 4 2659 3493 3555 3816
summary FR941206-1-00134 1 2660
consistent FR941206-1-00134 2 2663 2783
described FR941206-1-00134 1 2667
ie FR941206-1-00134 4 2670 3922 4630 5035
modifications FR941206-1-00134 3 2678 2725 3832
specific FR941206-1-00134 2 2694 4388
available FR941206-1-00134 2 2706 4991
while FR941206-1-00134 2 2711 4773
still FR941206-1-00134 4 2712 2974 3029 3076
providing FR941206-1-00134 1 2713
protection FR941206-1-00134 1 2714
recognition FR941206-1-00134 1 2735
undertaken FR941206-1-00134 1 2741
furthermore FR941206-1-00134 1 2749
delete FR941206-1-00134 1 2762
outofdate FR941206-1-00134 1 2763
modify FR941206-1-00134 1 2766
problems FR941206-1-00134 1 2771
applicability FR941206-1-00134 2 2774 5072
implementation FR941206-1-00134 2 2776 3332
policies FR941206-1-00134 2 2780 3059
reduce FR941206-1-00134 2 2793 2963
de FR941206-1-00134 1 2802
minimis FR941206-1-00134 1 2803
authorizations FR941206-1-00134 1 2812
exemptions FR941206-1-00134 1 2814
need FR941206-1-00134 1 2819
scientific FR941206-1-00134 2 2822 3758
community FR941206-1-00134 2 2823 3068
conduct FR941206-1-00134 1 2825
research FR941206-1-00134 1 2826
well FR941206-1-00134 3 2828 4722 5124
environmental FR941206-1-00134 6 2832 4473 4652 4761 5077 5098
studies FR941206-1-00134 2 2833 3666
media FR941206-1-00134 2 2838 4474
contaminated FR941206-1-00134 8 2839 3999 4068 4348 4472 4626 4800 4876
include FR941206-1-00134 9 2844 2879 2981 3048 3953 4468 4522 4542 4582
innovative FR941206-1-00134 1 2857
otherwise FR941206-1-00134 2 2861 3971
issuance FR941206-1-00134 1 2864
through FR941206-1-00134 2 2875 2902
identified FR941206-1-00134 1 2883
plus FR941206-1-00134 1 2887
either FR941206-1-00134 2 2895 4678
come FR941206-1-00134 1 2896
attention FR941206-1-00134 1 2901
submission FR941206-1-00134 2 2904 3796
experience FR941206-1-00134 2 2909 3453
manifesting FR941206-1-00134 3 2916 3780 3857
761 FR941206-1-00134 3 2922 4012 5170
subparts FR941206-1-00134 1 2923
d FR941206-1-00134 1 2926
j FR941206-1-00134 1 2928
k FR941206-1-00134 1 2931
published FR941206-1-00134 1 2933
54 FR941206-1-00134 1 2941
52716 FR941206-1-00134 1 2943
support FR941206-1-00134 1 2956
significantly FR941206-1-00134 1 2962
release FR941206-1-00134 2 2967 5143
affected FR941206-1-00134 1 2980
1year FR941206-1-00134 3 2983 3580 3597
storage FR941206-1-00134 16 2987 2997 3533 3565 3569 3584 3601 3606 3616 3630 3634 3638 3648 3654 3829 3834
enhancement FR941206-1-00134 3 2992 3680 3694
reuse FR941206-1-00134 3 2999 3455 3575
decontamination FR941206-1-00134 2 3001 3355
previously FR941206-1-00134 1 3005
reclassification FR941206-1-00134 1 3010
procedures FR941206-1-00134 5 3011 3358 4396 4407 4424
58 FR941206-1-00134 1 3013
60970 FR941206-1-00134 1 3015
promote FR941206-1-00134 1 3024
phaseout FR941206-1-00134 1 3026
especially FR941206-1-00134 1 3033
electrical FR941206-1-00134 3 3036 3943 4605
equipment FR941206-1-00134 7 3037 3367 3544 3623 3732 3759 4614
go FR941206-1-00134 1 3039
beyond FR941206-1-00134 1 3040
they FR941206-1-00134 5 3047 4274 4427 4457 4661
contemplated FR941206-1-00134 1 3049
various FR941206-1-00134 1 3052
compliance FR941206-1-00134 1 3053
monitoring FR941206-1-00134 1 3054
enforcement FR941206-1-00134 1 3056
strategies FR941206-1-00134 1 3057
greater FR941206-1-00134 5 3062 3165 3614 4073 4453
inform FR941206-1-00134 1 3065
expanded FR941206-1-00134 1 3081
cooperation FR941206-1-00134 1 3082
agencies FR941206-1-00134 1 3088
departments FR941206-1-00134 1 3090
definition FR941206-1-00134 3 3097 3229 3538
761.3 FR941206-1-00134 2 3099 3968
term FR941206-1-00134 4 3102 3210 3867 4433
pcbcontaminated FR941206-1-00134 7 3104 3114 3203 3212 3543 3547 3622
across FR941206-1-00134 1 3109
mean FR941206-1-00134 1 3116
anything FR941206-1-00134 1 3117
contains FR941206-1-00134 1 3119
contacts FR941206-1-00134 1 3121
50 FR941206-1-00134 8 3126 3808 3905 3947 3981 4059 4213 4633
parts FR941206-1-00134 3 3127 3137 3906
per FR941206-1-00134 9 3128 3138 3169 3186 3907 4081 4124 4923 4932
million FR941206-1-00134 4 3129 3139 3908 4898
ppm FR941206-1-00134 11 3131 3141 3612 3749 3809 3910 3948 3982 4064 4214 4634
less FR941206-1-00134 6 3134 3182 3979 4061 4077 5081
500 FR941206-1-00134 4 3136 3611 3748 4063
event FR941206-1-00134 1 3146
surfaces FR941206-1-00134 5 3156 3161 4000 4069 4347
then FR941206-1-00134 1 3160
10 FR941206-1-00134 4 3167 3175 4075 4087
micrograms FR941206-1-00134 3 3168 3185 4080
100 FR941206-1-00134 7 3170 3184 3187 3192 4079 4082 4089
square FR941206-1-00134 3 3171 3188 4083
centimeters FR941206-1-00134 3 3172 3189 4084
> FR941206-1-00134 2 3174 4086
m FR941206-1-00134 3 3176 3193 4090
g/100 FR941206-1-00134 2 3177 3194
cm FR941206-1-00134 2 3178 3195
< FR941206-1-00134 4 3191 3807 4088 4632
defined FR941206-1-00134 2 3201 3962
classes FR941206-1-00134 2 3215 4191
items FR941206-1-00134 2 3220 4527
meeting FR941206-1-00134 1 3221
contamination FR941206-1-00134 2 3225 4114
specified FR941206-1-00134 1 3226
outline FR941206-1-00134 1 3233
provided FR941206-1-00134 1 3235
assist FR941206-1-00134 1 3237
reader FR941206-1-00134 1 3239
locating FR941206-1-00134 1 3241
interest FR941206-1-00134 1 3244
a. FR941206-1-00134 10 3255 3290 3345 3418 3440 3463 3527 3685 3782 3889
large FR941206-1-00134 18 3256 3378 3481 3618 3890 4166 4202 4293 4336 4435 4464 4516 4576 4616 4699 4908 4945 4981
1. FR941206-1-00134 8 3261 3382 3414 3567 3672 3682 3713 3859
antin FR941206-1-00134 1 3262
2. FR941206-1-00134 8 3263 3384 3437 3576 3675 3691 3721 3861
status FR941206-1-00134 1 3264
3. FR941206-1-00134 5 3268 3390 3460 3587 3724
alternatives FR941206-1-00134 3 3269 4987 5007
landfilling FR941206-1-00134 4 3271 3516 4561 4938
4. FR941206-1-00134 3 3272 3395 3604
remedial FR941206-1-00134 2 3288 4813
background FR941206-1-00134 2 3291 3894
policy FR941206-1-00134 4 3295 3562 4021 5165
approach FR941206-1-00134 3 3302 3687 3690
spills FR941206-1-00134 4 3317 3811 4740 5138
i. FR941206-1-00134 4 3320 3515 3660 3836
selfimplementing FR941206-1-00134 6 3321 3689 4356 4372 4395 4423
option FR941206-1-00134 4 3322 3326 3330 5108
performancebased FR941206-1-00134 2 3325 3352
5. FR941206-1-00134 2 3337 3615
6. FR941206-1-00134 2 3341 3632
nonn FR941206-1-00134 1 3343
leachabilitybased FR941206-1-00134 1 3349
7. FR941206-1-00134 2 3354 3637
8. FR941206-1-00134 2 3359 3644
decontaminated FR941206-1-00134 1 3366
structures FR941206-1-00134 1 3369
9. FR941206-1-00134 2 3373 3651
articles FR941206-1-00134 5 3381 3394 3572 3959 4530
open FR941206-1-00134 1 3385
characterization FR941206-1-00134 3 3391 3396 4817
natural FR941206-1-00134 3 3398 3457 3490
gas FR941206-1-00134 3 3399 3458 3491
pipelines FR941206-1-00134 2 3400 3459
pcb/radioactive FR941206-1-00134 1 3402
originally FR941206-1-00134 2 3412 4459
promulgated FR941206-1-00134 1 3413
household FR941206-1-00134 1 3415
broadly FR941206-1-00134 1 3419
define FR941206-1-00134 1 3420
impact FR941206-1-00134 2 3423 3938
scope FR941206-1-00134 1 3429
considerations FR941206-1-00134 2 3436 4045
unauthorized FR941206-1-00134 1 3438
pcbimpregnated FR941206-1-00134 2 3441 3448
duct FR941206-1-00134 1 3445
systems FR941206-1-00134 1 3446
insulation FR941206-1-00134 3 3449 3472 4512
pcbbound FR941206-1-00134 1 3466
material FR941206-1-00134 4 3467 3764 4875 5045
cable FR941206-1-00134 1 3471
containing FR941206-1-00134 3 3473 4211 4498
small FR941206-1-00134 3 3478 3783 4598
capacitors FR941206-1-00134 2 3479 3620
abandonment FR941206-1-00134 1 3486
pipeline FR941206-1-00134 1 3492
solvents FR941206-1-00134 2 3496 4553
g. FR941206-1-00134 3 3497 3563 3823
generated FR941206-1-00134 4 3501 4449 4591 4705
during FR941206-1-00134 1 3502
h. FR941206-1-00134 3 3508 3657 3831
transboundary FR941206-1-00134 1 3509
movement FR941206-1-00134 1 3510
liquid FR941206-1-00134 4 3518 3609 3989 4127
regulatory FR941206-1-00134 4 3523 3880 3914 5010
clarifications FR941206-1-00134 1 3526
marking FR941206-1-00134 2 3528 3768
dot FR941206-1-00134 1 3530
containers FR941206-1-00134 2 3531 3643
transformers FR941206-1-00134 4 3548 3746 3944 4558
transfer FR941206-1-00134 3 3550 3824 4610
change FR941206-1-00134 1 3556
reportable FR941206-1-00134 1 3559
quantity_spill FR941206-1-00134 1 3560
indefinite FR941206-1-00134 1 3568
designated FR941206-1-00134 1 3573
situations FR941206-1-00134 1 3588
warrant FR941206-1-00134 1 3590
extension FR941206-1-00134 1 3592
waiver FR941206-1-00134 1 3594
temporary FR941206-1-00134 1 3605
pallets FR941206-1-00134 1 3625
next FR941206-1-00134 1 3626
qualified FR941206-1-00134 1 3629
area FR941206-1-00134 1 3631
alternate FR941206-1-00134 3 3633 3704 4248
article FR941206-1-00134 1 3642
recordkeeping FR941206-1-00134 2 3645 3770
operators FR941206-1-00134 1 3650
revision FR941206-1-00134 1 3652
criteria FR941206-1-00134 1 3656
astm FR941206-1-00134 1 3658
references FR941206-1-00134 1 3659
disposalrelated FR941206-1-00134 1 3665
j. FR941206-1-00134 2 3667 3846
samples FR941206-1-00134 3 3669 3858 3990
authorization FR941206-1-00134 1 3674
class FR941206-1-00134 1 3676
k. FR941206-1-00134 2 3678 3854
coordinated FR941206-1-00134 1 3683
interactive FR941206-1-00134 1 3686
grants FR941206-1-00134 1 3695
l. FR941206-1-00134 2 3696 3863
requirement FR941206-1-00134 2 3699 3743
request FR941206-1-00134 1 3701
organic FR941206-1-00134 1 3717
wastewater FR941206-1-00134 1 3720
nond FR941206-1-00134 2 3722 4169
mixtures FR941206-1-00134 1 3725
and/or FR941206-1-00134 1 3728
n. FR941206-1-00134 1 3730
oilfilled FR941206-1-00134 1 3731
manufactured FR941206-1-00134 1 3733
ban FR941206-1-00134 1 3736
o. FR941206-1-00134 1 3737
voltage FR941206-1-00134 1 3739
regulators FR941206-1-00134 1 3740
p. FR941206-1-00134 1 3741
registration FR941206-1-00134 1 3742
q. FR941206-1-00134 1 3751
rectifiers FR941206-1-00134 1 3752
r. FR941206-1-00134 1 3753
s. FR941206-1-00134 1 3760
remove FR941206-1-00134 1 3761
outdated FR941206-1-00134 1 3762
t. FR941206-1-00134 1 3765
chart FR941206-1-00134 1 3766
iv FR941206-1-00134 1 3772
quantity FR941206-1-00134 1 3784
solids FR941206-1-00134 1 3787
exception FR941206-1-00134 1 3791
reporting FR941206-1-00134 1 3792
timing FR941206-1-00134 1 3794
certificate FR941206-1-00134 1 3799
manifest FR941206-1-00134 1 3803
transporters FR941206-1-00134 1 3815
renotification FR941206-1-00134 1 3817
facility FR941206-1-00134 2 3821 3869
operations FR941206-1-00134 1 3822
ownership FR941206-1-00134 1 3826
commercial FR941206-1-00134 2 3828 4901
facilities FR941206-1-00134 2 3830 3835
disposers FR941206-1-00134 1 3840
must FR941206-1-00134 2 3841 5015
submit FR941206-1-00134 1 3842
annual FR941206-1-00134 1 3844
report FR941206-1-00134 1 3845
financial FR941206-1-00134 1 3847
assurance FR941206-1-00134 1 3848
mechanism FR941206-1-00134 1 3849
nont FR941206-1-00134 1 3851
corporate FR941206-1-00134 1 3852
guarantee FR941206-1-00134 1 3853
general FR941206-1-00134 2 3860 4446
definitions FR941206-1-00134 1 3862
v. FR941206-1-00134 1 3871
confidentiality FR941206-1-00134 1 3872
vi FR941206-1-00134 1 3873
official FR941206-1-00134 1 3875
vii FR941206-1-00134 1 3878
establish FR941206-1-00134 1 3901
threshold FR941206-1-00134 1 3915
authorized FR941206-1-00134 4 3917 3955 4208 4504
service FR941206-1-00134 4 3925 4462 4538 5033
was FR941206-1-00134 1 3929
economic FR941206-1-00134 2 3937 4044
but FR941206-1-00134 2 3946 4544
extended FR941206-1-00134 1 3951
noted FR941206-1-00134 1 3972
resulting FR941206-1-00134 1 3983
dilution FR941206-1-00134 1 3985
could FR941206-1-00134 2 3991 5117
collected FR941206-1-00134 1 3994
surface FR941206-1-00134 3 4002 4025 4113
sampling FR941206-1-00134 3 4003 4391 4406
developed FR941206-1-00134 1 4008
subpart FR941206-1-00134 2 4014 5172
g FR941206-1-00134 2 4015 5173
spill FR941206-1-00134 2 4019 5163
dermal FR941206-1-00134 1 4032
equated FR941206-1-00134 1 4036
established FR941206-1-00134 1 4053
applied FR941206-1-00134 1 4066
g/100cm FR941206-1-00134 1 4091
codify FR941206-1-00134 1 4109
relationship FR941206-1-00134 1 4111
milligrams FR941206-1-00134 1 4121
liter FR941206-1-00134 1 4125
requested FR941206-1-00134 2 4139 4726
effectiveness FR941206-1-00134 1 4143
preventing FR941206-1-00134 1 4150
shredding FR941206-1-00134 1 4178
automobiles FR941206-1-00134 1 4180
white FR941206-1-00134 1 4182
goods FR941206-1-00134 1 4183
scrap FR941206-1-00134 1 4187
soils FR941206-1-00134 2 4193 4342
sludges FR941206-1-00134 3 4195 4479 4485
sediments FR941206-1-00134 1 4198
original FR941206-1-00134 3 4209 4673 5040
source FR941206-1-00134 1 4210
incinerator FR941206-1-00134 2 4223 4686
complies FR941206-1-00134 2 4225 4237
761.70 FR941206-1-00134 1 4229
landfill FR941206-1-00134 2 4235 4683
761.75 FR941206-1-00134 1 4241
approved FR941206-1-00134 1 4247
method FR941206-1-00134 1 4249
equivalent FR941206-1-00134 1 4252
incineration FR941206-1-00134 2 4254 4927
regardless FR941206-1-00134 1 4263
pose FR941206-1-00134 3 4276 4299 4650
there FR941206-1-00134 1 4282
techniques FR941206-1-00134 2 4291 4319
kinds FR941206-1-00134 1 4334
options FR941206-1-00134 4 4358 4374 4384 4993
761.62 FR941206-1-00134 1 4362
761.79. FR941206-1-00134 1 4364
followed FR941206-1-00134 1 4366
exactly FR941206-1-00134 1 4367
written FR941206-1-00134 1 4369
detailed FR941206-1-00134 1 4386
portions FR941206-1-00134 1 4392
appear FR941206-1-00134 1 4397
appendices FR941206-1-00134 2 4399 4409
iiii FR941206-1-00134 1 4400
placement FR941206-1-00134 1 4402
intended FR941206-1-00134 1 4411
continuity FR941206-1-00134 1 4415
facilitate FR941206-1-00134 1 4418
understanding FR941206-1-00134 1 4419
describe FR941206-1-00134 1 4441
managed FR941206-1-00134 3 4451 4593 5017
volumes FR941206-1-00134 2 4454 4599
placed FR941206-1-00134 1 4460
dredged FR941206-1-00134 1 4469
municipal FR941206-1-00134 1 4476
sewage FR941206-1-00134 1 4477
treatment FR941206-1-00134 2 4478 4484
water FR941206-1-00134 1 4483
auto FR941206-1-00134 1 4487
shredder FR941206-1-00134 2 4488 4888
demolition FR941206-1-00134 1 4491
listed FR941206-1-00134 1 4496
impregnated FR941206-1-00134 1 4511
gaskets FR941206-1-00134 1 4514
being FR941206-1-00134 1 4535
removed FR941206-1-00134 1 4536
dielectric FR941206-1-00134 1 4550
fluid FR941206-1-00134 1 4551
flush FR941206-1-00134 1 4556
ge FR941206-1-00134 1 4563
solvent FR941206-1-00134 1 4564
distillation FR941206-1-00134 1 4565
case FR941206-1-00134 1 4566
[ FR941206-1-00134 1 4567
docket FR941206-1-00134 1 4568
tsca- FR941206-1-00134 1 4571
] FR941206-1-00134 1 4573
traditional FR941206-1-00134 1 4585
typically FR941206-1-00134 1 4590
discrete FR941206-1-00134 1 4595
relatively FR941206-1-00134 1 4597
individual FR941206-1-00134 1 4602
pieces FR941206-1-00134 1 4603
mechanical FR941206-1-00134 1 4607
heat FR941206-1-00134 1 4609
frequently FR941206-1-00134 1 4621
heterogenous FR941206-1-00134 1 4622
nature FR941206-1-00134 1 4624
varying FR941206-1-00134 1 4637
constituents FR941206-1-00134 1 4643
now FR941206-1-00134 1 4649
little FR941206-1-00134 1 4651
usually FR941206-1-00134 1 4663
required FR941206-1-00134 1 4664
second FR941206-1-00134 1 4688
name FR941206-1-00134 1 4692
category FR941206-1-00134 1 4695
implies FR941206-1-00134 1 4696
year FR941206-1-00134 1 4707
enormous FR941206-1-00134 1 4709
amounts FR941206-1-00134 1 4710
actual FR941206-1-00134 1 4715
magnitude FR941206-1-00134 1 4716
problem FR941206-1-00134 1 4719
documented FR941206-1-00134 1 4723
about FR941206-1-00134 1 4728
historic FR941206-1-00134 1 4729
sites FR941206-1-00134 9 4732 4756 4799 4820 4832 4844 4852 4867 4957
major FR941206-1-00134 1 4737
46 FR941206-1-00134 1 4742
22144 FR941206-1-00134 1 4744
listing FR941206-1-00134 1 4754
known FR941206-1-00134 1 4757
comprehensive FR941206-1-00134 1 4760
compensation FR941206-1-00134 1 4764
liability FR941206-1-00134 1 4766
system FR941206-1-00134 1 4769
cerclis FR941206-1-00134 3 4771 4835 4851
characterizing FR941206-1-00134 1 4779
every FR941206-1-00134 1 4780
spilled FR941206-1-00134 1 4785
estimates FR941206-1-00134 1 4794
1991 FR941206-1-00134 1 4805
office FR941206-1-00134 1 4809
emergency FR941206-1-00134 1 4811
completed FR941206-1-00134 1 4815
1218 FR941206-1-00134 1 4819
priorities FR941206-1-00134 1 4825
list FR941206-1-00134 1 4826
npl FR941206-1-00134 3 4828 4843 4866
29461 FR941206-1-00134 1 4831
approximately FR941206-1-00134 4 4838 4846 4870 4896
20 FR941206-1-00134 1 4839
percent FR941206-1-00134 2 4840 4848
7 FR941206-1-00134 1 4847
characterized FR941206-1-00134 1 4856
predominant FR941206-1-00134 1 4860
type FR941206-1-00134 1 4863
alone FR941206-1-00134 1 4868
contain FR941206-1-00134 1 4869
34070000 FR941206-1-00134 1 4871
cubic FR941206-1-00134 3 4872 4924 4933
yards FR941206-1-00134 1 4873
substances FR941206-1-00134 1 4881
similarly FR941206-1-00134 1 4883
produced FR941206-1-00134 1 4890
annually FR941206-1-00134 1 4891
metal FR941206-1-00134 1 4893
recyclers FR941206-1-00134 1 4894
tons FR941206-1-00134 1 4899
costs FR941206-1-00134 1 4903
landfills FR941206-1-00134 1 4915
$ FR941206-1-00134 2 4921 4930
2300 FR941206-1-00134 1 4922
yard FR941206-1-00134 2 4925 4934
550 FR941206-1-00134 1 4931
old FR941206-1-00134 1 4954
cost FR941206-1-00134 1 4961
commence FR941206-1-00134 1 4972
propose FR941206-1-00134 1 4986
mandate FR941206-1-00134 1 5011
contaminating FR941206-1-00134 1 5028
came FR941206-1-00134 1 5030
out FR941206-1-00134 1 5031
iia4 FR941206-1-00134 1 5049
indirect FR941206-1-00134 2 5066 5121
limiting FR941206-1-00134 1 5070
settings FR941206-1-00134 2 5078 5099
likely FR941206-1-00134 1 5082
migration FR941206-1-00134 1 5085
easier FR941206-1-00134 1 5090
characterize FR941206-1-00134 1 5092
remediate FR941206-1-00134 1 5094
direct FR941206-1-00134 1 5126
point FR941206-1-00134 1 5133
illegal FR941206-1-00134 1 5142
cleaned FR941206-1-00134 1 5153
up FR941206-1-00134 1 5154
accordance FR941206-1-00134 1 5159
entitled FR941206-1-00134 1 5177
