additional FR941206-1-00134 6 23070 23230 24007 24775 25674 27234
capacity FR941206-1-00134 6 23071 23180 23185 23226 23232 23257
. FR941206-1-00134 157 23072 23100 23148 23167 23203 23228 23254 23285 23310 23348 23379 23416 23439 23461 23502 23552 23574 23612 23627 23644 23665 23668 23693 23727 23741 23788 23791 23814 23847 23887 23926 23997 24017 24040 24078 24114 24131 24140 24196 24224 24239 24261 24311 24332 24353 24395 24410 24438 24440 24444 24480 24530 24550 24602 24622 24688 24751 24771 24785 24859 24906 24920 24922 24926 24947 24973 25013 25048 25085 25147 25165 25168 25219 25250 25252 25257 25281 25308 25329 25368 25398 25401 25425 25447 25465 25505 25510 25535 25564 25645 25672 25691 25695 25722 25736 25779 25794 25834 25873 25918 25981 26006 26065 26120 26147 26171 26173 26179 26211 26226 26294 26323 26361 26425 26458 26497 26526 26557 26598 26636 26664 26669 26780 26785 26840 26862 26906 26962 26986 27035 27075 27091 27117 27179 27225 27248 27250 27254 27296 27341 27356 27358 27361 27384 27400 27433 27514 27536 27550 27552 27560 27618 27657 27712 27714 27719 27740
several FR941206-1-00134 5 23073 23440 23998 24417 27515
commenters FR941206-1-00134 9 23074 23441 23999 24418 24773 24860 26182 26427 27442
requested FR941206-1-00134 1 23075
that FR941206-1-00134 69 23076 23155 23352 23356 23383 23443 23477 23491 23565 23580 23656 23934 24001 24012 24020 24043 24118 24154 24271 24316 24388 24494 24718 24941 25052 25205 25226 25261 25370 25439 25454 25470 25476 25526 25546 25549 25573 25627 25805 25842 25888 25942 26014 26078 26205 26247 26345 26409 26446 26531 26567 26645 26650 26672 26722 26795 26854 26874 26902 26929 27056 27076 27149 27242 27373 27460 27667 27726 27760
under FR941206-1-00134 30 23077 23098 23143 23162 24129 24192 24210 24237 24321 24379 24435 24464 24474 24535 24551 24724 24880 25697 25718 25903 25947 26022 26050 26072 26436 26498 26786 26869 27125 27350
tsca FR941206-1-00134 29 23078 23144 23163 24108 24130 24141 24238 24279 24322 24350 24380 24476 24866 24882 25539 26024 26030 26134 26437 26465 26499 26677 26870 26892 27041 27126 27181 27299 27650
, FR941206-1-00134 239 23079 23174 23193 23200 23205 23235 23241 23259 23287 23328 23331 23340 23434 23485 23516 23520 23537 23590 23592 23634 23646 23833 23857 23869 23986 24034 24054 24070 24075 24093 24168 24172 24226 24231 24241 24254 24257 24284 24288 24298 24367 24381 24416 24457 24470 24505 24509 24512 24515 24518 24520 24523 24541 24543 24555 24575 24599 24600 24604 24627 24673 24675 24699 24710 24758 24810 24823 24833 24844 24885 24982 24984 24986 25000 25005 25008 25016 25023 25039 25092 25094 25101 25112 25131 25139 25142 25145 25170 25177 25194 25221 25233 25241 25297 25356 25372 25385 25389 25409 25427 25467 25489 25492 25495 25499 25514 25543 25558 25591 25630 25632 25647 25701 25741 25753 25760 25797 25798 25802 25839 25857 25906 25920 25952 25966 25968 25985 26053 26093 26106 26108 26124 26149 26272 26314 26318 26330 26337 26365 26376 26378 26380 26382 26385 26388 26390 26393 26430 26449 26453 26463 26482 26489 26500 26509 26513 26519 26521 26528 26561 26573 26579 26582 26585 26589 26615 26627 26681 26693 26700 26715 26754 26755 26760 26761 26766 26767 26788 26817 26819 26821 26823 26826 26829 26831 26834 26871 26935 26941 26947 26950 26953 26957 26964 26988 27021 27023 27027 27052 27078 27093 27095 27100 27133 27172 27192 27227 27257 27264 27276 27285 27291 27293 27312 27314 27321 27394 27418 27422 27426 27468 27470 27474 27477 27485 27493 27498 27508 27567 27595 27597 27631 27633 27635 27659 27663 27670 27704 27772
the FR941206-1-00134 241 23080 23092 23107 23146 23194 23215 23244 23268 23278 23299 23302 23316 23335 23353 23406 23409 23429 23437 23456 23486 23499 23521 23525 23541 23553 23593 23597 23651 23669 23675 23682 23690 23711 23716 23769 23792 23810 23820 23871 23931 23948 23958 23962 23972 24085 24102 24123 24155 24183 24211 24228 24281 24292 24299 24324 24333 24339 24359 24365 24393 24402 24422 24449 24460 24475 24481 24488 24536 24552 24570 24587 24609 24644 24692 24737 24743 24748 24764 24790 24805 24808 24815 24818 24828 24831 24845 24853 24865 24888 24911 24939 24945 24953 24966 24969 25024 25065 25074 25083 25086 25090 25108 25114 25121 25180 25184 25203 25248 25262 25275 25288 25299 25309 25330 25346 25357 25361 25380 25390 25393 25403 25420 25423 25435 25448 25666 25698 25702 25723 25737 25776 25784 25806 25836 25843 25879 25901 25911 25921 25948 25979 25986 26016 26023 26029 26041 26048 26058 26069 26080 26084 26094 26125 26133 26158 26177 26184 26188 26215 26221 26230 26241 26255 26263 26277 26295 26325 26357 26366 26420 26439 26455 26460 26464 26505 26532 26549 26552 26599 26603 26631 26651 26659 26670 26676 26695 26719 26723 26769 26772 26789 26798 26807 26847 26864 26875 26891 26907 26989 27040 27098 27128 27134 27139 27155 27180 27193 27197 27200 27203 27208 27215 27262 27270 27287 27297 27367 27379 27419 27430 27441 27528 27540 27562 27568 27578 27586 27612 27626 27629 27647 27654 27680 27693 27701 27720 27723 27746 27749 27757 27761
pcb FR941206-1-00134 47 23081 23410 23964 23978 24265 24269 24293 24386 24477 24612 24693 25040 25174 25188 25214 25239 25349 25394 25410 25444 25455 25477 25519 25552 25588 25720 25777 25810 25849 25943 26135 26471 26495 26595 26609 26632 26730 26737 26865 26996 27045 27057 27103 27212 27371 27553 27715
and FR941206-1-00134 113 23082 23103 23137 23145 23181 23221 23250 23274 23308 23322 23332 23397 23453 23455 23498 23517 23689 23748 23797 23870 24136 24189 24251 24267 24280 24323 24330 24335 24351 24382 24398 24406 24502 24507 24524 24544 24576 24685 24721 24759 24834 24886 24988 24995 24998 25009 25044 25077 25095 25172 25202 25212 25216 25247 25290 25485 25500 25507 25578 25652 25686 25704 25761 25786 25819 25858 25860 25870 26034 26130 26141 26273 26311 26316 26319 26373 26394 26417 26490 26522 26570 26575 26590 26647 26694 26736 26742 26768 26938 26943 26958 26981 26991 27002 27008 27011 27286 27294 27317 27427 27438 27457 27478 27495 27499 27509 27530 27539 27598 27651 27686 27696 27759
radioactive FR941206-1-00134 15 23083 23116 23138 23470 23529 23725 23734 23751 23885 23910 23938 24035 24127 24208 24264
wastes FR941206-1-00134 52 23084 23096 23111 23131 23134 23237 23389 23460 23471 23726 23735 23752 23811 23832 23911 23939 23996 24003 24051 24092 24329 24546 24588 24613 24666 24677 24723 24959 24976 24987 25012 25041 25066 25189 25240 25733 25891 25944 26013 26045 26070 26095 26246 26287 26346 26424 26443 26472 27046 27320 27324 27333
in FR941206-1-00134 93 23085 23283 23372 23390 23595 23640 23650 23768 23777 23838 23943 24134 24138 24182 24308 24338 24344 24364 24392 24411 24448 24547 24586 24592 24623 24665 24670 24691 24747 24787 24852 24862 24928 25059 25082 25097 25351 25413 25461 25483 25536 25560 25624 25706 25795 25812 25878 25982 26100 26199 26208 26286 26291 26331 26350 26413 26419 26524 26539 26612 26626 26655 26690 26710 26797 26811 26858 26917 26971 26984 27019 27048 27060 27068 27087 27107 27170 27174 27332 27338 27366 27389 27436 27482 27491 27557 27577 27623 27638 27660 27706 27734 27766
a FR941206-1-00134 76 23086 23294 23374 23494 23566 23585 23603 23624 23628 23944 24082 24309 24375 24453 24573 24631 24659 24707 24725 24755 24767 24876 24921 24932 25019 25060 25196 25227 25340 25376 25473 25512 25538 25551 25625 25636 25639 25719 25773 25796 25853 25867 25926 25992 26073 26101 26112 26122 26154 26180 26191 26209 26267 26333 26340 26363 26407 26414 26540 26613 26812 26852 26859 26978 27049 27061 27088 27108 27175 27221 27279 27336 27402 27525 27551 27583
mixture FR941206-1-00134 2 23087 24310
not FR941206-1-00134 43 23088 23212 23290 23572 23638 23989 24014 24059 24121 24162 24273 24296 24303 24356 24390 24861 25032 25159 25224 25459 25529 25782 25824 25945 25976 26038 26087 26145 26152 26451 26468 26544 26804 26911 26924 27029 27083 27186 27259 27304 27326 27375 27622
be FR941206-1-00134 52 23089 23263 23395 23425 23513 23540 23739 23756 23825 23855 23863 24015 24027 24047 24274 24314 24472 24620 24783 24875 25033 25057 25072 25161 25208 25243 25419 25481 25556 25581 25621 25662 25772 25995 26004 26088 26097 26218 26258 26280 26354 26411 26545 26856 26888 26976 27030 27066 27085 27112 27237 27698
confused FR941206-1-00134 1 23090
with FR941206-1-00134 19 23091 23151 23214 23405 23779 23809 24248 25103 25156 25183 25315 25336 26132 26602 26792 27282 27532 27607 27611
term FR941206-1-00134 3 23093 23108 24156
`` FR941206-1-00134 13 23094 23109 23114 23129 23581 24157 24164 24956 24980 25907 26054 26306 27517
mixed FR941206-1-00134 2 23095 23130
'' FR941206-1-00134 13 23097 23112 23118 23132 23613 24160 24197 24960 25014 25913 26060 26324 27520
rcra FR941206-1-00134 16 23099 24465 24482 24537 24553 24884 25605 26222 26231 26296 26326 26367 26456 26461 26696 26787
epa FR941206-1-00134 49 23101 23149 23288 23444 23694 23888 24018 24041 24079 24119 24132 24225 24250 24368 24445 24605 24628 24752 24907 24951 25029 25222 25285 25319 25373 25468 25544 25565 25780 25803 25840 25874 26150 26227 26431 26565 26625 26637 26673 26872 27036 27119 27228 27266 27362 27385 27533 27666 27744
agrees FR941206-1-00134 2 23102 24133
proposes FR941206-1-00134 2 23104 27120
to FR941206-1-00134 90 23105 23128 23133 23141 23292 23301 23315 23326 23344 23358 23365 23403 23447 23451 23467 23496 23506 23558 23622 23674 23680 23697 23710 23730 23738 23744 23755 23758 23818 23827 23854 23862 23866 23892 23904 23912 23953 24026 24125 24204 24278 24305 24327 24346 24373 24413 24459 24560 24711 24902 24910 24964 25106 25304 25322 25383 25418 25433 25524 25580 25654 25665 25771 25865 25940 25997 26040 26114 26156 26163 26186 26195 26201 26220 26243 26343 26454 26503 26548 26644 26913 27121 27153 27261 27306 27609 27646 27690 27697 27743
apply FR941206-1-00134 7 23106 23357 23364 26039 26146 26912 27305
pcb/radioactive FR941206-1-00134 12 23110 23165 23189 23208 23236 23388 23459 23831 24002 24200 24244 24319
or FR941206-1-00134 52 23113 23338 23419 23432 23474 23508 23546 23609 23660 23685 23873 23968 23982 24037 24173 24221 24258 24652 24655 24703 24883 25133 25272 25589 25633 25641 25658 25717 25747 25757 25763 25923 25933 25937 25954 25959 25963 25969 25988 26109 26117 26269 26476 26486 26492 26712 26814 26835 27166 27315 27636 27768
pcb/fissionable FR941206-1-00134 6 23115 23724 23733 23750 23909 23937
waste FR941206-1-00134 61 23117 23166 23190 23209 24036 24098 24201 24245 24377 24404 24442 24455 24462 24484 24490 24534 24557 24565 24580 24633 24637 24728 24769 24792 24878 24891 24934 24971 25062 25231 25266 25294 25334 25541 25643 25681 25726 25815 25881 26003 26026 26032 26076 26119 26193 26224 26256 26278 26308 26328 26335 26679 26698 26802 26867 27043 27132 27183 27198 27301 27347
( FR941206-1-00134 56 23119 23191 23483 23632 23663 23700 23703 23720 23784 23895 23898 23901 24032 24107 24144 24147 24150 24176 24219 24499 24562 24577 24595 24649 24678 24800 24811 24824 24835 24842 25037 25129 25163 25295 25354 25396 25503 25570 25600 25611 25673 25829 25899 25950 26046 26252 26274 26302 26657 26749 26933 27190 27582 27590 27601 27683
see FR941206-1-00134 8 23120 24679 25612 25900 26047 26153 26658 26750
proposed FR941206-1-00134 10 23121 24680 25683 25724 26017 26082 26630 26908 27298 27541
definition FR941206-1-00134 2 23122 24954
at FR941206-1-00134 20 23123 23197 23954 24466 24683 24962 25068 25568 25583 25670 25684 25688 25978 26235 26298 26401 26661 26777 26845 27145
761.3 FR941206-1-00134 3 23124 24684 24963
) FR941206-1-00134 56 23125 23202 23501 23636 23667 23702 23705 23722 23790 23897 23900 23903 24039 24113 24146 24149 24152 24195 24223 24529 24564 24579 24601 24662 24687 24802 24813 24826 24837 24858 25047 25148 25167 25307 25364 25400 25509 25572 25602 25619 25696 25833 25917 25974 26064 26254 26276 26304 26668 26784 26961 27206 27592 27593 27603 27689
as FR941206-1-00134 27 23126 23256 23765 23800 24010 24096 24177 24217 24979 25002 25137 25339 25511 25638 25745 26121 26166 26239 26362 26426 26474 26558 26733 27006 27073 27278 27443
opposed FR941206-1-00134 1 23127
containing FR941206-1-00134 20 23135 23472 24428 24638 24849 24892 25562 25734 25751 25767 25957 25972 26444 26480 26608 26966 26995 27444 27710 27729
pcbs FR941206-1-00134 51 23136 23253 24025 24046 24064 24069 24089 24104 24128 24236 24307 24429 24639 24746 24850 24893 25100 25111 25125 25157 25328 25337 25527 25563 25660 25709 25735 25752 25768 25790 25958 25973 26445 26481 26508 26538 26886 26905 26932 26967 27144 27169 27275 27399 27445 27456 27608 27641 27711 27730 27753
constituents FR941206-1-00134 1 23139
subject FR941206-1-00134 4 23140 24203 24277 25996
regulation FR941206-1-00134 5 23142 23531 24317 25036 26360
aea FR941206-1-00134 4 23147 24282 24325 24352
disagrees FR941206-1-00134 2 23150 24137
those FR941206-1-00134 8 23152 23766 23941 24927 26012 26244 26606 27102
cementers FR941206-1-00134 1 23153
indicating FR941206-1-00134 1 23154
there FR941206-1-00134 7 23156 23175 23260 23462 24873 25471 26896
is FR941206-1-00134 28 23157 23170 23176 23289 23350 23584 23620 23695 23889 23984 24295 24558 24629 25223 25566 25628 25710 25781 26104 26405 26432 26447 26716 26850 27077 27136 27229 27763
no FR941206-1-00134 5 23158 23177 23370 23787 27752
disposal FR941206-1-00134 38 23159 23179 23184 23222 23225 23231 23251 23275 23309 23323 23375 23393 24423 24478 24840 24846 25175 25668 25675 25808 25844 25871 26042 26067 26142 26440 26604 26725 26773 26877 26893 26992 27129 27204 27218 27252 27295 27342
technology FR941206-1-00134 4 23160 23169 23376 24021
approved FR941206-1-00134 3 23161 23518 23714
for FR941206-1-00134 51 23164 23186 23219 23248 23252 23265 23272 23306 23320 23387 23392 23413 23528 23533 23723 23773 23884 23908 23916 23923 23994 24062 24067 24073 24207 24235 24285 24425 24614 24635 24868 24944 24955 25200 25277 25327 25677 25731 26083 26139 26438 26863 26969 27127 27143 27210 27245 27344 27486 27575 27737
incineration FR941206-1-00134 3 23168 23187 26035
available FR941206-1-00134 2 23171 23234
; FR941206-1-00134 10 23172 23532 24052 24430 26028 26756 26762 27466 27488 27503
however FR941206-1-00134 9 23173 23645 24053 25015 25466 25646 26527 27094 27658
commercial FR941206-1-00134 12 23178 25010 25045 25053 25746 25859 25953 26126 26475 26741 26979 27000
only FR941206-1-00134 4 23182 25890 26011 27101
limited FR941206-1-00134 2 23183 24559
of FR941206-1-00134 149 23188 23267 23277 23281 23312 23408 23421 23458 23469 23480 23488 23524 23555 23561 23602 23605 23617 23653 23671 23677 23718 23822 23961 23971 23976 24088 24187 24199 24215 24243 24263 24291 24318 24341 24532 24572 24583 24611 24646 24658 24706 24713 24733 24742 24745 24766 24789 24807 24817 24830 24847 24855 24864 24890 24915 24930 24968 25079 25088 25099 25110 25124 25179 25187 25198 25237 25245 25279 25292 25312 25332 25348 25379 25392 25422 25437 25450 25585 25623 25680 25692 25708 25739 25775 25789 25809 25845 25848 25893 25910 25914 25925 25990 26043 26057 26061 26068 26099 26176 26190 26265 26283 26406 26422 26441 26507 26534 26551 26605 26665 26726 26729 26774 26781 26800 26851 26881 26926 26977 26983 26993 27013 27130 27138 27163 27168 27196 27202 27207 27274 27329 27353 27398 27405 27455 27527 27580 27585 27588 27614 27625 27640 27649 27653 27672 27679 27708 27722 27748
eg FR941206-1-00134 6 23192 24033 25038 25296 25951 26934
doe FR941206-1-00134 7 23195 23576 24220 24259 24336 27591 27664
incinerator FR941206-1-00134 1 23196
oak FR941206-1-00134 1 23198
ridge FR941206-1-00134 1 23199
tn FR941206-1-00134 1 23201
therefore FR941206-1-00134 9 23204 23286 25220 25426 25876 25919 26148 26987 27226
facilities FR941206-1-00134 4 23206 23536 23935 25793
storing FR941206-1-00134 2 23207 23936
often FR941206-1-00134 1 23210
can FR941206-1-00134 6 23211 23648 23657 24013 24272 25206
comply FR941206-1-00134 3 23213 24247 27610
1year FR941206-1-00134 6 23216 23245 23269 23303 23317 26136
time FR941206-1-00134 9 23217 23246 23270 23296 23304 23318 26137 26646 27669
limit FR941206-1-00134 12 23218 23247 23271 23297 23305 23319 24827 25107 25908 26055 26138 26174
storage FR941206-1-00134 20 23220 23240 23249 23273 23284 23307 23321 23391 23454 23468 23560 23616 23691 23906 23945 25291 25300 26127 26140 26159
because FR941206-1-00134 11 23223 23276 23369 24065 24283 25064 25178 26066 26895 26920 27642
insufficient FR941206-1-00134 1 23224
exists FR941206-1-00134 3 23227 24022 24077
until FR941206-1-00134 1 23229
becomes FR941206-1-00134 2 23233 27220
will FR941206-1-00134 3 23238 23261 23637
require FR941206-1-00134 3 23239 23478 25195
generally FR941206-1-00134 3 23242 25160 27764
exceeding FR941206-1-00134 1 23243
even FR941206-1-00134 2 23255 24735
increases FR941206-1-00134 1 23258
still FR941206-1-00134 1 23262
requests FR941206-1-00134 2 23264 23368
extensions FR941206-1-00134 2 23266 23423
sheer FR941206-1-00134 1 23279
volume FR941206-1-00134 7 23280 23918 23950 23960 23975 24889 25186
materials FR941206-1-00134 23 23282 23563 23684 23688 23781 23803 23875 23886 23942 24008 24031 24209 24584 24848 24991 26284 26370 27330 27450 27480 27507 27555 27718
proposing FR941206-1-00134 7 23291 23696 23891 24630 25537 25567 26433
place FR941206-1-00134 3 23293 26207 26656
specific FR941206-1-00134 2 23295 23921
on FR941206-1-00134 27 23298 23400 24227 24371 24451 24569 24608 24643 24777 24820 25118 25151 25254 25835 26262 26684 26703 26718 26771 27232 27269 27369 27392 27463 27524 27572 27628
extension FR941206-1-00134 5 23300 23314 23347 23361 23438
recipients FR941206-1-00134 1 23311
an FR941206-1-00134 15 23313 23359 23641 23708 23839 24617 24780 24869 24904 25826 25998 26434 26746 27123 27188
would FR941206-1-00134 36 23324 23492 23539 23736 23753 23842 23860 23929 23988 24619 24695 24942 25026 25242 25440 25769 25875 25994 26037 26086 26144 26353 26410 26467 26855 26903 26910 26922 26930 26974 27028 27064 27082 27111 27243 27303
have FR941206-1-00134 8 23325 23737 23861 24122 24740 25517 26428 27452
request FR941206-1-00134 2 23327 23362
if FR941206-1-00134 5 23329 23848 25017 27092 27214
needed FR941206-1-00134 1 23330
receive FR941206-1-00134 1 23333
from FR941206-1-00134 30 23334 24029 24049 24071 24090 24101 24487 24497 24897 24993 25035 25042 25073 25274 25302 25360 25755 25896 25961 26161 26309 26356 26371 26484 26890 27039 27409 27429 27684 27756
regional FR941206-1-00134 4 23336 23430 23544 27534
administrator FR941206-1-00134 2 23337 23431
director FR941206-1-00134 2 23339 23433
cmd FR941206-1-00134 2 23341 23435
periodic FR941206-1-00134 1 23342
renewals FR941206-1-00134 1 23343
their FR941206-1-00134 9 23345 23858 24593 24671 24714 26292 26351 26516 27673
original FR941206-1-00134 4 23346 23360 24103 27380
it FR941206-1-00134 5 23349 23647 24312 26629 27643
possible FR941206-1-00134 2 23351 24045
same FR941206-1-00134 2 23354 25075
reasons FR941206-1-00134 1 23355
may FR941206-1-00134 9 23363 23424 24004 24739 25071 25158 25554 25620 26593
any FR941206-1-00134 8 23366 23844 23849 24165 24492 24636 25983 27171
subsequent FR941206-1-00134 3 23367 25787 26643
progress FR941206-1-00134 1 23371
developing FR941206-1-00134 1 23373
has FR941206-1-00134 8 23377 24232 25126 25374 26228 26638 26648 27054
occurred FR941206-1-00134 2 23378 27644
one FR941206-1-00134 6 23380 24115 24948 25258 26169 27255
commenter FR941206-1-00134 9 23381 24116 24949 25050 25259 25283 26170 26213 27256
stated FR941206-1-00134 6 23382 24000 25051 25260 25284 26559
annual FR941206-1-00134 2 23384 23411
status FR941206-1-00134 2 23385 23417
reports FR941206-1-00134 2 23386 23418
should FR941206-1-00134 16 23394 24313 24471 24782 24874 25031 25055 25264 25286 25929 26001 26217 26653 26887 27236 27267
required FR941206-1-00134 1 23396
updated FR941206-1-00134 1 23398
annually FR941206-1-00134 1 23399
july FR941206-1-00134 1 23401
15 FR941206-1-00134 1 23402
coincide FR941206-1-00134 1 23404
submission FR941206-1-00134 1 23407
report FR941206-1-00134 1 23412
each FR941206-1-00134 1 23414
facility FR941206-1-00134 9 23415 25626 25928 25980 25993 26102 27178 27205 27219
reviews FR941206-1-00134 1 23420
existing FR941206-1-00134 1 23422
conditions FR941206-1-00134 1 23426
established FR941206-1-00134 2 23427 24473
by FR941206-1-00134 35 23428 23519 23706 23715 24567 24590 24641 24668 25191 25268 25635 25715 25791 25817 25885 26090 26111 26168 26260 26289 26348 26514 26564 26619 26624 26688 26707 26740 26878 26999 27032 27114 27335 27440 27745
providing FR941206-1-00134 2 23436 23804
suggested FR941206-1-00134 7 23442 24936 24950 25318 26167 26429 27265
amend FR941206-1-00134 3 23445 23698 23893
761.65 FR941206-1-00134 3 23446 23699 23894
accommodate FR941206-1-00134 1 23448
concerns FR941206-1-00134 1 23449
relating FR941206-1-00134 3 23450 23466 23505
management FR941206-1-00134 1 23452
uniqueness FR941206-1-00134 1 23457
are FR941206-1-00134 21 23463 23806 23836 24105 24180 24202 24276 24389 24433 24917 24977 25528 25682 26809 26842 26897 27161 27348 27461 27547 27754
certain FR941206-1-00134 3 23464 24426 26936
elements FR941206-1-00134 1 23465
plutonium FR941206-1-00134 1 23473
enriched FR941206-1-00134 1 23475
uranium FR941206-1-00134 1 23476
consideration FR941206-1-00134 1 23479
criticality FR941206-1-00134 9 23481 23507 23556 23583 23625 23635 23672 23761 23775
safety FR941206-1-00134 4 23482 23762 23776 23881
ie FR941206-1-00134 8 23484 23591 23633 24674 24843 25130 25355 27191
prevention FR941206-1-00134 1 23487
nuclear FR941206-1-00134 6 23489 23535 23582 23760 23774 24170
reactions FR941206-1-00134 1 23490
pose FR941206-1-00134 1 23493
threat FR941206-1-00134 1 23495
health FR941206-1-00134 3 23497 25201 25246
environment FR941206-1-00134 3 23500 25204 25249
all FR941206-1-00134 5 23503 23977 24097 24760 26843
actions FR941206-1-00134 2 23504 25104
radiation FR941206-1-00134 3 23509 23548 23655
protection FR941206-1-00134 3 23510 23549 25199
issues FR941206-1-00134 5 23511 24355 24409 24415 24432
must FR941206-1-00134 5 23512 24246 25661 26257 26279
coordinated FR941206-1-00134 1 23514
through FR941206-1-00134 4 23515 25210 27565 27692
local FR941206-1-00134 1 23522
office FR941206-1-00134 4 23523 23545 23551 25006
regulatory FR941206-1-00134 6 23526 24205 24233 24286 24681 27542
authority FR941206-1-00134 2 23527 23550
material FR941206-1-00134 11 23530 23607 23619 24167 24171 24175 24493 27695 27709 27758 27762
licensed FR941206-1-00134 3 23534 25631 26107
this FR941206-1-00134 20 23538 23927 24342 24689 25316 25574 25678 25693 25915 26062 26091 26640 26666 26782 27033 27115 27246 27345 27354 27619
appropriate FR941206-1-00134 3 23542 23883 25935
nrc FR941206-1-00134 4 23543 24222 24252 24334
state FR941206-1-00134 5 23547 23594 24255 25637 26113
issue FR941206-1-00134 4 23554 23670 25342 26641
relates FR941206-1-00134 2 23557 23673
proper FR941206-1-00134 2 23559 23615
fissionable FR941206-1-00134 6 23562 23606 23618 23683 23687 23830
so FR941206-1-00134 2 23564 24094
continuous FR941206-1-00134 1 23567
selfsustaining FR941206-1-00134 2 23568 23629
chain FR941206-1-00134 3 23569 23588 23630
reaction FR941206-1-00134 3 23570 23589 23631
does FR941206-1-00134 7 23571 24058 24120 24161 24302 26151 27185
occur FR941206-1-00134 1 23573
[ FR941206-1-00134 1 23575
order FR941206-1-00134 3 23577 24345 26200
5480.5 FR941206-1-00134 1 23578
states FR941206-1-00134 3 23579 24153 25516
self FR941206-1-00134 1 23586
sustaining FR941206-1-00134 1 23587
which FR941206-1-00134 13 23596 23841 24023 24615 24894 26103 26402 26536 26682 26701 26846 26884 27451
effective FR941206-1-00134 2 23598 25213
neutron FR941206-1-00134 1 23599
multiplication FR941206-1-00134 1 23600
constant FR941206-1-00134 1 23601
system FR941206-1-00134 2 23604 27703
equals FR941206-1-00134 1 23608
exceeds FR941206-1-00134 1 23610
unity FR941206-1-00134 1 23611
] FR941206-1-00134 1 23614
essential FR941206-1-00134 1 23621
avoid FR941206-1-00134 1 23623
event FR941206-1-00134 2 23626 25984
result FR941206-1-00134 7 23639 23649 25513 26123 26364 26418 26796
atomic FR941206-1-00134 3 23642 24184 24212
explosion FR941206-1-00134 1 23643
generation FR941206-1-00134 3 23652 26421 26799
harmful FR941206-1-00134 1 23654
cause FR941206-1-00134 1 23658
death FR941206-1-00134 1 23659
serious FR941206-1-00134 1 23661
injury FR941206-1-00134 1 23662
ref FR941206-1-00134 3 23664 25164 25397
54 FR941206-1-00134 1 23666
types FR941206-1-00134 4 23676 24610 25078 25436
containers FR941206-1-00134 7 23678 23728 23742 23816 23851 23868 23979
used FR941206-1-00134 10 23679 23729 23743 23826 24851 25460 26687 27481 27556 27571
store FR941206-1-00134 5 23681 23731 23745 23828 23940
suspect FR941206-1-00134 1 23686
area FR941206-1-00134 3 23692 23840 23946
c FR941206-1-00134 4 23701 26172 26233 26359
6 FR941206-1-00134 1 23704
allowing FR941206-1-00134 2 23707 24084
alternative FR941206-1-00134 1 23709
container FR941206-1-00134 3 23712 23802 23965
requirements FR941206-1-00134 14 23713 23763 23922 23933 23951 23993 24061 24256 24424 24491 25669 25932 26036 26894
department FR941206-1-00134 6 23717 27579 27587 27613 27721 27747
transportation FR941206-1-00134 1 23719
dot FR941206-1-00134 1 23721
liquid FR941206-1-00134 2 23732 23747
nonleaking FR941206-1-00134 1 23740
both FR941206-1-00134 3 23746 24249 24328
nond FR941206-1-00134 3 23749 23829 25742
need FR941206-1-00134 3 23754 26155 26185
designed FR941206-1-00134 2 23757 23817
meet FR941206-1-00134 3 23759 23913 26248
such FR941206-1-00134 19 23764 23850 24009 24178 24193 24616 24779 25001 25018 25136 25744 25991 26002 26473 26732 27005 27096 27277 27323
specified FR941206-1-00134 1 23767
american FR941206-1-00134 1 23770
national FR941206-1-00134 3 23771 25341 27156
standard FR941206-1-00134 3 23772 23786 23793
operations FR941206-1-00134 4 23778 24997 25534 25887
fissile FR941206-1-00134 1 23780
outside FR941206-1-00134 1 23782
reactors FR941206-1-00134 1 23783
ansi FR941206-1-00134 1 23785
8.1 FR941206-1-00134 1 23789
currently FR941206-1-00134 2 23794 27435
includes FR941206-1-00134 2 23795 26305
polyethylene FR941206-1-00134 1 23796
stainless FR941206-1-00134 1 23798
steel FR941206-1-00134 1 23799
acceptable FR941206-1-00134 1 23801
they FR941206-1-00134 4 23805 23835 26921 27160
chemically FR941206-1-00134 1 23807
compatible FR941206-1-00134 1 23808
being FR941206-1-00134 1 23812
stored FR941206-1-00134 4 23813 23837 23966 23980
some FR941206-1-00134 4 23815 24772 25547 26568
prevent FR941206-1-00134 1 23819
buildup FR941206-1-00134 1 23821
liquids FR941206-1-00134 2 23823 23846
could FR941206-1-00134 4 23824 25480 26020 26096
provided FR941206-1-00134 4 23834 24774 24918 27742
contain FR941206-1-00134 11 23843 24006 24060 24719 25443 25550 25655 26594 26885 26904 26931
spilled FR941206-1-00134 2 23845 23874
were FR941206-1-00134 10 23852 24361 25416 25431 25458 25863 25975 26622 27382 27407
found FR941206-1-00134 15 23853 24585 24664 24961 25081 25162 25482 25579 25653 26285 27047 27059 27106 27331 27462
leaking FR941206-1-00134 1 23856
contents FR941206-1-00134 1 23859
transferred FR941206-1-00134 1 23864
immediately FR941206-1-00134 1 23865
nong FR941206-1-00134 1 23867
leaked FR941206-1-00134 1 23872
cleanedup FR941206-1-00134 1 23876
taking FR941206-1-00134 1 23877
into FR941206-1-00134 3 23878 24796 27700
account FR941206-1-00134 1 23879
relevant FR941206-1-00134 1 23880
procedures FR941206-1-00134 2 23882 25939
also FR941206-1-00134 4 23890 24005 25056 27363
b FR941206-1-00134 6 23896 24148 25251 25571 26303 27713
1 FR941206-1-00134 9 23899 24397 24439 24563 24801 25303 26162 26253 27164
ii FR941206-1-00134 2 23902 25618
allow FR941206-1-00134 1 23905
areas FR941206-1-00134 5 23907 24528 26398 26839 27771
performance FR941206-1-00134 1 23914
criteria FR941206-1-00134 5 23915 24554 26019 26081 26250
containment FR941206-1-00134 3 23917 23949 25217
rather FR941206-1-00134 3 23919 25149 26963
than FR941206-1-00134 3 23920 25150 25595
curb FR941206-1-00134 2 23924 23991
height FR941206-1-00134 2 23925 23992
amendment FR941206-1-00134 1 23928
retain FR941206-1-00134 1 23930
current FR941206-1-00134 5 23932 24385 25667 25699 27393
meeting FR941206-1-00134 1 23947
equal FR941206-1-00134 1 23952
least FR941206-1-00134 1 23955
two FR941206-1-00134 3 23956 24762 26249
times FR941206-1-00134 1 23957
internal FR941206-1-00134 2 23959 23974
largest FR941206-1-00134 1 23963
therein FR941206-1-00134 2 23967 23981
25 FR941206-1-00134 1 23969
percent FR941206-1-00134 1 23970
total FR941206-1-00134 1 23973
whichever FR941206-1-00134 1 23983
greater FR941206-1-00134 4 23985 25185 25590 25659
but FR941206-1-00134 7 23987 24761 25270 25592 26450 27053 27395
impose FR941206-1-00134 1 23990
these FR941206-1-00134 12 23995 24414 24431 25069 25192 25451 25729 26044 26841 27069 27537 27545
asbestos FR941206-1-00134 2 24011 24038
incinerated FR941206-1-00134 1 24016
believes FR941206-1-00134 3 24019 25030 26873
allows FR941206-1-00134 1 24024
separated FR941206-1-00134 4 24028 24048 24100 24275
other FR941206-1-00134 13 24030 24050 24091 24229 24839 24989 25387 25820 25837 25934 26320 27251 27500
recommends FR941206-1-00134 1 24042
whenever FR941206-1-00134 1 24044
today FR941206-1-00134 2 24055 24624
's FR941206-1-00134 8 24056 24625 24908 25116 25606 26554 27289 27616
proposal FR941206-1-00134 2 24057 24867
separating FR941206-1-00134 2 24063 24068
guidance FR941206-1-00134 1 24066
water FR941206-1-00134 1 24072
example FR941206-1-00134 2 24074 27487
already FR941206-1-00134 1 24076
had FR941206-1-00134 4 24080 27374 27675 27731
developed FR941206-1-00134 2 24081 27383
policy FR941206-1-00134 2 24083 24111
physical FR941206-1-00134 1 24086
separation FR941206-1-00134 2 24087 24290
long FR941206-1-00134 1 24095
parts FR941206-1-00134 2 24099 27473
regulated FR941206-1-00134 2 24106 26089
compliance FR941206-1-00134 2 24109 26131
program FR941206-1-00134 5 24110 24730 25872 26077 26329
6pcb2 FR941206-1-00134 1 24112
indicated FR941206-1-00134 2 24117 25453
jurisdiction FR941206-1-00134 1 24124
regulate FR941206-1-00134 1 24126
part FR941206-1-00134 3 24135 24139 25615
section FR941206-1-00134 2 24142 24343
3 FR941206-1-00134 3 24143 24437 24825
2 FR941206-1-00134 8 24145 24399 24578 24812 25305 26164 26275 27357
iv FR941206-1-00134 1 24151
chemical FR941206-1-00134 2 24158 26031
substance FR941206-1-00134 1 24159
include FR941206-1-00134 6 24163 24539 25027 25265 25877 26469
source FR941206-1-00134 3 24166 25391 25421
special FR941206-1-00134 1 24169
byproduct FR941206-1-00134 1 24174
terms FR941206-1-00134 1 24179
defined FR941206-1-00134 3 24181 24978 25229
energy FR941206-1-00134 3 24185 24213 27589
act FR941206-1-00134 3 24186 24194 24214
1954 FR941206-1-00134 2 24188 24216
regulations FR941206-1-00134 9 24190 24253 24394 24479 24694 25700 25778 27381 27656
issued FR941206-1-00134 1 24191
generators FR941206-1-00134 2 24198 24242
oversight FR941206-1-00134 2 24206 24234
amended FR941206-1-00134 1 24218
hand FR941206-1-00134 2 24230 25838
thus FR941206-1-00134 1 24240
orders FR941206-1-00134 1 24260
mixtures FR941206-1-00134 2 24262 24320
molecules FR941206-1-00134 3 24266 24270 24294
none FR941206-1-00134 1 24268
purposes FR941206-1-00134 3 24287 25278 27739
when FR941206-1-00134 12 24289 24358 25345 25402 25576 25603 25650 26628 26806 27159 27239 27378
achieved FR941206-1-00134 2 24297 25209
statutory FR941206-1-00134 1 24300
exemption FR941206-1-00134 52 24301 24378 24405 24443 24456 24618 24634 24770 24781 24793 24809 24819 24832 24870 24879 24905 24925 24935 24946 24972 25025 25063 25232 25263 25542 25721 25727 25882 25912 25949 26018 26027 26059 26085 26178 26194 26216 26435 26466 26635 26652 26680 26868 26909 27034 27044 27116 27124 27184 27247 27263 27302
extend FR941206-1-00134 2 24304 26157
nonradioactive FR941206-1-00134 1 24306
noted FR941206-1-00134 1 24315
applies FR941206-1-00134 1 24326
nons FR941206-1-00134 1 24331
participated FR941206-1-00134 1 24337
development FR941206-1-00134 1 24340
ensure FR941206-1-00134 4 24347 25525 25941 26344
compatibility FR941206-1-00134 1 24348
between FR941206-1-00134 3 24349 26675 27774
d. FR941206-1-00134 1 24354
addressed FR941206-1-00134 3 24357 24434 27377
rules FR941206-1-00134 2 24360 26234
originally FR941206-1-00134 1 24362
promulgated FR941206-1-00134 1 24363
anprm FR941206-1-00134 3 24366 24450 27368
solicited FR941206-1-00134 2 24369 24446
comments FR941206-1-00134 11 24370 24447 24607 24757 24786 24916 25313 27231 27365 27406 27529
whether FR941206-1-00134 5 24372 24452 24872 24887 27233
establish FR941206-1-00134 4 24374 25866 25930 27122
household FR941206-1-00134 51 24376 24403 24441 24454 24461 24483 24533 24556 24574 24632 24716 24749 24768 24791 24877 24933 24970 25003 25061 25084 25152 25230 25293 25333 25414 25463 25540 25725 25732 25880 25894 26025 26192 26223 26245 26271 26307 26334 26442 26571 26678 26697 26866 26900 26927 26939 27042 27110 27131 27182 27300
information FR941206-1-00134 3 24383 27391 27741
regarding FR941206-1-00134 2 24384 24421
uses FR941206-1-00134 3 24387 27397 27546
authorized FR941206-1-00134 4 24391 25128 25714 26512
items FR941206-1-00134 11 24396 24427 24717 25028 25743 25895 26607 26731 27058 27104 27434
below FR941206-1-00134 3 24400 24919 27549
discuss FR941206-1-00134 1 24401
unauthorized FR941206-1-00134 4 24407 27359 27396 27518
use FR941206-1-00134 15 24408 24526 24952 25109 25123 26396 26506 26533 26837 26970 27360 27437 27519 27576 27632
responding FR941206-1-00134 1 24412
raised FR941206-1-00134 1 24419
questions FR941206-1-00134 1 24420
item FR941206-1-00134 2 24436 27288
similar FR941206-1-00134 3 24458 26448 27318
exclusion FR941206-1-00134 11 24463 24485 24538 26225 26242 26297 26336 26368 26457 26462 26699
40 FR941206-1-00134 5 24467 25613 26236 26299 27146
cfr FR941206-1-00134 5 24468 25614 26237 26300 27147
261.4 FR941206-1-00134 3 24469 26238 26301
exempts FR941206-1-00134 1 24486
hazardous FR941206-1-00134 5 24489 24720 26327 26423 26801
was FR941206-1-00134 10 24495 24895 24899 25021 25365 25472 27097 27386 27605 27621
derived FR941206-1-00134 1 24496
households FR941206-1-00134 6 24498 24648 24898 25269 26352 26880
including FR941206-1-00134 3 24500 24650 24700
single FR941206-1-00134 5 24501 24651 26310 26372 26813
multiple FR941206-1-00134 5 24503 26312 26374 26815 27014
residences FR941206-1-00134 5 24504 25898 26375 26692 26714
hotels FR941206-1-00134 3 24506 26315 26377
motels FR941206-1-00134 3 24508 26317 26379
bunk FR941206-1-00134 1 24510
houses FR941206-1-00134 1 24511
ranger FR941206-1-00134 3 24513 26383 26824
stations FR941206-1-00134 2 24514 26384
crew FR941206-1-00134 3 24516 26386 26827
quarters FR941206-1-00134 3 24517 26387 26828
campgrounds FR941206-1-00134 3 24519 26389 26830
picnic FR941206-1-00134 3 24521 26391 26832
grounds FR941206-1-00134 3 24522 26392 26833
day FR941206-1-00134 3 24525 26395 26836
recreation FR941206-1-00134 3 24527 26397 26838
examples FR941206-1-00134 1 24531
garbage FR941206-1-00134 2 24540 24981
trash FR941206-1-00134 1 24542
sanitary FR941206-1-00134 1 24545
septic FR941206-1-00134 1 24548
tanks FR941206-1-00134 1 24549
: FR941206-1-00134 4 24561 24799 26251 27413
generated FR941206-1-00134 12 24566 24589 24640 24667 24896 25067 25190 25267 26259 26288 26347 27334
individuals FR941206-1-00134 7 24568 24642 26261 26689 26709 26914 27152
premises FR941206-1-00134 3 24571 24645 26264
composed FR941206-1-00134 3 24581 25892 26281
primarily FR941206-1-00134 4 24582 24663 26282 27328
consumers FR941206-1-00134 4 24591 24669 26290 26349
homes FR941206-1-00134 3 24594 24672 26293
49 FR941206-1-00134 1 24596
fr FR941206-1-00134 5 24597 25831 26752 26758 26764
44978 FR941206-1-00134 1 24598
additionally FR941206-1-00134 2 24603 25169
sought FR941206-1-00134 3 24606 26502 27364
applicable FR941206-1-00134 1 24621
notice FR941206-1-00134 2 24626 25801
private FR941206-1-00134 7 24647 24697 25897 26691 26708 27062 27109
individually FR941206-1-00134 2 24653 24701
owned FR941206-1-00134 2 24654 24702
rented FR941206-1-00134 2 24656 24704
units FR941206-1-00134 2 24657 24705
multiunit FR941206-1-00134 2 24660 24708
construction FR941206-1-00134 4 24661 24709 24854 27311
domestic FR941206-1-00134 1 24676
text FR941206-1-00134 1 24682
761.63 FR941206-1-00134 1 24686
change FR941206-1-00134 3 24690 25020 26805
authorize FR941206-1-00134 1 24696
homeowners FR941206-1-00134 2 24698 26621
dispose FR941206-1-00134 2 24712 26925
unwanted FR941206-1-00134 1 24715
toxic FR941206-1-00134 1 24722
municipal FR941206-1-00134 9 24726 24957 24974 25324 25640 25813 26007 26074 26116
solid FR941206-1-00134 5 24727 24958 24975 25814 26075
collection FR941206-1-00134 4 24729 25325 25869 26008
without FR941206-1-00134 1 24731
fear FR941206-1-00134 1 24732
recrimination FR941206-1-00134 1 24734
though FR941206-1-00134 1 24736
homeowner FR941206-1-00134 1 24738
knowledge FR941206-1-00134 1 24741
existence FR941206-1-00134 1 24744
appliance FR941206-1-00134 1 24750
received FR941206-1-00134 1 24753
roughly FR941206-1-00134 1 24754
dozen FR941206-1-00134 2 24756 27403
supported FR941206-1-00134 1 24763
establishment FR941206-1-00134 1 24765
caveats FR941206-1-00134 1 24776
how FR941206-1-00134 1 24778
structured FR941206-1-00134 1 24784
favor FR941206-1-00134 3 24788 24863 24929
essentially FR941206-1-00134 2 24794 27150
fell FR941206-1-00134 1 24795
four FR941206-1-00134 3 24797 24912 27410
categories FR941206-1-00134 2 24798 24914
broadly FR941206-1-00134 4 24803 24923 24937 25228
define FR941206-1-00134 3 24804 24924 24965
scope FR941206-1-00134 6 24806 24829 24967 25909 26056 26175
consider FR941206-1-00134 1 24814
impact FR941206-1-00134 2 24816 25253
recycling FR941206-1-00134 8 24821 25255 25280 25289 25331 25792 25886 25927
activities FR941206-1-00134 18 24822 24940 24999 25004 25046 25119 25176 25193 25256 25430 25730 25862 26204 26744 26794 26808 27001 27081
4 FR941206-1-00134 1 24836
address FR941206-1-00134 1 24838
considerations FR941206-1-00134 2 24841 27253
residential FR941206-1-00134 9 24856 24994 26197 26321 26415 26860 27016 27089 27272
buildings FR941206-1-00134 4 24857 25054 25070 27017
questioned FR941206-1-00134 1 24871
either FR941206-1-00134 2 24881 26266
significant FR941206-1-00134 2 24900 25474
enough FR941206-1-00134 1 24901
warrant FR941206-1-00134 1 24903
responses FR941206-1-00134 1 24909
broad FR941206-1-00134 1 24913
establishing FR941206-1-00134 2 24931 26332
defining FR941206-1-00134 2 24938 27240
qualify FR941206-1-00134 2 24943 27244
refuse FR941206-1-00134 1 24983
sludges FR941206-1-00134 1 24985
discarded FR941206-1-00134 1 24990
resulting FR941206-1-00134 3 24992 25559 27705
nonl FR941206-1-00134 2 24996 26470
functions FR941206-1-00134 1 25007
housekeeping FR941206-1-00134 1 25011
made FR941206-1-00134 1 25022
excluded FR941206-1-00134 1 25034
offices FR941206-1-00134 1 25043
another FR941206-1-00134 3 25049 25282 26212
included FR941206-1-00134 3 25058 26369 27446
sources FR941206-1-00134 3 25076 26322 27412
equipment FR941206-1-00134 9 25080 25766 25811 25971 26496 26535 26553 26965 26994
effect FR941206-1-00134 1 25087
banning FR941206-1-00134 2 25089 26515
manufacture FR941206-1-00134 3 25091 26518 27630
processing FR941206-1-00134 6 25093 25703 25738 25785 26520 27634
distribution FR941206-1-00134 4 25096 25705 26523 27637
commerce FR941206-1-00134 4 25098 25707 26525 27639
coupled FR941206-1-00134 1 25102
taken FR941206-1-00134 1 25105
focuses FR941206-1-00134 3 25113 26683 26702
agency FR941206-1-00134 1 25115
concern FR941206-1-00134 1 25117
where FR941206-1-00134 2 25120 25154
continued FR941206-1-00134 3 25122 26517 26720
been FR941206-1-00134 3 25127 27376 27732
industrial FR941206-1-00134 13 25132 25171 25642 25748 25762 25861 25955 25967 26118 26477 26491 26743 27431
commercialscale FR941206-1-00134 3 25134 25173 25238
settings FR941206-1-00134 5 25135 25153 26198 26919 26973
utilities FR941206-1-00134 1 25138
manufacturing FR941206-1-00134 2 25140 27080
sites FR941206-1-00134 2 25141 25816
construction/renovation/demolition FR941206-1-00134 1 25143
projects FR941206-1-00134 5 25144 25759 25965 26488 27026
etc FR941206-1-00134 1 25146
appliances FR941206-1-00134 8 25155 25415 25438 25464 25750 25956 26479 26928
32 FR941206-1-00134 2 25166 25506
risks FR941206-1-00134 3 25181 26600 26790
associated FR941206-1-00134 4 25182 25314 26601 26791
level FR941206-1-00134 1 25197
best FR941206-1-00134 1 25207
demonstrated FR941206-1-00134 1 25211
destruction FR941206-1-00134 2 25215 27292
technologies FR941206-1-00134 1 25218
persuaded FR941206-1-00134 1 25225
encompassing FR941206-1-00134 1 25234
large FR941206-1-00134 3 25235 25846 26727
volumes FR941206-1-00134 1 25236
protective FR941206-1-00134 1 25244
diverted FR941206-1-00134 1 25271
removed FR941206-1-00134 1 25273
wastestream FR941206-1-00134 1 25276
control FR941206-1-00134 1 25287
increase FR941206-1-00134 1 25298
timeframe FR941206-1-00134 2 25301 26160
years FR941206-1-00134 2 25306 26165
final FR941206-1-00134 1 25310
set FR941206-1-00134 1 25311
category FR941206-1-00134 1 25317
take FR941206-1-00134 2 25320 26206
steps FR941206-1-00134 1 25321
encourage FR941206-1-00134 1 25323
programs FR941206-1-00134 3 25326 25523 26009
contaminated FR941206-1-00134 2 25335 25582
surfaced FR941206-1-00134 2 25338 25408
during FR941206-1-00134 4 25343 25532 27309 27561
198586 FR941206-1-00134 1 25344
problem FR941206-1-00134 2 25347 25406
contamination FR941206-1-00134 5 25350 25395 25405 25424 27213
shredder FR941206-1-00134 2 25352 25648
fluff FR941206-1-00134 3 25353 25404 25561
nonc FR941206-1-00134 1 25358
residue FR941206-1-00134 3 25359 25575 25649
shredding FR941206-1-00134 3 25362 25381 25533
process FR941206-1-00134 1 25363
first FR941206-1-00134 2 25366 25407
identified FR941206-1-00134 2 25367 27439
since FR941206-1-00134 2 25369 27322
period FR941206-1-00134 2 25371 27173
conducted FR941206-1-00134 7 25375 26412 26563 26706 26810 26857 27086
pilot FR941206-1-00134 1 25377
study FR941206-1-00134 1 25378
industry FR941206-1-00134 1 25382
ascertain FR941206-1-00134 1 25384
among FR941206-1-00134 1 25386
things FR941206-1-00134 1 25388
34 FR941206-1-00134 1 25399
small FR941206-1-00134 14 25411 25445 25456 25478 25520 25850 26596 26610 26633 26738 26775 26997 27471 27677
capacitors FR941206-1-00134 10 25412 25446 25457 25479 25851 26597 26611 26739 26776 26998
thought FR941206-1-00134 1 25417
data FR941206-1-00134 1 25428
search/collection FR941206-1-00134 1 25429
initiated FR941206-1-00134 1 25432
determine FR941206-1-00134 1 25434
most FR941206-1-00134 2 25441 25462
likely FR941206-1-00134 4 25442 26923 26975 27065
results FR941206-1-00134 1 25449
efforts FR941206-1-00134 1 25452
determined FR941206-1-00134 4 25469 25841 26649 27055
likelihood FR941206-1-00134 1 25475
room FR941206-1-00134 3 25484 26574 26942
central FR941206-1-00134 3 25486 26576 26944
air FR941206-1-00134 5 25487 26577 26945 27496 27599
conditioners FR941206-1-00134 3 25488 26578 26946
heat FR941206-1-00134 3 25490 26580 26948
pumps FR941206-1-00134 3 25491 26581 26949
furnace FR941206-1-00134 3 25493 26583 26951
blowers FR941206-1-00134 3 25494 26584 26952
fluorescent FR941206-1-00134 3 25496 26586 26954
lighting FR941206-1-00134 3 25497 26587 26955
ballasts FR941206-1-00134 4 25498 26588 26735 26956
microwave FR941206-1-00134 3 25501 26591 26959
ovens FR941206-1-00134 3 25502 26592 26960
refs FR941206-1-00134 1 25504
33 FR941206-1-00134 1 25508
many FR941206-1-00134 1 25515
implemented FR941206-1-00134 1 25518
capacitor FR941206-1-00134 2 25521 26634
removal FR941206-1-00134 2 25522 26990
intentionally FR941206-1-00134 1 25530
processed FR941206-1-00134 3 25531 25977 26005
recognizes FR941206-1-00134 1 25545
objects FR941206-1-00134 1 25548
component FR941206-1-00134 1 25553
inadvertently FR941206-1-00134 1 25555
shredded FR941206-1-00134 1 25557
761.62 FR941206-1-00134 2 25569 25685
tested FR941206-1-00134 2 25577 25651
levels FR941206-1-00134 2 25584 27454
50 FR941206-1-00134 3 25586 25596 25656
ppm FR941206-1-00134 2 25587 25657
measuring FR941206-1-00134 1 25593
less FR941206-1-00134 1 25594
micrograms FR941206-1-00134 1 25597
per FR941206-1-00134 1 25598
liter FR941206-1-00134 1 25599
ppb FR941206-1-00134 1 25601
using FR941206-1-00134 1 25604
toxicity FR941206-1-00134 1 25607
characteristic FR941206-1-00134 1 25608
leaching FR941206-1-00134 1 25609
procedure FR941206-1-00134 1 25610
261 FR941206-1-00134 1 25616
appendix FR941206-1-00134 1 25617
disposed FR941206-1-00134 3 25622 26098 26982
permitted FR941206-1-00134 4 25629 26105 27177 27217
registered FR941206-1-00134 2 25634 26110
landfill FR941206-1-00134 2 25644 26033
managed FR941206-1-00134 1 25663
pursuant FR941206-1-00134 1 25664
761.60 FR941206-1-00134 1 25671
options FR941206-1-00134 2 25676 27343
type FR941206-1-00134 4 25679 26408 26853 27319
discussed FR941206-1-00134 3 25687 27349 27548
unit FR941206-1-00134 7 25689 25904 26051 26662 26778 27015 27351
iia5 FR941206-1-00134 1 25690
preamble FR941206-1-00134 6 25694 25916 26063 26667 26783 27355
prohibited FR941206-1-00134 1 25711
unless FR941206-1-00134 2 25712 26510
otherwise FR941206-1-00134 1 25713
rulemaking FR941206-1-00134 1 25716
authorizes FR941206-1-00134 1 25728
nont FR941206-1-00134 1 25740
grade FR941206-1-00134 3 25749 26478 26980
fixtures FR941206-1-00134 3 25754 25960 26483
renovation FR941206-1-00134 5 25756 25964 26487 27022 27313
demolition FR941206-1-00134 5 25758 25962 26485 27025 27316
heavy FR941206-1-00134 2 25764 26493
duty FR941206-1-00134 2 25765 26494
continue FR941206-1-00134 1 25770
violation FR941206-1-00134 2 25774 27624
encouraging FR941206-1-00134 1 25783
dilution FR941206-1-00134 1 25788
federal FR941206-1-00134 1 25799
register FR941206-1-00134 1 25800
explained FR941206-1-00134 1 25804
random FR941206-1-00134 2 25807 26614
householders FR941206-1-00134 1 25818
infrequent FR941206-1-00134 1 25821
disposers FR941206-1-00134 1 25822
did FR941206-1-00134 1 25823
present FR941206-1-00134 1 25825
environmental FR941206-1-00134 2 25827 26747
hazard FR941206-1-00134 1 25828
44 FR941206-1-00134 2 25830 26763
31528 FR941206-1-00134 2 25832 26765
quantities FR941206-1-00134 2 25847 26728
posed FR941206-1-00134 1 25852
somewhat FR941206-1-00134 1 25854
larger FR941206-1-00134 1 25855
risk FR941206-1-00134 2 25856 26748
encouraged FR941206-1-00134 1 25864
voluntary FR941206-1-00134 1 25868
wastestreams FR941206-1-00134 1 25883
created FR941206-1-00134 1 25884
accepted FR941206-1-00134 1 25889
discussion FR941206-1-00134 4 25902 26049 26660 26770
iid1.c. FR941206-1-00134 2 25905 26052
owner FR941206-1-00134 3 25922 25987 27201
operator FR941206-1-00134 2 25924 25989
contractual FR941206-1-00134 1 25931
notification FR941206-1-00134 1 25936
inspection FR941206-1-00134 1 25938
covered FR941206-1-00134 3 25946 27031 27113
heavyduty FR941206-1-00134 1 25970
enforcement FR941206-1-00134 1 25999
action FR941206-1-00134 1 26000
accepting FR941206-1-00134 1 26010
satisfy FR941206-1-00134 2 26015 26079
operate FR941206-1-00134 1 26021
collected FR941206-1-00134 1 26071
rule FR941206-1-00134 1 26092
manage FR941206-1-00134 1 26115
approval FR941206-1-00134 1 26128
requirement FR941206-1-00134 2 26129 27142
limitation FR941206-1-00134 1 26143
few FR941206-1-00134 2 26181 26899
stressed FR941206-1-00134 1 26183
restrict FR941206-1-00134 1 26187
applicability FR941206-1-00134 1 26189
purely FR941206-1-00134 1 26196
exclude FR941206-1-00134 1 26202
business FR941206-1-00134 3 26203 27051 27071
residence FR941206-1-00134 3 26210 26816 27063
believed FR941206-1-00134 1 26214
identical FR941206-1-00134 2 26219 26452
interpreted FR941206-1-00134 1 26229
subtitle FR941206-1-00134 2 26232 26358
limiting FR941206-1-00134 1 26240
temporary FR941206-1-00134 2 26268 26711
permanent FR941206-1-00134 2 26270 26713
dwellings FR941206-1-00134 1 26313
acted FR941206-1-00134 1 26338
upon FR941206-1-00134 1 26339
congressional FR941206-1-00134 1 26341
intent FR941206-1-00134 1 26342
exempt FR941206-1-00134 1 26355
bunkhouses FR941206-1-00134 1 26381
_ FR941206-1-00134 1 26399
locations FR941206-1-00134 2 26400 26844
consumer FR941206-1-00134 7 26403 26685 26704 26793 26848 26882 27337
activity FR941206-1-00134 3 26404 26705 26849
setting FR941206-1-00134 3 26416 26861 27090
like FR941206-1-00134 1 26459
congress FR941206-1-00134 2 26501 26529
eliminate FR941206-1-00134 1 26504
specifically FR941206-1-00134 1 26511
intended FR941206-1-00134 1 26530
contained FR941206-1-00134 1 26537
totally FR941206-1-00134 1 26541
enclosed FR941206-1-00134 1 26542
manner FR941206-1-00134 2 26543 26618
terminated FR941206-1-00134 1 26546
prior FR941206-1-00134 2 26547 27645
end FR941206-1-00134 1 26550
useful FR941206-1-00134 1 26555
life FR941206-1-00134 1 26556
earlier FR941206-1-00134 1 26560
research FR941206-1-00134 1 26562
suggests FR941206-1-00134 1 26566
refrigerators FR941206-1-00134 2 26569 26937
freezers FR941206-1-00134 2 26572 26940
geographically FR941206-1-00134 1 26616
dispersed FR941206-1-00134 1 26617
individual FR941206-1-00134 3 26620 26879 27189
considered FR941206-1-00134 2 26623 27037
red FR941206-1-00134 1 26639
twice FR941206-1-00134 1 26642
remain FR941206-1-00134 1 26654
iid3.c FR941206-1-00134 2 26663 26779
distinction FR941206-1-00134 1 26671
makes FR941206-1-00134 1 26674
products FR941206-1-00134 3 26686 26883 26901
based FR941206-1-00134 2 26717 27523
belief FR941206-1-00134 1 26721
unregulated FR941206-1-00134 2 26724 26876
light FR941206-1-00134 1 26734
presents FR941206-1-00134 1 26745
42 FR941206-1-00134 1 26751
26568 FR941206-1-00134 1 26753
43 FR941206-1-00134 1 26757
7152 FR941206-1-00134 1 26759
do FR941206-1-00134 2 26803 27325
hotel FR941206-1-00134 2 26818 27007
motel FR941206-1-00134 2 26820 27009
bunkhouse FR941206-1-00134 1 26822
station FR941206-1-00134 1 26825
exempted FR941206-1-00134 1 26889
relatively FR941206-1-00134 1 26898
who FR941206-1-00134 1 26915
reside FR941206-1-00134 1 26916
transient FR941206-1-00134 2 26918 26972
obtained FR941206-1-00134 1 26968
quantity FR941206-1-00134 1 26985
entrepreneurial FR941206-1-00134 1 27003
interests FR941206-1-00134 1 27004
chains FR941206-1-00134 1 27010
owners FR941206-1-00134 1 27012
engaged FR941206-1-00134 1 27018
repair FR941206-1-00134 1 27020
and/or FR941206-1-00134 2 27024 27199
excluding FR941206-1-00134 1 27038
homebased FR941206-1-00134 1 27050
evident FR941206-1-00134 1 27067
smaller FR941206-1-00134 1 27070
enterprises FR941206-1-00134 1 27072
well FR941206-1-00134 1 27074
industrialscale FR941206-1-00134 1 27079
normally FR941206-1-00134 1 27084
case FR941206-1-00134 1 27099
commonly FR941206-1-00134 1 27105
although FR941206-1-00134 2 27118 27258
public FR941206-1-00134 1 27135
reminded FR941206-1-00134 1 27137
cercla FR941206-1-00134 1 27140
reporting FR941206-1-00134 1 27141
302.6 FR941206-1-00134 1 27148
requires FR941206-1-00134 1 27151
contact FR941206-1-00134 1 27154
response FR941206-1-00134 1 27157
center FR941206-1-00134 1 27158
disposing FR941206-1-00134 2 27162 27195
pound FR941206-1-00134 1 27165
more FR941206-1-00134 1 27167
nony FR941206-1-00134 2 27176 27216
relieve FR941206-1-00134 1 27187
person FR941206-1-00134 1 27194
liability FR941206-1-00134 1 27209
remediating FR941206-1-00134 1 27211
future FR941206-1-00134 1 27222
superfund FR941206-1-00134 1 27223
site FR941206-1-00134 1 27224
seeking FR941206-1-00134 1 27230
limitations FR941206-1-00134 1 27235
imposed FR941206-1-00134 1 27238
entities FR941206-1-00134 1 27241
d FR941206-1-00134 1 27249
objecting FR941206-1-00134 1 27260
focus FR941206-1-00134 1 27268
previous FR941206-1-00134 1 27271
applications FR941206-1-00134 2 27273 27372
wall FR941206-1-00134 1 27280
painted FR941206-1-00134 1 27281
pcbcontaining FR941206-1-00134 1 27283
paint FR941206-1-00134 1 27284
sale FR941206-1-00134 1 27290
debris FR941206-1-00134 1 27307
produced FR941206-1-00134 1 27308
building FR941206-1-00134 1 27310
consist FR941206-1-00134 1 27327
his/her FR941206-1-00134 1 27339
home FR941206-1-00134 1 27340
largevolume FR941206-1-00134 1 27346
iia FR941206-1-00134 1 27352
widespread FR941206-1-00134 1 27370
particularly FR941206-1-00134 1 27387
interested FR941206-1-00134 1 27388
obtaining FR941206-1-00134 1 27390
nearly FR941206-1-00134 1 27401
sets FR941206-1-00134 1 27404
submitted FR941206-1-00134 1 27408
primary FR941206-1-00134 1 27411
natural FR941206-1-00134 2 27414 27511
gas FR941206-1-00134 2 27415 27512
pipeline FR941206-1-00134 2 27416 27513
companies FR941206-1-00134 2 27417 27428
armed FR941206-1-00134 1 27420
forces FR941206-1-00134 1 27421
civilian FR941206-1-00134 1 27423
governmental FR941206-1-00134 1 27424
agencies FR941206-1-00134 1 27425
sector FR941206-1-00134 1 27432
wool FR941206-1-00134 2 27447 27727
felt FR941206-1-00134 2 27448 27728
insulating FR941206-1-00134 2 27449 27479
high FR941206-1-00134 1 27453
deck FR941206-1-00134 1 27458
plates FR941206-1-00134 1 27459
naval FR941206-1-00134 1 27464
vessels FR941206-1-00134 1 27465
plastics FR941206-1-00134 1 27467
paints FR941206-1-00134 1 27469
rubber FR941206-1-00134 1 27472
adhesive FR941206-1-00134 2 27475 27569
tape FR941206-1-00134 1 27476
electrical FR941206-1-00134 1 27483
cabling FR941206-1-00134 1 27484
pcbimpregnated FR941206-1-00134 1 27489
gaskets FR941206-1-00134 2 27490 27574
heating FR941206-1-00134 2 27492 27594
ventilation FR941206-1-00134 4 27494 27573 27596 27702
conditioning FR941206-1-00134 2 27497 27600
duct FR941206-1-00134 2 27501 27558
systems FR941206-1-00134 3 27502 27559 27604
concrete FR941206-1-00134 1 27504
expansion FR941206-1-00134 1 27505
joint FR941206-1-00134 1 27506
largediameter FR941206-1-00134 1 27510
distinct FR941206-1-00134 1 27516
scenarios FR941206-1-00134 2 27521 27538
emerged FR941206-1-00134 1 27522
review FR941206-1-00134 1 27526
discussions FR941206-1-00134 1 27531
representatives FR941206-1-00134 1 27535
provisions FR941206-1-00134 1 27543
addressing FR941206-1-00134 1 27544
impregnated FR941206-1-00134 3 27554 27606 27716
late FR941206-1-00134 2 27563 27661
1940s FR941206-1-00134 1 27564
1950s FR941206-1-00134 1 27566
coating FR941206-1-00134 1 27570
war FR941206-1-00134 2 27581 27615
predecessor FR941206-1-00134 1 27584
hvac FR941206-1-00134 1 27602
specifications FR941206-1-00134 1 27617
application FR941206-1-00134 1 27620
ban FR941206-1-00134 1 27627
enactment FR941206-1-00134 1 27648
promulgation FR941206-1-00134 1 27652
implementing FR941206-1-00134 1 27655
1989 FR941206-1-00134 1 27662
notified FR941206-1-00134 1 27665
over FR941206-1-00134 1 27668
operation FR941206-1-00134 1 27671
plants FR941206-1-00134 1 27674
caused FR941206-1-00134 1 27676
amounts FR941206-1-00134 1 27678
lubricating FR941206-1-00134 1 27681
oil FR941206-1-00134 1 27682
motor FR941206-1-00134 1 27685
compressor FR941206-1-00134 1 27687
bearings FR941206-1-00134 1 27688
leach FR941206-1-00134 1 27691
gasket FR941206-1-00134 1 27694
drawn FR941206-1-00134 1 27699
releases FR941206-1-00134 1 27707
insulation FR941206-1-00134 1 27717
navy FR941206-1-00134 2 27724 27750
discovered FR941206-1-00134 1 27725
installed FR941206-1-00134 1 27733
older FR941206-1-00134 1 27735
submarines FR941206-1-00134 1 27736
sounddampening FR941206-1-00134 1 27738
indicates FR941206-1-00134 1 27751
emitted FR941206-1-00134 1 27755
located FR941206-1-00134 1 27765
inaccessible FR941206-1-00134 1 27767
rarely FR941206-1-00134 1 27769
accessed FR941206-1-00134 1 27770
fixed FR941206-1-00134 1 27773
metal FR941206-1-00134 1 27775
