during FR941206-1-00134 6 80606 83242 83768 84041 84513 86311
renovation FR941206-1-00134 2 80607 80621
and FR941206-1-00134 128 80608 80688 80721 80772 80862 80875 80932 80969 81104 81123 81130 81209 81296 81380 81474 81497 81517 81520 81624 81703 81715 81865 81945 81954 81970 81983 82090 82152 82181 82267 82307 82329 82351 82475 82622 82657 82713 82760 82791 82835 82843 82854 82869 83036 83164 83187 83201 83239 83269 83287 83290 83317 83381 83389 83398 83420 83481 83574 83690 83713 83727 83765 83786 83817 83829 83858 83861 83888 83948 83967 83982 84015 84070 84096 84129 84158 84435 84458 84472 84510 84532 84563 84575 84600 84603 84630 84704 84750 84836 84889 85001 85015 85036 85059 85143 85177 85190 85244 85248 85268 85273 85284 85291 85364 85448 85478 85521 85537 85674 85696 85847 86096 86115 86151 86174 86232 86302 86308 86360 86383 86408 86426 86479 86527 86531 86541 86576 86586
demolition FR941206-1-00134 3 80609 80623 81471
projects FR941206-1-00134 2 80610 80624
are FR941206-1-00134 26 80611 80628 80839 81024 81078 81235 81531 81638 81809 82014 82703 82735 82933 83468 84066 84092 84110 84117 84706 84891 85687 85699 85735 85747 86055 86064
not FR941206-1-00134 29 80612 80629 80868 80917 81093 81311 81359 81532 81565 81629 81656 81776 81810 81873 82005 82107 82117 82132 82221 82491 82908 83038 83271 83599 83944 84078 84707 84778 84810
household FR941206-1-00134 7 80613 81496 81611 81618 81918 81927 81950
wastes FR941206-1-00134 10 80614 81466 81489 81724 81740 83493 83955 83977 84040 84339
except FR941206-1-00134 6 80615 81988 82903 82951 83510 84918
for FR941206-1-00134 65 80616 80807 80914 80948 80971 81028 81394 81527 81549 81640 81778 82016 82185 82303 82363 82379 82451 82660 82737 82789 82884 82893 82910 82947 82967 82999 83009 83063 83100 83141 83177 83215 83252 83371 83400 83487 83506 83526 83537 83662 83672 83703 83741 83933 83988 84007 84075 84191 84243 84268 84300 84311 84407 84417 84448 84486 84710 85347 85506 85539 85587 86354 86400 86538 86580
paint FR941206-1-00134 6 80617 80795 81615 81621 81924 81930
on FR941206-1-00134 12 80618 81026 82708 83061 83137 83331 83583 83658 83902 84346 84403 84644
surfaces FR941206-1-00134 8 80619 81027 81032 81863 81867 82315 82321 84874
. FR941206-1-00134 171 80620 80653 80677 80698 80736 80777 80816 80837 80877 80903 80951 80974 80986 81014 81082 81192 81211 81226 81245 81261 81278 81305 81349 81384 81423 81459 81560 81627 81648 81735 81783 81868 82003 82024 82037 82174 82202 82302 82322 82338 82383 82415 82427 82441 82467 82469 82484 82502 82512 82527 82550 82564 82640 82648 82683 82700 82729 82750 82805 82871 82935 82969 83001 83050 83093 83107 83148 83169 83190 83207 83218 83246 83283 83304 83323 83337 83348 83358 83455 83494 83528 83577 83621 83628 83674 83695 83716 83733 83744 83772 83798 83838 83854 83875 83894 83908 83919 83929 83990 84050 84085 84141 84215 84251 84280 84302 84340 84366 84373 84419 84440 84461 84478 84489 84517 84544 84580 84596 84617 84636 84650 84661 84671 84803 84828 84869 84928 85153 85232 85288 85299 85435 85453 85466 85497 85555 85612 85641 85731 85756 85790 85807 85819 85841 85852 85873 85882 85904 85938 85954 85962 85982 86015 86030 86069 86080 86124 86137 86166 86191 86214 86280 86333 86350 86445 86465 86520 86534 86620 86653 86671
or FR941206-1-00134 116 80622 80641 80649 80707 80766 80859 80919 81022 81136 81150 81243 81256 81270 81339 81388 81408 81441 81445 81448 81457 81467 81483 81500 81512 81525 81554 81576 81619 81675 81691 81721 81727 81744 81759 81768 81832 81884 81920 81928 81980 82035 82065 82098 82140 82172 82195 82215 82225 82234 82258 82274 82277 82282 82299 82343 82497 82556 82890 82944 82981 83047 83081 83227 83280 83431 83450 83503 83546 83609 83665 83753 83850 84046 84073 84099 84116 84131 84178 84208 84224 84256 84288 84320 84354 84410 84498 84592 84680 84693 84712 84725 84757 84760 84775 84790 84793 84813 84822 84843 84859 84916 84925 85384 85423 85486 85589 85618 85653 85682 85737 85745 85769 86246 86604 86640 86708
include FR941206-1-00134 7 80625 81355 81566 81806 81874 85439 86085
, FR941206-1-00134 243 80626 80632 80646 80648 80661 80671 80823 80888 80893 80898 80900 80916 80925 80931 81030 81036 81047 81077 81090 81108 81110 81113 81115 81118 81127 81129 81139 81208 81356 81363 81368 81374 81379 81430 81434 81437 81440 81480 81482 81488 81495 81508 81511 81537 81653 81659 81665 81668 81673 81700 81702 81718 81720 81730 81757 81758 81766 81767 81790 81807 81813 81815 81818 81821 81824 81828 81830 81841 81848 81852 81858 81861 81864 81938 81967 81969 81997 82253 82255 82257 82313 82459 82461 82463 82465 82569 82577 82582 82656 82669 82672 82677 82679 82681 82748 82752 82755 82762 82766 82770 82772 82774 82796 82800 82802 82810 82816 82821 82828 82842 82861 82902 82922 83115 83122 83126 83128 83130 83161 83163 83181 83388 83437 83447 83449 83478 83480 83486 83603 83636 83643 83647 83649 83651 83687 83689 83707 83823 83828 83938 83961 83981 84004 84014 84043 84045 84162 84174 84176 84381 84388 84392 84394 84396 84432 84434 84452 84569 84574 84677 84679 84692 84696 84703 84719 84727 84746 84759 84776 84781 84792 84819 84821 84861 84865 84875 84881 84900 84910 84923 84940 85014 85063 85109 85125 85240 85261 85272 85280 85360 85370 85375 85377 85410 85446 85472 85474 85477 85483 85485 85515 85596 85657 85671 85685 85716 85720 85759 85821 85822 85854 85855 85884 85885 85913 85964 85990 86090 86095 86103 86105 86108 86114 86148 86150 86226 86228 86231 86299 86301 86357 86359 86403 86420 86425 86476 86478 86515 86547 86583 86585 86629 86713
but FR941206-1-00134 7 80627 81092 81140 81357 81654 81808 82220
limited FR941206-1-00134 6 80630 81094 81361 81657 81811 82222
to FR941206-1-00134 103 80631 80638 80673 80760 80944 80964 81002 81057 81095 81158 81221 81237 81362 81412 81556 81658 81789 81812 82070 82092 82155 82198 82213 82223 82359 82396 82400 82411 82436 82494 82554 82557 82572 82587 82604 82633 82862 83012 83045 83084 83103 83112 83145 83184 83198 83236 83278 83298 83314 83328 83393 83548 83569 83591 83612 83633 83669 83710 83724 83762 83810 83825 83834 83869 83885 83899 83984 84165 84184 84322 84357 84378 84414 84455 84469 84507 84556 84571 84611 84627 84641 84695 84841 85170 85583 85598 85659 85676 85689 85701 85740 85750 85765 85927 86004 86057 86066 86199 86325 86398 86442 86454 86639
the FR941206-1-00134 235 80633 80642 80740 80747 80752 80790 80794 80834 80883 80908 80934 80957 80982 81016 81147 81289 81298 81344 81347 81415 81470 81491 81542 81545 81632 81681 81747 81773 82000 82008 82049 82053 82063 82073 82083 82104 82121 82136 82158 82326 82346 82360 82375 82407 82412 82431 82438 82445 82452 82473 82516 82540 82570 82579 82585 82625 82649 82663 82666 82691 82694 82697 82709 82726 82732 82740 82779 82786 82813 82887 82896 82984 82988 82992 82996 83030 83033 83048 83059 83104 83113 83146 83153 83175 83216 83250 83253 83263 83266 83281 83296 83300 83315 83321 83326 83332 83341 83439 83445 83465 83473 83488 83535 83552 83561 83565 83594 83634 83679 83701 83742 83782 83787 83790 83804 83807 83821 83844 83867 83871 83886 83892 83897 83903 83912 83939 83958 83985 84000 84010 84025 84146 84167 84211 84219 84235 84238 84244 84275 84309 84326 84379 84424 84446 84487 84529 84533 84536 84550 84553 84567 84586 84609 84613 84628 84634 84639 84645 84654 84770 84773 84783 84786 84846 84903 84908 85289 85323 85328 85332 85356 85392 85397 85401 85412 85436 85444 85457 85470 85481 85491 85494 85504 85519 85522 85533 85559 85585 85647 85691 85751 85767 85770 85778 85795 86116 86120 86146 86270 86288 86312 86326 86364 86388 86396 86406 86415 86423 86436 86443 86446 86458 86463 86470 86473 86483 86488 86498 86506 86510 86518 86522 86529 86549 86555 86563 86578 86625 86646 86651 86656 86665 86692 86700 86705
conversion FR941206-1-00134 1 80634
of FR941206-1-00134 201 80635 80644 80668 80675 80742 80754 80830 80891 80910 80928 80941 80956 80979 80981 80994 81048 81188 81231 81291 81300 81333 81341 81346 81399 81419 81453 81472 81493 81515 81547 81634 81645 81683 81686 81710 81756 81765 81787 81802 82010 82021 82123 82189 82305 82309 82349 82365 82368 82373 82381 82447 82455 82477 82499 82507 82542 82628 82665 82693 82696 82711 82716 82731 82757 82778 82928 82949 82987 82995 83020 83032 83043 83074 83167 83174 83196 83202 83212 83223 83241 83265 83276 83334 83345 83350 83395 83410 83422 83452 83475 83483 83491 83508 83539 83543 83564 83572 83693 83700 83722 83728 83738 83749 83767 83777 83789 83795 83806 83846 83905 83916 83921 83935 83973 83975 84027 84036 84038 84112 84119 84138 84148 84169 84181 84193 84213 84221 84234 84237 84270 84277 84313 84317 84337 84438 84445 84467 84473 84483 84494 84512 84522 84535 84541 84552 84588 84647 84658 84663 84689 84772 84785 84902 84907 85331 85338 85362 85400 85450 85459 85480 85493 85503 85518 85535 85576 85591 85610 85620 85665 85693 85728 85753 85797 85824 85849 85868 85899 85918 85932 85977 85995 86009 86060 86153 86161 86197 86318 86340 86451 86491 86500 86509 86554 86617 86635 86645 86650 86655 86685 86704
industrial FR941206-1-00134 7 80636 80655 80659 81498 81676 81833 81846
property FR941206-1-00134 1 80637
residential FR941206-1-00134 2 80639 80712
units FR941206-1-00134 2 80640 80652
remodeling FR941206-1-00134 1 80643
hotels FR941206-1-00134 1 80645
motels FR941206-1-00134 1 80647
multiple FR941206-1-00134 1 80650
rental FR941206-1-00134 1 80651
***** FR941206-1-00134 26 80654 80678 80737 80778 80817 80878 80904 80987 81246 82204 82323 82340 82384 82513 82529 82551 82565 82641 82806 82872 84672 84949 85642 85782 86031 86070
furnace FR941206-1-00134 2 80656 80660
means FR941206-1-00134 22 80657 80681 80739 80781 80820 80882 80907 80989 81086 81251 81391 81426 81463 81652 82027 82207 82325 82345 82387 82515 82533 82553
an FR941206-1-00134 21 80658 80961 81315 81320 81845 81995 82147 82900 82905 82914 83101 83138 83258 83556 83659 83778 84113 84247 84330 84404 84523
enclosed FR941206-1-00134 2 80662 80962
device FR941206-1-00134 4 80663 80963 81255 81697
as FR941206-1-00134 40 80664 80716 80730 80857 80873 81043 81080 81175 81183 81421 81450 81569 81581 81680 81707 81755 81764 81794 81877 81889 81994 82251 82265 82635 82705 82864 82918 84124 84955 85046 85088 85172 85212 85294 85667 86135 86263 86296 86319 86341
defined FR941206-1-00134 9 80665 80717 80731 81044 81079 81184 81568 81876 82919
in FR941206-1-00134 93 80666 80718 80733 80803 80960 81015 81045 81101 81146 81185 81283 81535 81594 81631 81642 81690 81725 81902 82007 82018 82355 82390 82546 82567 82578 82719 82725 82808 82913 82920 83029 83040 83082 83088 83262 83273 83343 83423 83470 83596 83610 83616 83914 83957 83978 84047 84150 84163 84202 84266 84272 84355 84361 84525 84656 84714 84723 84737 84752 84767 84788 84801 84815 84849 84857 84885 84914 84919 85345 85408 85462 85562 85646 85669 85757 85775 85846 85860 85878 85890 85910 85959 85969 85987 86075 86112 86130 86145 86179 86275 86363 86435 86482
260.10 FR941206-1-00134 1 80667
this FR941206-1-00134 33 80669 80734 80929 81193 81400 81646 81781 82022 82510 83021 83075 83091 83309 83396 83411 83484 83619 83880 83936 84139 84278 84364 84622 84717 84744 84867 85577 85694 85729 85754 86061 86278 86618
chapter FR941206-1-00134 1 80670
used FR941206-1-00134 12 80672 81100 84726 84812 84860 85859 85889 85968 86111 86128 86144 86310
dispose FR941206-1-00134 2 80674 82498
pcbs FR941206-1-00134 82 80676 80680 80687 80745 80780 80782 80832 80991 81013 81239 81260 81334 81348 81392 81458 81486 81526 81559 81593 81664 81687 81785 81837 81901 82034 82094 82168 82197 82212 82883 82892 82911 82943 82957 82973 83005 83054 83197 83363 83391 83454 83467 83502 83516 83540 83573 83595 83671 83723 83849 83994 84255 84287 84314 84416 84468 84591 84687 84835 84888 85623 85666 85684 85744 85806 85856 85886 85923 85937 85953 85965 86000 86014 86029 86054 86125 86141 86245 86323 86343 86381 86574
liquid FR941206-1-00134 9 80679 80831 81726 82464 82549 83848 84590 85461 86492
a FR941206-1-00134 121 80682 80711 80821 81039 81178 81189 81252 81273 81284 81292 81301 81323 81451 81570 81595 81684 81708 81711 81795 81839 81856 81878 81903 81990 82038 82041 82109 82144 82179 82243 82366 82388 82397 82448 82480 82485 82492 82505 82547 82590 82608 82714 83085 83098 83351 83354 83424 83428 83584 83613 83626 83684 83922 83925 84080 84103 84120 84127 84153 84188 84195 84203 84227 84347 84358 84371 84429 84664 84667 84697 84740 84755 84797 84894 84961 84971 84980 84984 85003 85019 85048 85057 85070 85080 85091 85101 85117 85132 85148 85301 85316 85427 85501 85516 85547 85565 85574 85649 85654 85704 85714 85798 85832 85865 85896 85915 85929 85974 85992 86006 86158 86202 86209 86331 86345 86393 86429 86560 86602 86633 86683
homogenous FR941206-1-00134 1 80683
flowable FR941206-1-00134 1 80684
material FR941206-1-00134 12 80685 80697 81407 81410 81934 81937 81947 81956 81991 82651 82734 82781
containing FR941206-1-00134 11 80686 80744 81663 82167 82192 85622 85800 85948 86024 86376 86569
no FR941206-1-00134 9 80689 80785 81019 82879 82939 83498 84877 85318 85416
more FR941206-1-00134 1 80690
than FR941206-1-00134 35 80691 80724 81004 81050 81059 81142 81152 81160 81205 81269 81272 81553 82319 82961 83367 83520 84294 84897 85320 85418 85662 85836 85870 85901 85920 85934 85950 85979 85997 86011 86026 86163 86378 86571 86642
0.5 FR941206-1-00134 1 80692
percent FR941206-1-00134 2 80693 86644
by FR941206-1-00134 44 80694 81038 81177 81319 81838 82538 82583 82623 82646 82654 82686 82690 82811 82844 83066 83231 83320 83757 83803 83843 83891 83999 84009 84502 84549 84585 84633 84968 85016 85066 85112 85126 85144 85161 85178 85234 85249 85262 85274 85526 86119 86385 86413 86551
weight FR941206-1-00134 3 80695 82531 82541
nond FR941206-1-00134 4 80696 80779 81464 81728
low FR941206-1-00134 1 80699
exposure FR941206-1-00134 2 80700 80727
areas FR941206-1-00134 4 80701 80704 80722 82354
mean FR941206-1-00134 1 80702
all FR941206-1-00134 18 80703 81521 81660 81784 82352 82543 82925 83362 83390 85336 85616 85690 86058 86185 86281 86306 86334 86433
0.1 FR941206-1-00134 1 80705
kilometer FR941206-1-00134 1 80706
greater FR941206-1-00134 19 80708 81049 81137 81151 81244 81271 81552 82036 82099 82173 82196 83366 83547 84321 85683 85746 85835 86247 86641
distant FR941206-1-00134 1 80709
from FR941206-1-00134 24 80710 81327 81469 81490 81587 81610 81693 81844 81855 81895 81917 82479 82785 82895 82977 83058 83295 83866 83971 84034 84608 84691 85386 86287
commercial FR941206-1-00134 6 80713 81620 81674 81831 81929 83489
area FR941206-1-00134 2 80714 80728
( FR941206-1-00134 305 80715 80768 80799 80812 80937 80952 80975 80999 81007 81066 81097 81120 81166 81182 81197 81227 81478 81616 81678 81925 81987 82046 82060 82080 82101 82112 82127 82141 82175 82178 82182 82272 82332 82403 82416 82421 82428 82442 82457 82470 82521 82574 82589 82592 82595 82598 82601 82607 82610 82613 82616 82619 82630 82642 82745 82793 82818 82822 82825 82829 82832 82836 82839 82848 82851 82855 82858 82873 82876 82930 82936 82954 82970 83002 83014 83017 83051 83068 83071 83119 83157 83170 83191 83208 83219 83230 83247 83359 83375 83378 83382 83385 83404 83407 83414 83456 83495 83513 83529 83640 83683 83696 83717 83734 83745 83756 83773 83799 83839 83930 83951 83966 83991 84029 84051 84057 84060 84086 84126 84142 84152 84155 84159 84171 84216 84252 84281 84284 84303 84385 84428 84441 84462 84479 84490 84501 84518 84545 84581 84673 84730 84754 84804 84829 84851 84870 84929 84937 84944 84960 84963 84970 84973 84976 84979 84983 84986 84989 84992 84995 84998 85002 85005 85008 85011 85018 85021 85024 85027 85030 85033 85037 85040 85043 85047 85050 85053 85056 85060 85069 85072 85075 85079 85082 85085 85090 85093 85096 85100 85103 85106 85116 85119 85122 85131 85134 85137 85147 85150 85156 85164 85167 85181 85184 85187 85193 85196 85199 85203 85206 85209 85213 85216 85219 85223 85226 85229 85237 85241 85245 85252 85255 85258 85265 85269 85277 85281 85285 85300 85306 85312 85315 85321 85341 85367 85390 85425 85441 85454 85467 85498 85513 85546 85549 85552 85556 85564 85567 85570 85573 85601 85604 85607 85613 85630 85643 85703 85706 85707 85710 85713 85717 85721 85725 85783 85808 85814 85842 85874 85955 86032 86038 86044 86071 86100 86138 86167 86201 86204 86208 86211 86215 86223 86252 86294 86330 86351 86375 86392 86466 86494 86535 86559 86568 86592 86595 86598 86601 86605 86608 86611 86614 86621 86677 86709
761.123 FR941206-1-00134 3 80719 81046 81186
) FR941206-1-00134 304 80720 80776 80814 80815 80939 80954 80977 81001 81012 81076 81107 81126 81174 81187 81199 81229 81487 81622 81688 81931 82002 82048 82062 82082 82103 82114 82129 82143 82180 82184 82203 82276 82339 82405 82418 82424 82430 82444 82468 82472 82528 82576 82591 82594 82597 82600 82603 82609 82612 82615 82618 82621 82632 82644 82747 82795 82820 82824 82827 82831 82834 82838 82841 82850 82853 82857 82860 82875 82878 82932 82938 82956 82972 83004 83016 83019 83053 83070 83073 83121 83159 83172 83193 83210 83221 83235 83249 83361 83377 83380 83384 83387 83406 83409 83416 83458 83497 83515 83531 83642 83685 83698 83719 83736 83747 83761 83775 83801 83841 83932 83953 83980 83993 84049 84053 84059 84062 84088 84128 84144 84154 84157 84161 84173 84218 84254 84283 84286 84305 84387 84430 84443 84464 84481 84492 84506 84520 84547 84583 84675 84732 84756 84806 84831 84853 84872 84939 84946 84948 84962 84965 84972 84975 84978 84981 84985 84988 84991 84994 84997 85000 85004 85007 85010 85013 85020 85023 85026 85029 85032 85035 85039 85042 85045 85049 85052 85055 85058 85062 85071 85074 85077 85081 85084 85087 85092 85095 85098 85102 85105 85108 85118 85121 85124 85133 85136 85139 85149 85152 85158 85166 85169 85183 85186 85189 85195 85198 85201 85205 85208 85211 85215 85218 85221 85225 85228 85231 85239 85243 85247 85254 85257 85260 85267 85271 85279 85283 85287 85302 85308 85314 85317 85335 85349 85369 85404 85434 85443 85456 85469 85500 85528 85548 85551 85554 85558 85566 85569 85572 85575 85603 85606 85609 85615 85632 85645 85705 85709 85712 85715 85719 85723 85727 85785 85810 85816 85844 85876 85957 86034 86040 86046 86073 86123 86140 86169 86203 86206 86210 86213 86217 86238 86259 86304 86332 86353 86382 86394 86468 86502 86537 86561 86575 86594 86597 86600 86603 86607 86610 86613 86616 86623 86679 86711
other FR941206-1-00134 12 80723 81204 81475 81501 81513 81522 81704 81825 84681 85487 86233 86542
`` FR941206-1-00134 4 80725 80804 80879 82486
high FR941206-1-00134 2 80726 80863
'' FR941206-1-00134 4 80729 80811 80881 82489
elsewhere FR941206-1-00134 1 80732
section FR941206-1-00134 11 80735 82814 83022 83076 83412 84623 84951 85578 85599 85730 86619
microencapsulation FR941206-1-00134 1 80738
stabilization FR941206-1-00134 1 80741
debris FR941206-1-00134 3 80743 81468 81705
with FR941206-1-00134 44 80746 81033 81343 81485 81836 81977 82165 82242 83090 83472 83550 83560 83618 84069 84095 84145 84210 84274 84324 84363 84686 84739 84817 84876 84887 84921 85355 85411 85532 85582 85635 85777 85831 85914 85946 85991 86022 86239 86277 86344 86372 86524 86565 86632
following FR941206-1-00134 10 80748 80935 82650 83154 83680 83940 84425 85779 86389 86556
reagents FR941206-1-00134 1 80749
such FR941206-1-00134 17 80750 80856 80872 81580 81888 82250 82264 83578 83796 83976 84039 84123 84338 84341 84542 86295 86690
that FR941206-1-00134 32 80751 80827 80866 81018 81132 81402 81443 82030 82052 82072 82119 82134 82157 82210 82904 82924 82952 83026 83257 83511 83593 83812 83995 84016 84558 84683 84794 84932 85827 85908 85985 86691
leachability FR941206-1-00134 1 80753
any FR941206-1-00134 33 80755 80911 80990 81087 81331 81337 81427 81455 81539 81694 81732 81742 81770 82028 82068 82162 82208 82423 82717 83094 83305 83622 83847 83876 83968 84031 84367 84589 84618 85380 85636 85791 86410
associated FR941206-1-00134 3 80756 84068 84094
pcb FR941206-1-00134 81 80757 80912 81020 81034 81138 81145 81214 81233 81247 81262 81276 81306 81350 81424 81428 81431 81435 81438 81456 81460 81505 81523 81561 81571 81578 81635 81649 81733 81736 81754 81763 81796 81803 81869 81879 81886 81985 82011 82025 82042 82056 82076 82137 82310 82369 82392 82500 82945 83224 83228 83429 83492 83504 83750 83754 83954 84082 84105 84196 84205 84228 84240 84257 84289 84495 84499 84698 84741 84763 84905 85339 85343 85381 85451 85460 85464 85508 85541 85592 85833 86067
is FR941206-1-00134 26 80758 81216 81655 81998 82040 82146 82394 82409 82425 82490 82504 82652 82658 82907 83028 83353 83924 84249 84666 84942 84953 84966 85159 85672 85839 86440
reduced FR941206-1-00134 1 80759
specified FR941206-1-00134 2 80761 81534
levels FR941206-1-00134 1 80762
: FR941206-1-00134 26 80763 80840 80936 81196 81314 82045 82402 82637 82866 82953 83156 83413 83512 83682 83950 84427 84729 84957 85296 85440 85781 86086 86368 86391 86558 86676
portland FR941206-1-00134 1 80764
cement FR941206-1-00134 3 80765 80773 82283
lime/pozzolans FR941206-1-00134 1 80767
eg FR941206-1-00134 2 80769 85514
fly FR941206-1-00134 1 80770
ash FR941206-1-00134 1 80771
kiln FR941206-1-00134 1 80774
dust FR941206-1-00134 1 80775
which FR941206-1-00134 20 80783 80787 81258 81287 81528 82391 83426 83551 84065 84091 84325 84705 84833 84837 84844 84882 84890 85734 86049 86063
contain FR941206-1-00134 12 80784 81133 81238 81404 82093 83152 83678 84423 85660 85741 85828 86050
liquids FR941206-1-00134 9 80786 81021 84223 84880 86152 86187 86193 86283 86307
pass FR941206-1-00134 2 80788 82216
through FR941206-1-00134 12 80789 82561 83963 84982 85078 85099 85202 85222 86207 86428 86462 86472
filter FR941206-1-00134 5 80791 80796 86431 86448 86464
when FR941206-1-00134 2 80792 84246
using FR941206-1-00134 3 80793 86386 86552
test FR941206-1-00134 6 80797 80805 81042 81181 81250 81353
method FR941206-1-00134 3 80798 80801 83189
epa FR941206-1-00134 21 80800 83024 83078 83284 83324 83338 83532 83588 83606 83811 83855 83895 83909 84306 84351 84557 84597 84637 84651 84762 85527
9095 FR941206-1-00134 1 80802
methods FR941206-1-00134 1 80806
evaluating FR941206-1-00134 1 80808
solid FR941206-1-00134 2 80809 80825
waste FR941206-1-00134 28 80810 81387 81390 81462 81563 81573 81598 81625 81637 81651 81738 81798 81805 81871 81881 82013 82312 82371 82382 82393 82408 82456 82501 83797 83822 84182 84543 84568
sw846 FR941206-1-00134 1 80813
nons FR941206-1-00134 7 80818 81023 81190 81866 82320 84225 84873
surface FR941206-1-00134 8 80819 80826 80836 81191 82206 82209 86240 86703
smooth FR941206-1-00134 4 80822 80841 80845 80848
unpainted FR941206-1-00134 1 80824
limits FR941206-1-00134 4 80828 83330 83901 84643
penetration FR941206-1-00134 1 80829
beyond FR941206-1-00134 1 80833
immediate FR941206-1-00134 1 80835
examples FR941206-1-00134 2 80838 81801
uncorroded FR941206-1-00134 1 80842
metal FR941206-1-00134 3 80843 82227 82230
; FR941206-1-00134 70 80844 80847 80851 80861 81322 81330 81335 81504 81519 81574 81590 81600 81603 81607 81613 81623 81698 81714 81751 81760 81882 81898 81907 81910 81914 81922 81932 81935 81940 81948 81957 81960 81963 81972 81982 82059 82079 82100 82111 82126 82139 82228 82231 82237 82240 82246 82261 82270 82280 82284 82286 82288 82290 82292 82294 82296 82298 84260 85065 85111 85142 85176 85625 85801 86051 86253 86305 86320 86347 86707
glass FR941206-1-00134 4 80846 82233 82235 82560
glazed FR941206-1-00134 1 80849
ceramics FR941206-1-00134 3 80850 82239 82241
impermeable FR941206-1-00134 1 80852
polished FR941206-1-00134 1 80853
building FR941206-1-00134 2 80854 82248
stone FR941206-1-00134 2 80855 82249
marble FR941206-1-00134 1 80858
granite FR941206-1-00134 1 80860
density FR941206-1-00134 1 80864
plastics FR941206-1-00134 2 80865 82263
do FR941206-1-00134 5 80867 81310 82116 82131 84077
absorb FR941206-1-00134 1 80869
organic FR941206-1-00134 1 80870
solvents FR941206-1-00134 2 80871 86309
polycarbonates FR941206-1-00134 1 80874
melamines FR941206-1-00134 1 80876
ntis FR941206-1-00134 1 80880
national FR941206-1-00134 1 80884
technical FR941206-1-00134 1 80885
information FR941206-1-00134 11 80886 82743 83155 83294 83681 83819 83865 84426 84565 84607 85495
service FR941206-1-00134 1 80887
us FR941206-1-00134 2 80889 84530
department FR941206-1-00134 1 80890
commerce FR941206-1-00134 7 80892 84267 84715 84724 84789 84858 84915
5285 FR941206-1-00134 1 80894
port FR941206-1-00134 1 80895
royal FR941206-1-00134 1 80896
rd. FR941206-1-00134 1 80897
springfield FR941206-1-00134 1 80899
va FR941206-1-00134 1 80901
22161 FR941206-1-00134 1 80902
open FR941206-1-00134 1 80905
burning FR941206-1-00134 1 80906
combustion FR941206-1-00134 6 80909 80942 80950 80958 80973 80984
regulated FR941206-1-00134 5 80913 81393 81639 81793 82015
disposal FR941206-1-00134 45 80915 81395 81529 81550 81641 82017 82508 82950 82968 83000 83010 83064 83178 83188 83205 83372 83401 83432 83451 83509 83527 83538 83576 83673 83704 83714 83731 83832 83989 84076 84083 84101 84106 84189 84206 84229 84241 84271 84301 84312 84418 84449 84459 84476 84578
approved FR941206-1-00134 2 80918 82689
otherwise FR941206-1-00134 7 80920 81533 84132 84179 84708 84826 85738
allowed FR941206-1-00134 5 80921 83582 84134 84345 84827
under FR941206-1-00134 23 80922 81396 81414 81780 81799 82509 83308 83373 83402 83435 83462 83879 84019 84135 84332 84621 84716 84743 84866 85544 85594 86417 86682
part FR941206-1-00134 19 80923 80930 81401 81452 81647 81782 82023 82511 83397 83485 84111 84118 84140 84233 84279 84718 84745 84868 86062
761 FR941206-1-00134 1 80924
subpart FR941206-1-00134 5 80926 81397 81643 82019 84136
d FR941206-1-00134 13 80927 81398 81644 82020 83477 83735 84137 84480 85012 85242 85614 85726 85875
without FR941206-1-00134 3 80933 82899 84862
1 FR941206-1-00134 29 80938 81198 82047 82404 82877 84964 84974 84987 85006 85022 85051 85073 85083 85094 85104 85120 85135 85168 85256 85307 85442 85550 85568 85708 85815 86039 86139 86205 86678
control FR941206-1-00134 5 80940 80978 81696 82519 84023
air FR941206-1-00134 19 80943 86097 86109 86121 86220 86224 86266 86355 86361 86365 86416 86439 86460 86474 86480 86484 86539 86581 86587
maintain FR941206-1-00134 3 80945 85928 86005
adequate FR941206-1-00134 3 80946 83831 84577
temperature FR941206-1-00134 1 80947
efficient FR941206-1-00134 1 80949
2 FR941206-1-00134 27 80953 81075 81173 81228 82061 82417 82826 82937 83072 83379 84058 84156 84996 85031 85041 85185 85197 85207 85217 85227 85455 85605 86168 86258 86379 86572 86710
containment FR941206-1-00134 1 80955
reaction FR941206-1-00134 1 80959
provide FR941206-1-00134 2 80965 81313
sufficient FR941206-1-00134 2 80966 86452
residence FR941206-1-00134 1 80967
time FR941206-1-00134 11 80968 81546 82163 83213 83739 84026 84484 84771 84784 86499 86631
mixing FR941206-1-00134 1 80970
complete FR941206-1-00134 3 80972 83818 84564
3 FR941206-1-00134 18 80976 82081 82429 82593 82611 82833 83018 83052 83408 84160 84282 85151 85468 85784 86212 86216 86596 86609
emission FR941206-1-00134 1 80980
gaseous FR941206-1-00134 1 80983
products FR941206-1-00134 3 80985 81579 81887
pcbcontaminated FR941206-1-00134 6 80988 81081 81083 81223 82199 86170
at FR941206-1-00134 40 80992 81240 81538 81544 81731 81741 81769 82095 82161 82169 82662 82739 82958 83077 83364 83517 83541 83605 84259 84291 84315 84350 84769 84782 84893 85510 85624 85679 85864 85895 85973 86157 86242 86290 86328 86432 86589 86686 86695 86714
concentrations FR941206-1-00134 8 80993 81035 82959 83365 83518 83542 84292 84316
50 FR941206-1-00134 27 80995 81008 81134 81557 81761 82962 83368 83521 83544 84261 84295 84318 84701 84898 85626 85802 85871 85902 85921 85935 85951 85980 85998 86012 86027 86164 86348
parts FR941206-1-00134 3 80996 85627 85803
per FR941206-1-00134 6 80997 81053 81062 85628 85804 86248
million FR941206-1-00134 3 80998 85629 85805
ppm FR941206-1-00134 42 81000 81006 81011 81135 81144 81242 81558 81753 81762 82033 82097 82171 82194 82963 83369 83522 83545 84262 84296 84319 84702 84899 85631 85664 85681 85743 85838 85872 85903 85922 85936 85952 85981 85999 86013 86028 86053 86165 86322 86349 86380 86573
less FR941206-1-00134 22 81003 81058 81141 81159 81268 82960 83519 84293 84896 85661 85869 85900 85919 85933 85949 85978 85996 86010 86025 86162 86377 86570
500 FR941206-1-00134 14 81005 81010 81143 81241 81752 82032 82096 82170 82193 85663 85680 85742 86052 86321
< FR941206-1-00134 3 81009 81071 81169
event FR941206-1-00134 2 81017 85648
present FR941206-1-00134 1 81025
measurement FR941206-1-00134 2 81029 81345
then FR941206-1-00134 3 81031 86404 86516
measured FR941206-1-00134 2 81037 81176
standard FR941206-1-00134 3 81040 81179 84799
wipe FR941206-1-00134 2 81041 81180
10 FR941206-1-00134 5 81051 81068 81153 81168 86643
micrograms FR941206-1-00134 5 81052 81061 81154 81162 86244
100 FR941206-1-00134 10 81054 81060 81063 81072 81161 81170 86243 86249 86254 86688
square FR941206-1-00134 5 81055 81064 81156 81164 86250
centimeters FR941206-1-00134 5 81056 81065 81157 81165 86251
> FR941206-1-00134 3 81067 81167 84700
m FR941206-1-00134 9 81069 81073 81171 82768 83124 83645 84390 85372 86255
g FR941206-1-00134 3 81070 83800 84546
g/100cm FR941206-1-00134 2 81074 81172
electrical FR941206-1-00134 11 81084 81088 81202 81224 81507 81588 81896 82190 82200 83852 84594
equipment FR941206-1-00134 17 81085 81089 81203 81225 81439 81589 81897 81921 81968 82191 82201 83853 84595 84676 85851 85862 86271
including FR941206-1-00134 11 81091 81098 81121 82219 82539 83182 83708 84030 84453 85342 86101
transformers FR941206-1-00134 10 81096 85340 85344 85354 85452 85593 85621 85686 85826 86068
those FR941206-1-00134 1 81099
railway FR941206-1-00134 1 81102
locomotives FR941206-1-00134 1 81103
selfpropelled FR941206-1-00134 1 81105
cars FR941206-1-00134 1 81106
capacitors FR941206-1-00134 3 81109 81230 81978
circuit FR941206-1-00134 2 81111 81206
breakers FR941206-1-00134 2 81112 81207
reclosers FR941206-1-00134 2 81114 81210
voltage FR941206-1-00134 6 81116 85655 85697 85732 85771 86047
regulators FR941206-1-00134 4 81117 85698 85733 86048
switches FR941206-1-00134 1 81119
sectionalizers FR941206-1-00134 1 81122
motor FR941206-1-00134 1 81124
starters FR941206-1-00134 1 81125
electromagnets FR941206-1-00134 1 81128
cable FR941206-1-00134 2 81131 81212
contaminating FR941206-1-00134 2 81148 81999
fluid FR941206-1-00134 9 81149 81585 81893 82058 82078 82086 82125 82166 84909
pcb/100 FR941206-1-00134 2 81155 81163
definition FR941206-1-00134 3 81194 81633 82009
includes FR941206-1-00134 2 81195 81739
mineral FR941206-1-00134 5 81200 81582 81890 82149 85650
oilfilled FR941206-1-00134 1 81201
whose FR941206-1-00134 1 81213
concentration FR941206-1-00134 22 81215 81234 81277 81540 81543 81734 81745 81771 82138 84197 84895 84906 85834 85866 85897 85916 85930 85975 85993 86007 86159 86346
unknown FR941206-1-00134 2 81217 81232
must FR941206-1-00134 13 81218 83134 83655 84400 85350 85405 85438 85529 85579 85633 85761 86194 86284
be FR941206-1-00134 68 81219 81222 81360 81792 82723 82783 82965 82975 83007 83056 83110 83135 83185 83199 83237 83261 83312 83418 83460 83524 83581 83600 83631 83656 83711 83725 83763 83883 83945 84200 84232 84264 84298 84344 84376 84401 84456 84470 84508 84625 84721 84811 84855 84912 85406 85432 85530 85580 85677 85762 85858 85888 85925 85944 85967 86002 86020 86127 86143 86177 86195 86261 86285 86316 86338 86450 86661 86680
assumed FR941206-1-00134 3 81220 81236 85658
field FR941206-1-00134 4 81248 81263 81307 81351
screening FR941206-1-00134 4 81249 81264 81308 81352
portable FR941206-1-00134 1 81253
analytical FR941206-1-00134 1 81254
kit FR941206-1-00134 1 81257
measures FR941206-1-00134 1 81259
tests FR941206-1-00134 7 81265 81280 81309 81367 81373 81378 81383
usually FR941206-1-00134 2 81266 81312
report FR941206-1-00134 3 81267 81295 81304
specific FR941206-1-00134 3 81274 82453 83442
numerical FR941206-1-00134 1 81275
these FR941206-1-00134 8 81279 82684 82701 82720 84733 84807 86192 86370
normally FR941206-1-00134 1 81281
build FR941206-1-00134 1 81282
safety FR941206-1-00134 1 81285
factor FR941206-1-00134 1 81286
increases FR941206-1-00134 1 81288
probability FR941206-1-00134 2 81290 81299
false FR941206-1-00134 2 81293 81302
positive FR941206-1-00134 2 81294 86418
decreases FR941206-1-00134 1 81297
negative FR941206-1-00134 1 81303
identity FR941206-1-00134 1 81316
record FR941206-1-00134 3 81317 81326 85502
generated FR941206-1-00134 5 81318 81592 81706 81900 83956
instrument FR941206-1-00134 1 81321
quantitative FR941206-1-00134 1 81324
comparison FR941206-1-00134 1 81325
calibration FR941206-1-00134 1 81328
standards FR941206-1-00134 3 81329 84749 84847
identification FR941206-1-00134 5 81332 81340 83842 84584 85422
and/or FR941206-1-00134 4 81336 83233 83759 84504
indication FR941206-1-00134 1 81338
interferences FR941206-1-00134 1 81342
technologies FR941206-1-00134 1 81354
may FR941206-1-00134 36 81358 82782 82881 82941 82964 82974 83006 83055 83096 83291 83459 83500 83523 83533 83624 83862 84263 84297 84307 84369 84604 84720 84854 84911 85793 85857 85887 85924 85942 85966 86001 86018 86126 86142 86176 86260
total FR941206-1-00134 6 81364 81369 81375 86489 86507 86647
chlorine FR941206-1-00134 3 81365 81370 81376
colorimetric FR941206-1-00134 1 81366
xray FR941206-1-00134 1 81371
fluorescence FR941206-1-00134 1 81372
microcoulometric FR941206-1-00134 1 81377
rapid FR941206-1-00134 1 81381
immunoassay FR941206-1-00134 1 81382
pcb/fissionable FR941206-1-00134 1 81385
radioactive FR941206-1-00134 3 81386 81406 81409
pcb/radioactive FR941206-1-00134 1 81389
also FR941206-1-00134 2 81403 85748
fissionable FR941206-1-00134 1 81405
subject FR941206-1-00134 10 81411 83144 83313 83392 83884 84626 85688 85700 85749 86056
regulation FR941206-1-00134 2 81413 83937
atomic FR941206-1-00134 1 81416
energy FR941206-1-00134 1 81417
act FR941206-1-00134 3 81418 82331 82520
1954 FR941206-1-00134 1 81420
amended FR941206-1-00134 4 81422 84954 84967 85160
item FR941206-1-00134 2 81425 84699
article FR941206-1-00134 3 81429 81432 86512
container FR941206-1-00134 2 81433 81436
anything FR941206-1-00134 3 81442 81567 81875
deliberately FR941206-1-00134 1 81444
unintentionally FR941206-1-00134 1 81446
contains FR941206-1-00134 5 81447 82031 82055 82075 84834
has FR941206-1-00134 14 81449 82067 82087 83427 83441 83555 83589 83814 83830 84329 84560 84576 84838 86272
it FR941206-1-00134 6 81454 83027 83813 83827 84559 84573
nonn FR941206-1-00134 4 81461 81562 81636 81880
bulk FR941206-1-00134 3 81465 81614 81923
buildings FR941206-1-00134 1 81473
humancreated FR941206-1-00134 1 81476
structures FR941206-1-00134 2 81477 84678
manufactured FR941206-1-00134 5 81479 81575 81883 81984 82912
coated FR941206-1-00134 3 81481 82226 82271
serviced FR941206-1-00134 6 81484 82164 85926 85945 86003 86021
shredding FR941206-1-00134 1 81492
automobiles FR941206-1-00134 1 81494
appliances FR941206-1-00134 1 81499
white FR941206-1-00134 1 81502
goods FR941206-1-00134 1 81503
impregnated FR941206-1-00134 1 81506
sound FR941206-1-00134 1 81509
deadening FR941206-1-00134 1 81510
types FR941206-1-00134 2 81514 81827
insulation FR941206-1-00134 2 81516 81936
gaskets FR941206-1-00134 1 81518
items FR941206-1-00134 13 81524 81959 81962 81986 82946 83183 83505 83709 84258 84290 84454 86371 86550
requirements FR941206-1-00134 9 81530 82318 84212 84276 85560 85640 85692 85789 86327
761.60 FR941206-1-00134 6 81536 82588 82606 83394 84151 86200
where FR941206-1-00134 7 81541 81746 81989 83023 83438 84941 86438
designation FR941206-1-00134 1 81548
was FR941206-1-00134 5 81551 81750 81775 82160 82377
equal FR941206-1-00134 2 81555 86638
does FR941206-1-00134 3 81564 81872 82106
remediation FR941206-1-00134 11 81572 81650 81719 81737 81797 81804 81870 82012 82311 82341 82370
processed FR941206-1-00134 3 81577 81885 81973
oil FR941206-1-00134 5 81583 81626 81891 82150 85651
dielectric FR941206-1-00134 7 81584 81892 82057 82077 82085 82124 85829
removed FR941206-1-00134 7 81586 81609 81692 81894 81916 81979 86190
inadvertently FR941206-1-00134 2 81591 81899
manufacturing FR941206-1-00134 3 81596 81904 82916
process FR941206-1-00134 10 81597 81905 82399 82414 82433 82450 82483 82917 86314 86533
stream FR941206-1-00134 1 81599
hydraulic FR941206-1-00134 6 81601 81908 85960 85970 85983 86016
fluids FR941206-1-00134 7 81602 81606 81909 81913 85830 85947 86023
heat FR941206-1-00134 7 81604 81911 82562 85879 85891 85905 85939
transfer FR941206-1-00134 6 81605 81912 85880 85892 85906 85940
oils FR941206-1-00134 2 81608 81915
appliances/equipment FR941206-1-00134 1 81612
batched FR941206-1-00134 2 81617 81926
materials FR941206-1-00134 9 81628 81667 82004 82702 82721 82792 84682 84734 84808
included FR941206-1-00134 3 81630 82006 84201
environmental FR941206-1-00134 4 81661 82763 85357 85413
media FR941206-1-00134 1 81662
dredged FR941206-1-00134 1 81666
municipal FR941206-1-00134 1 81669
sewage FR941206-1-00134 1 81670
treatment FR941206-1-00134 8 81671 82398 82413 82440 82449 82482 82503 84098
sludges FR941206-1-00134 1 81672
sludge FR941206-1-00134 4 81677 81834 81847 82462
contaminated FR941206-1-00134 5 81679 81835 84685 84892 85678
result FR941206-1-00134 4 81682 81709 83039 83272
spill FR941206-1-00134 4 81685 81712 81840 84764
located FR941206-1-00134 1 81689
pollution FR941206-1-00134 2 81695 82758
soil FR941206-1-00134 7 81699 81817 81820 81823 81826 81860 82460
rags FR941206-1-00134 1 81701
cleanup FR941206-1-00134 5 81713 82367 83972 84035 84765
site FR941206-1-00134 7 81716 82342 82344 82376 83206 83732 84477
removal FR941206-1-00134 1 81717
corrective FR941206-1-00134 1 81722
action FR941206-1-00134 4 81723 83357 83928 84670
form FR941206-1-00134 2 81729 82506
volume FR941206-1-00134 10 81743 83234 83760 84505 86236 86490 86508 86545 86634 86649
original FR941206-1-00134 2 81748 84904
source FR941206-1-00134 2 81749 81774
if FR941206-1-00134 4 81772 82044 82422 84777
authorized FR941206-1-00134 3 81777 84709 85488
use FR941206-1-00134 14 81779 82885 84008 84042 84711 84791 85588 85817 85823 85845 85877 85958 86074 86577
disposed FR941206-1-00134 8 81786 83240 83421 83766 84511 86196 86317 86339
prior FR941206-1-00134 2 81788 84183
shall FR941206-1-00134 19 81791 83109 83151 83311 83417 83630 83677 83882 84199 84231 84375 84422 84624 84809 86315 86337 86449 86660 86674
761.61. FR941206-1-00134 1 81800
gravel FR941206-1-00134 1 81814
sandy FR941206-1-00134 1 81816
clayey FR941206-1-00134 1 81819
loam FR941206-1-00134 1 81822
sediments FR941206-1-00134 1 81829
aqueous FR941206-1-00134 2 81842 81853
decantate FR941206-1-00134 2 81843 81854
settled FR941206-1-00134 1 81849
sediment FR941206-1-00134 2 81850 81857
fines FR941206-1-00134 1 81851
oily FR941206-1-00134 1 81859
porous FR941206-1-00134 5 81862 82205 82244 82247 82314
wastestream FR941206-1-00134 1 81906
appliance FR941206-1-00134 2 81919 81951
gasket FR941206-1-00134 1 81933
adhesives FR941206-1-00134 1 81939
scrapped FR941206-1-00134 2 81941 81949
automobile FR941206-1-00134 1 81942
shredder FR941206-1-00134 2 81943 81952
metallic FR941206-1-00134 2 81944 81953
nonc FR941206-1-00134 2 81946 81955
plastic FR941206-1-00134 1 81958
rubber FR941206-1-00134 2 81961 82291
natural FR941206-1-00134 11 81964 86076 86081 86087 86091 86131 86154 86171 86180 86218 86264
gas FR941206-1-00134 11 81965 86077 86082 86088 86092 86132 86155 86172 86181 86219 86265
pipeline FR941206-1-00134 7 81966 86078 86083 86093 86133 86173 86182
appurtenances FR941206-1-00134 4 81971 86094 86149 86175
fluorescent FR941206-1-00134 1 81974
light FR941206-1-00134 1 81975
ballasts FR941206-1-00134 1 81976
intact FR941206-1-00134 1 81981
listed FR941206-1-00134 1 81992
above FR941206-1-00134 1 81993
exclusion FR941206-1-00134 1 81996
environment FR941206-1-00134 3 82001 83049 83282
transformer FR941206-1-00134 20 82026 82029 82039 82043 82054 82074 82084 82105 82145 82151 82159 85382 85465 85509 85542 85638 85652 85768 85787 85799
nameplate FR941206-1-00134 2 82050 82110
indicates FR941206-1-00134 1 82051
owner FR941206-1-00134 2 82064 85482
operator FR941206-1-00134 2 82066 85484
reason FR941206-1-00134 2 82069 83590
believe FR941206-1-00134 3 82071 82156 83592
been FR941206-1-00134 4 82088 84839 86189 86273
tested FR941206-1-00134 2 82089 85673
found FR941206-1-00134 2 82091 85675
4 FR941206-1-00134 4 82102 82443 83360 83386
have FR941206-1-00134 6 82108 82316 84017 84883 85351 86188
5 FR941206-1-00134 5 82113 82471 82840 83496 84674
records FR941206-1-00134 3 82115 82130 85534
exist FR941206-1-00134 4 82118 82133 82154 82707
indicate FR941206-1-00134 2 82120 82135
type FR941206-1-00134 2 82122 82454
6 FR941206-1-00134 7 82128 82602 82620 82852 83931 84830 85600
7 FR941206-1-00134 3 82142 82859 84871
untested FR941206-1-00134 1 82148
reasons FR941206-1-00134 1 82153
see FR941206-1-00134 1 82176
761.30 FR941206-1-00134 5 82177 84952 85297 85545 85595
h FR941206-1-00134 6 82183 83840 84582 84852 85253 86033
provisions FR941206-1-00134 5 82186 83474 84149 85752 86059
permitting FR941206-1-00134 1 82187
reclassification FR941206-1-00134 1 82188
allows FR941206-1-00134 1 82211
penetrate FR941206-1-00134 1 82214
into FR941206-1-00134 6 82217 82559 82991 84187 84226 85773
itself FR941206-1-00134 1 82218
painted FR941206-1-00134 2 82224 82275
corroded FR941206-1-00134 1 82229
fibrous FR941206-1-00134 1 82232
wool FR941206-1-00134 1 82236
unglazed FR941206-1-00134 1 82238
glaze FR941206-1-00134 1 82245
sandstone FR941206-1-00134 1 82252
travertine FR941206-1-00134 1 82254
limestone FR941206-1-00134 1 82256
coral FR941206-1-00134 1 82259
rock FR941206-1-00134 1 82260
lowdensity FR941206-1-00134 2 82262 82268
styrofoam FR941206-1-00134 1 82266
polyethylene FR941206-1-00134 1 82269
varnished FR941206-1-00134 1 82273
uncoated FR941206-1-00134 1 82278
wood FR941206-1-00134 1 82279
concrete FR941206-1-00134 1 82281
plaster FR941206-1-00134 1 82285
plasterboard FR941206-1-00134 1 82287
wallboard FR941206-1-00134 1 82289
fiberboard FR941206-1-00134 1 82293
chipboard FR941206-1-00134 1 82295
asphalt FR941206-1-00134 1 82297
tar FR941206-1-00134 1 82300
paper FR941206-1-00134 1 82301
purposes FR941206-1-00134 6 82304 82948 83507 83934 84192 84269
cleaning FR941206-1-00134 1 82306
disposing FR941206-1-00134 1 82308
different FR941206-1-00134 1 82317
rcra FR941206-1-00134 1 82324
resource FR941206-1-00134 1 82327
conservation FR941206-1-00134 1 82328
recovery FR941206-1-00134 1 82330
40 FR941206-1-00134 1 82333
usc FR941206-1-00134 2 82334 82523
6901 FR941206-1-00134 1 82335
et FR941206-1-00134 2 82336 82525
seq FR941206-1-00134 2 82337 82526
areal FR941206-1-00134 1 82347
extent FR941206-1-00134 1 82348
contamination FR941206-1-00134 3 82350 82361 86241
suitable FR941206-1-00134 1 82353
very FR941206-1-00134 1 82356
close FR941206-1-00134 1 82357
proximity FR941206-1-00134 2 82358 84694
necessary FR941206-1-00134 1 82362
implementation FR941206-1-00134 1 82364
regardless FR941206-1-00134 2 82372 84901
whether FR941206-1-00134 2 82374 82406
intended FR941206-1-00134 1 82378
management FR941206-1-00134 5 82380 83117 83638 83837 84383
treatability FR941206-1-00134 2 82385 82487
study FR941206-1-00134 3 82386 82389 82488
subjected FR941206-1-00134 1 82395
determine FR941206-1-00134 1 82401
amenable FR941206-1-00134 1 82410
what FR941206-1-00134 1 82419
pretreatment FR941206-1-00134 1 82420
required FR941206-1-00134 4 82426 82909 84250 85543
optimal FR941206-1-00134 1 82432
conditions FR941206-1-00134 7 82434 82927 83318 83443 83889 84236 84631
needed FR941206-1-00134 1 82435
achieve FR941206-1-00134 1 82437
desired FR941206-1-00134 1 82439
efficiency FR941206-1-00134 1 82446
ie FR941206-1-00134 1 82458
etc FR941206-1-00134 1 82466
characteristics FR941206-1-00134 1 82474
volumes FR941206-1-00134 1 82476
residuals FR941206-1-00134 3 82478 83969 84032
particular FR941206-1-00134 2 82481 86511
mechanism FR941206-1-00134 1 82493
commercially FR941206-1-00134 1 82495
treat FR941206-1-00134 1 82496
tsca FR941206-1-00134 8 82514 82741 83436 84081 84104 84204 84239 85611
toxic FR941206-1-00134 1 82517
substances FR941206-1-00134 1 82518
15 FR941206-1-00134 1 82522
2601 FR941206-1-00134 1 82524
wet FR941206-1-00134 1 82530
basis FR941206-1-00134 7 82532 83140 83251 83586 83661 84349 84406
reporting FR941206-1-00134 1 82534
chemical FR941206-1-00134 7 82535 83116 83225 83637 83751 84382 84496
analysis FR941206-1-00134 1 82536
results FR941206-1-00134 1 82537
dissolved FR941206-1-00134 1 82544
water FR941206-1-00134 4 82545 84824 84832 84927
homogeneous FR941206-1-00134 1 82548
vitrification FR941206-1-00134 1 82552
change FR941206-1-00134 2 82555 82718
make FR941206-1-00134 1 82558
fusion FR941206-1-00134 1 82563
5. FR941206-1-00134 1 82566
761.19 FR941206-1-00134 2 82568 82638
table FR941206-1-00134 1 82571
paragraph FR941206-1-00134 21 82573 82629 83013 83067 83092 83403 83620 84365 84936 84943 84959 85115 85130 85146 85155 85163 85180 85695 85755 86279 86591
b FR941206-1-00134 30 82575 82599 82617 82631 82643 82819 82874 83015 83069 83376 83383 83405 83697 84172 84442 85061 85157 85165 85182 85194 85204 85214 85224 85499 85608 85718 85809 86467 86615 86622
second FR941206-1-00134 1 82580
column FR941206-1-00134 1 82581
changing FR941206-1-00134 1 82584
reference FR941206-1-00134 4 82586 82647 82655 82687
iii FR941206-1-00134 13 82596 83003 83192 84143 84977 84990 85009 85025 85044 85054 85200 85259 86045
read FR941206-1-00134 5 82605 82634 82863 85171 85293
ii FR941206-1-00134 13 82614 82971 83171 83457 83530 83992 84087 84304 84805 85034 85188 85220 86536
revising FR941206-1-00134 6 82624 82812 85127 85162 85235 85263
introductory FR941206-1-00134 2 82626 85140
text FR941206-1-00134 2 82627 85141
follows FR941206-1-00134 5 82636 82865 84956 85295 86136
references FR941206-1-00134 1 82639
incorporation FR941206-1-00134 1 82645
incorporated FR941206-1-00134 4 82653 82704 82733 82780
available FR941206-1-00134 2 82659 82736
inspection FR941206-1-00134 3 82661 82738 85536
office FR941206-1-00134 4 82664 82695 82756 85361
federal FR941206-1-00134 3 82667 82698 82727
register FR941206-1-00134 3 82668 82699 82728
suite FR941206-1-00134 1 82670
700 FR941206-1-00134 1 82671
800 FR941206-1-00134 1 82673
south FR941206-1-00134 1 82674
capital FR941206-1-00134 1 82675
st. FR941206-1-00134 6 82676 82769 83125 83646 84391 85373
nw. FR941206-1-00134 1 82678
washington FR941206-1-00134 6 82680 82773 83129 83650 84395 85376
dc FR941206-1-00134 6 82682 82775 83131 83652 84397 85378
incorporations FR941206-1-00134 1 82685
were FR941206-1-00134 7 82688 83996 84684 84735 84934 85909 85986
director FR941206-1-00134 4 82692 83114 83635 84380
they FR941206-1-00134 2 82706 84109
date FR941206-1-00134 5 82710 85324 85330 85393 85399
approval FR941206-1-00134 10 82712 83433 83440 84084 84107 84115 84207 84242 84248 84742
notice FR941206-1-00134 1 82715
will FR941206-1-00134 10 82722 83037 83285 83339 83598 83856 83910 83943 84598 84652
published FR941206-1-00134 1 82724
copies FR941206-1-00134 2 82730 82777
nonconfidential FR941206-1-00134 1 82742
center FR941206-1-00134 1 82744
7407 FR941206-1-00134 1 82746
rm FR941206-1-00134 1 82749
b607 FR941206-1-00134 1 82751
ne FR941206-1-00134 1 82753
mall FR941206-1-00134 1 82754
prevention FR941206-1-00134 1 82759
toxics FR941206-1-00134 1 82761
protection FR941206-1-00134 3 82764 85358 85414
agency FR941206-1-00134 9 82765 83322 83356 83893 83927 84635 84669 85359 85415
401 FR941206-1-00134 5 82767 83123 83644 84389 85371
sw. FR941206-1-00134 2 82771 85374
20460. FR941206-1-00134 5 82776 83132 83653 84398 85379
obtained FR941206-1-00134 1 82784
american FR941206-1-00134 1 82787
society FR941206-1-00134 1 82788
testing FR941206-1-00134 1 82790
astm FR941206-1-00134 1 82794
1916 FR941206-1-00134 1 82797
race FR941206-1-00134 1 82798
street FR941206-1-00134 1 82799
philadelphia FR941206-1-00134 1 82801
pa FR941206-1-00134 1 82803
19103 FR941206-1-00134 1 82804
6. FR941206-1-00134 1 82807
761.20 FR941206-1-00134 2 82809 82867
heading FR941206-1-00134 1 82815
paragraphs FR941206-1-00134 13 82817 82847 83310 83374 85068 85089 85192 85236 85251 85264 85276 85563 85702
c FR941206-1-00134 15 82823 82830 82837 82849 82856 83718 84052 84463 84993 85028 85038 85238 85557 85722 85843
adding FR941206-1-00134 7 82845 84935 85113 85145 85250 85275 86664
new FR941206-1-00134 2 82846 85114
prohibitions FR941206-1-00134 1 82868
exceptions FR941206-1-00134 1 82870
person FR941206-1-00134 6 82880 82940 83095 83499 83623 84368
manufacture FR941206-1-00134 2 82882 82891
within FR941206-1-00134 1 82886
united FR941206-1-00134 16 82888 82897 82978 82989 82997 83034 83267 83553 83566 83783 83959 83986 84001 84011 84020 84327
states FR941206-1-00134 16 82889 82898 82979 82990 82998 83035 83268 83554 83567 83784 83960 83987 84002 84012 84021 84328
export FR941206-1-00134 11 82894 83501 83536 83670 83702 83794 84310 84336 84415 84447 84540
exemption FR941206-1-00134 2 82901 82906
excluded FR941206-1-00134 1 82915
761.3 FR941206-1-00134 2 82921 85670
provided FR941206-1-00134 5 82923 83464 84728 85668 86184
applicable FR941206-1-00134 4 82926 84747 84761 86065
761.1 FR941206-1-00134 2 82929 84170
f FR941206-1-00134 3 82931 83774 84519
met FR941206-1-00134 1 82934
import FR941206-1-00134 5 82942 83062 83105 83176 83446
i FR941206-1-00134 16 82955 83158 83415 83514 83952 84061 84285 84731 84999 85266 86072 86352 86593 86599 86606 86612
imported FR941206-1-00134 9 82966 82976 83008 83186 83200 83238 83370 83453 83466
territories FR941206-1-00134 1 82980
possessions FR941206-1-00134 1 82982
outside FR941206-1-00134 1 82983
customs FR941206-1-00134 2 82985 82993
territory FR941206-1-00134 2 82986 82994
pursuant FR941206-1-00134 4 83011 85597 86198 86324
determines FR941206-1-00134 1 83025
interests FR941206-1-00134 2 83031 83264
unreasonable FR941206-1-00134 2 83041 83274
risk FR941206-1-00134 2 83042 83275
injury FR941206-1-00134 2 83044 83277
health FR941206-1-00134 2 83046 83279
excepted FR941206-1-00134 1 83057
prohibition FR941206-1-00134 3 83060 83106 83147
imposed FR941206-1-00134 1 83065
's FR941206-1-00134 4 83079 83255 83607 84352
initiative FR941206-1-00134 3 83080 83608 84353
response FR941206-1-00134 3 83083 83611 84356
petition FR941206-1-00134 12 83086 83099 83150 83352 83614 83627 83676 83923 84359 84372 84421 84665
submitted FR941206-1-00134 10 83087 83111 83136 83615 83632 83657 84360 84377 84402 85496
accordance FR941206-1-00134 8 83089 83471 83617 84273 84362 84738 85776 86276
file FR941206-1-00134 3 83097 83625 84370
exception FR941206-1-00134 21 83102 83179 83217 83244 83259 83302 83306 83336 83705 83743 83770 83873 83877 83907 84147 84450 84488 84515 84615 84619 84649
petitions FR941206-1-00134 9 83108 83133 83289 83629 83654 83860 84374 84399 84602
division FR941206-1-00134 3 83118 83639 84384
7404 FR941206-1-00134 3 83120 83641 84386
sw FR941206-1-00134 3 83127 83648 84393
individual FR941206-1-00134 6 83139 83143 83660 83666 84405 84411
each FR941206-1-00134 19 83142 83149 83203 83335 83663 83675 83729 83906 84408 84420 84474 84648 85463 85507 85511 85540 86630 86654 86672
name FR941206-1-00134 4 83160 83686 84431 85471
address FR941206-1-00134 5 83162 83688 84433 85447 85473
telephone FR941206-1-00134 4 83165 83691 84436 85475
number FR941206-1-00134 5 83166 83692 84437 85449 85476
petitioner FR941206-1-00134 10 83168 83254 83297 83342 83694 83868 83913 84439 84610 84655
description FR941206-1-00134 3 83173 83699 84444
requested FR941206-1-00134 9 83180 83214 83243 83706 83740 83769 84451 84485 84514
current FR941206-1-00134 3 83194 83720 84465
locations FR941206-1-00134 3 83195 83721 84466
proposed FR941206-1-00134 6 83204 83301 83730 83872 84475 84614
iv FR941206-1-00134 2 83209 84217
length FR941206-1-00134 3 83211 83737 84482
v FR941206-1-00134 2 83220 84253
amount FR941206-1-00134 3 83222 83748 84493
substance FR941206-1-00134 3 83226 83752 84497
mixture FR941206-1-00134 3 83229 83755 84500
pounds FR941206-1-00134 3 83232 83758 84503
period FR941206-1-00134 3 83245 83771 84516
vi FR941206-1-00134 2 83248 85230
contention FR941206-1-00134 1 83256
would FR941206-1-00134 4 83260 83270 83580 84343
review FR941206-1-00134 3 83286 83857 84599
evaluate FR941206-1-00134 3 83288 83859 84601
request FR941206-1-00134 3 83292 83863 84605
further FR941206-1-00134 4 83293 83864 84606 84863
assess FR941206-1-00134 3 83299 83870 84612
adequately FR941206-1-00134 3 83303 83874 84616
granted FR941206-1-00134 3 83307 83878 84620
terms FR941206-1-00134 3 83316 83887 84629
prescribed FR941206-1-00134 3 83319 83890 84632
reserves FR941206-1-00134 3 83325 83896 84638
right FR941206-1-00134 3 83327 83898 84640
impose FR941206-1-00134 3 83329 83900 84642
duration FR941206-1-00134 3 83333 83904 84646
inform FR941206-1-00134 3 83340 83911 84653
writing FR941206-1-00134 4 83344 83915 84657 85409
its FR941206-1-00134 3 83346 83917 84659
decision FR941206-1-00134 3 83347 83918 84660
denial FR941206-1-00134 3 83349 83920 84662
final FR941206-1-00134 5 83355 83926 84668 85333 85402
returned FR941206-1-00134 2 83399 83983
stored FR941206-1-00134 2 83419 83469
facility FR941206-1-00134 3 83425 83715 84460
storage FR941206-1-00134 6 83430 83448 83490 84044 84072 85346
issued FR941206-1-00134 1 83434
concerning FR941206-1-00134 4 83444 83793 84335 84539
decontaminated FR941206-1-00134 6 83461 84736 84780 84840 86274 86514
761.79 FR941206-1-00134 7 83463 84130 84214 84758 84802 84850 86329
subparts FR941206-1-00134 1 83476
j FR941206-1-00134 2 83479 85270
k FR941206-1-00134 1 83482
exported FR941206-1-00134 8 83525 83712 83726 83764 84299 84457 84471 84509
allow FR941206-1-00134 3 83534 84308 86395
countries FR941206-1-00134 2 83549 84323
international FR941206-1-00134 5 83557 83562 83779 84333 84526
agreement FR941206-1-00134 4 83558 83780 84331 84524
consistent FR941206-1-00134 1 83559
obligations FR941206-1-00134 1 83563
relating FR941206-1-00134 1 83568
transboundary FR941206-1-00134 2 83570 83941
movement FR941206-1-00134 1 83571
their FR941206-1-00134 2 83575 85353
exports FR941206-1-00134 3 83579 83947 84342
casebycase FR941206-1-00134 2 83585 84348
unless FR941206-1-00134 4 83587 84108 84825 85426
question FR941206-1-00134 1 83597
properly FR941206-1-00134 1 83601
managed FR941206-1-00134 1 83602
either FR941206-1-00134 5 83604 86387 86553 86590 86675
generator FR941206-1-00134 2 83664 84409
requesting FR941206-1-00134 2 83667 84412
authority FR941206-1-00134 2 83668 84413
e FR941206-1-00134 5 83746 84491 85246 85602 85956
documentation FR941206-1-00134 2 83776 84521
between FR941206-1-00134 2 83781 84528
government FR941206-1-00134 9 83785 83788 83805 84003 84013 84022 84531 84534 84551
receiving FR941206-1-00134 4 83791 83808 84537 84554
country FR941206-1-00134 5 83792 83809 83965 84538 84555
certification FR941206-1-00134 2 83802 84548
received FR941206-1-00134 3 83815 84561 85385
accurate FR941206-1-00134 2 83816 84562
about FR941206-1-00134 2 83820 84566
consents FR941206-1-00134 2 83824 84570
receive FR941206-1-00134 2 83826 84572
facilities FR941206-1-00134 2 83833 84579
assure FR941206-1-00134 1 83835
proper FR941206-1-00134 1 83836
exporter FR941206-1-00134 2 83845 84587
pcbcontaining FR941206-1-00134 2 83851 84593
subsection FR941206-1-00134 1 83881
shipments FR941206-1-00134 1 83942
considered FR941206-1-00134 1 83946
imports FR941206-1-00134 1 83949
transported FR941206-1-00134 1 83962
another FR941206-1-00134 2 83964 85387
resulting FR941206-1-00134 2 83970 84033
spills FR941206-1-00134 3 83974 84037 84690
transit FR941206-1-00134 2 83979 84048
procured FR941206-1-00134 1 83997
domestically FR941206-1-00134 1 83998
taken FR941206-1-00134 1 84005
overseas FR941206-1-00134 1 84006
remained FR941206-1-00134 1 84018
since FR941206-1-00134 1 84024
procurement FR941206-1-00134 1 84028
* FR941206-1-00134 18 84054 84055 84056 85303 85304 85305 85309 85310 85311 85811 85812 85813 86035 86036 86037 86041 86042 86043
processing FR941206-1-00134 3 84063 84089 84175
activities FR941206-1-00134 2 84064 84090
primarily FR941206-1-00134 2 84067 84093
facilitate FR941206-1-00134 2 84071 84097
transportation FR941206-1-00134 1 84074
require FR941206-1-00134 3 84079 84102 85794
land FR941206-1-00134 1 84100
existing FR941206-1-00134 2 84114 86291
selfimplementing FR941206-1-00134 1 84121
activity FR941206-1-00134 1 84122
761.61 FR941206-1-00134 2 84125 84753
specifically FR941206-1-00134 1 84133
order FR941206-1-00134 1 84164
meet FR941206-1-00134 3 84166 84796 84842
intent FR941206-1-00134 1 84168
diluting FR941206-1-00134 1 84177
blending FR941206-1-00134 1 84180
being FR941206-1-00134 2 84185 86513
introduced FR941206-1-00134 1 84186
unit FR941206-1-00134 3 84190 84230 84245
meeting FR941206-1-00134 1 84194
limit FR941206-1-00134 1 84198
comply FR941206-1-00134 2 84209 85634
rate FR941206-1-00134 2 84220 86496
delivering FR941206-1-00134 1 84222
distributed FR941206-1-00134 4 84265 84722 84856 84913
law FR941206-1-00134 2 84334 84527
because FR941206-1-00134 1 84688
distribution FR941206-1-00134 2 84713 84787
decontamination FR941206-1-00134 4 84748 84774 84798 86313
procedures FR941206-1-00134 4 84751 86390 86557 86579
policies FR941206-1-00134 1 84766
effect FR941206-1-00134 1 84768
previously FR941206-1-00134 1 84779
now FR941206-1-00134 1 84795
established FR941206-1-00134 2 84800 84848
reused FR941206-1-00134 4 84814 84917 86178 86262
association FR941206-1-00134 2 84816 84920
food FR941206-1-00134 2 84818 84922
feed FR941206-1-00134 2 84820 84924
drinking FR941206-1-00134 2 84823 84926
meets FR941206-1-00134 1 84845
restriction FR941206-1-00134 1 84864
free FR941206-1-00134 1 84878
flowing FR941206-1-00134 1 84879
come FR941206-1-00134 1 84884
contact FR941206-1-00134 2 84886 86712
you FR941206-1-00134 2 84930 84933
said FR941206-1-00134 1 84931
8 FR941206-1-00134 3 84938 84945 86401
? FR941206-1-00134 1 84947
7. FR941206-1-00134 1 84950
a. FR941206-1-00134 1 84958
removing FR941206-1-00134 2 84969 85179
redesignating FR941206-1-00134 3 85017 85067 85191
respectively FR941206-1-00134 2 85064 85110
vii FR941206-1-00134 6 85076 85123 85210 85313 85571 85711
xv FR941206-1-00134 1 85086
viii FR941206-1-00134 1 85097
xvi FR941206-1-00134 3 85107 85138 85644
newly FR941206-1-00134 1 85128
designated FR941206-1-00134 1 85129
b. FR941206-1-00134 1 85154
set FR941206-1-00134 1 85173
forth FR941206-1-00134 1 85174
below FR941206-1-00134 1 85175
c. FR941206-1-00134 1 85233
q FR941206-1-00134 1 85278
r FR941206-1-00134 1 85282
s FR941206-1-00134 1 85286
revisions FR941206-1-00134 1 85290
additions FR941206-1-00134 1 85292
authorizations FR941206-1-00134 1 85298
later FR941206-1-00134 2 85319 85417
insert FR941206-1-00134 2 85322 85391
90 FR941206-1-00134 2 85325 85394
days FR941206-1-00134 3 85326 85395 85420
after FR941206-1-00134 11 85327 85389 85396 85421 85820 85853 85883 85912 85963 85989 86269
effective FR941206-1-00134 2 85329 85398
rule FR941206-1-00134 2 85334 85403
owners FR941206-1-00134 2 85337 85617
reuse FR941206-1-00134 2 85348 85590
registered FR941206-1-00134 2 85352 85407
enforcement FR941206-1-00134 1 85363
compliance FR941206-1-00134 2 85365 85774
assurance FR941206-1-00134 1 85366
2245 FR941206-1-00134 1 85368
identified FR941206-1-00134 2 85383 85561
location FR941206-1-00134 3 85388 85445 85512
30 FR941206-1-00134 1 85419
receipt FR941206-1-00134 2 85424 85524
previous FR941206-1-00134 1 85428
written FR941206-1-00134 1 85429
registration FR941206-1-00134 7 85430 85437 85505 85520 85639 85788 85796
can FR941206-1-00134 1 85431
demonstrated FR941206-1-00134 1 85433
kilograms FR941206-1-00134 1 85458
signature FR941206-1-00134 1 85479
representative FR941206-1-00134 1 85489
certifying FR941206-1-00134 1 85490
accuracy FR941206-1-00134 1 85492
copy FR941206-1-00134 1 85517
return FR941206-1-00134 1 85523
signed FR941206-1-00134 1 85525
retained FR941206-1-00134 1 85531
maintenance FR941206-1-00134 1 85538
xii FR941206-1-00134 1 85553
complied FR941206-1-00134 1 85581
continue FR941206-1-00134 1 85584
authorization FR941206-1-00134 1 85586
operators FR941206-1-00134 1 85619
state FR941206-1-00134 3 85637 85786 85792
regulator FR941206-1-00134 2 85656 85772
amd FR941206-1-00134 1 85724
marked FR941206-1-00134 1 85736
known FR941206-1-00134 1 85739
addition FR941206-1-00134 1 85758
efforts FR941206-1-00134 1 85760
initiated FR941206-1-00134 1 85763
immediately FR941206-1-00134 1 85764
bring FR941206-1-00134 1 85766
schedule FR941206-1-00134 1 85780
restrictions FR941206-1-00134 1 85818
railroad FR941206-1-00134 1 85825
1000 FR941206-1-00134 1 85837
prohibited FR941206-1-00134 1 85840
servicing FR941206-1-00134 1 85848
mining FR941206-1-00134 2 85850 85861
only FR941206-1-00134 5 85863 85894 85943 85972 86019
level FR941206-1-00134 8 85867 85898 85917 85931 85976 85994 86008 86160
systems FR941206-1-00134 15 85881 85893 85907 85941 85961 85971 85984 86017 86079 86084 86099 86134 86183 86222 86268
operation FR941206-1-00134 2 85911 85988
pipe FR941206-1-00134 1 86089
compressor FR941206-1-00134 6 86098 86221 86225 86267 86366 86485
compressors FR941206-1-00134 5 86102 86147 86356 86475 86582
piping FR941206-1-00134 5 86104 86227 86358 86477 86584
receiver FR941206-1-00134 2 86106 86229
tanks FR941206-1-00134 6 86107 86230 86237 86546 86564 86626
lines FR941206-1-00134 5 86110 86122 86362 86481 86588
instrumentation FR941206-1-00134 2 86113 86117
operated FR941206-1-00134 1 86118
indefinitely FR941206-1-00134 1 86129
pipelines FR941206-1-00134 1 86156
freeflowing FR941206-1-00134 2 86186 86282
pressurized FR941206-1-00134 2 86234 86543
large FR941206-1-00134 2 86235 86544
g/100 FR941206-1-00134 1 86256
cm FR941206-1-00134 1 86257
drained FR941206-1-00134 2 86286 86662
system FR941206-1-00134 6 86289 86367 86424 86437 86486 86523
drain FR941206-1-00134 5 86292 86297 86405 86517 86532
points FR941206-1-00134 2 86293 86434
plugs FR941206-1-00134 1 86298
blowdowns FR941206-1-00134 1 86300
drips FR941206-1-00134 1 86303
carbon FR941206-1-00134 3 86335 86430 86447
filters FR941206-1-00134 1 86336
nonliquid FR941206-1-00134 1 86342
fill FR941206-1-00134 2 86369 86562
clean FR941206-1-00134 4 86373 86525 86566 86636
kerosene FR941206-1-00134 10 86374 86397 86407 86412 86471 86519 86526 86567 86637 86668
decontaminate FR941206-1-00134 2 86384 86548
sit FR941206-1-00134 1 86399
hours FR941206-1-00134 1 86402
capture FR941206-1-00134 1 86409
residual FR941206-1-00134 1 86411
circulating FR941206-1-00134 1 86414
pressure FR941206-1-00134 3 86419 86461 86684
first FR941206-1-00134 2 86421 86657
throughout FR941206-1-00134 1 86422
finally FR941206-1-00134 1 86427
vented FR941206-1-00134 1 86441
atmosphere FR941206-1-00134 1 86444
integrity FR941206-1-00134 1 86453
withstand FR941206-1-00134 1 86455
three FR941206-1-00134 3 86456 86627 86697
times FR941206-1-00134 4 86457 86497 86505 86628
venting FR941206-1-00134 1 86459
circulate FR941206-1-00134 1 86469
until FR941206-1-00134 1 86487
circulated FR941206-1-00134 1 86493
pump FR941206-1-00134 1 86495
pumping FR941206-1-00134 1 86501
equals FR941206-1-00134 1 86503
ten FR941206-1-00134 1 86504
refill FR941206-1-00134 1 86521
repeat FR941206-1-00134 1 86528
circulation FR941206-1-00134 1 86530
receivers FR941206-1-00134 1 86540
rinse FR941206-1-00134 3 86624 86669 86673
internal FR941206-1-00134 2 86648 86702
tank FR941206-1-00134 2 86652 86706
two FR941206-1-00134 1 86658
rinses FR941206-1-00134 1 86659
before FR941206-1-00134 1 86663
next FR941206-1-00134 1 86666
successive FR941206-1-00134 1 86667
solvent FR941206-1-00134 1 86670
sprayed FR941206-1-00134 1 86681
least FR941206-1-00134 2 86687 86696
psi FR941206-1-00134 1 86689
spray FR941206-1-00134 1 86693
makes FR941206-1-00134 1 86694
passes FR941206-1-00134 1 86698
over FR941206-1-00134 1 86699
entire FR941206-1-00134 1 86701
atmospheric FR941206-1-00134 1 86715
