6.6 FR940810-2-00039 1 925
metric FR940810-2-00039 3 926 933 943
tons FR940810-2-00039 3 927 934 944
of FR940810-2-00039 83 928 969 1058 1087 1161 1163 1188 1208 1229 1271 1283 1295 1357 1389 1476 1601 1685 1728 1765 1800 1986 2018 2087 2101 2217 2239 2248 2258 2308 2359 2410 2418 2457 2490 2508 2673 2826 2867 2884 2900 2907 2921 2956 2982 3127 3144 3159 3190 3200 3262 3282 3343 3347 3382 3393 3402 3416 3428 3491 3494 3578 3634 3740 3828 3850 3928 3970 3991 4069 4113 4124 4185 4225 4292 4303 4387 4434 4444 4453 4508 4590 4825 4856
plutonium FR940810-2-00039 2 929 1444
to FR940810-2-00039 152 930 958 976 993 1007 1021 1026 1042 1053 1070 1077 1104 1120 1136 1146 1166 1200 1217 1250 1281 1312 1328 1331 1366 1403 1435 1446 1453 1493 1502 1535 1540 1583 1639 1718 1779 1797 1814 1829 1850 1896 1899 1913 1921 1925 1932 1955 1962 1995 2038 2071 2076 2143 2198 2211 2230 2272 2289 2296 2320 2333 2338 2346 2353 2384 2429 2432 2505 2533 2549 2574 2592 2612 2620 2687 2706 2723 2743 2794 2816 2853 2861 2931 2941 2958 2976 3010 3057 3071 3076 3123 3146 3155 3182 3204 3208 3258 3277 3286 3326 3351 3356 3457 3475 3477 3507 3518 3522 3629 3632 3649 3659 3730 3753 3761 3894 3921 3923 3954 3996 4040 4105 4158 4176 4199 4241 4247 4258 4290 4301 4306 4346 4375 4397 4474 4546 4576 4595 4597 4630 4640 4662 4681 4712 4724 4740 4750 4767 4774 4789 4812 4816
about FR940810-2-00039 5 931 941 3807 3825 3847
25 FR940810-2-00039 1 932
( FR940810-2-00039 13 935 1239 1309 1668 1906 1939 2161 3129 3768 4167 4574 4617 4667
lanl FR940810-2-00039 31 936 999 1080 1117 1171 1323 1454 1841 2088 2419 2467 2942 3002 3137 3167 3183 3186 3321 3517 3604 3997 4055 4106 4206 4255 4629 4651 4658 4752 4826 4882
's FR940810-2-00039 7 937 1172 1204 1455 2203 2420 4264
current FR940810-2-00039 4 938 1097 2901 4209
inventory FR940810-2-00039 2 939 1697
is FR940810-2-00039 55 940 1091 1258 1348 1363 1376 1467 1554 1592 1715 1770 1775 1977 1992 2006 2128 2169 2331 2367 2447 2468 2475 2517 2523 2538 2736 2769 2988 3032 3055 3249 3310 3315 3362 3646 3678 3686 3698 3750 3782 3879 3909 3979 4029 4091 4315 4343 4421 4484 4519 4582 4593 4635 4797 4804
2.6 FR940810-2-00039 1 942
) FR940810-2-00039 13 945 1246 1311 1672 1909 1941 2163 3133 3770 4171 4579 4619 4669
, FR940810-2-00039 167 946 980 1044 1068 1074 1083 1089 1114 1156 1234 1237 1289 1344 1382 1410 1415 1431 1463 1489 1510 1515 1531 1543 1577 1588 1615 1626 1647 1652 1664 1675 1680 1687 1738 1748 1768 1784 1831 1833 1843 1889 1892 1944 1966 1973 2012 2045 2050 2064 2067 2149 2171 2184 2311 2316 2324 2365 2370 2375 2395 2398 2407 2436 2440 2498 2499 2536 2578 2581 2586 2608 2622 2674 2717 2728 2774 2790 2799 2822 2849 2910 2912 2934 2971 2993 3016 3045 3088 3093 3118 3169 3203 3212 3225 3231 3247 3317 3334 3373 3454 3509 3511 3538 3540 3545 3637 3651 3653 3676 3706 3711 3726 3746 3771 3779 3820 3822 3840 3842 3866 3871 3874 3907 3965 4089 4095 4134 4138 4148 4152 4156 4161 4164 4191 4283 4285 4320 4329 4350 4363 4365 4368 4381 4401 4405 4448 4466 4469 4499 4502 4524 4555 4560 4568 4570 4581 4587 4689 4698 4717 4742 4765 4771 4802 4831 4839 4840
with FR940810-2-00039 21 947 1423 1504 1523 1641 1660 2058 2156 2291 2689 2695 2841 2945 2967 3109 3448 3459 3668 4269 4366 4390
a FR940810-2-00039 57 948 1102 1149 1272 1349 1358 1401 1468 1500 1537 1541 1549 1568 1579 1593 1602 1637 1686 1704 1836 1846 1871 1978 1987 2036 2099 2108 2129 2141 2145 2178 2206 2232 2274 2363 2374 2563 2583 2588 2795 2857 2877 2905 2954 3060 3175 3188 3260 3514 3535 3553 3699 4367 4371 4485 4544 4585
corresponding FR940810-2-00039 1 949
increase FR940810-2-00039 6 950 1054 1105 1201 4430 4490
in FR940810-2-00039 52 951 1005 1013 1196 1268 1393 1496 1622 1806 1880 1942 1970 2215 2261 2336 2393 2427 2512 2558 2635 2754 2803 2833 2929 3059 3241 3245 3332 3479 3486 3572 3680 3892 3919 4003 4033 4072 4119 4174 4256 4333 4370 4467 4500 4539 4601 4694 4710 4784 4787 4844 4850
heat FR940810-2-00039 5 952 974 4565 4591 4814
removal FR940810-2-00039 3 953 1700 1764
capability FR940810-2-00039 5 954 1012 1057 2361 2381
from FR940810-2-00039 6 955 2205 2925 3671 3757 3855
20 FR940810-2-00039 3 956 2357 2464
kilowatts FR940810-2-00039 2 957 960
75 FR940810-2-00039 1 959
. FR940810-2-00039 156 961 1000 1035 1062 1100 1140 1191 1215 1226 1247 1274 1299 1322 1361 1372 1400 1418 1425 1433 1479 1499 1518 1525 1533 1551 1567 1605 1636 1655 1662 1682 1695 1712 1723 1773 1801 1823 1827 1875 1882 1894 1915 1947 1990 2001 2035 2053 2060 2069 2089 2113 2126 2138 2164 2224 2251 2263 2285 2306 2318 2341 2387 2415 2445 2466 2495 2526 2553 2561 2596 2610 2639 2667 2711 2752 2765 2782 2810 2836 2843 2851 2871 2889 2915 2951 2985 3009 3034 3052 3074 3096 3113 3120 3138 3195 3222 3244 3270 3292 3304 3331 3365 3387 3411 3435 3452 3484 3500 3505 3530 3561 3569 3622 3644 3684 3696 3714 3736 3748 3790 3803 3876 3891 3945 3975 4006 4054 4075 4107 4144 4173 4237 4274 4311 4336 4341 4379 4417 4424 4464 4497 4513 4543 4563 4580 4600 4625 4637 4675 4714 4733 4759 4793 4820 4847 4900
the FR940810-2-00039 234 962 983 990 1001 1014 1017 1023 1028 1032 1037 1055 1059 1106 1112 1141 1183 1189 1198 1202 1253 1269 1275 1284 1300 1314 1334 1367 1374 1380 1387 1390 1394 1443 1481 1487 1552 1607 1613 1616 1623 1628 1713 1729 1735 1740 1758 1763 1807 1809 1852 1926 1934 1948 1957 1996 2003 2010 2016 2024 2028 2090 2157 2166 2174 2187 2201 2225 2259 2280 2294 2298 2302 2342 2394 2401 2411 2454 2462 2483 2496 2513 2520 2534 2559 2640 2661 2677 2681 2696 2699 2708 2712 2725 2731 2763 2772 2775 2783 2812 2823 2834 2872 2890 2919 2926 2935 2968 3006 3029 3036 3046 3053 3139 3172 3196 3201 3209 3218 3229 3238 3242 3263 3266 3271 3275 3283 3293 3306 3313 3318 3328 3341 3344 3348 3353 3360 3367 3374 3380 3390 3403 3412 3429 3460 3464 3471 3480 3487 3489 3492 3531 3718 3724 3762 3774 3791 3856 3877 3880 3895 3917 3926 3932 3976 3989 4004 4007 4030 4042 4073 4082 4087 4102 4110 4114 4120 4125 4177 4186 4208 4223 4260 4270 4275 4293 4304 4308 4313 4318 4321 4334 4354 4376 4385 4391 4395 4406 4415 4418 4425 4431 4435 4442 4451 4472 4476 4505 4509 4516 4522 4525 4540 4550 4608 4612 4626 4632 4638 4653 4672 4676 4691 4695 4704 4718 4726 4730 4735 4755 4777 4785 4795 4800 4845
proposed FR940810-2-00039 10 963 1248 1629 1683 2682 3121 4182 4294 4426 4517
upgrades FR940810-2-00039 4 964 1369 1998 2197
would FR940810-2-00039 64 965 1064 1134 1158 1224 1261 1277 1291 1302 1353 1397 1407 1472 1507 1574 1597 1620 1644 1731 1788 1795 1862 1982 2020 2031 2042 2270 2378 2404 2424 2501 2643 2649 2800 2830 2874 2892 2917 2995 3003 3085 3142 3152 3273 3376 3422 3533 3692 3703 3728 3796 4100 4116 4280 4429 4470 4489 4503 4528 4537 4552 4721 4761 4781
also FR940810-2-00039 2 966 2368
allow FR940810-2-00039 5 967 1008 2502 3352 4682
storage FR940810-2-00039 14 968 997 1011 1056 1138 1152 1211 2606 2788 3739 3952 4094 4129 4219
material FR940810-2-00039 14 970 996 1082 1088 1164 3742 3756 3775 3944 3978 4010 4071 4083 4103
that FR940810-2-00039 25 971 1133 1252 1333 1352 1471 1596 1794 1981 2249 2377 2477 2515 2540 3014 3072 3184 3251 3688 3702 3777 4093 4410 4592 4806
generates FR940810-2-00039 1 972
more FR940810-2-00039 4 973 1081 3694 4642
due FR940810-2-00039 2 975 3953
radioactive FR940810-2-00039 11 977 1456 1907 2312 2326 3130 3669 4137 4163 4168 4356
decay FR940810-2-00039 1 978
dp FR940810-2-00039 9 979 1343 1462 1587 1745 3581 3674 3931 4859
discussion FR940810-2-00039 14 981 1345 1464 1589 1749 1844 1974 2185 2399 2729 2972 3170 3546 4481
: FR940810-2-00039 45 982 1194 1346 1421 1465 1521 1590 1658 1750 1804 1845 1878 1975 2056 2186 2254 2400 2556 2730 2839 2973 3099 3171 3438 3547 3564 3574 3576 3582 3588 3593 3599 3605 3612 3619 4482 4852 4854 4860 4866 4871 4877 4883 4890 4897
1986 FR940810-2-00039 2 984 1024
ea FR940810-2-00039 16 985 1025 1424 1524 1661 2059 2842 3461 3473 3587 4578 4606 4655 4697 4720 4865
analyzed FR940810-2-00039 3 986 2832 4656
constructing FR940810-2-00039 2 987 2876
and FR940810-2-00039 88 988 1116 1125 1153 1186 1212 1221 1260 1341 1562 1578 1666 1698 1708 1785 1834 1855 1870 2023 2080 2096 2110 2120 2173 2195 2208 2221 2293 2441 2473 2493 2601 2605 2614 2624 2627 2654 2742 2757 2787 2855 2880 2882 2913 3001 3080 3125 3131 3151 3177 3280 3320 3395 3407 3418 3469 3496 3512 3528 3541 3654 3738 3772 3846 3981 4023 4050 4061 4065 4080 4130 4139 4165 4169 4214 4218 4286 4299 4457 4493 4532 4548 4572 4611 4699 4706 4832 4837
operating FR940810-2-00039 3 989 4423 4432
existing FR940810-2-00039 19 991 1060 1219 1384 1438 1624 2013 2074 2323 2541 2886 4349 4377 4419 4436 4477 4510 4526 4541
vault FR940810-2-00039 5 992 1015 1061 1190 1203
consolidate FR940810-2-00039 1 994
nuclear FR940810-2-00039 13 995 1150 1209 1255 1306 1336 1391 3741 3755 3812 3898 3929 4127
at FR940810-2-00039 33 998 1079 1287 1370 1460 1840 1999 2084 2450 2582 3104 3136 3166 3443 3516 3776 3816 3835 3860 3916 3973 3984 4202 4205 4234 4251 4254 4353 4360 4628 4650 4660 4703
proposal FR940810-2-00039 20 1002 1199 1434 1534 1828 1895 2070 2319 2344 2403 2500 2611 2713 2852 3506 4221 4389 4396 4411 4677
was FR940810-2-00039 8 1003 1020 1762 2345 2815 3039 3982 4622
revised FR940810-2-00039 6 1004 1038 4680 4723 4731 4736
1993 FR940810-2-00039 3 1006 3333 3896
for FR940810-2-00039 40 1009 1031 1316 1556 1563 1820 2026 2180 2301 2382 2503 2569 2675 2680 2738 3198 3216 3379 3463 3525 3558 3743 3784 3942 4020 4046 4231 4262 4394 4409 4455 4607 4644 4671 4683 4686 4729 4754 4828 4835
increased FR940810-2-00039 3 1010 1033 1137
; FR940810-2-00039 31 1016 1176 1961 2236 2362 2482 2659 2698 3022 3065 3580 3586 3591 3597 3603 3610 3617 3824 3845 3960 3988 4026 4403 4620 4858 4864 4869 4875 4881 4888 4895
nepa FR940810-2-00039 19 1018 1029 1039 1706 2590 2662 2700 2813 3030 3111 3294 3345 3450 3626 3801 4392 4407 4727 4737
determination FR940810-2-00039 3 1019 2814 4408
revise FR940810-2-00039 1 1022
provide FR940810-2-00039 9 1027 1922 2354 2379 2405 3187 3274 3950 4725
review FR940810-2-00039 16 1030 1040 1707 2591 2663 2701 3031 3112 3295 3346 3451 3462 3802 4393 4728 4738
capacity FR940810-2-00039 11 1034 1107 1139 1187 1205 1858 2335 2423 2511 2572 3276
if FR940810-2-00039 25 1036 1067 1101 1170 1373 1480 1606 2002 2165 2527 2562 2766 2986 3035 3305 3715 3961 3998 4076 4312 4514 4715 4734 4764 4794
were FR940810-2-00039 6 1041 1108 1483 1609 1701 4739
proceed FR940810-2-00039 11 1043 1422 1503 1522 1640 1659 2057 2840 3458 3630 4741
doe FR940810-2-00039 44 1045 1075 1115 2139 2172 2264 2286 2579 2668 2745 2802 2952 2974 2994 3100 3319 3335 3439 3455 3548 3575 3583 3594 3645 3727 3749 3759 3804 3883 3908 3933 4145 4192 4238 4263 4342 4382 4603 4743 4772 4807 4853 4861 4872
could FR940810-2-00039 15 1046 1118 1129 1179 1491 1632 2243 2480 2760 2778 3025 3048 3068 4325 4744
make FR940810-2-00039 6 1047 3470 4041 4067 4101 4745
an FR940810-2-00039 20 1048 1325 1437 2073 2212 2245 2322 2349 2355 2670 2885 2938 3656 3681 3689 3732 4015 4057 4348 4605
early FR940810-2-00039 2 1049 4746
decision FR940810-2-00039 11 1050 1103 1402 1501 1638 1654 1847 1927 2037 3481 4545
on FR940810-2-00039 14 1051 1168 1182 1304 1559 1848 1864 1928 2933 3340 3717 3959 4078 4748
whether FR940810-2-00039 4 1052 1929 2268 4749
this FR940810-2-00039 32 1063 1347 1405 1466 1505 1591 1642 1751 1786 1916 1964 1976 2040 2451 2767 3066 3105 3110 3290 3444 3449 3559 3697 3943 4027 4034 4070 4388 4465 4483 4498 4760
be FR940810-2-00039 59 1065 1144 1167 1303 1412 1494 1512 1575 1634 1649 1732 1798 1919 2033 2047 2228 2244 2425 2460 2546 2567 2633 2644 2650 2703 2780 2831 3020 3050 3069 3090 3205 3233 3256 3287 3297 3324 3357 3377 3400 3423 3666 3693 3708 3797 3968 4001 4117 4281 4327 4530 4557 4648 4679 4722 4762 4782 4810 4842
necessary FR940810-2-00039 2 1066 4763
prior FR940810-2-00039 10 1069 2532 2548 2573 2705 3207 3631 4289 4300 4766
completing FR940810-2-00039 8 1071 2027 2550 2575 2676 2755 3217 4768
sitewide FR940810-2-00039 20 1072 1177 1416 1516 1653 1865 2051 2484 2521 2551 2576 3043 3061 3094 3613 3712 4126 4561 4769 4891
decisions FR940810-2-00039 18 1073 1178 1181 1417 1517 1866 2052 2552 2577 3044 3095 3713 3716 4077 4108 4562 4747 4770
needed FR940810-2-00039 7 1076 1952 2426 2518 2737 3783 4773
store FR940810-2-00039 2 1078 3773
or FR940810-2-00039 10 1084 1094 1265 1930 3555 3787 3793 4097 4153 4331
different FR940810-2-00039 1 1085
types FR940810-2-00039 1 1086
than FR940810-2-00039 2 1090 3425
now FR940810-2-00039 3 1092 1546 3957
onsite FR940810-2-00039 5 1093 2739 3657 3690 4249
anticipated FR940810-2-00039 3 1095 1165 2332
under FR940810-2-00039 12 1096 1231 1319 1703 1734 1744 1901 2150 2961 3237 3363 3366
mission FR940810-2-00039 10 1098 1174 1327 2204 4610 4634 4674 4732 4791 4818
workloads FR940810-2-00039 1 1099
deferred FR940810-2-00039 12 1109 1377 1484 1610 2007 2770 3040 3721 4085 4316 4520 4798
until FR940810-2-00039 16 1110 1378 1485 1611 2008 2771 3028 3041 3312 3566 3722 3780 4086 4317 4521 4799
after FR940810-2-00039 9 1111 1379 1486 1612 1691 2009 3042 3567 3723
sweis FR940810-2-00039 33 1113 1142 1197 1381 1488 1614 1808 1881 2011 2226 2262 2535 2560 2773 2835 2983 3054 3314 3361 3404 3488 3568 3611 3635 3725 4088 4121 4305 4319 4523 4801 4846 4889
continue FR940810-2-00039 9 1119 1225 1492 1621 2271 2288 3729 3922 4538
work FR940810-2-00039 15 1121 1132 1216 2269 2290 3018 3038 3075 3165 3221 4627 4670 4685 4758 4780
towards FR940810-2-00039 1 1122
correcting FR940810-2-00039 1 1123
design FR940810-2-00039 9 1124 1220 2679 2710 2756 3017 3024 3037 3308
construction FR940810-2-00039 11 1126 1222 1294 1356 1475 1600 1985 2759 2960 2987 3012
deficiencies FR940810-2-00039 2 1127 1223
but FR940810-2-00039 4 1128 1290 1627 1739
not FR940810-2-00039 37 1130 1262 1292 1354 1364 1408 1473 1508 1598 1633 1645 1754 1931 1983 1993 2032 2043 2448 2632 2779 2792 2989 2996 3004 3026 3049 3086 3323 3550 3704 3962 4326 4413 4422 4529 4553 4809
undertake FR940810-2-00039 1 1131
lead FR940810-2-00039 1 1135
will FR940810-2-00039 13 1143 1918 2176 2227 2287 2486 3213 3232 3255 3322 3399 3967 4841
used FR940810-2-00039 10 1145 1547 1555 1920 2229 3571 4013 4332 4583 4849
help FR940810-2-00039 4 1147 1815 2487 2744
develop FR940810-2-00039 4 1148 2177 2231 2488
materials FR940810-2-00039 6 1151 1210 1317 1557 3670 4128
handling FR940810-2-00039 5 1154 1213 2422 4131 4838
strategy FR940810-2-00039 10 1155 1214 1874 2235 2250 3064 3073 3410 4132 4834
which FR940810-2-00039 7 1157 1769 2330 2630 3663 4036 4488
include FR940810-2-00039 9 1159 1195 1805 1879 2255 2557 2875 3485 4414
projections FR940810-2-00039 2 1160 2489
amounts FR940810-2-00039 2 1162 2866
site FR940810-2-00039 7 1169 2315 2478 2806 3219 3267 4479
weapons FR940810-2-00039 8 1173 1256 1307 1330 1337 1392 1526 1560
changed FR940810-2-00039 1 1175
influence FR940810-2-00039 8 1180 1409 1509 1646 2044 3087 3705 4554
future FR940810-2-00039 5 1184 1724 1821 4074 4822
use FR940810-2-00039 10 1185 2072 2930 3519 3731 4068 4112 4224 4242 4751
initial FR940810-2-00039 14 1192 1419 1519 1656 1802 1876 2054 2252 2554 2671 2837 3097 3436 3562
recommendation FR940810-2-00039 17 1193 1420 1520 1657 1803 1877 2055 2253 2267 2555 2838 3098 3103 3437 3442 3563 3902
as FR940810-2-00039 10 1206 1548 2107 2277 2371 2373 4014 4122 4183 4584
part FR940810-2-00039 4 1207 3401 4123 4184
correct FR940810-2-00039 1 1218
safety FR940810-2-00039 6 1227 1388 1760 2194 3900 4062
testing FR940810-2-00039 2 1228 1618
pits FR940810-2-00039 2 1230 1310
thermal FR940810-2-00039 1 1232
stress FR940810-2-00039 1 1233
cmr FR940810-2-00039 6 1235 1288 1371 1890 2000 4569
building FR940810-2-00039 11 1236 1430 1441 1673 1690 1714 1730 1792 1891 4373 4709
ta3 FR940810-2-00039 3 1238 1893 4571
formerly FR940810-2-00039 1 1240
fire FR940810-2-00039 3 1241 1273 1320
resistant FR940810-2-00039 1 1242
pit FR940810-2-00039 1 1243
test FR940810-2-00039 10 1244 1375 1406 1528 1538 1887 1917 1949 2004 2041
program FR940810-2-00039 7 1245 1737 1888 2005 3291 3640 4064
experiments FR940810-2-00039 7 1249 3766 3786 3792 3887 4053 4060
ensure FR940810-2-00039 2 1251 1332
enduring FR940810-2-00039 3 1254 1335 1395
stockpile FR940810-2-00039 3 1257 1338 1396
safe FR940810-2-00039 2 1259 1340
cause FR940810-2-00039 1 1263
environmental FR940810-2-00039 20 1264 2078 2136 2158 2196 2434 3163 3368 3383 3405 3465 3589 3595 3600 3614 4271 4867 4873 4878 4892
health FR940810-2-00039 2 1266 3862
problems FR940810-2-00039 1 1267
event FR940810-2-00039 2 1270 2514
project FR940810-2-00039 19 1276 1351 1470 1482 1595 1608 1980 2768 2873 2891 3141 3350 3354 3560 3701 4314 4487 4639 4796
require FR940810-2-00039 7 1278 1293 1355 1474 1599 1984 4194
minor FR940810-2-00039 1 1279
modifications FR940810-2-00039 1 1280
one FR940810-2-00039 3 1282 3426 4032
hot FR940810-2-00039 1 1285
cells FR940810-2-00039 2 1286 3150
any FR940810-2-00039 3 1296 3939 4821
new FR940810-2-00039 12 1297 1359 1477 1569 1603 1824 1837 1853 1945 1988 3843 4372
facilities FR940810-2-00039 13 1298 1478 1869 2619 2642 2820 3899 3905 4236 4659 4702 4753 4827
tests FR940810-2-00039 5 1301 1558 1566 1898 1967
disarmed FR940810-2-00039 1 1305
devices FR940810-2-00039 1 1308
determine FR940810-2-00039 6 1313 1719 1816 1900 2297 4775
potential FR940810-2-00039 3 1315 1817 3391
failure FR940810-2-00039 1 1318
conditions FR940810-2-00039 4 1321 1903 3239 4049
has FR940810-2-00039 14 1324 1753 2092 2097 2140 2191 2664 2669 2953 3549 3806 4011 4037 4056
ongoing FR940810-2-00039 4 1326 3672 4058 4636
evaluate FR940810-2-00039 1 1329
remains FR940810-2-00039 2 1339 1743
reliable FR940810-2-00039 2 1342 4588
smallscale FR940810-2-00039 7 1350 1469 1594 1979 2716 3700 4486
facility FR940810-2-00039 43 1360 1445 1529 1604 1741 1752 1989 2112 2153 2202 2210 2214 2282 2600 2607 2686 2692 2735 2789 2848 2860 2888 2964 3067 3117 3122 3272 3375 3504 3515 3532 3658 3683 3691 3767 3778 3884 4190 4213 4220 4266 4298 4378
it FR940810-2-00039 15 1362 1859 1991 2446 2474 2516 2537 2916 3248 3685 3781 3966 3999 4090 4803
connected FR940810-2-00039 3 1365 1994 2645
infrastructure FR940810-2-00039 3 1368 1997 3906
some FR940810-2-00039 3 1383 2416 3082
uncertainties FR940810-2-00039 2 1385 2014
regarding FR940810-2-00039 8 1386 1867 2015 2749 3107 3446 3903 4109
remain FR940810-2-00039 2 1398 2021
unresolved FR940810-2-00039 2 1399 2022
conduct FR940810-2-00039 4 1404 1897 2039 2273
nor FR940810-2-00039 7 1411 1511 1648 2046 3089 3707 4556
influenced FR940810-2-00039 7 1413 1513 1650 2048 3091 3709 4558
by FR940810-2-00039 20 1414 1514 1651 1953 2049 2148 2279 2348 2896 2991 3013 3092 3162 3228 3289 3710 3799 3971 4440 4559
transuranic FR940810-2-00039 2 1426 1449
waste FR940810-2-00039 69 1427 1450 1457 1490 1818 1872 1886 1935 2082 2115 2123 2223 2233 2242 2313 2327 2412 2421 2444 2458 2470 2491 2542 2598 2603 2617 2684 2726 2733 2740 2751 2785 2807 2827 2870 3062 3079 3115 3134 3148 3160 3179 3192 3284 3385 3398 3408 3421 3433 3467 4141 4172 4188 4201 4211 4216 4233 4250 4296 4338 4351 4357 4437 4445 4454 4462 4478 4495 4534
drum FR940810-2-00039 1 1428
staging FR940810-2-00039 1 1429
ta55 FR940810-2-00039 4 1432 4573 4661 4713
convert FR940810-2-00039 1 1436
1000 FR940810-2-00039 1 1439
squarefoot FR940810-2-00039 1 1440
within FR940810-2-00039 2 1442 2135
temporarily FR940810-2-00039 1 1447
stage FR940810-2-00039 2 1448 2623
pending FR940810-2-00039 1 1451
transportation FR940810-2-00039 1 1452
management FR940810-2-00039 14 1458 1746 1873 2234 2328 2618 2741 2808 3063 3193 3409 3596 4358 4874
area FR940810-2-00039 16 1459 1545 2309 2329 2366 2376 2396 2414 3621 4359 4361 4399 4439 4512 4542 4899
ta54 FR940810-2-00039 5 1461 2317 4340 4364 4402
stored FR940810-2-00039 1 1495
laboratory FR940810-2-00039 6 1497 1679 3609 3839 3870 4887
space FR940810-2-00039 4 1498 1625 3543 4673
modification FR940810-2-00039 2 1506 1643
components FR940810-2-00039 2 1527 1561
relocation FR940810-2-00039 1 1530
ta16 FR940810-2-00039 2 1532 2850
relocate FR940810-2-00039 1 1536
shop FR940810-2-00039 2 1539 1553
nearby FR940810-2-00039 1 1542
-foot FR940810-2-00039 1 1544
warehouse FR940810-2-00039 1 1550
nons FR940810-2-00039 1 1564
structural FR940810-2-00039 1 1565
hydraulic FR940810-2-00039 3 1570 1585 1630
loadtest FR940810-2-00039 1 1571
machine FR940810-2-00039 1 1572
press FR940810-2-00039 2 1573 1631
installed FR940810-2-00039 2 1576 1635
small FR940810-2-00039 1 1580
addition FR940810-2-00039 4 1581 3246 4175 4711
built FR940810-2-00039 1 1582
house FR940810-2-00039 2 1584 3534
pumps FR940810-2-00039 1 1586
same FR940810-2-00039 1 1617
operations FR940810-2-00039 4 1619 2066 2829 3956
decontaminate FR940810-2-00039 1 1663
decommission FR940810-2-00039 1 1665
demolish FR940810-2-00039 1 1667
dd FR940810-2-00039 4 1669 1725 1781 1811
& FR940810-2-00039 5 1670 1726 1782 1812 2438
d FR940810-2-00039 6 1671 1727 1783 1813 2437 2439
86 FR940810-2-00039 1 1674
high FR940810-2-00039 3 1676 2844 2868
pressure FR940810-2-00039 1 1677
tritium FR940810-2-00039 3 1678 1696 1721
ta33 FR940810-2-00039 1 1681
demolition FR940810-2-00039 2 1684 2883
-old FR940810-2-00039 1 1688
tritiumcontaminated FR940810-2-00039 3 1689 1693 1766
removing FR940810-2-00039 1 1692
equipment FR940810-2-00039 3 1694 1699 1767
covered FR940810-2-00039 2 1702 3798
separate FR940810-2-00039 3 1705 2589 3800
are FR940810-2-00039 7 1709 1951 2389 3302 3720 3888 4084
currently FR940810-2-00039 6 1710 1742 2928 3370 3675 3805
underway FR940810-2-00039 1 1711
being FR940810-2-00039 4 1716 1771 2524 3371
monitored FR940810-2-00039 1 1717
residual FR940810-2-00039 1 1720
levels FR940810-2-00039 1 1722
done FR940810-2-00039 3 1733 3679 4783
em FR940810-2-00039 11 1736 1972 2183 2397 2727 2970 3168 3592 4207 4480 4870
dp/em FR940810-2-00039 2 1747 1842
operated FR940810-2-00039 3 1755 2098 4288
since FR940810-2-00039 1 1756
1991. FR940810-2-00039 1 1757
immediate FR940810-2-00039 2 1759 1777
hazard FR940810-2-00039 1 1761
accomplished FR940810-2-00039 2 1772 4002
there FR940810-2-00039 2 1774 2388
no FR940810-2-00039 8 1776 2266 2390 2528 3102 3441 3936 3948
need FR940810-2-00039 5 1778 2565 3941 4240 4473
perform FR940810-2-00039 1 1780
action FR940810-2-00039 1 1787
produce FR940810-2-00039 2 1789 3523
potentially FR940810-2-00039 2 1790 3665
contaminated FR940810-2-00039 2 1791 3667
rubble FR940810-2-00039 1 1793
have FR940810-2-00039 3 1796 1861 3938
disposed FR940810-2-00039 2 1799 3969
remaining FR940810-2-00039 2 1810 3882
volumes FR940810-2-00039 3 1819 2456 3434
disposal FR940810-2-00039 19 1822 2314 2360 2380 2413 2510 2543 2571 2637 2828 3116 3149 3381 3392 3493 4438 4456 4511 4535
sanitary FR940810-2-00039 2 1825 1838
landfill FR940810-2-00039 3 1826 1839 1854
locate FR940810-2-00039 4 1830 1851 3508 3650
construct FR940810-2-00039 5 1832 2613 2854 3510 3652
operate FR940810-2-00039 7 1835 1933 2615 2856 3513 3655 4549
where FR940810-2-00039 3 1849 3885 4776
how FR940810-2-00039 2 1856 1904
much FR940810-2-00039 1 1857
should FR940810-2-00039 1 1860
depend FR940810-2-00039 1 1863
other FR940810-2-00039 6 1868 2442 2658 4051 4645 4687
actinide FR940810-2-00039 1 1883
source FR940810-2-00039 4 1884 4019 4566 4589
term FR940810-2-00039 1 1885
controlled FR940810-2-00039 4 1902 2061 2188 2303
actinides FR940810-2-00039 1 1905
elements FR940810-2-00039 1 1908
behave FR940810-2-00039 1 1910
when FR940810-2-00039 1 1911
exposed FR940810-2-00039 1 1912
brine FR940810-2-00039 1 1914
information FR940810-2-00039 1 1923
important FR940810-2-00039 4 1924 2246 3070 4016
isolation FR940810-2-00039 1 1936
pilot FR940810-2-00039 1 1937
plant FR940810-2-00039 2 1938 3819
wipp FR940810-2-00039 3 1940 1958 2019
carlsbad FR940810-2-00039 1 1943
mexico FR940810-2-00039 2 1946 3844
results FR940810-2-00039 1 1950
12/95 FR940810-2-00039 1 1954
complete FR940810-2-00039 2 1956 2144
performance FR940810-2-00039 3 1959 2017 2029
assessment FR940810-2-00039 5 1960 2030 3369 3590 4868
meet FR940810-2-00039 9 1963 2746 2997 3005 3327 4259 4307 4790 4817
schedule FR940810-2-00039 5 1965 2025 3047 4261 4310
must FR940810-2-00039 4 1968 2702 3019 3296
begin FR940810-2-00039 1 1969
1994 FR940810-2-00039 1 1971
met FR940810-2-00039 4 2034 2781 3051 3358
air FR940810-2-00039 3 2062 2189 2304
incinerator FR940810-2-00039 6 2063 2075 2091 2190 2260 2305
expanded FR940810-2-00039 1 2065
ta50 FR940810-2-00039 1 2068
treat FR940810-2-00039 9 2077 2625 2724 2862 3124 3279 4159 4200 4248
restoration FR940810-2-00039 6 2079 2435 3164 3384 3406 3466
operational FR940810-2-00039 8 2081 2213 2241 2443 3396 3419 3497 4491
generated FR940810-2-00039 4 2083 3135 3161 3288
various FR940810-2-00039 4 2085 3758 4203 4252
areas FR940810-2-00039 3 2086 2544 2638
previously FR940810-2-00039 1 2093
been FR940810-2-00039 4 2094 2665 4012 4038
permitted FR940810-2-00039 1 2095
total FR940810-2-00039 3 2100 3413 3431
2607 FR940810-2-00039 1 2102
hours FR940810-2-00039 1 2103
over FR940810-2-00039 2 2104 2461
15 FR940810-2-00039 1 2105
years FR940810-2-00039 7 2106 2340 2358 2386 2431 2465 2507
research FR940810-2-00039 5 2109 2207 3527 3864 4708
development FR940810-2-00039 2 2111 2209
incinerating FR940810-2-00039 2 2114 2240
destroys FR940810-2-00039 1 2116
toxic FR940810-2-00039 1 2117
organic FR940810-2-00039 1 2118
constituents FR940810-2-00039 1 2119
generally FR940810-2-00039 1 2121
reduces FR940810-2-00039 1 2122
volume FR940810-2-00039 5 2124 2492 3415 4452 4496
dramatically FR940810-2-00039 1 2125
incineration FR940810-2-00039 1 2127
recommended FR940810-2-00039 2 2130 3628
best FR940810-2-00039 1 2131
demonstrated FR940810-2-00039 1 2132
available FR940810-2-00039 2 2133 3474
technology FR940810-2-00039 2 2134 3521
statutes FR940810-2-00039 1 2137
milestone FR940810-2-00039 6 2142 2672 2777 2798 2955 3000
trial FR940810-2-00039 3 2146 2167 2275
burn FR940810-2-00039 3 2147 2168 2276
its FR940810-2-00039 7 2151 2690 2962 2998 3817 3836 3861
federal FR940810-2-00039 5 2152 2281 2691 2963 4265
compliance FR940810-2-00039 11 2154 2283 2693 2747 2776 2797 2944 2965 2980 2999 4267
agreement FR940810-2-00039 7 2155 2284 2694 2764 2966 4268 4309
protection FR940810-2-00039 4 2159 3601 4272 4879
agency FR940810-2-00039 4 2160 3602 4273 4880
epa FR940810-2-00039 9 2162 2175 2697 2936 2969 3173 3230 3598 4876
successful FR940810-2-00039 1 2170
plan FR940810-2-00039 1 2179
additional FR940810-2-00039 10 2181 2350 2356 2509 2570 4195 4243 4276 4756 4778
milestones FR940810-2-00039 4 2182 2748 3236 3355
undergone FR940810-2-00039 1 2192
extensive FR940810-2-00039 1 2193
support FR940810-2-00039 5 2199 2216 2656 4631 4663
converting FR940810-2-00039 1 2200
treating FR940810-2-00039 2 2218 4232
both FR940810-2-00039 1 2219
hazardous FR940810-2-00039 13 2220 2597 2626 2683 2732 3132 3176 4133 4160 4170 4187 4210 4295
mixed FR940810-2-00039 12 2222 2602 2628 2784 3114 3128 3397 3420 3498 4140 4166 4215
analyzing FR940810-2-00039 2 2237 4047
impacts FR940810-2-00039 2 2238 2825
element FR940810-2-00039 1 2247
treatment FR940810-2-00039 12 2256 2599 2685 2734 2847 2859 2887 4142 4150 4189 4212 4297
operation FR940810-2-00039 1 2257
makes FR940810-2-00039 3 2265 3101 3440
required FR940810-2-00039 1 2278
regulators FR940810-2-00039 1 2292
public FR940810-2-00039 2 2295 3338
appropriate FR940810-2-00039 1 2299
activities FR940810-2-00039 2 2300 3673
expansion FR940810-2-00039 4 2307 2409 2417 2529
g FR940810-2-00039 3 2310 4362 4400
expand FR940810-2-00039 4 2321 2347 4398 4475
lowlevel FR940810-2-00039 3 2325 4162 4355
reach FR940810-2-00039 1 2334
3 FR940810-2-00039 2 2337 2428
5 FR940810-2-00039 2 2339 2430
original FR940810-2-00039 2 2343 2402
70 FR940810-2-00039 1 2351
acres FR940810-2-00039 1 2352
smaller FR940810-2-00039 2 2364 2497
considered FR940810-2-00039 2 2369 4383
well FR940810-2-00039 1 2372
up FR940810-2-00039 4 2383 2504 3145 3154
8 FR940810-2-00039 2 2385 2506
archeological FR940810-2-00039 1 2391
sites FR940810-2-00039 4 2392 3264 3760 3934
longterm FR940810-2-00039 6 2406 3951 4111 4586 4823 4833
largescale FR940810-2-00039 1 2408
accommodate FR940810-2-00039 1 2433
clear FR940810-2-00039 1 2449
time FR940810-2-00039 4 2452 2585 3106 3445
what FR940810-2-00039 1 2453
projected FR940810-2-00039 3 2455 3414 3430
might FR940810-2-00039 2 2459 3993
next FR940810-2-00039 1 2463
increasing FR940810-2-00039 2 2469 4441
minimization FR940810-2-00039 2 2471 4446
efforts FR940810-2-00039 1 2472
possible FR940810-2-00039 5 2476 2539 3687 4092 4805
missions FR940810-2-00039 3 2479 4688 4830
change FR940810-2-00039 1 2481
analysis FR940810-2-00039 5 2485 2522 2984 3490 4386
type FR940810-2-00039 1 2494
while FR940810-2-00039 3 2519 2791 3359
completed FR940810-2-00039 7 2525 2704 3021 3033 3298 3316 4604
takes FR940810-2-00039 1 2530
place FR940810-2-00039 1 2531
may FR940810-2-00039 8 2545 2580 3664 4193 4239 4647 4678 4808
filled FR940810-2-00039 1 2547
compelling FR940810-2-00039 1 2564
can FR940810-2-00039 5 2566 2631 3947 4000 4066
shown FR940810-2-00039 1 2568
later FR940810-2-00039 2 2584 4623
propose FR940810-2-00039 1 2587
address FR940810-2-00039 2 2593 2977
those FR940810-2-00039 1 2594
needs FR940810-2-00039 3 2595 2975 4819
receiving FR940810-2-00039 4 2604 2786 4079 4217
ta63 FR940810-2-00039 1 2609
two FR940810-2-00039 3 2616 2641 2819
repackage FR940810-2-00039 1 2621
wastes FR940810-2-00039 2 2629 3499
placed FR940810-2-00039 1 2634
land FR940810-2-00039 1 2636
actions FR940810-2-00039 2 2646 3254
because FR940810-2-00039 1 2647
they FR940810-2-00039 2 2648 2655
located FR940810-2-00039 1 2651
close FR940810-2-00039 1 2652
together FR940810-2-00039 2 2653 2821
each FR940810-2-00039 1 2657
therefore FR940810-2-00039 1 2660
combined FR940810-2-00039 1 2666
detailed FR940810-2-00039 5 2678 2709 3023 3300 3307
comply FR940810-2-00039 1 2688
beginning FR940810-2-00039 1 2707
includes FR940810-2-00039 2 2714 4222
using FR940810-2-00039 3 2715 4657 4701
selfcontained FR940810-2-00039 2 2718 4149
portable FR940810-2-00039 2 2719 4147
`` FR940810-2-00039 8 2720 4154 4178 4196 4227 4244 4277 4322
skids FR940810-2-00039 9 2721 4143 4155 4179 4197 4228 4245 4278 4323
'' FR940810-2-00039 8 2722 4157 4180 4198 4229 4246 4279 4324
legacy FR940810-2-00039 4 2750 3394 3417 3495
delays FR940810-2-00039 1 2753
initiating FR940810-2-00039 1 2758
jeopardize FR940810-2-00039 1 2761
meeting FR940810-2-00039 2 2762 2804
tied FR940810-2-00039 1 2793
specific FR940810-2-00039 1 2796
assist FR940810-2-00039 2 2801 3478
nearterm FR940810-2-00039 4 2805 4005 4335 4786
goals FR940810-2-00039 1 2809
although FR940810-2-00039 1 2811
analyze FR940810-2-00039 2 2817 3925
these FR940810-2-00039 3 2818 3223 4235
cumulative FR940810-2-00039 1 2824
explosives FR940810-2-00039 2 2845 2869
wastewater FR940810-2-00039 8 2846 2858 2863 2894 2902 2908 2923 3083
containing FR940810-2-00039 1 2864
trace FR940810-2-00039 1 2865
delivery FR940810-2-00039 1 2878
pipeline FR940810-2-00039 1 2879
decontamination FR940810-2-00039 1 2881
minimize FR940810-2-00039 2 2893 3077
generation FR940810-2-00039 1 2895
eliminating FR940810-2-00039 2 2897 4458
99 FR940810-2-00039 1 2898
percent FR940810-2-00039 2 2899 3427
flows FR940810-2-00039 1 2903
through FR940810-2-00039 1 2904
combination FR940810-2-00039 1 2906
elimination FR940810-2-00039 1 2909
recycle FR940810-2-00039 1 2911
reuse FR940810-2-00039 1 2914
reduce FR940810-2-00039 2 2918 4494
number FR940810-2-00039 1 2920
industrial FR940810-2-00039 1 2922
outfalls FR940810-2-00039 2 2924 3084
17 FR940810-2-00039 1 2927
1. FR940810-2-00039 1 2932
issued FR940810-2-00039 2 2937 3174
administrative FR940810-2-00039 2 2939 3007
order FR940810-2-00039 5 2940 3008 3920 4257 4788
requiring FR940810-2-00039 1 2943
clean FR940810-2-00039 1 2946
water FR940810-2-00039 2 2947 2978
act FR940810-2-00039 2 2948 3180
permitting FR940810-2-00039 1 2949
requirements FR940810-2-00039 1 2950
10/97 FR940810-2-00039 2 2957 2992
start FR940810-2-00039 3 2959 3011 3027
pollution FR940810-2-00039 1 2979
independent FR940810-2-00039 1 2981
started FR940810-2-00039 2 2990 3303
date FR940810-2-00039 1 3015
expected FR940810-2-00039 3 3056 3250 3285
result FR940810-2-00039 1 3058
int FR940810-2-00039 1 3078
eliminate FR940810-2-00039 1 3081
proceeding FR940810-2-00039 2 3108 3447
ta67 FR940810-2-00039 1 3119
dispose FR940810-2-00039 2 3126 3281
entire FR940810-2-00039 2 3140 3349
consist FR940810-2-00039 1 3143
11 FR940810-2-00039 1 3147
hold FR940810-2-00039 1 3153
475000 FR940810-2-00039 1 3156
cubic FR940810-2-00039 1 3157
yards FR940810-2-00039 1 3158
solid FR940810-2-00039 2 3178 3191
permit FR940810-2-00039 2 3181 3243
requires FR940810-2-00039 1 3185
list FR940810-2-00039 1 3189
units FR940810-2-00039 4 3194 3202 4151 4643
workplans FR940810-2-00039 1 3197
cleanup FR940810-2-00039 3 3199 3329 3955
submitted FR940810-2-00039 1 3206
investigation FR940810-2-00039 3 3210 3220 3268
phase FR940810-2-00039 3 3211 3269 3309
contain FR940810-2-00039 1 3214
schedules FR940810-2-00039 4 3215 3224 3330 4792
once FR940810-2-00039 1 3226
accepted FR940810-2-00039 1 3227
legally FR940810-2-00039 1 3234
enforceable FR940810-2-00039 1 3235
described FR940810-2-00039 1 3240
voluntary FR940810-2-00039 1 3252
corrective FR940810-2-00039 1 3253
undertaken FR940810-2-00039 1 3257
remediate FR940810-2-00039 1 3259
majority FR940810-2-00039 1 3261
during FR940810-2-00039 1 3265
safely FR940810-2-00039 1 3278
before FR940810-2-00039 1 3299
designs FR940810-2-00039 1 3301
delayed FR940810-2-00039 1 3311
able FR940810-2-00039 2 3325 4811
conducted FR940810-2-00039 2 3336 3890
nine FR940810-2-00039 1 3337
meetings FR940810-2-00039 1 3339
scope FR940810-2-00039 1 3342
preparation FR940810-2-00039 1 3364
prepared FR940810-2-00039 1 3372
constructed FR940810-2-00039 3 3378 4284 4330
only FR940810-2-00039 4 3386 3468 3881 4031
discussions FR940810-2-00039 1 3388
concerning FR940810-2-00039 1 3389
less FR940810-2-00039 1 3424
annual FR940810-2-00039 1 3432
however FR940810-2-00039 2 3453 4404
proposes FR940810-2-00039 1 3456
draft FR940810-2-00039 1 3472
stakeholders FR940810-2-00039 1 3476
making FR940810-2-00039 1 3482
process FR940810-2-00039 1 3483
national FR940810-2-00039 5 3501 3608 3838 3869 4886
biomedical FR940810-2-00039 1 3502
tracer FR940810-2-00039 1 3503
accelerator FR940810-2-00039 2 3520 3537
radioisotopes FR940810-2-00039 1 3524
medical FR940810-2-00039 1 3526
applications FR940810-2-00039 1 3529
proton FR940810-2-00039 1 3536
laboratories FR940810-2-00039 1 3539
office FR940810-2-00039 1 3542
none FR940810-2-00039 1 3544
yet FR940810-2-00039 1 3551
determined FR940810-2-00039 1 3552
sponsor FR940810-2-00039 2 3554 3641
funding FR940810-2-00039 2 3556 4098
profiles FR940810-2-00039 1 3557
defer FR940810-2-00039 1 3565
abbreviations FR940810-2-00039 2 3570 4848
table FR940810-2-00039 3 3573 3623 4851
department FR940810-2-00039 3 3577 3990 4855
energy FR940810-2-00039 2 3579 4857
defense FR940810-2-00039 4 3584 3897 3992 4862
programs FR940810-2-00039 2 3585 4863
los FR940810-2-00039 3 3606 3763 4884
alamos FR940810-2-00039 3 3607 3764 4885
impact FR940810-2-00039 2 3615 4893
statement FR940810-2-00039 2 3616 4894
ta FR940810-2-00039 2 3618 4896
technical FR940810-2-00039 2 3620 4898
2._ FR940810-2-00039 1 3624
planned FR940810-2-00039 1 3625
reviews FR940810-2-00039 1 3627
completion FR940810-2-00039 3 3633 4291 4302
1title FR940810-2-00039 1 3636
summary FR940810-2-00039 1 3638
1doe FR940810-2-00039 1 3639
1discussion FR940810-2-00039 1 3642
laundry FR940810-2-00039 4 3643 3677 3719 3735
considering FR940810-2-00039 4 3647 3751 3910 4344
proposing FR940810-2-00039 3 3648 3752 4345
launder FR940810-2-00039 1 3660
antin FR940810-2-00039 1 3661
clothing FR940810-2-00039 1 3662
offsite FR940810-2-00039 3 3682 3733 3964
efficient FR940810-2-00039 1 3695
contract FR940810-2-00039 1 3734
receipt FR940810-2-00039 1 3737
criticality FR940810-2-00039 5 3744 3785 3886 3927 4059
experiment FR940810-2-00039 1 3745
ta18 FR940810-2-00039 1 3747
ship FR940810-2-00039 1 3754
critical FR940810-2-00039 4 3765 3857 3904 3913
lacef FR940810-2-00039 4 3769 3878 3918 4115
training FR940810-2-00039 3 3788 3794 4063
exercises FR940810-2-00039 2 3789 3795
3000 FR940810-2-00039 1 3808
unirradiated FR940810-2-00039 2 3809 3829
lowenriched FR940810-2-00039 1 3810
uranium FR940810-2-00039 3 3811 3831 3852
reactor FR940810-2-00039 3 3813 3853 3865
fuel FR940810-2-00039 3 3814 3834 3854
rods FR940810-2-00039 1 3815
hanford FR940810-2-00039 3 3818 3946 3974
richland FR940810-2-00039 1 3821
washington FR940810-2-00039 1 3823
30 FR940810-2-00039 1 3826
kilograms FR940810-2-00039 2 3827 3849
highenriched FR940810-2-00039 2 3830 3851
particle FR940810-2-00039 1 3832
bed FR940810-2-00039 1 3833
sandia FR940810-2-00039 2 3837 3977
albuquerque FR940810-2-00039 1 3841
250 FR940810-2-00039 1 3848
mass FR940810-2-00039 2 3858 3914
assembly FR940810-2-00039 1 3859
physics FR940810-2-00039 1 3863
oak FR940810-2-00039 3 3867 3872 4008
ridge FR940810-2-00039 3 3868 3873 4009
tennessee FR940810-2-00039 1 3875
routinely FR940810-2-00039 1 3889
response FR940810-2-00039 1 3893
board FR940810-2-00039 1 3901
consolidating FR940810-2-00039 1 3911
unique FR940810-2-00039 2 3912 3980
assemblies FR940810-2-00039 1 3915
reliably FR940810-2-00039 1 3924
systems FR940810-2-00039 1 3930
listed FR940810-2-00039 1 3935
longer FR940810-2-00039 2 3937 3949
programmatic FR940810-2-00039 1 3940
going FR940810-2-00039 1 3958
moved FR940810-2-00039 1 3963
burial FR940810-2-00039 1 3972
developed FR940810-2-00039 1 3983
significant FR940810-2-00039 1 3985
taxpayer FR940810-2-00039 1 3986
expense FR940810-2-00039 1 3987
fund FR940810-2-00039 1 3994
shipment FR940810-2-00039 1 3995
calibrated FR940810-2-00039 1 4017
radiation FR940810-2-00039 3 4018 4024 4052
accident FR940810-2-00039 2 4021 4048
simulation FR940810-2-00039 1 4022
dosimetry FR940810-2-00039 1 4025
device FR940810-2-00039 1 4028
country FR940810-2-00039 1 4035
characterized FR940810-2-00039 1 4039
dosimetric FR940810-2-00039 1 4043
measurements FR940810-2-00039 1 4044
essential FR940810-2-00039 1 4045
storing FR940810-2-00039 2 4081 4836
shipping FR940810-2-00039 1 4096
constraints FR940810-2-00039 1 4099
unavailable FR940810-2-00039 1 4104
made FR940810-2-00039 1 4118
low FR940810-2-00039 1 4135
level FR940810-2-00039 1 4136
uses FR940810-2-00039 3 4146 4646 4824
specifically FR940810-2-00039 2 4181 4230
locations FR940810-2-00039 2 4204 4253
certain FR940810-2-00039 1 4226
designed FR940810-2-00039 2 4282 4328
possibly FR940810-2-00039 2 4287 4700
replacement FR940810-2-00039 2 4337 4427
compactor FR940810-2-00039 9 4339 4352 4369 4416 4420 4428 4518 4527 4551
replace FR940810-2-00039 1 4347
adjacent FR940810-2-00039 1 4374
initially FR940810-2-00039 1 4380
including FR940810-2-00039 2 4384 4449
did FR940810-2-00039 1 4412
life FR940810-2-00039 2 4433 4507
efficiency FR940810-2-00039 2 4443 4492
practices FR940810-2-00039 2 4447 4536
reducing FR940810-2-00039 1 4450
void FR940810-2-00039 1 4459
spaces FR940810-2-00039 1 4460
between FR940810-2-00039 1 4461
containers FR940810-2-00039 1 4463
turn FR940810-2-00039 2 4468 4501
postpone FR940810-2-00039 1 4471
extend FR940810-2-00039 1 4504
useful FR940810-2-00039 1 4506
installing FR940810-2-00039 1 4515
replaced FR940810-2-00039 1 4531
inefficient FR940810-2-00039 1 4533
install FR940810-2-00039 1 4547
radioisotope FR940810-2-00039 2 4564 4664
fabrication FR940810-2-00039 1 4567
revision FR940810-2-00039 1 4575
1991 FR940810-2-00039 5 4577 4602 4654 4696 4719
converted FR940810-2-00039 1 4594
electricity FR940810-2-00039 1 4596
power FR940810-2-00039 1 4598
spacecraft FR940810-2-00039 1 4599
cassini FR940810-2-00039 2 4609 4633
comet FR940810-2-00039 1 4613
rendezvous FR940810-2-00039 1 4614
asteroid FR940810-2-00039 1 4615
flyby FR940810-2-00039 1 4616
craf FR940810-2-00039 2 4618 4621
canceled FR940810-2-00039 1 4624
build FR940810-2-00039 1 4641
extended FR940810-2-00039 1 4649
ne FR940810-2-00039 1 4652
thermoelectric FR940810-2-00039 1 4665
generator FR940810-2-00039 1 4666
rtg FR940810-2-00039 4 4668 4684 4757 4779
beyond FR940810-2-00039 1 4690
timeframe FR940810-2-00039 1 4692
included FR940810-2-00039 2 4693 4843
chemistry FR940810-2-00039 1 4705
metallurgy FR940810-2-00039 1 4707
so FR940810-2-00039 1 4716
deliver FR940810-2-00039 1 4813
sources FR940810-2-00039 1 4815
such FR940810-2-00039 1 4829
[ FR940810-2-00040 1 0
fr FR940810-2-00040 1 1
doc FR940810-2-00040 1 2
. FR940810-2-00040 1 3
9419532 FR940810-2-00040 1 4
filed FR940810-2-00040 1 5
8994 FR940810-2-00040 1 6
; FR940810-2-00040 1 7
8:45 FR940810-2-00040 1 8
am FR940810-2-00040 1 9
] FR940810-2-00040 1 10
billing FR940810-2-00040 1 11
code FR940810-2-00040 1 12
645001p FR940810-2-00040 1 13
preparation FR940810-2-00041 1 0
of FR940810-2-00041 21 1 19 25 34 50 72 122 127 135 175 280 306 320 329 362 376 449 488 501 517 538
an FR940810-2-00041 1 2
environmental FR940810-2-00041 8 3 44 64 103 228 262 383 532
impact FR940810-2-00041 2 4 104
statement FR940810-2-00041 2 5 105
for FR940810-2-00041 6 6 67 109 206 365 485
the FR940810-2-00041 39 7 17 42 61 69 82 94 110 120 125 133 153 170 176 193 198 207 241 269 278 290 307 330 341 357 363 366 374 397 402 430 447 454 471 478 486 502 515 518
nevada FR940810-2-00041 14 8 20 111 123 177 194 208 270 281 296 331 367 377 541
test FR940810-2-00041 12 9 14 112 117 178 195 209 271 297 301 332 368
site FR940810-2-00041 8 10 113 179 196 210 272 333 369
and FR940810-2-00041 27 11 81 114 140 148 164 173 187 215 222 234 237 264 273 304 313 318 327 339 349 360 370 385 413 453 491 495
other FR940810-2-00041 7 12 115 149 265 345 351 496
offsite FR940810-2-00041 5 13 116 275 328 371
locations FR940810-2-00041 4 15 118 276 372
within FR940810-2-00041 3 16 119 373
state FR940810-2-00041 5 18 121 138 279 375
agency FR940810-2-00041 1 21
: FR940810-2-00041 7 22 32 38 258 336 511 525
us FR940810-2-00041 2 23 536
department FR940810-2-00041 7 24 83 199 431 479 497 537
energy FR940810-2-00041 2 26 539
( FR940810-2-00041 8 27 47 52 74 87 106 259 314
doe FR940810-2-00041 5 28 95 156 283 337
) FR940810-2-00041 8 29 49 59 79 92 108 261 316
. FR940810-2-00041 13 30 36 58 124 181 245 334 389 401 410 459 474 509
action FR940810-2-00041 1 31
notice FR940810-2-00041 2 33 129
intent FR940810-2-00041 2 35 98
summary FR940810-2-00041 1 37
in FR940810-2-00041 8 39 152 182 277 396 445 475 493
accordance FR940810-2-00041 1 40
with FR940810-2-00041 2 41 161
national FR940810-2-00041 1 43
policy FR940810-2-00041 1 45
act FR940810-2-00041 1 46
nepa FR940810-2-00041 3 48 73 162
1969 FR940810-2-00041 1 51
42 FR940810-2-00041 1 53
usc FR940810-2-00041 1 54
4321 FR940810-2-00041 1 55
et FR940810-2-00041 1 56
seq FR940810-2-00041 1 57
, FR940810-2-00041 37 60 80 93 137 139 143 147 163 197 220 224 227 230 233 253 255 287 294 299 303 322 344 348 409 421 424 426 432 439 465 466 477 529 531 535 540 544
council FR940810-2-00041 1 62
on FR940810-2-00041 6 63 169 326 356 506 514
quality FR940810-2-00041 1 65
regulations FR940810-2-00041 1 66
implementing FR940810-2-00041 2 68 85
procedural FR940810-2-00041 1 70
provisions FR940810-2-00041 1 71
40 FR940810-2-00041 1 75
cfr FR940810-2-00041 2 76 89
parts FR940810-2-00041 1 77
15001508 FR940810-2-00041 1 78
's FR940810-2-00041 1 84
procedures FR940810-2-00041 1 86
10 FR940810-2-00041 1 88
part FR940810-2-00041 1 90
1021 FR940810-2-00041 1 91
announces FR940810-2-00041 1 96
its FR940810-2-00041 1 97
to FR940810-2-00041 13 99 131 159 165 184 201 354 378 429 456 470 482 524
prepare FR940810-2-00041 1 100
a FR940810-2-00041 2 101 436
sitewide FR940810-2-00041 4 102 247 451 519
eis FR940810-2-00041 7 107 180 248 364 452 508 520
purpose FR940810-2-00041 1 126
this FR940810-2-00041 5 128 246 450 494 507
is FR940810-2-00041 2 130 480
invite FR940810-2-00041 1 132
participation FR940810-2-00041 1 134
federal FR940810-2-00041 1 136
local FR940810-2-00041 1 141
agencies FR940810-2-00041 2 142 347
affected FR940810-2-00041 1 144
indian FR940810-2-00041 1 145
tribes FR940810-2-00041 1 146
interested FR940810-2-00041 3 150 352 489
persons FR940810-2-00041 1 151
process FR940810-2-00041 2 154 505
that FR940810-2-00041 3 155 380 419
will FR940810-2-00041 5 157 249 406 440 467
follow FR940810-2-00041 1 158
comply FR940810-2-00041 1 160
solicit FR940810-2-00041 1 166
public FR940810-2-00041 4 167 343 390 403
comments FR940810-2-00041 4 168 412 460 513
proposed FR940810-2-00041 1 171
scope FR940810-2-00041 4 172 359 448 516
content FR940810-2-00041 2 174 361
order FR940810-2-00041 1 183
meet FR940810-2-00041 1 185
present FR940810-2-00041 1 186
potential FR940810-2-00041 1 188
future FR940810-2-00041 2 189 216
mission FR940810-2-00041 1 190
responsibilities FR940810-2-00041 1 191
at FR940810-2-00041 3 192 268 274
proposes FR940810-2-00041 1 200
evaluate FR940810-2-00041 1 202
resource FR940810-2-00041 1 203
management FR940810-2-00041 2 204 226
alternatives FR940810-2-00041 2 205 386
which FR940810-2-00041 3 211 288 323
would FR940810-2-00041 1 212
support FR940810-2-00041 1 213
current FR940810-2-00041 1 214
defense FR940810-2-00041 1 217
related FR940810-2-00041 1 218
missions FR940810-2-00041 1 219
research FR940810-2-00041 1 221
development FR940810-2-00041 1 223
waste FR940810-2-00041 1 225
restoration FR940810-2-00041 2 229 263
infrastructure FR940810-2-00041 1 231
maintenance FR940810-2-00041 1 232
facility FR940810-2-00041 1 235
upgrades FR940810-2-00041 1 236
alternative FR940810-2-00041 1 238
uses FR940810-2-00041 1 239
over FR940810-2-00041 1 240
next FR940810-2-00041 1 242
510 FR940810-2-00041 1 243
years FR940810-2-00041 1 244
address FR940810-2-00041 1 250
numerous FR940810-2-00041 1 251
issues FR940810-2-00041 3 252 384 455
including FR940810-2-00041 1 254
without FR940810-2-00041 1 256
limitation FR940810-2-00041 1 257
1 FR940810-2-00041 1 260
departmental FR940810-2-00041 1 266
activities FR940810-2-00041 2 267 499
where FR940810-2-00041 1 282
conducted FR940810-2-00041 1 284
nuclear FR940810-2-00041 1 285
experiments FR940810-2-00041 1 286
include FR940810-2-00041 1 289
project FR940810-2-00041 1 291
shoal FR940810-2-00041 1 292
area FR940810-2-00041 2 293 298
central FR940810-2-00041 1 295
tonopah FR940810-2-00041 1 300
range FR940810-2-00041 2 302 311
portions FR940810-2-00041 1 305
nellis FR940810-2-00041 1 308
air FR940810-2-00041 1 309
force FR940810-2-00041 1 310
; FR940810-2-00041 1 312
2 FR940810-2-00041 1 315
transportation FR940810-2-00041 1 317
disposal FR940810-2-00041 1 319
wastes FR940810-2-00041 1 321
are FR940810-2-00041 3 324 387 393
generated FR940810-2-00041 1 325
dates FR940810-2-00041 1 335
invites FR940810-2-00041 1 338
encourages FR940810-2-00041 1 340
general FR940810-2-00041 1 342
government FR940810-2-00041 1 346
all FR940810-2-00041 3 350 381 411
parties FR940810-2-00041 1 353
comment FR940810-2-00041 1 355
appropriate FR940810-2-00041 1 358
ensure FR940810-2-00041 1 379
relevant FR940810-2-00041 1 382
addressed FR940810-2-00041 1 388
scoping FR940810-2-00041 4 391 404 437 504
meetings FR940810-2-00041 1 392
discussed FR940810-2-00041 2 394 458
below FR940810-2-00041 1 395
supplementary FR940810-2-00041 1 398
information FR940810-2-00041 1 399
section FR940810-2-00041 1 400
period FR940810-2-00041 1 405
continue FR940810-2-00041 1 407
until FR940810-2-00041 1 408
suggestions FR940810-2-00041 1 414
received FR940810-2-00041 2 415 461
or FR940810-2-00041 3 416 433 462
postmarked FR940810-2-00041 2 417 463
by FR940810-2-00041 1 418
date FR940810-2-00041 1 420
whether FR940810-2-00041 1 422
written FR940810-2-00041 2 423 512
oral FR940810-2-00041 1 425
submitted FR940810-2-00041 1 427
directly FR940810-2-00041 1 428
presented FR940810-2-00041 1 434
during FR940810-2-00041 1 435
meeting FR940810-2-00041 1 438
be FR940810-2-00041 4 441 457 468 522
given FR940810-2-00041 1 442
equal FR940810-2-00041 1 443
consideration FR940810-2-00041 1 444
defining FR940810-2-00041 1 446
after FR940810-2-00041 1 464
considered FR940810-2-00041 1 469
extent FR940810-2-00041 1 472
practicable FR940810-2-00041 1 473
addition FR940810-2-00041 1 476
committed FR940810-2-00041 1 481
providing FR940810-2-00041 1 483
opportunities FR940810-2-00041 1 484
involvement FR940810-2-00041 1 487
individuals FR940810-2-00041 1 490
groups FR940810-2-00041 1 492
planning FR940810-2-00041 1 498
outside FR940810-2-00041 1 500
formal FR940810-2-00041 1 503
addresses FR940810-2-00041 1 510
should FR940810-2-00041 1 521
directed FR940810-2-00041 1 523
donald FR940810-2-00041 1 526
r. FR940810-2-00041 1 527
elle FR940810-2-00041 1 528
director FR940810-2-00041 1 530
protection FR940810-2-00041 1 533
division FR940810-2-00041 1 534
operations FR940810-2-00041 1 542
office FR940810-2-00041 1 543
po FR940810-2-00041 1 545
box FR940810-2-00041 1 546
14459 FR940810-2-00041 1 547
