. FR940525-0-00033 33 135 263 265 292 321 357 380 430 483 508 510 544 588 590 641 657 670 710 724 761 781 797 821 845 914 940 942 957 988 990 1023 1035 1041
b. FR940525-0-00033 1 136
regulations FR940525-0-00033 7 137 379 392 429 458 770 785
revisions FR940525-0-00033 1 138
to FR940525-0-00033 20 139 169 221 225 238 317 331 404 479 512 537 541 579 585 653 684 715 771 800 828
reflect FR940525-0-00033 3 140 226 333
obra FR940525-0-00033 3 141 227 410
90 FR940525-0-00033 1 142
and FR940525-0-00033 22 143 163 172 193 241 285 308 343 440 456 477 555 566 659 755 871 895 938 954 970 1000 1015
93 FR940525-0-00033 2 144 228
we FR940525-0-00033 19 145 198 230 270 295 301 345 460 486 523 533 545 550 569 576 594 737 848 867
are FR940525-0-00033 15 146 199 231 310 338 346 365 487 534 651 661 778 805 825 849
revising FR940525-0-00033 1 147
42 FR940525-0-00033 5 148 994 1024 1036 1042
cfr FR940525-0-00033 5 149 995 1025 1037 1043
408.20 FR940525-0-00033 1 150
, FR940525-0-00033 40 151 154 162 168 179 229 248 294 312 314 325 361 371 383 415 459 485 490 532 565 567 575 647 672 736 823 847 870 875 923 959 1002 1005 1008 1011 1013 1018 1021 1030 1033
monthly FR940525-0-00033 1 152
premiums FR940525-0-00033 2 153 256
by FR940525-0-00033 5 155 427 552 933 965
adding FR940525-0-00033 2 156 232
calendar FR940525-0-00033 4 157 164 233 258
years FR940525-0-00033 4 158 165 234 259
1991 FR940525-0-00033 2 159 222
through FR940525-0-00033 6 160 190 223 236 261 616
1995 FR940525-0-00033 1 161
after FR940525-0-00033 2 166 196
1998 FR940525-0-00033 2 167 237
the FR940525-0-00033 46 170 183 186 194 202 218 239 252 282 318 369 386 405 419 480 497 503 516 553 559 580 583 605 620 645 665 679 682 700 716 722 734 784 794 798 816 838 855 864 872 904 918 934 966 973 976
heading FR940525-0-00033 2 171 240
content FR940525-0-00033 2 173 242
of FR940525-0-00033 43 174 217 243 267 275 385 407 409 418 445 466 505 515 519 521 562 638 644 667 678 702 706 718 721 727 733 750 783 815 818 837 840 863 892 906 910 920 936 944 968 975 980 992
paragraph FR940525-0-00033 2 175 244
( FR940525-0-00033 11 176 208 211 214 245 609 612 675 730 860 982
b FR940525-0-00033 5 177 215 676 731 861
) FR940525-0-00033 11 178 210 213 216 247 611 618 677 732 862 989
which FR940525-0-00033 3 180 249 801
currently FR940525-0-00033 2 181 250
contains FR940525-0-00033 1 182
methodology FR940525-0-00033 2 184 253
for FR940525-0-00033 10 185 254 257 278 289 493 530 642 725 853
period FR940525-0-00033 5 187 288 492 767 929
july FR940525-0-00033 1 188
1976 FR940525-0-00033 1 189
december FR940525-0-00033 1 191
1983 FR940525-0-00033 1 192
periods FR940525-0-00033 1 195
1990. FR940525-0-00033 1 197
specifying FR940525-0-00033 1 200
that FR940525-0-00033 13 201 298 305 337 344 462 586 601 623 746 777 831 876
rates FR940525-0-00033 1 203
cited FR940525-0-00033 1 204
in FR940525-0-00033 13 205 281 349 366 381 390 558 582 664 793 807 883 915
section FR940525-0-00033 6 206 561 673 719 728 858
1839 FR940525-0-00033 1 207
e FR940525-0-00033 1 209
1 FR940525-0-00033 1 212
act FR940525-0-00033 6 219 608 680 735 865 979
apply FR940525-0-00033 1 220
1995. FR940525-0-00033 1 224
1996 FR940525-0-00033 1 235
c FR940525-0-00033 1 246
discusses FR940525-0-00033 1 251
determining FR940525-0-00033 1 255
1984 FR940525-0-00033 1 260
1990 FR940525-0-00033 1 262
xiii FR940525-0-00033 1 264
waiver FR940525-0-00033 1 266
proposed FR940525-0-00033 5 268 276 446 467 878
rulemaking FR940525-0-00033 4 269 277 447 468
ordinarily FR940525-0-00033 1 271
publish FR940525-0-00033 1 272
a FR940525-0-00033 22 273 279 287 443 464 489 572 597 624 630 635 686 691 696 703 739 744 751 884 889 899 907
notice FR940525-0-00033 4 274 307 444 465
regulation FR940525-0-00033 2 280 363
federal FR940525-0-00033 1 283
register FR940525-0-00033 1 284
provide FR940525-0-00033 1 286
public FR940525-0-00033 4 290 319 481 494
comment FR940525-0-00033 6 291 309 491 531 766 928
however FR940525-0-00033 2 293 484
may FR940525-0-00033 1 296
waive FR940525-0-00033 1 297
procedure FR940525-0-00033 2 299 1001
if FR940525-0-00033 3 300 568 690
find FR940525-0-00033 2 302 461
good FR940525-0-00033 1 303
cause FR940525-0-00033 1 304
prior FR940525-0-00033 1 306
impracticable FR940525-0-00033 1 311
unnecessary FR940525-0-00033 2 313 476
or FR940525-0-00033 6 315 400 539 787 809 857
contrary FR940525-0-00033 2 316 478
interest FR940525-0-00033 2 320 482
as FR940525-0-00033 3 322 500 743
noted FR940525-0-00033 1 323
earlier FR940525-0-00033 1 324
this FR940525-0-00033 12 326 432 471 506 563 711 762 802 819 877 924 947
rule FR940525-0-00033 12 327 433 473 499 507 626 693 764 803 820 879 926
updates FR940525-0-00033 2 328 768
our FR940525-0-00033 4 329 378 457 769
rules FR940525-0-00033 2 330 422
properly FR940525-0-00033 1 332
explicit FR940525-0-00033 1 334
statutory FR940525-0-00033 4 335 387 454 775
requirements FR940525-0-00033 7 336 364 439 789 946 956 1017
clear FR940525-0-00033 2 339 453
on FR940525-0-00033 9 340 377 496 526 634 699 843 888 903
their FR940525-0-00033 2 341 353
face FR940525-0-00033 1 342
not FR940525-0-00033 12 347 435 535 628 662 779 850 881 897 931 950 962
interpreting FR940525-0-00033 1 348
any FR940525-0-00033 2 350 437
way FR940525-0-00033 1 351
beyond FR940525-0-00033 2 352 790
commonly FR940525-0-00033 1 354
understood FR940525-0-00033 1 355
meanings FR940525-0-00033 1 356
without FR940525-0-00033 1 358
these FR940525-0-00033 5 359 391 413 428 841
changes FR940525-0-00033 2 360 388
certain FR940525-0-00033 1 362
conflict FR940525-0-00033 1 367
with FR940525-0-00033 7 368 396 571 604 765 917 927
statute FR940525-0-00033 1 370
possibly FR940525-0-00033 1 372
misleading FR940525-0-00033 1 373
those FR940525-0-00033 3 374 425 791
who FR940525-0-00033 1 375
rely FR940525-0-00033 1 376
addition FR940525-0-00033 1 382
some FR940525-0-00033 1 384
included FR940525-0-00033 3 389 663 792
have FR940525-0-00033 5 393 629 695 868 898
been FR940525-0-00033 1 394
enacted FR940525-0-00033 1 395
retroactive FR940525-0-00033 1 397
effective FR940525-0-00033 2 398 401
dates FR940525-0-00033 3 399 402 560
close FR940525-0-00033 1 403
date FR940525-0-00033 2 406 554
enactment FR940525-0-00033 1 408
93. FR940525-0-00033 1 411
under FR940525-0-00033 2 412 972
circumstances FR940525-0-00033 1 414
prompt FR940525-0-00033 1 416
publication FR940525-0-00033 2 417 817
correct FR940525-0-00033 1 420
uptodate FR940525-0-00033 1 421
best FR940525-0-00033 1 423
serves FR940525-0-00033 1 424
governed FR940525-0-00033 1 426
because FR940525-0-00033 3 431 441 514
does FR940525-0-00033 2 434 949
create FR940525-0-00033 1 436
legal FR940525-0-00033 1 438
publishing FR940525-0-00033 2 442 463
here FR940525-0-00033 1 448
would FR940525-0-00033 5 449 474 832 880 896
perpetuate FR940525-0-00033 1 450
conflicts FR940525-0-00033 1 451
between FR940525-0-00033 1 452
directives FR940525-0-00033 1 455
before FR940525-0-00033 1 469
issuing FR940525-0-00033 1 470
final FR940525-0-00033 6 472 498 625 692 763 925
be FR940525-0-00033 4 475 654 829 963
providing FR940525-0-00033 1 488
comments FR940525-0-00033 4 495 513 549 581
indicated FR940525-0-00033 1 501
at FR940525-0-00033 1 502
beginning FR940525-0-00033 1 504
xiv FR940525-0-00033 1 509
response FR940525-0-00033 1 511
large FR940525-0-00033 1 517
number FR940525-0-00033 5 518 637 705 891 909
items FR940525-0-00033 1 520
correspondence FR940525-0-00033 1 522
normally FR940525-0-00033 1 524
receive FR940525-0-00033 2 525 551
fr FR940525-0-00033 1 527
documents FR940525-0-00033 1 528
published FR940525-0-00033 1 529
able FR940525-0-00033 1 536
acknowledge FR940525-0-00033 1 538
respond FR940525-0-00033 2 540 578
them FR940525-0-00033 1 542
individually FR940525-0-00033 1 543
will FR940525-0-00033 5 546 577 627 694 810
consider FR940525-0-00033 1 547
all FR940525-0-00033 2 548 648
time FR940525-0-00033 1 556
specified FR940525-0-00033 1 557
preamble FR940525-0-00033 2 564 584
proceed FR940525-0-00033 1 570
subsequent FR940525-0-00033 1 573
document FR940525-0-00033 3 574 587 948
xv FR940525-0-00033 1 589
regulatory FR940525-0-00033 4 591 598 606 687
impact FR940525-0-00033 7 592 633 688 698 839 887 902
statement FR940525-0-00033 1 593
generally FR940525-0-00033 1 595
prepare FR940525-0-00033 2 596 685
flexibility FR940525-0-00033 2 599 607
analysis FR940525-0-00033 3 600 689 712
is FR940525-0-00033 2 602 747
consistent FR940525-0-00033 1 603
rfa FR940525-0-00033 4 610 646 723 856
5 FR940525-0-00033 1 613
usc FR940525-0-00033 2 614 984
601 FR940525-0-00033 1 615
612 FR940525-0-00033 1 617
unless FR940525-0-00033 1 619
secretary FR940525-0-00033 3 621 683 873
certifies FR940525-0-00033 2 622 874
significant FR940525-0-00033 4 631 697 885 900
economic FR940525-0-00033 3 632 886 901
substantial FR940525-0-00033 4 636 704 890 908
small FR940525-0-00033 7 639 655 668 707 740 893 911
entities FR940525-0-00033 4 640 656 844 894
purposes FR940525-0-00033 2 643 726
medicareparticipating FR940525-0-00033 1 649
facilities FR940525-0-00033 3 650 1004 1029
considered FR940525-0-00033 1 652
individuals FR940525-0-00033 1 658
states FR940525-0-00033 1 660
definition FR940525-0-00033 1 666
entity FR940525-0-00033 1 669
also FR940525-0-00033 1 671
1102 FR940525-0-00033 3 674 729 859
requires FR940525-0-00033 1 681
operations FR940525-0-00033 2 701 905
rural FR940525-0-00033 4 708 741 912 1019
hospitals FR940525-0-00033 2 709 913
must FR940525-0-00033 1 713
conform FR940525-0-00033 1 714
provisions FR940525-0-00033 4 717 776 842 919
604 FR940525-0-00033 1 720
define FR940525-0-00033 1 738
hospital FR940525-0-00033 2 742 745
located FR940525-0-00033 1 748
outside FR940525-0-00033 1 749
metropolitan FR940525-0-00033 1 752
statistical FR940525-0-00033 1 753
area FR940525-0-00033 1 754
has FR940525-0-00033 1 756
fewer FR940525-0-00033 1 757
than FR940525-0-00033 1 758
50 FR940525-0-00033 1 759
beds FR940525-0-00033 1 760
incorporate FR940525-0-00033 1 772
numerous FR940525-0-00033 1 773
selfimplementing FR940525-0-00033 2 774 795
interrelated FR940525-0-00033 1 780
none FR940525-0-00033 1 782
interprets FR940525-0-00033 1 786
extends FR940525-0-00033 1 788
legislation FR940525-0-00033 1 796
amendments FR940525-0-00033 1 799
pertains FR940525-0-00033 1 804
already FR940525-0-00033 1 806
effect FR940525-0-00033 2 808 813
go FR940525-0-00033 1 811
into FR940525-0-00033 1 812
independent FR940525-0-00033 1 814
consequently FR940525-0-00033 2 822 958
there FR940525-0-00033 1 824
no FR940525-0-00033 1 826
actions FR940525-0-00033 1 827
taken FR940525-0-00033 1 830
flow FR940525-0-00033 1 833
from FR940525-0-00033 1 834
further FR940525-0-00033 1 835
analyses FR940525-0-00033 2 836 852
therefore FR940525-0-00033 1 846
preparing FR940525-0-00033 1 851
either FR940525-0-00033 1 854
since FR940525-0-00033 1 866
determined FR940525-0-00033 1 869
result FR940525-0-00033 1 882
accordance FR940525-0-00033 1 916
eo FR940525-0-00033 1 921
12866 FR940525-0-00033 1 922
was FR940525-0-00033 1 930
reviewed FR940525-0-00033 2 932 964
office FR940525-0-00033 2 935 967
management FR940525-0-00033 2 937 969
budget FR940525-0-00033 2 939 971
xvi FR940525-0-00033 1 941
collection FR940525-0-00033 2 943 953
information FR940525-0-00033 2 945 952
impose FR940525-0-00033 1 951
recordkeeping FR940525-0-00033 2 955 1016
it FR940525-0-00033 1 960
need FR940525-0-00033 1 961
authority FR940525-0-00033 1 974
paperwork FR940525-0-00033 1 977
reduction FR940525-0-00033 1 978
1980 FR940525-0-00033 1 981
44 FR940525-0-00033 1 983
3501 FR940525-0-00033 1 985
et FR940525-0-00033 1 986
seq FR940525-0-00033 1 987
list FR940525-0-00033 1 991
subjects FR940525-0-00033 1 993
part FR940525-0-00033 4 996 1026 1038 1044
405 FR940525-0-00033 1 997
administrative FR940525-0-00033 1 998
practice FR940525-0-00033 1 999
health FR940525-0-00033 3 1003 1006 1028
professions FR940525-0-00033 1 1007
kidney FR940525-0-00033 2 1009 1031
diseases FR940525-0-00033 2 1010 1032
medicare FR940525-0-00033 3 1012 1034 1040
reporting FR940525-0-00033 1 1014
areas FR940525-0-00033 1 1020
xrays FR940525-0-00033 1 1022
406 FR940525-0-00033 1 1027
408 FR940525-0-00033 1 1039
410 FR940525-0-00033 1 1045
health FR940525-0-00034 12 0 3 22 42 74 433 438 497 547 620 639 669
facilities FR940525-0-00034 3 1 23 43
, FR940525-0-00034 73 2 5 8 10 12 15 24 27 29 32 44 47 49 84 115 129 131 136 138 140 152 154 159 161 163 167 175 224 225 231 234 235 240 247 271 340 353 396 397 404 408 409 423 460 462 467 478 480 485 505 509 586 608 614 629 710 716 718 720 736 741 743 745 747 749 767 775 812 879 894 927 932 937
professions FR940525-0-00034 1 4
kidney FR940525-0-00034 2 6 25
diseases FR940525-0-00034 2 7 26
laboratories FR940525-0-00034 1 9
medicare FR940525-0-00034 4 11 28 48 565
rural FR940525-0-00034 1 13
areas FR940525-0-00034 1 14
xrays FR940525-0-00034 1 16
. FR940525-0-00034 22 17 37 54 127 171 204 218 319 336 377 458 488 539 673 705 755 759 771 814 848 864 949
42 FR940525-0-00034 7 18 38 55 149 475 730 763
cfr FR940525-0-00034 3 19 39 56
part FR940525-0-00034 11 20 40 65 72 82 113 421 612 675 682 693
413 FR940525-0-00034 1 21
puerto FR940525-0-00034 1 30
rico FR940525-0-00034 1 31
reporting FR940525-0-00034 2 33 50
and FR940525-0-00034 24 34 51 79 141 164 200 232 277 286 435 486 510 515 521 537 686 722 750 753 792 823 829 942 947
recordkeeping FR940525-0-00034 2 35 52
requirements FR940525-0-00034 7 36 53 309 567 594 885 921
418 FR940525-0-00034 1 41
hospice FR940525-0-00034 1 45
care FR940525-0-00034 4 46 202 216 670
chapter FR940525-0-00034 1 57
iv FR940525-0-00034 1 58
is FR940525-0-00034 17 59 67 87 187 297 398 410 426 448 528 587 636 677 695 783 838 910
amended FR940525-0-00034 5 60 68 88 427 678
as FR940525-0-00034 16 61 69 91 121 191 301 428 452 532 615 625 679 699 785 803 842
follows FR940525-0-00034 11 62 70 92 192 302 429 453 533 680 700 843
: FR940525-0-00034 23 63 71 93 123 125 193 196 214 262 303 306 333 363 389 430 454 456 534 681 701 703 844 859
a. FR940525-0-00034 3 64 108 441
405 FR940525-0-00034 4 66 83 114 422
405_federal FR940525-0-00034 1 73
insurance FR940525-0-00034 2 75 684
for FR940525-0-00034 13 76 96 112 226 236 252 310 345 445 595 609 692 874
the FR940525-0-00034 30 77 109 144 176 245 248 260 337 342 351 361 373 378 383 386 442 470 491 506 581 584 593 651 667 689 725 884 895 917 920
aged FR940525-0-00034 1 78
disabled FR940525-0-00034 1 80
1. FR940525-0-00034 2 81 688
subpart FR940525-0-00034 6 85 94 116 424 431 446
u FR940525-0-00034 4 86 117 713 739
to FR940525-0-00034 11 89 119 189 299 350 450 530 563 591 697 840
read FR940525-0-00034 8 90 120 190 300 451 531 698 841
u_conditions FR940525-0-00034 1 95
coverage FR940525-0-00034 1 97
of FR940525-0-00034 17 98 100 143 179 256 329 469 493 583 611 626 666 724 757 861 891 907
suppliers FR940525-0-00034 1 99
endstage FR940525-0-00034 1 101
renal FR940525-0-00034 3 102 312 316
disease FR940525-0-00034 1 103
( FR940525-0-00034 52 104 133 148 156 181 184 210 220 274 278 281 288 291 294 325 369 390 464 482 502 512 516 525 549 576 601 622 633 707 712 729 733 738 762 777 780 786 789 794 798 805 809 817 820 824 832 835 854 870 888 901 904
esrd FR940525-0-00034 1 105
) FR940525-0-00034 52 106 135 158 166 183 186 212 222 276 280 283 290 293 296 327 371 392 466 484 504 514 518 527 551 578 603 624 635 709 714 735 740 752 766 779 782 788 791 796 800 807 811 819 822 826 834 837 856 872 890 903 906
services FR940525-0-00034 3 107 348 440
authority FR940525-0-00034 6 110 124 443 455 690 702
citation FR940525-0-00034 3 111 444 691
continues FR940525-0-00034 1 118
follow FR940525-0-00034 1 122
secs FR940525-0-00034 2 126 704
1102 FR940525-0-00034 3 128 459 719
1861 FR940525-0-00034 2 130 463
1862 FR940525-0-00034 1 132
a FR940525-0-00034 11 134 157 227 311 356 399 411 522 598 616 645
1871 FR940525-0-00034 3 137 468 723
1874 FR940525-0-00034 1 139
1881 FR940525-0-00034 1 142
social FR940525-0-00034 3 145 471 726
security FR940525-0-00034 3 146 472 727
act FR940525-0-00034 5 147 473 654 672 728
usc FR940525-0-00034 4 150 476 731 764
1302 FR940525-0-00034 3 151 477 746
1395x FR940525-0-00034 2 153 481
1395y FR940525-0-00034 1 155
1395hh FR940525-0-00034 3 160 487 751
1395kk FR940525-0-00034 1 162
1395rr FR940525-0-00034 1 165
unless FR940525-0-00034 2 168 768
otherwise FR940525-0-00034 2 169 769
noted FR940525-0-00034 2 170 770
b. FR940525-0-00034 3 172 489 674
in FR940525-0-00034 14 173 244 269 490 500 773 886 912 915 925 930 935 940 945
§405.2137 FR940525-0-00034 2 174 194
introductory FR940525-0-00034 3 177 272 507
statement FR940525-0-00034 1 178
paragraph FR940525-0-00034 8 180 287 508 524 776 831 887 900
b FR940525-0-00034 10 182 211 503 613 778 787 818 833 855 902
7 FR940525-0-00034 2 185 221
revised FR940525-0-00034 6 188 298 449 520 696 839
condition FR940525-0-00034 2 195 305
patient FR940525-0-00034 11 197 201 215 230 239 334 352 374 384 402 413
longterm FR940525-0-00034 1 198
program FR940525-0-00034 3 199 566 640
plan FR940525-0-00034 3 203 217 249
* FR940525-0-00034 45 205 206 207 208 209 263 264 265 266 267 320 321 322 323 324 364 365 366 367 368 415 416 417 418 419 540 541 542 543 544 571 572 573 574 575 849 850 851 852 853 865 866 867 868 869
standard FR940525-0-00034 1 213
*** FR940525-0-00034 1 219
beginning FR940525-0-00034 3 223 233 876
home FR940525-0-00034 5 228 246 254 332 400
dialysis FR940525-0-00034 7 229 238 313 317 338 401 412
any FR940525-0-00034 1 237
who FR940525-0-00034 1 241
uses FR940525-0-00034 1 242
epo FR940525-0-00034 3 243 257 330
must FR940525-0-00034 4 250 354 375 380
provide FR940525-0-00034 1 251
monitoring FR940525-0-00034 1 253
use FR940525-0-00034 2 255 328
that FR940525-0-00034 4 258 359 382 555
includes FR940525-0-00034 2 259 360
following FR940525-0-00034 3 261 362 387
c. FR940525-0-00034 1 268
§405.2163 FR940525-0-00034 2 270 304
paragraphs FR940525-0-00034 5 273 511 793 804 816
g FR940525-0-00034 5 275 279 289 326 810
2 FR940525-0-00034 5 282 292 370 513 577
are FR940525-0-00034 4 284 519 801 827
republished FR940525-0-00034 1 285
i FR940525-0-00034 2 295 391
minimal FR940525-0-00034 1 307
service FR940525-0-00034 1 308
facility FR940525-0-00034 3 314 339 642
or FR940525-0-00034 9 315 341 394 403 406 632 641 647 655
center FR940525-0-00034 5 318 439 498 548 621
at FR940525-0-00034 1 331
selection FR940525-0-00034 1 335
physician FR940525-0-00034 1 343
responsible FR940525-0-00034 1 344
all FR940525-0-00034 1 346
dialysisrelated FR940525-0-00034 1 347
furnished FR940525-0-00034 1 349
make FR940525-0-00034 1 355
comprehensive FR940525-0-00034 2 357 617
assessment FR940525-0-00034 2 358 379
conditions FR940525-0-00034 2 372 388
meet FR940525-0-00034 3 376 564 592
find FR940525-0-00034 1 381
meets FR940525-0-00034 3 385 883 919
on FR940525-0-00034 3 393 405 580
after FR940525-0-00034 2 395 407
; FR940525-0-00034 4 414 474 600 631
2. FR940525-0-00034 2 420 772
x FR940525-0-00034 2 425 447
x_rural FR940525-0-00034 1 432
clinic FR940525-0-00034 1 434
federally FR940525-0-00034 4 436 495 545 618
qualified FR940525-0-00034 3 437 496 546
sec FR940525-0-00034 2 457 754
1833 FR940525-0-00034 1 461
aa FR940525-0-00034 2 465 483
13951 FR940525-0-00034 1 479
definition FR940525-0-00034 1 492
`` FR940525-0-00034 1 494
'' FR940525-0-00034 1 499
§405.2401 FR940525-0-00034 2 501 535
3 FR940525-0-00034 5 517 602 781 821 871
new FR940525-0-00034 2 523 815
4 FR940525-0-00034 4 526 634 790 836
added FR940525-0-00034 2 529 828
scope FR940525-0-00034 1 536
definitions FR940525-0-00034 1 538
fqhc FR940525-0-00034 1 550
means FR940525-0-00034 1 552
an FR940525-0-00034 5 553 559 637 657 881
entity FR940525-0-00034 1 554
has FR940525-0-00034 1 556
entered FR940525-0-00034 1 557
into FR940525-0-00034 1 558
agreement FR940525-0-00034 1 560
with FR940525-0-00034 1 561
hcfa FR940525-0-00034 3 562 590 607
under FR940525-0-00034 4 568 650 663 899
§§405.2434 FR940525-0-00034 1 569
and_ FR940525-0-00034 1 570
based FR940525-0-00034 1 579
recommendation FR940525-0-00034 1 582
phs FR940525-0-00034 1 585
determined FR940525-0-00034 2 588 898
by FR940525-0-00034 5 589 606 644 656 922
receiving FR940525-0-00034 2 596 661
such FR940525-0-00034 1 597
grant FR940525-0-00034 1 599
was FR940525-0-00034 1 604
treated FR940525-0-00034 1 605
purposes FR940525-0-00034 1 610
funded FR940525-0-00034 1 619
ffhc FR940525-0-00034 1 623
january FR940525-0-00034 2 627 877
1 FR940525-0-00034 2 628 905
1990 FR940525-0-00034 1 630
outpatient FR940525-0-00034 1 638
operated FR940525-0-00034 1 643
tribe FR940525-0-00034 1 646
tribal FR940525-0-00034 1 648
organizations FR940525-0-00034 1 649
indian FR940525-0-00034 3 652 659 668
selfdetermination FR940525-0-00034 1 653
urban FR940525-0-00034 1 658
organization FR940525-0-00034 1 660
funds FR940525-0-00034 1 662
title FR940525-0-00034 1 664
v FR940525-0-00034 1 665
improvement FR940525-0-00034 1 671
406 FR940525-0-00034 2 676 694
406_hospital FR940525-0-00034 1 683
eligibility FR940525-0-00034 1 685
entitlement FR940525-0-00034 1 687
202 FR940525-0-00034 2 706 711
t FR940525-0-00034 2 708 734
226 FR940525-0-00034 1 715
226a FR940525-0-00034 1 717
1818 FR940525-0-00034 1 721
402 FR940525-0-00034 2 732 737
426 FR940525-0-00034 1 742
4261 FR940525-0-00034 1 744
1395i2 FR940525-0-00034 1 748
3103 FR940525-0-00034 1 756
pub FR940525-0-00034 1 758
l. FR940525-0-00034 1 760
8997 FR940525-0-00034 1 761
426a FR940525-0-00034 1 765
§406.32 FR940525-0-00034 2 774 845
redesignated FR940525-0-00034 3 784 802 830
c FR940525-0-00034 3 795 825 889
through FR940525-0-00034 2 797 808
f FR940525-0-00034 1 799
d FR940525-0-00034 1 806
respectively FR940525-0-00034 1 813
monthly FR940525-0-00034 3 846 857 896
premiums FR940525-0-00034 2 847 858
determination FR940525-0-00034 1 860
dollar FR940525-0-00034 1 862
amount FR940525-0-00034 1 863
effective FR940525-0-00034 1 873
months FR940525-0-00034 1 875
1994 FR940525-0-00034 2 878 926
if FR940525-0-00034 1 880
individual FR940525-0-00034 2 882 918
this FR940525-0-00034 2 892 908
section FR940525-0-00034 2 893 909
premium FR940525-0-00034 1 897
reduced FR940525-0-00034 1 911
each FR940525-0-00034 1 913
month FR940525-0-00034 1 914
which FR940525-0-00034 1 916
25 FR940525-0-00034 1 923
percent FR940525-0-00034 5 924 929 934 939 944
30 FR940525-0-00034 1 928
1995 FR940525-0-00034 1 931
35 FR940525-0-00034 1 933
1996 FR940525-0-00034 1 936
40 FR940525-0-00034 1 938
1997 FR940525-0-00034 1 941
45 FR940525-0-00034 1 943
1998 FR940525-0-00034 1 946
thereafter FR940525-0-00034 1 948
( FR940525-0-00035 74 0 8 11 15 20 37 49 70 73 84 94 106 130 160 193 277 285 299 309 323 327 333 336 340 346 349 357 360 379 411 437 457 479 482 500 519 522 525 534 543 552 561 571 580 630 663 667 671 675 680 692 706 710 714 718 723 744 792 807 853 864 867 890 922 931 995 1002 1005 1033 1053 1061 1086 1113 1140
4 FR940525-0-00035 4 1 161 868 923
) FR940525-0-00035 74 2 10 13 17 22 48 51 72 75 86 96 108 132 162 195 279 301 302 313 325 329 335 338 342 348 351 359 362 381 413 445 459 481 484 502 521 524 527 536 545 554 563 573 582 632 665 669 673 677 682 708 712 716 720 725 731 746 794 809 855 866 869 892 924 933 997 1004 1007 1035 1055 1063 1088 1115 1142
the FR940525-0-00035 39 3 29 43 65 115 154 157 185 187 222 224 249 281 304 319 386 395 427 433 446 449 466 469 474 495 503 529 606 635 688 737 766 783 829 857 898 970 976 991
amount FR940525-0-00035 1 4
determined FR940525-0-00035 2 5 959
under FR940525-0-00035 1 6
paragraphs FR940525-0-00035 3 7 322 332
b FR940525-0-00035 10 9 71 324 334 347 358 380 480 526 895
1 FR940525-0-00035 7 12 35 85 337 412 483 523
, FR940525-0-00035 77 14 18 166 175 199 208 266 268 270 272 274 289 291 293 295 318 330 343 394 403 426 465 488 539 548 557 566 576 605 653 655 657 659 661 666 670 674 678 683 696 698 700 702 704 709 713 717 721 726 728 736 774 804 805 814 816 820 821 825 856 881 901 903 928 929 944 948 949 954 960 968 990 1000 1066 1093 1120 1145
2 FR940525-0-00035 7 16 107 350 458 1006 1016 1054
or FR940525-0-00035 12 19 89 126 142 181 192 218 802 818 913 926 946
3 FR940525-0-00035 5 21 74 131 361 501
of FR940525-0-00035 20 23 33 76 92 148 156 172 205 280 321 448 485 528 687 965 993 1072 1099 1126 1151
this FR940525-0-00035 5 24 77 486 772 966
section FR940525-0-00035 4 25 78 487 517
is FR940525-0-00035 16 26 40 163 196 237 363 621 641 740 747 860 870 972 998 1008 1017
rounded FR940525-0-00035 2 27 41
to FR940525-0-00035 16 28 42 120 136 174 207 256 365 643 749 765 827 872 907 974 1010
next FR940525-0-00035 2 30 44
nearest FR940525-0-00035 1 31
multiple FR940525-0-00035 1 32
$ FR940525-0-00035 10 34 540 549 558 567 577 1070 1097 1124 1149
. FR940525-0-00035 24 36 47 59 228 264 314 373 410 499 579 594 651 732 763 844 889 981 1027 1047 1060 1085 1112 1139 1164
fifty FR940525-0-00035 1 38
cents FR940525-0-00035 1 39
higher FR940525-0-00035 1 45
dollar FR940525-0-00035 1 46
c FR940525-0-00035 7 50 328 341 581 996 1003 1034
qualifying FR940525-0-00035 1 52
for FR940525-0-00035 22 53 64 112 145 244 252 385 405 414 438 460 494 505 584 595 610 638 810 822 897 934 1038
a FR940525-0-00035 15 54 121 137 146 176 209 854 865 891 939 951 1077 1104 1131 1156
reduction FR940525-0-00035 2 55 66
in FR940525-0-00035 23 56 68 99 316 473 477 492 537 546 555 564 574 734 771 851 911 961 988 1044 1076 1103 1130 1155
monthly FR940525-0-00035 5 57 371 435 471 608
premium FR940525-0-00035 4 58 436 472 609
an FR940525-0-00035 3 60 81 908
individual FR940525-0-00035 2 61 82
who FR940525-0-00035 6 62 123 139 178 211 215
qualifies FR940525-0-00035 1 63
described FR940525-0-00035 1 67
paragraph FR940525-0-00035 10 69 345 356 478 739 743 859 863 994 1001
must FR940525-0-00035 1 79
be FR940525-0-00035 1 80
who_ FR940525-0-00035 1 83
has FR940525-0-00035 4 87 109 124 957
30 FR940525-0-00035 5 88 125 141 180 217
more FR940525-0-00035 9 90 127 143 182 219 1068 1095 1122 1147
quarters FR940525-0-00035 1 91
coverage FR940525-0-00035 1 93
qcs FR940525-0-00035 5 95 128 144 183 220
as FR940525-0-00035 18 97 239 258 367 432 440 442 514 531 623 645 751 874 1012 1082 1109 1136 1161
defined FR940525-0-00035 1 98
20 FR940525-0-00035 1 100
cfr FR940525-0-00035 1 101
404.140 FR940525-0-00035 1 102
through FR940525-0-00035 11 103 391 400 419 509 588 592 599 603 1091 1118
404.146 FR940525-0-00035 1 104
; FR940525-0-00035 11 105 129 159 191 542 551 560 569 800 831 837
been FR940525-0-00035 3 110 134 958
married FR940525-0-00035 2 111 135
at FR940525-0-00035 7 113 149 168 184 201 221 936
least FR940525-0-00035 4 114 150 169 202
previous FR940525-0-00035 1 116
one FR940525-0-00035 2 117 151
year FR940525-0-00035 7 118 152 498 1079 1106 1133 1158
period FR940525-0-00035 4 119 147 387 396
worker FR940525-0-00035 5 122 138 158 177 210
had FR940525-0-00035 4 133 140 179 216
before FR940525-0-00035 2 153 1064
death FR940525-0-00035 1 155
divorced FR940525-0-00035 2 164 197
from FR940525-0-00035 7 165 198 388 397 416 1089 1116
after FR940525-0-00035 10 167 200 407 423 462 803 819 927 947 1143
10 FR940525-0-00035 2 170 203
years FR940525-0-00035 5 171 204 507 586 597
marriage FR940525-0-00035 2 173 206
time FR940525-0-00035 2 186 223
divorce FR940525-0-00035 2 188 225
became FR940525-0-00035 2 189 226
final FR940525-0-00035 2 190 227
5 FR940525-0-00035 1 194
subsequently FR940525-0-00035 1 212
died FR940525-0-00035 1 213
and FR940525-0-00035 34 214 275 297 303 326 339 344 354 383 404 422 430 570 590 601 679 685 722 729 742 756 768 777 798 815 838 842 862 883 887 904 943 979 1014
* FR940525-0-00035 50 229 230 231 232 233 374 375 376 377 378 452 453 454 455 456 613 614 615 616 617 787 788 789 790 791 845 846 847 848 849 917 918 919 920 921 982 983 984 985 986 1028 1029 1030 1031 1032 1048 1049 1050 1051 1052
c. FR940525-0-00035 1 234
part FR940525-0-00035 7 235 242 253 619 626 639 894
408 FR940525-0-00035 2 236 254
amended FR940525-0-00035 2 238 622
follows FR940525-0-00035 9 240 259 368 532 624 646 752 875 1013
: FR940525-0-00035 17 241 260 262 369 451 533 625 647 649 753 760 786 876 885 916 1019 1025
408_premiums FR940525-0-00035 1 243
supplementary FR940525-0-00035 1 245
medical FR940525-0-00035 4 246 628 755 776
insurance FR940525-0-00035 2 247 629
1. FR940525-0-00035 2 248 634
authority FR940525-0-00035 4 250 261 636 648
citation FR940525-0-00035 2 251 637
continues FR940525-0-00035 1 255
read FR940525-0-00035 6 257 366 644 750 873 1011
secs FR940525-0-00035 2 263 650
1102 FR940525-0-00035 2 265 652
1818 FR940525-0-00035 1 267
18371840 FR940525-0-00035 1 269
1843 FR940525-0-00035 1 271
1871 FR940525-0-00035 2 273 684
1881 FR940525-0-00035 2 276 686
d FR940525-0-00035 2 278 300
social FR940525-0-00035 2 282 689
security FR940525-0-00035 2 283 690
act FR940525-0-00035 4 284 308 530 691
42 FR940525-0-00035 2 286 693
usc FR940525-0-00035 3 287 311 694
1302 FR940525-0-00035 2 288 695
1395i2 FR940525-0-00035 1 290
1395p1395s FR940525-0-00035 1 292
1395v FR940525-0-00035 1 294
1395hh FR940525-0-00035 2 296 727
1395rr FR940525-0-00035 2 298 730
federal FR940525-0-00035 1 305
claims FR940525-0-00035 1 306
collection FR940525-0-00035 1 307
31 FR940525-0-00035 1 310
3711 FR940525-0-00035 1 312
2. FR940525-0-00035 2 315 733
§408.20 FR940525-0-00035 2 317 370
headings FR940525-0-00035 1 320
introductory FR940525-0-00035 3 331 738 858
are FR940525-0-00035 6 352 511 1080 1107 1134 1159
revised FR940525-0-00035 5 353 642 748 871 1009
new FR940525-0-00035 1 355
added FR940525-0-00035 1 364
premiums FR940525-0-00035 3 372 504 583
criteria FR940525-0-00035 1 382
procedures FR940525-0-00035 1 384
july FR940525-0-00035 2 389 417
1976 FR940525-0-00035 2 390 418
december FR940525-0-00035 6 392 401 408 420 424 463
1983 FR940525-0-00035 2 393 421
january FR940525-0-00035 1 398
1991 FR940525-0-00035 3 399 508 538
1995 FR940525-0-00035 3 402 510 575
periods FR940525-0-00035 3 406 415 461
1998 FR940525-0-00035 5 409 425 464 593 604
secretary FR940525-0-00035 2 428 467
determines FR940525-0-00035 2 429 468
promulgates FR940525-0-00035 2 431 490
standard FR940525-0-00035 3 434 470 607
disabled FR940525-0-00035 1 439
well FR940525-0-00035 1 441
aged FR940525-0-00035 1 443
enrollees FR940525-0-00035 1 444
lower FR940525-0-00035 1 447
following FR940525-0-00035 4 450 496 784 899
manner FR940525-0-00035 1 475
specified FR940525-0-00035 3 476 515 770
but FR940525-0-00035 1 489
it FR940525-0-00035 2 491 956
september FR940525-0-00035 1 493
calendar FR940525-0-00035 8 497 506 585 596 1078 1105 1132 1157
those FR940525-0-00035 1 512
amounts FR940525-0-00035 1 513
by FR940525-0-00035 4 516 938 950 1041
1839 FR940525-0-00035 1 518
e FR940525-0-00035 1 520
i FR940525-0-00035 2 535 1062
29.90 FR940525-0-00035 1 541
ii FR940525-0-00035 2 544 1087
1992 FR940525-0-00035 1 547
31.80 FR940525-0-00035 1 550
iii FR940525-0-00035 2 553 1114
1993 FR940525-0-00035 3 556 1119 1144
36.60 FR940525-0-00035 1 559
iv FR940525-0-00035 2 562 1141
1994 FR940525-0-00035 1 565
41.10 FR940525-0-00035 1 568
v FR940525-0-00035 1 572
46.10 FR940525-0-00035 1 578
1984 FR940525-0-00035 2 587 598
1990 FR940525-0-00035 3 589 600 1117
1996 FR940525-0-00035 2 591 602
all FR940525-0-00035 1 611
enrollees_ FR940525-0-00035 1 612
d. FR940525-0-00035 1 618
410 FR940525-0-00035 2 620 640
410_supplementary FR940525-0-00035 1 627
smi FR940525-0-00035 1 631
benefits FR940525-0-00035 1 633
1832 FR940525-0-00035 1 654
1833 FR940525-0-00035 1 656
1834 FR940525-0-00035 1 658
1835 FR940525-0-00035 1 660
1861 FR940525-0-00035 1 662
r FR940525-0-00035 2 664 707
s FR940525-0-00035 2 668 711
aa FR940525-0-00035 2 672 715
cc FR940525-0-00035 2 676 719
mm FR940525-0-00035 2 681 724
1395k FR940525-0-00035 1 697
1395l FR940525-0-00035 1 699
1395m FR940525-0-00035 1 701
1395n FR940525-0-00035 1 703
1395x FR940525-0-00035 1 705
§410.10 FR940525-0-00035 2 735 754
republished FR940525-0-00035 3 741 861 999
k FR940525-0-00035 2 745 793
other FR940525-0-00035 2 757 778
health FR940525-0-00035 2 758 779
services FR940525-0-00035 10 759 762 780 785 836 841 880 900 1024 1039
included FR940525-0-00035 1 761
subject FR940525-0-00035 1 764
conditions FR940525-0-00035 3 767 888 1026
limitations FR940525-0-00035 1 769
subpart FR940525-0-00035 1 773
`` FR940525-0-00035 1 775
'' FR940525-0-00035 1 781
includes FR940525-0-00035 1 782
home FR940525-0-00035 7 795 811 833 878 915 937 940
dialysis FR940525-0-00035 8 796 812 823 834 840 879 941 952
supplies FR940525-0-00035 4 797 843 882 902
equipment FR940525-0-00035 3 799 884 905
on FR940525-0-00035 5 801 817 925 945 1057
epoetin FR940525-0-00035 2 806 930
epo FR940525-0-00035 2 808 932
patients FR940525-0-00035 2 813 824
competent FR940525-0-00035 2 826 973
use FR940525-0-00035 3 828 935 975
drug FR940525-0-00035 2 830 977
selfcare FR940525-0-00035 1 832
support FR940525-0-00035 1 835
institutional FR940525-0-00035 1 839
3. FR940525-0-00035 1 850
§410.52 FR940525-0-00035 2 852 877
scope FR940525-0-00035 1 886
medicare FR940525-0-00035 1 893
pays FR940525-0-00035 1 896
furnished FR940525-0-00035 2 906 1040
esrd FR940525-0-00035 1 909
patient FR940525-0-00035 4 910 942 953 971
his FR940525-0-00035 1 912
her FR940525-0-00035 1 914
if FR940525-0-00035 1 955
accordance FR940525-0-00035 1 962
with FR940525-0-00035 1 963
§405.2163 FR940525-0-00035 1 964
chapter FR940525-0-00035 1 967
that FR940525-0-00035 1 969
safely FR940525-0-00035 1 978
effectively FR940525-0-00035 1 980
4. FR940525-0-00035 1 987
§410.60 FR940525-0-00035 2 989 1020
heading FR940525-0-00035 1 992
footnote FR940525-0-00035 1 1015
deleted FR940525-0-00035 1 1018
outpatient FR940525-0-00035 1 1021
physical FR940525-0-00035 2 1022 1042
therapy FR940525-0-00035 1 1023
special FR940525-0-00035 1 1036
provisions FR940525-0-00035 1 1037
therapists FR940525-0-00035 1 1043
independent FR940525-0-00035 1 1045
practice FR940525-0-00035 1 1046
limitation FR940525-0-00035 1 1056
incurred FR940525-0-00035 9 1058 1075 1083 1102 1110 1129 1137 1154 1162
expenses FR940525-0-00035 5 1059 1084 1111 1138 1163
1982 FR940525-0-00035 2 1065 1090
not FR940525-0-00035 4 1067 1094 1121 1146
than FR940525-0-00035 4 1069 1096 1123 1148
100 FR940525-0-00035 1 1071
reasonable FR940525-0-00035 4 1073 1100 1127 1152
charges FR940525-0-00035 4 1074 1101 1128 1153
recognized FR940525-0-00035 4 1081 1108 1135 1160
1989 FR940525-0-00035 1 1092
500 FR940525-0-00035 1 1098
750 FR940525-0-00035 1 1125
900 FR940525-0-00035 1 1150
e. FR940525-0-00036 1 0
part FR940525-0-00036 3 1 8 26
413 FR940525-0-00036 2 2 27
is FR940525-0-00036 7 3 110 203 216 266 309 378
amended FR940525-0-00036 1 4
as FR940525-0-00036 6 5 31 114 134 220 313
follows FR940525-0-00036 5 6 32 115 221 314
: FR940525-0-00036 6 7 33 35 116 222 315
413_principles FR940525-0-00036 1 9
of FR940525-0-00036 13 10 67 148 157 171 198 258 261 280 321 345 385 388
reasonable FR940525-0-00036 2 11 146
cost FR940525-0-00036 4 12 172 281 356
reimbursement FR940525-0-00036 1 13
; FR940525-0-00036 1 14
payment FR940525-0-00036 1 15
for FR940525-0-00036 8 16 25 129 166 246 278 355 372
endstage FR940525-0-00036 1 17
renal FR940525-0-00036 1 18
disease FR940525-0-00036 1 19
services FR940525-0-00036 6 20 151 159 167 265 374
1. FR940525-0-00036 1 21
the FR940525-0-00036 9 22 68 145 195 256 365 370 383 386
authority FR940525-0-00036 2 23 34
citation FR940525-0-00036 1 24
continues FR940525-0-00036 1 28
to FR940525-0-00036 9 29 112 119 218 225 238 311 348 382
read FR940525-0-00036 4 30 113 219 312
secs FR940525-0-00036 1 36
. FR940525-0-00036 10 37 103 124 186 228 241 294 324 335 351
1102 FR940525-0-00036 1 38
, FR940525-0-00036 28 39 41 46 48 53 58 60 62 64 76 78 83 85 90 95 97 99 133 138 144 179 184 255 288 292 363 364 377
1122 FR940525-0-00036 1 40
1814 FR940525-0-00036 1 42
( FR940525-0-00036 23 43 50 55 72 80 87 92 107 125 152 200 207 210 213 234 242 269 273 303 306 330 341 352
b FR940525-0-00036 4 44 81 304 331
) FR940525-0-00036 23 45 52 57 82 89 94 102 109 127 160 202 209 212 215 236 244 271 275 305 308 332 343 354
1815 FR940525-0-00036 1 47
1833 FR940525-0-00036 1 49
a FR940525-0-00036 5 51 88 108 126 379
1861 FR940525-0-00036 1 54
v FR940525-0-00036 2 56 93
1871 FR940525-0-00036 1 59
1881 FR940525-0-00036 1 61
1883 FR940525-0-00036 1 63
and FR940525-0-00036 6 65 100 139 180 205 250
1886 FR940525-0-00036 1 66
social FR940525-0-00036 1 69
security FR940525-0-00036 1 70
act FR940525-0-00036 1 71
42 FR940525-0-00036 1 73
usc FR940525-0-00036 1 74
1302 FR940525-0-00036 1 75
1320a1 FR940525-0-00036 1 77
1395f FR940525-0-00036 1 79
1395g FR940525-0-00036 1 84
13951 FR940525-0-00036 1 86
1395x FR940525-0-00036 1 91
1395hh FR940525-0-00036 1 96
1395rr FR940525-0-00036 1 98
1395ww FR940525-0-00036 1 101
2. FR940525-0-00036 1 104
section FR940525-0-00036 2 105 301
413.124 FR940525-0-00036 1 106
revised FR940525-0-00036 3 111 217 310
§413.124 FR940525-0-00036 1 117
reduction FR940525-0-00036 2 118 237
hospital FR940525-0-00036 3 120 150 263
outpatient FR940525-0-00036 3 121 149 264
operating FR940525-0-00036 1 122
costs FR940525-0-00036 6 123 147 156 227 240 260
except FR940525-0-00036 2 128 245
sole FR940525-0-00036 2 130 247
community FR940525-0-00036 2 131 248
hospitals FR940525-0-00036 4 132 143 249 254
defined FR940525-0-00036 1 135
in FR940525-0-00036 3 136 193 368
§412.92 FR940525-0-00036 1 137
rural FR940525-0-00036 2 140 251
primary FR940525-0-00036 2 141 252
care FR940525-0-00036 2 142 253
other FR940525-0-00036 1 153
than FR940525-0-00036 1 154
capitalrelated FR940525-0-00036 4 155 226 239 259
such FR940525-0-00036 1 158
are FR940525-0-00036 1 161
reduced FR940525-0-00036 2 162 267
by FR940525-0-00036 1 163
5.8 FR940525-0-00036 1 164
percent FR940525-0-00036 2 165 277
rendered FR940525-0-00036 1 168
during FR940525-0-00036 1 169
portions FR940525-0-00036 2 170 279
reporting FR940525-0-00036 3 173 282 357
periods FR940525-0-00036 3 174 283 358
occurring FR940525-0-00036 2 175 284
on FR940525-0-00036 4 176 285 318 360
or FR940525-0-00036 3 177 286 361
after FR940525-0-00036 3 178 287 362
before FR940525-0-00036 2 181 376
october FR940525-0-00036 1 182
1 FR940525-0-00036 2 183 243
1998 FR940525-0-00036 2 185 293
* FR940525-0-00036 25 187 188 189 190 191 229 230 231 232 233 295 296 297 298 299 325 326 327 328 329 336 337 338 339 340
3. FR940525-0-00036 1 192
§413.130 FR940525-0-00036 2 194 223
introductory FR940525-0-00036 1 196
paragraph FR940525-0-00036 3 197 199 206
j FR940525-0-00036 3 201 208 235
republished FR940525-0-00036 1 204
l FR940525-0-00036 1 211
ii FR940525-0-00036 2 214 274
introduction FR940525-0-00036 1 224
amount FR940525-0-00036 1 257
all FR940525-0-00036 1 262
by_ FR940525-0-00036 1 268
i FR940525-0-00036 2 270 353
*** FR940525-0-00036 1 272
10 FR940525-0-00036 1 276
through FR940525-0-00036 1 289
september FR940525-0-00036 1 290
30 FR940525-0-00036 1 291
4. FR940525-0-00036 1 300
413.157 FR940525-0-00036 1 302
3 FR940525-0-00036 2 307 342
§413.157 FR940525-0-00036 1 316
return FR940525-0-00036 3 317 346 371
equity FR940525-0-00036 1 319
capital FR940525-0-00036 1 320
proprietary FR940525-0-00036 2 322 349
providers FR940525-0-00036 1 323
general FR940525-0-00036 1 333
rule FR940525-0-00036 1 334
rate FR940525-0-00036 2 344 366
related FR940525-0-00036 1 347
snfs FR940525-0-00036 1 350
beginning FR940525-0-00036 1 359
used FR940525-0-00036 1 367
determining FR940525-0-00036 1 369
snf FR940525-0-00036 1 373
furnished FR940525-0-00036 1 375
percentage FR940525-0-00036 1 380
equal FR940525-0-00036 1 381
average FR940525-0-00036 1 384
rates FR940525-0-00036 1 387
interest FR940525-0-00036 1 389
