in FR941206-1-00134 118 115288 115302 115449 115554 115592 115663 115671 115719 115858 115932 115947 115956 115982 116138 116194 116198 116222 116238 116255 116277 116321 116359 116376 116586 116597 116715 116780 116809 116818 116843 116876 116892 116915 117101 117141 117199 117216 117247 117268 117275 117289 117328 117390 117394 117399 117409 117423 117453 117506 117546 117558 117581 117616 117647 117666 117876 117903 117907 117919 117949 117970 118101 118179 118350 118367 118425 118537 118544 118563 118573 118634 118654 118674 118677 118707 118741 118795 118827 118838 118885 118959 119041 119073 119126 119171 119219 119229 119302 119330 119345 119360 119477 119501 119524 119534 119553 119571 119586 119616 119755 119856 119886 119928 119986 120001 120111 120117 120131 120153 120166 120199 120244 120265 120289 120407 120417 120419 120430
writing FR941206-1-00134 1 115289
by FR941206-1-00134 20 115290 115618 115727 115908 115980 116205 116302 116337 116433 117734 117782 118046 118067 118118 118257 118548 118835 119493 119781 119794
december FR941206-1-00134 1 115291
20 FR941206-1-00134 5 115292 118405 118571 118616 118648
, FR941206-1-00134 233 115293 115295 115304 115321 115331 115338 115340 115341 115344 115348 115350 115352 115363 115365 115372 115379 115383 115387 115391 115393 115395 115398 115405 115412 115445 115447 115451 115472 115474 115509 115515 115533 115540 115548 115549 115559 115560 115567 115568 115601 115658 115660 115684 115714 115716 115754 115895 115927 115929 115942 115944 115978 115979 116003 116010 116084 116096 116105 116158 116246 116287 116323 116484 116527 116557 116624 116654 116683 116696 116722 116763 116766 116769 116775 116800 116834 116836 116872 116880 116886 116889 116920 116945 116966 117071 117114 117144 117189 117242 117244 117249 117261 117263 117280 117287 117294 117344 117360 117365 117370 117414 117421 117428 117561 117570 117583 117597 117621 117631 117641 117673 117683 117741 117758 117762 117764 117785 117786 117795 117796 117803 117825 117827 117831 117839 117855 117878 117887 117909 117921 117942 117963 117985 117997 118018 118021 118022 118031 118051 118053 118083 118103 118131 118135 118136 118205 118207 118209 118255 118260 118261 118270 118290 118300 118336 118369 118394 118429 118460 118480 118493 118513 118541 118556 118566 118580 118593 118597 118602 118636 118704 118724 118726 118743 118840 118910 118911 118948 118967 118990 118992 119005 119021 119030 119088 119112 119120 119123 119125 119132 119142 119173 119212 119221 119225 119235 119253 119268 119322 119347 119427 119429 119462 119479 119540 119542 119606 119613 119631 119634 119692 119694 119707 119753 119839 119890 119892 119984 119996 120005 120032 120041 120044 120064 120082 120137 120157 120173 120233 120241 120300 120346 120435
1994 FR941206-1-00134 1 115294
an FR941206-1-00134 43 115296 115489 115518 115631 115706 115730 115741 115774 115823 115828 115905 116554 116581 116587 116609 116643 116720 116942 116963 117031 117069 117184 117461 117653 117912 118330 118450 118528 118568 118646 118890 119134 119162 119174 119239 119270 119331 119682 119778 119825 119933 120089 120220
informal FR941206-1-00134 1 115297
hearing FR941206-1-00134 1 115298
will FR941206-1-00134 9 115299 115486 115628 116661 117206 117651 117684 117697 119822
be FR941206-1-00134 37 115300 115310 115324 115787 115899 116192 116778 117044 117207 117544 117685 117698 117924 117967 117983 117989 118005 118043 118116 118198 118213 118284 118294 118307 118464 118750 119202 119264 119277 119355 119414 119654 119912 119927 120144 120292 120450
held FR941206-1-00134 1 115301
washington FR941206-1-00134 3 115303 115351 115394
dc FR941206-1-00134 3 115305 115353 115396
on FR941206-1-00134 30 115306 115711 115958 116708 116734 116869 116947 116968 117148 117240 117364 117473 117784 117794 117802 117854 117891 118020 118087 118134 118248 118259 118441 118728 118763 119069 119950 120010 120362 120440
a FR941206-1-00134 73 115307 115583 115597 115651 115767 115875 116127 116161 116214 116293 116311 116346 116368 116389 116404 116443 116469 116487 116509 116530 116612 116632 116650 116740 116901 116907 117024 117080 117138 117190 117336 117381 117406 117490 117524 117590 117618 117704 117750 117805 117834 117884 117889 118010 118049 118080 118142 118188 118223 118232 118242 118312 118333 118372 118386 118508 118612 118667 118854 118870 119047 119055 119207 119296 119368 119518 119557 119609 119814 120129 120151 120164 120237
date FR941206-1-00134 1 115308
to FR941206-1-00134 175 115309 115326 115475 115494 115636 115746 115765 115779 115848 115904 116076 116085 116097 116107 116130 116134 116165 116173 116179 116191 116218 116251 116273 116315 116350 116372 116393 116408 116412 116419 116447 116473 116490 116512 116533 116545 116577 116592 116630 116634 116647 116663 116671 116718 116878 116903 116918 116938 117012 117022 117036 117062 117066 117077 117133 117151 117157 117164 117171 117177 117186 117209 117213 117234 117445 117459 117504 117529 117543 117568 117588 117610 117626 117633 117658 117700 117724 117765 117822 117832 117846 117861 118009 118028 118059 118071 118144 118157 118187 118267 118286 118296 118311 118455 118466 118586 118679 118717 118729 118755 118768 118785 118848 118858 118863 118895 118930 118936 119053 119082 119101 119140 119156 119161 119166 119177 119201 119206 119232 119258 119266 119273 119287 119298 119357 119376 119392 119398 119438 119446 119452 119456 119483 119530 119548 119560 119567 119629 119656 119664 119704 119728 119737 119762 119797 119812 119830 119851 119936 119945 119991 120011 120060 120094 120107 120133 120149 120160 120179 120195 120217 120259 120272 120291 120294 120311 120326 120330 120340 120351 120357 120381 120395 120414 120452
announced FR941206-1-00134 1 115311
later FR941206-1-00134 1 115312
. FR941206-1-00134 179 115313 115355 115381 115424 115463 115499 115520 115572 115641 115685 115723 115793 115814 115836 115871 115890 115916 115961 115972 115991 116019 116058 116117 116153 116209 116234 116306 116341 116363 116383 116400 116437 116463 116481 116500 116522 116540 116542 116601 116646 116679 116693 116704 116714 116739 116741 116744 116754 116784 116786 116789 116812 116839 116852 116854 116856 116867 116894 116906 116929 116931 116935 116956 116972 116986 117050 117096 117110 117140 117176 117219 117221 117258 117300 117384 117434 117465 117513 117548 117615 117663 117709 117711 117727 117737 117739 117746 117776 117804 117806 117809 117815 117850 117880 117893 117928 117957 118013 118039 118063 118076 118089 118127 118165 118181 118193 118220 118237 118250 118280 118315 118326 118398 118424 118477 118535 118577 118604 118633 118650 118676 118720 118758 118760 118765 118776 118808 118837 118865 118913 118943 118946 118979 119002 119038 119067 119138 119164 119210 119228 119249 119283 119306 119344 119387 119405 119420 119441 119455 119476 119512 119538 119575 119604 119637 119646 119648 119670 119689 119724 119767 119804 119835 119860 119917 119940 119972 120016 120039 120091 120114 120155 120203 120230 120253 120279 120318 120374 120429
addresses FR941206-1-00134 1 115314
: FR941206-1-00134 12 115315 115360 115400 115407 115414 115427 115737 116066 116702 117477 117823 118385
comments FR941206-1-00134 1 115316
should FR941206-1-00134 5 115317 115323 118463 119590 120449
reference FR941206-1-00134 1 115318
docket FR941206-1-00134 2 115319 119083
# FR941206-1-00134 1 115320
and FR941206-1-00134 122 115322 115336 115377 115452 115507 115512 115552 115561 115661 115717 115755 115784 115820 115825 115867 115930 115945 115951 116033 116094 116106 116136 116177 116220 116232 116253 116265 116267 116275 116285 116325 116374 116418 116449 116454 116498 116506 116520 116711 116729 116736 116752 116767 116776 116816 116837 116858 116890 116933 116977 117041 117125 117131 117203 117228 117245 117273 117306 117345 117388 117401 117447 117457 117471 117481 117496 117521 117531 117538 117555 117560 117579 117689 117692 117789 117797 117828 117840 117910 117991 117998 118001 118054 118104 118152 118227 118301 118337 118491 118499 118514 118567 118582 118598 118620 118639 118666 118860 118882 118898 118906 118993 119033 119076 119191 119269 119300 119309 119503 119569 119582 119614 119854 119997 120033 120083 120138 120146 120186 120242 120301 120390
sent FR941206-1-00134 1 115325
tsca FR941206-1-00134 15 115327 115440 115500 115532 115586 115654 116002 116038 116573 117007 118686 118796 118929 119691 119957
nonconfidential FR941206-1-00134 1 115328
information FR941206-1-00134 11 115329 115358 115426 119078 119230 119395 119434 119466 119547 119760 120325
center FR941206-1-00134 1 115330
epa/office FR941206-1-00134 1 115332
of FR941206-1-00134 171 115333 115374 115433 115455 115492 115531 115545 115556 115564 115585 115590 115623 115634 115653 115665 115673 115721 115744 115777 115852 115883 116001 116022 116054 116228 116261 116281 116292 116319 116330 116354 116460 116494 116504 116516 116572 116590 116618 116706 116727 116732 116822 116848 116865 116910 116940 116961 117006 117034 117060 117085 117119 117223 117256 117266 117293 117319 117335 117338 117355 117368 117380 117392 117427 117451 117485 117492 117517 117535 117541 117574 117602 117656 117669 117677 117694 117713 117729 117752 117760 117769 117870 117947 117969 118045 118098 118110 118121 118163 118174 118200 118235 118343 118375 118388 118407 118413 118453 118475 118502 118539 118551 118589 118614 118661 118669 118685 118737 118830 118876 118887 118893 118928 118934 118939 118962 118965 118982 118995 118999 119011 119026 119057 119062 119099 119105 119129 119148 119181 119261 119311 119314 119320 119329 119351 119363 119371 119383 119401 119410 119424 119496 119506 119509 119564 119584 119619 119650 119658 119685 119742 119757 119789 119819 119828 119844 119879 119907 119920 119956 120037 120077 120080 120096 120126 120247 120263 120365 120399 120403 120422
pollution FR941206-1-00134 2 115334 115375
prevention FR941206-1-00134 2 115335 115376
toxics FR941206-1-00134 2 115337 115378
room FR941206-1-00134 1 115339
northeast FR941206-1-00134 1 115342
mall FR941206-1-00134 1 115343
401 FR941206-1-00134 2 115345 115388
m FR941206-1-00134 2 115346 115389
street FR941206-1-00134 1 115347
sw FR941206-1-00134 1 115349
20460 FR941206-1-00134 2 115354 115397
for FR941206-1-00134 94 115356 115516 115668 115678 115705 115789 115822 115830 115881 115901 115925 115939 115996 116008 116027 116061 116082 116091 116103 116115 116140 116196 116224 116230 116257 116263 116283 116328 116356 116398 116452 116457 116479 116496 116518 116538 116621 116950 117046 117068 117111 117137 117161 117174 117181 117183 117226 117271 117304 117353 117373 117377 117397 117440 117455 117489 117519 117774 117813 117868 117905 117926 117994 118037 118074 118161 118191 118278 118332 118473 118507 118618 118672 119009 119065 119113 119242 119281 119417 119678 119994 119999 120087 120104 120189 120227 120276 120286 120298 120335 120344 120372 120384 120427
further FR941206-1-00134 2 115357 119942
contact FR941206-1-00134 1 115359
susan FR941206-1-00134 1 115361
hazen FR941206-1-00134 1 115362
director FR941206-1-00134 1 115364
environmental FR941206-1-00134 4 115366 115384 116525 116787
assistance FR941206-1-00134 1 115367
division FR941206-1-00134 1 115368
( FR941206-1-00134 95 115369 115401 115408 115415 115419 115430 115439 115466 115528 115537 115576 115579 115582 115604 115607 115610 115644 115647 115650 115688 115691 115694 115738 115756 115794 115798 115801 115804 115807 115810 115839 115842 115861 115864 115868 115986 116041 116044 116047 116123 116183 116200 116296 116332 116428 116560 116563 116566 116569 116680 116687 116690 116924 116994 116997 117000 117003 117284 117295 117321 117346 117418 117429 117510 117595 117607 117743 117856 118023 118137 118149 118262 118379 118623 118689 118692 118695 118698 118799 118802 118805 119079 119185 119223 119625 119801 119807 119960 119963 119966 119969 120047 120050 120053 120056
7408 FR941206-1-00134 1 115370
) FR941206-1-00134 95 115371 115403 115410 115417 115423 115432 115441 115468 115530 115539 115578 115581 115584 115606 115609 115612 115646 115649 115652 115690 115693 115696 115740 115758 115800 115803 115806 115809 115812 115813 115841 115844 115863 115866 115870 115990 116043 116046 116049 116125 116190 116208 116305 116340 116436 116562 116565 116568 116571 116689 116692 116694 116928 116996 116999 117002 117005 117286 117299 117323 117348 117420 117433 117514 117599 117609 117745 117859 118026 118140 118154 118265 118396 118632 118691 118694 118697 118700 118801 118804 118807 119087 119198 119227 119636 119803 119809 119962 119965 119968 119971 120049 120052 120055 120058
office FR941206-1-00134 1 115373
rm FR941206-1-00134 1 115380
e543b FR941206-1-00134 1 115382
protection FR941206-1-00134 2 115385 119593
agency FR941206-1-00134 3 115386 120226 120329
st. FR941206-1-00134 1 115390
sw. FR941206-1-00134 1 115392
telephone FR941206-1-00134 1 115399
202 FR941206-1-00134 3 115402 115409 115416
5541404 FR941206-1-00134 1 115404
tdd FR941206-1-00134 1 115406
5540551 FR941206-1-00134 1 115411
fax FR941206-1-00134 1 115413
5545603 FR941206-1-00134 1 115418
document FR941206-1-00134 1 115420
requests FR941206-1-00134 6 115421 116060 117182 117883 118079 118241
only FR941206-1-00134 7 115422 115898 117352 118489 119435 119989 120175
supplementary FR941206-1-00134 1 115425
section FR941206-1-00134 19 115428 115464 115526 115574 115602 115642 115686 115837 115859 115999 116039 116558 116992 118687 118797 119805 119958 120045 120070
6 FR941206-1-00134 17 115429 115465 115527 115575 115603 115643 115687 115838 115860 116000 116040 116559 116993 118688 118798 119959 120046
e FR941206-1-00134 20 115431 115467 115529 115538 115577 115605 115645 115689 115799 115840 115862 116042 116561 116995 118690 118800 119802 119808 119961 120048
the FR941206-1-00134 269 115434 115443 115453 115458 115481 115497 115543 115550 115562 115588 115615 115621 115639 115656 115669 115703 115709 115712 115724 115733 115749 115782 115815 115850 115856 115879 115912 115936 115940 115952 115983 116052 116059 116174 116206 116268 116290 116297 116303 116338 116434 116458 116575 116595 116598 116604 116616 116637 116657 116666 116669 116699 116712 116725 116730 116737 116758 116761 116773 116781 116795 116810 116819 116829 116861 116904 116916 116919 116936 116948 116952 116957 116969 117010 117039 117058 117063 117083 117091 117117 117121 117127 117145 117149 117200 117211 117217 117238 117254 117264 117276 117290 117378 117386 117410 117424 117438 117468 117474 117533 117539 117549 117572 117600 117603 117611 117624 117628 117638 117644 117648 117661 117667 117670 117675 117680 117695 117735 117777 117787 117798 117851 117881 117939 117954 117964 117980 118040 118119 118128 118158 118166 118185 118194 118281 118302 118408 118442 118458 118495 118503 118621 118624 118655 118659 118680 118735 118781 118809 118815 118824 118828 118844 118874 118879 118883 118899 118925 118932 118937 118940 118960 118968 118977 118988 119042 119070 119074 119092 119097 119109 119127 119152 119157 119213 119233 119290 119303 119307 119325 119348 119364 119379 119384 119399 119402 119411 119418 119422 119448 119453 119459 119488 119494 119504 119535 119562 119565 119572 119576 119580 119601 119617 119638 119659 119667 119686 119722 119740 119743 119751 119758 119764 119771 119784 119790 119817 119833 119842 119845 119849 119852 119857 119861 119868 119871 119874 119877 119887 119897 119900 119903 119918 119929 119937 119947 119951 120006 120017 120024 120075 120078 120084 120092 120101 120124 120193 120200 120225 120245 120260 120273 120284 120287 120295 120313 120328 120332 120359 120363 120379 120397 120400 120408 120420 120431 120441 120445 120453
toxic FR941206-1-00134 2 115435 116751
substances FR941206-1-00134 1 115436
control FR941206-1-00134 1 115437
act FR941206-1-00134 1 115438
bans FR941206-1-00134 2 115442 115587
manufacture FR941206-1-00134 7 115444 115544 115657 115713 116351 116448 116491
processing FR941206-1-00134 9 115446 115551 115659 115715 115928 115943 117243 117387 118120
distribution FR941206-1-00134 10 115448 115553 115662 115670 115718 115931 115946 117246 117389 118884
commerce FR941206-1-00134 22 115450 115555 115664 115672 115720 115933 115948 116139 116195 116223 116256 116278 116377 117248 117391 117454 117507 117547 117559 117582 118886 120002
use FR941206-1-00134 15 115454 115563 115589 115622 115627 116006 116197 116357 116409 116456 117255 117265 117277 117398 120000
pcbs FR941206-1-00134 81 115456 115459 115546 115557 115565 115591 115624 115666 115674 115722 115853 115884 115891 116009 116167 116182 116229 116262 116282 116320 116355 116414 116451 116495 116517 116707 116733 116749 116755 116813 116881 116899 117048 117162 117175 117188 117215 117236 117257 117267 117320 117369 117393 117452 117518 117542 117557 117575 117726 117812 117849 117948 118000 118186 118195 118236 118534 118662 118877 118888 118935 118966 119315 119326 119352 119377 119497 119522 119551 119585 119660 119791 119821 119881 119909 119922 119993 120264 120288 120343 120366
unless FR941206-1-00134 2 115457 115569
are FR941206-1-00134 22 115460 115964 116051 116063 116750 116793 116807 116814 116860 117577 117902 117917 118094 118348 118362 118584 119327 119499 119746 119792 119883 120255
totally FR941206-1-00134 2 115461 115598
enclosed FR941206-1-00134 2 115462 115599
gives FR941206-1-00134 2 115469 117564
epa FR941206-1-00134 58 115470 115503 115847 115872 115909 115920 115954 115992 116025 116625 116655 116697 116723 116745 116873 116895 116973 117072 117097 117115 117250 117259 117466 117530 117569 117585 117622 117719 117747 117783 117821 117977 118068 118258 118316 118434 118766 118777 118841 118866 118914 118950 119089 119254 119463 119513 119695 119725 119795 119811 119840 119864 119941 120065 120303 120347 120375 120436
authority FR941206-1-00134 5 115471 115525 115919 117233 117625
however FR941206-1-00134 8 115473 118725 119428 119541 119693 119891 120004 120156
authorize FR941206-1-00134 3 115476 115620 117253
these FR941206-1-00134 11 115477 115973 116421 116911 117730 118122 118445 118739 118820 119651 120336
pcb FR941206-1-00134 43 115478 116078 116087 116099 116109 116294 116791 117382 117411 117487 117536 117770 117836 117864 117900 117915 118033 118099 118111 118147 118225 118344 118383 118390 118415 118468 118520 118554 118831 119000 119014 119028 119031 119063 119106 119149 119183 119622 120098 120135 120250 120354 120404
activities FR941206-1-00134 9 115479 116362 117488 117537 117645 117702 118487 119688 119774
if FR941206-1-00134 6 115480 115625 115732 117932 119324 119816
administrator FR941206-1-00134 8 115482 115616 115704 115725 115734 115816 116576 117011
finds FR941206-1-00134 4 115483 115735 119943 120304
that FR941206-1-00134 94 115484 115502 115614 115675 115698 115736 115877 116148 116168 116579 116606 116622 116636 116659 116748 116875 116898 117014 117079 117087 117324 117349 117478 117497 117502 117576 117593 117898 117911 117931 118092 118106 118170 118339 118360 118402 118432 118444 118517 118547 118607 118642 118711 118731 118746 118780 118787 118843 118850 118873 118918 118952 118971 119045 119091 119194 119238 119256 119289 119353 119408 119470 119487 119498 119515 119520 119587 119598 119661 119674 119700 119715 119739 119770 119783 119786 119863 119867 119882 119896 119910 119923 119976 119987 120023 120067 120120 120141 120162 120210 120267 120305 120377 120391
they FR941206-1-00134 6 115485 116806 116826 117155 118292 119006
not FR941206-1-00134 35 115487 115629 115752 115772 115831 116584 116641 117029 117169 117372 118197 118448 118483 118526 118628 118715 118749 118812 119186 119294 119544 119697 119712 119717 119776 119823 119894 119926 119981 119998 120030 120169 120206 120282 120322
present FR941206-1-00134 11 115488 115630 115773 116900 117030 118178 118349 118366 118889 119824 119885
unreasonable FR941206-1-00134 16 115490 115632 115742 115775 116549 116588 116644 116653 117032 117654 118451 118510 118791 118891 119779 119826
risk FR941206-1-00134 27 115491 115633 115743 115776 116550 116589 116645 116651 116866 117033 117655 118452 118511 118792 118892 118957 118978 119297 119319 119370 119508 119529 119558 119566 119780 119827 119843
injury FR941206-1-00134 10 115493 115635 115745 115778 116591 117035 117657 118454 118894 119829
health FR941206-1-00134 18 115495 115637 115747 115780 116593 116664 116710 116742 117037 117659 118456 118897 119299 119531 119568 119720 119831 119853
or FR941206-1-00134 35 115496 115638 115748 115781 116594 116665 116675 117038 117135 117163 117330 117358 117361 117366 117375 117500 117515 117551 117613 117632 117660 117674 118457 118530 118752 119124 119160 119340 119373 119532 119559 119596 119721 119832 120370
environment FR941206-1-00134 21 115498 115640 115750 115783 116596 116667 116713 116738 116811 116905 117040 117662 118459 118900 118938 119301 119533 119570 119723 119834 119855
provides FR941206-1-00134 4 115501 115613 115697 118400
may FR941206-1-00134 14 115504 115617 115701 115726 115786 115817 115826 115897 116882 117043 117251 119653 119701 120386
set FR941206-1-00134 2 115505 115818
terms FR941206-1-00134 4 115506 115819 117470 118538
conditions FR941206-1-00134 3 115508 115821 117472
including FR941206-1-00134 1 115510
recordkeeping FR941206-1-00134 1 115511
reporting FR941206-1-00134 1 115513
requirements FR941206-1-00134 1 115514
granting FR941206-1-00134 8 115517 116553 116580 116674 116941 117617 118819 120088
exemption FR941206-1-00134 42 115519 115707 115731 115824 115829 115906 115949 115959 116031 116062 116555 116582 116610 116623 116721 116922 116943 116953 116964 116984 117070 117120 117185 117225 117408 117463 117476 117604 117620 117630 117640 117650 117672 117682 117715 117722 117886 118082 118331 120090 120229 120428
i. FR941206-1-00134 1 115521
background FR941206-1-00134 1 115522
a. FR941206-1-00134 3 115523 116548 117717
statutory FR941206-1-00134 1 115524
15 FR941206-1-00134 3 115534 115795 116684
usc FR941206-1-00134 3 115535 115796 116685
2605 FR941206-1-00134 3 115536 115797 116686
generally FR941206-1-00134 4 115541 116682 120073 120406
prohibits FR941206-1-00134 2 115542 115655
after FR941206-1-00134 3 115547 115558 115566
otherwise FR941206-1-00134 2 115570 119925
permitted FR941206-1-00134 6 115571 118066 118224 118320 118436 119793
while FR941206-1-00134 3 115573 118949 120040
2 FR941206-1-00134 9 115580 115608 115865 116930 117347 118025 118078 118579 118638
any FR941206-1-00134 11 115593 115699 117317 117498 117635 117664 118467 118963 119188 119468 120208
manner FR941206-1-00134 2 115594 115600
other FR941206-1-00134 8 115595 115680 116269 118625 118651 119341 119374 120013
than FR941206-1-00134 7 115596 115681 115833 116185 117341 120191 120413
b FR941206-1-00134 12 115611 115695 115805 116048 116567 116785 117001 118696 118759 118806 119967 120054
rule FR941206-1-00134 10 115619 115728 115995 116057 116923 117279 117413 117436 117592 117706
such FR941206-1-00134 7 115626 115790 117195 119243 119334 119556 120219
3 FR941206-1-00134 18 115648 115692 115802 115869 116045 116564 116998 118139 118239 118479 118581 118609 118693 118803 119131 119426 119964 120051
except FR941206-1-00134 1 115667
were FR941206-1-00134 5 115676 115975 117732 117791 117936
sold FR941206-1-00134 1 115677
purposes FR941206-1-00134 6 115679 116329 117354 117869 118162 118474
resale FR941206-1-00134 1 115682
before FR941206-1-00134 4 115683 116552 118216 120222
person FR941206-1-00134 4 115700 117064 117442 117499
petition FR941206-1-00134 50 115702 116036 116128 116162 116202 116215 116248 116270 116299 116312 116334 116347 116369 116390 116405 116430 116444 116470 116488 116510 116531 116556 116678 116971 116985 117113 117464 117779 117852 117857 117882 117894 118017 118024 118077 118130 118138 118167 118238 118254 118263 118478 118545 118608 118721 119130 119425 119973 120007 120118
from FR941206-1-00134 30 115708 116080 116089 116101 116113 116145 116380 116415 116477 116611 116673 117231 117237 117637 117755 117772 117820 117866 117976 118035 118155 118276 118356 118471 118663 118773 118818 119204 119279 119627
prohibition FR941206-1-00134 2 115710 116614
grant FR941206-1-00134 4 115729 115827 116546 116719
i FR941206-1-00134 4 115739 115808 116570 118921
would FR941206-1-00134 40 115751 116583 116640 117952 117966 117982 117988 118004 118042 118115 118183 118196 118283 118293 118306 118411 118558 118610 118644 118748 118822 118973 118986 119007 119144 119196 119199 119245 119263 119276 119293 119316 119354 119413 119491 119787 119911 119924 120143 120268
result FR941206-1-00134 2 115753 116585
ii FR941206-1-00134 7 115757 115811 116541 117004 118699 119970 120057
good FR941206-1-00134 11 115759 116988 117016 117093 117104 118681 118855 119952 120025 120214 120314
faith FR941206-1-00134 11 115760 116989 117017 117094 117105 118682 118856 119953 120026 120215 120315
efforts FR941206-1-00134 11 115761 116990 117018 117095 117106 118683 118857 119954 120027 120216 120316
have FR941206-1-00134 9 115762 116149 117019 117107 118371 118701 119200 120309 120387
been FR941206-1-00134 6 115763 116150 116170 117020 117108 118702
made FR941206-1-00134 8 115764 116379 117021 117090 117109 118853 118869 120212
develop FR941206-1-00134 4 115766 117023 117134 118861
chemical FR941206-1-00134 4 115768 116189 117025 117362
substance FR941206-1-00134 2 115769 117026
which FR941206-1-00134 12 115770 115785 116004 116050 116801 116951 117027 117042 118370 118481 119589 120444
does FR941206-1-00134 10 115771 117028 118482 118723 119696 119711 119893 120008 120029 120205
substituted FR941206-1-00134 2 115788 117045
polychlorinated FR941206-1-00134 1 115791
biphenyl FR941206-1-00134 1 115792
more FR941206-1-00134 5 115832 117331 117340 117516 120231
1 FR941206-1-00134 13 115834 115843 116034 116691 116703 117322 117738 117858 117895 118546 118722 119974 120119
year FR941206-1-00134 2 115835 119049
also FR941206-1-00134 11 115845 116178 116896 117008 117252 118132 118240 118916 119389 119640 119672
authorizes FR941206-1-00134 3 115846 115878 119810
regulate FR941206-1-00134 1 115849
disposal FR941206-1-00134 49 115851 115882 115902 116083 116095 116104 116116 117775 117814 117837 117871 117906 117927 118038 118075 118164 118192 118279 118324 118438 118476 118486 118670 118994 119066 119114 119141 119169 119310 119583 119611 119623 119644 119676 119773 119846 119878 119995 120014 120239 120251 120278 120299 120345 120355 120373 120385 120410 120433
consistent FR941206-1-00134 2 115854 116602
with FR941206-1-00134 12 115855 115885 115892 116240 116603 117972 118084 118245 119396 119421 119436 120367
provisions FR941206-1-00134 1 115857
has FR941206-1-00134 33 115873 116626 116746 116974 117073 117082 117089 117748 117817 117842 118228 118319 118435 118525 118733 118778 118783 118811 118846 118852 118867 118915 119285 119390 119431 119481 119543 119641 119735 119865 120122 120281 120321
issued FR941206-1-00134 1 115874
regulation FR941206-1-00134 1 115876
import FR941206-1-00134 30 115880 116077 116086 116098 116108 116180 116316 116394 116450 116474 116534 117187 117214 117718 117725 117766 117862 118029 118145 118268 118864 118875 118961 118974 119054 119665 119992 120341 120364 120383
concentrations FR941206-1-00134 3 115886 115894 119017
below FR941206-1-00134 1 115887
50 FR941206-1-00134 2 115888 120368
ppm FR941206-1-00134 4 115889 118151 119020 120369
greater FR941206-1-00134 2 115893 120371
currently FR941206-1-00134 2 115896 119211
imported FR941206-1-00134 5 115900 117925 117937 118470 120293
pursuant FR941206-1-00134 2 115903 119796
granted FR941206-1-00134 1 115907
based FR941206-1-00134 6 115910 116868 117052 118440 119068 119949
upon FR941206-1-00134 3 115911 117053 117642
criteria FR941206-1-00134 7 115913 118684 118713 119955 119978 120028 120317
discussed FR941206-1-00134 1 115914
above FR941206-1-00134 1 115915
b. FR941206-1-00134 2 115917 116987
regulatory FR941206-1-00134 1 115918
's FR941206-1-00134 5 115921 115993 118553 119013 120425
interim FR941206-1-00134 3 115922 117844 118229
procedural FR941206-1-00134 2 115923 115994
rules FR941206-1-00134 6 115924 115963 115974 120356 120411 120434
manufacturing FR941206-1-00134 3 115926 115941 117241
exemptions FR941206-1-00134 3 115934 117412 120339
describes FR941206-1-00134 1 115935
required FR941206-1-00134 2 115937 118794
content FR941206-1-00134 1 115938
petitions FR941206-1-00134 31 115950 115960 116032 116073 116245 116547 117716 117723 117731 117754 117808 118428 118578 118626 118637 118656 118710 118719 118764 118772 118821 118985 119044 119075 119094 119234 119732 119948 120020 120308 120426
procedures FR941206-1-00134 2 115953 118501
follows FR941206-1-00134 2 115955 116065
rulemaking FR941206-1-00134 4 115957 115997 116024 117691
those FR941206-1-00134 3 115962 117950 120109
codified FR941206-1-00134 1 115965
at FR941206-1-00134 11 115966 116013 117311 117605 117872 117959 118124 118201 119016 119116 119133
40 FR941206-1-00134 8 115967 116014 117281 117312 117415 118171 118903 119798
cfr FR941206-1-00134 7 115968 116015 117282 117313 117416 118904 119799
750.10 FR941206-1-00134 1 115969
through FR941206-1-00134 8 115970 116017 116760 116832 116846 117687 118048 119151
750.41 FR941206-1-00134 1 115971
amended FR941206-1-00134 1 115976
effective FR941206-1-00134 2 115977 120261
notice FR941206-1-00134 2 115981 117688
federal FR941206-1-00134 3 115984 117291 117425
register FR941206-1-00134 3 115985 117292 117426
59 FR941206-1-00134 1 115987
fr FR941206-1-00134 5 115988 116926 117297 117431 118908
16991 FR941206-1-00134 1 115989
under FR941206-1-00134 7 115998 116037 117405 119690 119836 120068 120443
governs FR941206-1-00134 1 116005
authorizations FR941206-1-00134 1 116007
is FR941206-1-00134 35 116011 116652 116913 116954 117123 117147 117309 117325 117350 117403 117707 117860 118027 118065 118141 118177 118222 118266 118328 118714 118789 118924 118954 119217 119517 119615 119726 119979 120106 120168 120183 120243 120348 120393 120437
found FR941206-1-00134 1 116012
750.1 FR941206-1-00134 1 116016
750.9 FR941206-1-00134 1 116018
c. FR941206-1-00134 1 116020
history FR941206-1-00134 1 116021
this FR941206-1-00134 18 116023 116055 116201 116333 116429 116628 116840 117075 117179 117435 118461 118712 119251 119837 119915 119977 120069 120228
received FR941206-1-00134 12 116026 117720 117749 117781 117793 117801 117818 117843 117853 118019 118133 118256
consideration FR941206-1-00134 2 116028 116980
18 FR941206-1-00134 1 116029
new FR941206-1-00134 1 116030
renewal FR941206-1-00134 1 116035
subject FR941206-1-00134 1 116053
proposed FR941206-1-00134 12 116056 116638 116921 118761 118834 119291 119403 119687 119744 119772 120409 120432
as FR941206-1-00134 14 116064 116289 116425 116825 117315 118231 118505 118793 118833 119022 119024 119335 119709 120178
1. FR941206-1-00134 1 116067
sd FR941206-1-00134 3 116068 117756 118774
myers FR941206-1-00134 56 116069 117744 117757 117810 117873 117929 117960 117973 118014 118047 118064 118090 118182 118202 118221 118251 118287 118321 118327 118399 118430 118518 118542 118605 118619 118705 118732 118775 118972 118983 119039 119117 119143 119167 119195 119236 119284 119336 119388 119406 119430 119480 119539 119662 119671 119730 119734 119768 119988 120115 120158 120174 120190 120204 120280 120320
submitted FR941206-1-00134 16 116070 116126 116160 116213 116243 116310 116345 116367 116388 116403 116442 116468 116486 116508 116529 120323
four FR941206-1-00134 11 116071 116181 117753 118427 118709 118771 118981 119043 119093 120307 120337
individual FR941206-1-00134 4 116072 116970 117462 120423
seeking FR941206-1-00134 18 116074 116129 116163 116216 116249 116271 116313 116348 116370 116391 116406 116445 116471 116489 116511 116532 116608 117065
approvals FR941206-1-00134 1 116075
transformers FR941206-1-00134 13 116079 116147 116417 117865 117901 117916 117935 117951 117965 117981 118555 119029 120136
canada FR941206-1-00134 30 116081 116090 116102 116114 116478 117773 117867 117908 118036 118102 118156 118180 118277 118351 118368 118472 118552 118675 118742 119012 119502 119525 119554 119607 120112 120132 120154 120167 120234 120266
capacitors FR941206-1-00134 8 116088 117830 118034 118041 118073 118100 118123 119032
metal FR941206-1-00134 3 116092 117995 118575
recovery FR941206-1-00134 2 116093 117996
fluids FR941206-1-00134 2 116100 119015
containing FR941206-1-00134 2 116110 118345
light FR941206-1-00134 4 116111 118274 118346 119036
ballasts FR941206-1-00134 5 116112 118275 118282 118347 119037
2. FR941206-1-00134 1 116118
electrical FR941206-1-00134 1 116119
apparatus FR941206-1-00134 1 116120
service FR941206-1-00134 4 116121 116526 117920 118564
association FR941206-1-00134 1 116122
easa FR941206-1-00134 1 116124
renew FR941206-1-00134 1 116131
their FR941206-1-00134 4 116132 117486 118437 120270
approval FR941206-1-00134 15 116133 116164 116217 116250 116272 116314 116349 116371 116392 116407 116446 116472 117819 117845 118230
process FR941206-1-00134 14 116135 116219 116252 116274 116373 117446 117554 117838 118057 118062 118072 119192 119618 120246
distribute FR941206-1-00134 8 116137 116221 116254 116276 116375 117448 117505 117556
reuse FR941206-1-00134 1 116141
nons FR941206-1-00134 2 116142 117173
component FR941206-1-00134 1 116143
parts FR941206-1-00134 2 116144 119362
pcbcontaminated FR941206-1-00134 2 116146 116381
double FR941206-1-00134 1 116151
washed/rinsed FR941206-1-00134 1 116152
3. FR941206-1-00134 1 116154
mtm FR941206-1-00134 1 116155
research FR941206-1-00134 15 116156 116231 116264 116284 116361 116497 116519 117227 117272 117305 117363 117374 117400 117456 117520
chemicals FR941206-1-00134 3 116157 116798 120063
inc. FR941206-1-00134 7 116159 116242 116485 116528 117742 117759 119226
export FR941206-1-00134 5 116166 116225 116258 116453 116513
had FR941206-1-00134 2 116169 118527
shipped FR941206-1-00134 5 116171 118006 118308 119265 119278
illegally FR941206-1-00134 1 116172
united FR941206-1-00134 25 116175 116599 117201 117940 117955 118159 118880 118941 119110 119153 119304 119365 119489 119536 119573 119602 119668 119858 119888 119930 120102 120201 120274 120296 120446
states FR941206-1-00134 28 116176 116600 117202 117941 117956 118091 118160 118881 118942 119111 119154 119305 119366 119407 119490 119537 119574 119603 119669 119673 119859 119889 119931 120103 120202 120275 120297 120447
less FR941206-1-00134 3 116184 120184 120187
500 FR941206-1-00134 3 116186 118150 119019
grams FR941206-1-00134 2 116187 117509
per FR941206-1-00134 1 116188
distributed FR941206-1-00134 3 116193 117545 117580
microscopy FR941206-1-00134 1 116199
was FR941206-1-00134 7 116203 116300 116335 116431 117168 117780 117800
withdrawn FR941206-1-00134 5 116204 116301 116336 116432 117733
petitioner FR941206-1-00134 15 116207 116304 116339 116435 116633 117081 117122 117128 117150 117191 118782 118810 118836 118845 119454
4. FR941206-1-00134 1 116210
sigmaaldrich FR941206-1-00134 1 116211
corporation FR941206-1-00134 2 116212 116237
small FR941206-1-00134 11 116226 116259 116279 116317 116352 116492 116514 117269 117302 117395 117449
quantities FR941206-1-00134 15 116227 116260 116280 116318 116353 116493 116515 117270 117303 117396 117450 117540 118970 118998 119147
development FR941206-1-00134 13 116233 116266 116286 116291 116499 116521 117229 117274 117307 117379 117402 117458 117522
5. FR941206-1-00134 1 116235
millipore FR941206-1-00134 1 116236
conjunction FR941206-1-00134 1 116239
immunosystems FR941206-1-00134 1 116241
two FR941206-1-00134 3 116244 116862 117728
one FR941206-1-00134 3 116247 117329 119409
characterized FR941206-1-00134 1 116288
product FR941206-1-00134 2 116295 117383
second FR941206-1-00134 3 116298 117788 118016
6. FR941206-1-00134 1 116307
triangle FR941206-1-00134 1 116308
labs FR941206-1-00134 1 116309
water FR941206-1-00134 1 116322
soil FR941206-1-00134 1 116324
air FR941206-1-00134 1 116326
matrices FR941206-1-00134 1 116327
analysis FR941206-1-00134 5 116331 116539 117359 117367 117376
7. FR941206-1-00134 1 116342
general FR941206-1-00134 4 116343 117054 118871 120360
electric FR941206-1-00134 1 116344
onsite FR941206-1-00134 1 116358
epaauthorized FR941206-1-00134 1 116360
8. FR941206-1-00134 1 116364
edwin FR941206-1-00134 1 116365
kraemer FR941206-1-00134 1 116366
products FR941206-1-00134 1 116378
fluff FR941206-1-00134 1 116382
9. FR941206-1-00134 1 116384
jaco FR941206-1-00134 1 116385
analytical FR941206-1-00134 2 116386 116461
laboratory FR941206-1-00134 2 116387 116475
transformer FR941206-1-00134 3 116395 116535 118061
oil FR941206-1-00134 2 116396 116536
samples FR941206-1-00134 3 116397 116476 116537
testing FR941206-1-00134 1 116399
10. FR941206-1-00134 1 116401
ensr FR941206-1-00134 1 116402
carbon FR941206-1-00134 1 116410
drums FR941206-1-00134 2 116411 116422
filter FR941206-1-00134 1 116413
siliconefilled FR941206-1-00134 1 116416
transfer FR941206-1-00134 1 116420
between FR941206-1-00134 1 116423
customers FR941206-1-00134 1 116424
ine FR941206-1-00134 2 116426 118485
equipment FR941206-1-00134 1 116427
11. FR941206-1-00134 1 116438
chemsyn FR941206-1-00134 1 116439
science FR941206-1-00134 1 116440
laboratories FR941206-1-00134 1 116441
domestic FR941206-1-00134 5 116455 119610 119719 119880 120238
production FR941206-1-00134 1 116459
standards FR941206-1-00134 2 116462 116505
12. FR941206-1-00134 1 116464
dangerous FR941206-1-00134 1 116465
goods FR941206-1-00134 1 116466
consultants FR941206-1-00134 1 116467
treatability FR941206-1-00134 1 116480
13. FR941206-1-00134 1 116482
supelco FR941206-1-00134 1 116483
14. FR941206-1-00134 1 116501
national FR941206-1-00134 2 116502 118389
institute FR941206-1-00134 1 116503
technology FR941206-1-00134 1 116507
15. FR941206-1-00134 1 116523
erthco FR941206-1-00134 1 116524
findings FR941206-1-00134 2 116543 120334
necessary FR941206-1-00134 1 116544
finding FR941206-1-00134 6 116551 116991 117180 118462 118512 120061
requires FR941206-1-00134 2 116574 117009
find FR941206-1-00134 2 116578 117013
principle FR941206-1-00134 1 116605
persons FR941206-1-00134 1 116607
legislative FR941206-1-00134 1 116613
bear FR941206-1-00134 1 116615
burden FR941206-1-00134 4 116617 117059 117084 117146
demonstrating FR941206-1-00134 2 116619 117086
eligibility FR941206-1-00134 1 116620
interpreted FR941206-1-00134 2 116627 117074
provision FR941206-1-00134 3 116629 117076 119838
require FR941206-1-00134 2 116631 117078
demonstrate FR941206-1-00134 7 116635 118849 119288 119549 119738 119895 120161
activity FR941206-1-00134 9 116639 116949 117196 119170 119292 119404 119745 119875 119904
pose FR941206-1-00134 9 116642 117652 118449 119295 119317 119367 119527 119555 119777
determine FR941206-1-00134 1 116648
whether FR941206-1-00134 5 116649 116717 117103 117126 120350
balances FR941206-1-00134 1 116656
probability FR941206-1-00134 1 116658
harm FR941206-1-00134 1 116660
occur FR941206-1-00134 3 116662 117198 119702
against FR941206-1-00134 4 116668 119594 119750 119848
benefits FR941206-1-00134 15 116670 116932 116937 116976 118540 118652 118816 119400 119412 119699 119752 119766 119850 119869 119898
society FR941206-1-00134 2 116672 116939
denying FR941206-1-00134 2 116676 116962
each FR941206-1-00134 6 116677 116983 117112 117142 117441 118643
see FR941206-1-00134 4 116681 118380 118902 119080
c FR941206-1-00134 2 116688 116853
specifically FR941206-1-00134 3 116695 117153 118515
considers FR941206-1-00134 4 116698 116724 117098 117116
following FR941206-1-00134 2 116700 117469
factors FR941206-1-00134 3 116701 116912 117100
effects FR941206-1-00134 5 116705 116731 116743 116788 116888
human FR941206-1-00134 3 116709 116844 118896
deciding FR941206-1-00134 1 116716
magnitude FR941206-1-00134 1 116726
exposure FR941206-1-00134 5 116728 116845 116859 119321 119375
humans FR941206-1-00134 2 116735 116893
determined FR941206-1-00134 3 116747 118779 119866
persistent FR941206-1-00134 1 116753
can FR941206-1-00134 3 116756 116770 116777
enter FR941206-1-00134 2 116757 117953
body FR941206-1-00134 2 116759 116774
lungs FR941206-1-00134 1 116762
gastrointestinal FR941206-1-00134 1 116764
tract FR941206-1-00134 1 116765
skin FR941206-1-00134 1 116768
circulate FR941206-1-00134 1 116771
throughout FR941206-1-00134 1 116772
stored FR941206-1-00134 6 116779 116817 118214 119500 119523 119552
fatty FR941206-1-00134 2 116782 116820
tissue FR941206-1-00134 2 116783 116821
certain FR941206-1-00134 1 116790
congeners FR941206-1-00134 1 116792
among FR941206-1-00134 1 116794
most FR941206-1-00134 2 116796 119010
stable FR941206-1-00134 1 116797
known FR941206-1-00134 1 116799
decompose FR941206-1-00134 1 116802
very FR941206-1-00134 2 116803 118996
slowly FR941206-1-00134 1 116804
once FR941206-1-00134 2 116805 117958
released FR941206-1-00134 1 116808
absorbed FR941206-1-00134 1 116815
higher FR941206-1-00134 1 116823
organisms FR941206-1-00134 1 116824
bioaccumulate FR941206-1-00134 1 116827
up FR941206-1-00134 3 116828 119100 120128
food FR941206-1-00134 2 116830 116850
chain FR941206-1-00134 1 116831
invertebrates FR941206-1-00134 1 116833
fish FR941206-1-00134 1 116835
mammals FR941206-1-00134 1 116838
ultimately FR941206-1-00134 1 116841
results FR941206-1-00134 1 116842
consumption FR941206-1-00134 1 116847
pcbcontaining FR941206-1-00134 3 116849 118272 119034
sources FR941206-1-00134 1 116851
risks FR941206-1-00134 6 116855 118825 119714 119741 119872 119901
toxicity FR941206-1-00134 2 116857 116885
basic FR941206-1-00134 1 116863
components FR941206-1-00134 1 116864
animal FR941206-1-00134 1 116870
data FR941206-1-00134 5 116871 117897 118169 118355 119071
concluded FR941206-1-00134 4 116874 116897 118745 120140
addition FR941206-1-00134 6 116877 118635 118839 118933 119346 119478
chloracne FR941206-1-00134 1 116879
cause FR941206-1-00134 1 116883
developmental FR941206-1-00134 1 116884
reproductive FR941206-1-00134 1 116887
oncogenicity FR941206-1-00134 1 116891
hazard FR941206-1-00134 1 116902
lengthy FR941206-1-00134 1 116908
discussion FR941206-1-00134 2 116909 120036
provided FR941206-1-00134 3 116914 117562 119432
preamble FR941206-1-00134 1 116917
53 FR941206-1-00134 1 116925
32327 FR941206-1-00134 1 116927
costs FR941206-1-00134 6 116934 116960 116978 118671 119469 119677
vary FR941206-1-00134 2 116944 116965
depending FR941206-1-00134 2 116946 116967
requested FR941206-1-00134 1 116955
reasonably FR941206-1-00134 1 116958
ascertainable FR941206-1-00134 1 116959
taken FR941206-1-00134 4 116975 117208 118285 119003
into FR941206-1-00134 7 116979 117938 118878 119108 119666 119914 120100
when FR941206-1-00134 5 116981 118532 119748 119873 119902
evaluating FR941206-1-00134 1 116982
`` FR941206-1-00134 8 117015 117301 117316 118381 118524 118919 119084 119980
[ FR941206-1-00134 5 117047 118352 118417 118901 118920
] FR941206-1-00134 5 117049 118397 118421 118912 118922
'' FR941206-1-00134 8 117051 117308 117385 118392 118536 118944 119086 119985
legal FR941206-1-00134 1 117055
principles FR941206-1-00134 1 117056
allocating FR941206-1-00134 1 117057
proof FR941206-1-00134 1 117061
qualify FR941206-1-00134 1 117067
it FR941206-1-00134 18 117088 117167 117563 117816 117841 118557 118747 118851 119051 119710 120071 120121 120139 120142 120211 120223 120392 120416
requisite FR941206-1-00134 2 117092 120333
several FR941206-1-00134 1 117099
determining FR941206-1-00134 2 117102 117643
kind FR941206-1-00134 1 117118
requesting FR941206-1-00134 3 117124 118329 120438
expended FR941206-1-00134 1 117129
time FR941206-1-00134 1 117130
effort FR941206-1-00134 1 117132
search FR941206-1-00134 1 117136
substitute FR941206-1-00134 4 117139 117158 117172 120062
case FR941206-1-00134 2 117143 119128
show FR941206-1-00134 4 117152 117165 117193 119561
what FR941206-1-00134 2 117154 117204
did FR941206-1-00134 1 117156
nonb FR941206-1-00134 1 117159
material FR941206-1-00134 1 117160
why FR941206-1-00134 4 117166 117194 119550 120180
feasible FR941206-1-00134 3 117170 118754 120170
satisfy FR941206-1-00134 1 117178
must FR941206-1-00134 4 117192 117197 117527 120072
steps FR941206-1-00134 1 117205
eliminate FR941206-1-00134 1 117210
need FR941206-1-00134 2 117212 117439
future FR941206-1-00134 1 117218
iii FR941206-1-00134 1 117220
explanation FR941206-1-00134 1 117222
class FR941206-1-00134 10 117224 117407 117475 117619 117629 117639 117649 117671 117681 117696
distinct FR941206-1-00134 1 117230
its FR941206-1-00134 8 117232 118060 118125 119027 119485 119621 120196 120249
exempt FR941206-1-00134 1 117235
ban FR941206-1-00134 1 117239
authorized FR941206-1-00134 1 117260
indefinitely FR941206-1-00134 1 117262
authorization FR941206-1-00134 1 117278
761.30 FR941206-1-00134 1 117283
j FR941206-1-00134 1 117285
published FR941206-1-00134 2 117288 117422
49 FR941206-1-00134 1 117296
28154 FR941206-1-00134 1 117298
defined FR941206-1-00134 1 117310
761.3 FR941206-1-00134 1 117314
quantity FR941206-1-00134 5 117318 117892 118088 118249 118964
originally FR941206-1-00134 1 117326
packaged FR941206-1-00134 1 117327
hermetically FR941206-1-00134 1 117332
sealed FR941206-1-00134 1 117333
containers FR941206-1-00134 1 117334
volume FR941206-1-00134 1 117337
no FR941206-1-00134 7 117339 118085 118246 118509 118790 120035 120256
5 FR941206-1-00134 3 117342 117493 119048
milliliters FR941206-1-00134 1 117343
used FR941206-1-00134 1 117351
scientific FR941206-1-00134 1 117356
experimentation FR941206-1-00134 1 117357
but FR941206-1-00134 5 117371 117922 118210 118488 118744
allowed FR941206-1-00134 3 117404 117646 117699
761.80 FR941206-1-00134 2 117417 117606
g FR941206-1-00134 2 117419 117608
51 FR941206-1-00134 1 117430
28556 FR941206-1-00134 1 117432
eliminated FR941206-1-00134 1 117437
who FR941206-1-00134 1 117443
wishes FR941206-1-00134 3 117444 119052 119990
file FR941206-1-00134 1 117460
placed FR941206-1-00134 1 117467
all FR941206-1-00134 9 117479 117933 118426 118550 118708 118770 118980 119025 120306
processors FR941206-1-00134 1 117480
distributors FR941206-1-00134 1 117482
maintain FR941206-1-00134 1 117483
records FR941206-1-00134 1 117484
period FR941206-1-00134 5 117491 117526 118244 118335 119050
years FR941206-1-00134 1 117494
; FR941206-1-00134 3 117495 120003 120171
company FR941206-1-00134 5 117501 118504 119386 119419 120424
expects FR941206-1-00134 1 117503
100 FR941206-1-00134 1 117508
0.22 FR941206-1-00134 1 117511
lb FR941206-1-00134 1 117512
within FR941206-1-00134 2 117523 117679
1year FR941206-1-00134 1 117525
report FR941206-1-00134 1 117528
identify FR941206-1-00134 1 117532
sites FR941206-1-00134 1 117534
processor FR941206-1-00134 2 117550 117612
distributor FR941206-1-00134 3 117552 117614 117636
could FR941206-1-00134 5 117553 117923 119095 119526 119599
proper FR941206-1-00134 1 117565
prior FR941206-1-00134 2 117566 119139
notification FR941206-1-00134 1 117567
increase FR941206-1-00134 1 117571
amounts FR941206-1-00134 1 117573
processed FR941206-1-00134 2 117578 118295
until FR941206-1-00134 2 117584 117703
takes FR941206-1-00134 1 117586
action FR941206-1-00134 1 117587
issue FR941206-1-00134 3 117589 119813 120398
final FR941206-1-00134 2 117591 117705
changes FR941206-1-00134 2 117594 117665
eg FR941206-1-00134 1 117596
terminates FR941206-1-00134 1 117598
applicability FR941206-1-00134 1 117601
retains FR941206-1-00134 1 117623
terminate FR941206-1-00134 1 117627
exclude FR941206-1-00134 1 117634
disposition FR941206-1-00134 2 117668 117712
status FR941206-1-00134 1 117676
individuals FR941206-1-00134 1 117678
accomplished FR941206-1-00134 1 117686
comment FR941206-1-00134 2 117690 120439
members FR941206-1-00134 1 117693
continue FR941206-1-00134 1 117701
promulgated FR941206-1-00134 1 117708
iv FR941206-1-00134 1 117710
pending FR941206-1-00134 1 117714
eight FR941206-1-00134 1 117721
petitioners FR941206-1-00134 1 117736
sdmyers FR941206-1-00134 1 117740
total FR941206-1-00134 3 117751 118373 119056
talmadge FR941206-1-00134 6 117761 117877 118204 119119 119267 119280
ohio FR941206-1-00134 8 117763 117879 118206 119121 119158 119172 119205 119338
large FR941206-1-00134 6 117767 118969 118997 119146 119312 119349
volumes FR941206-1-00134 3 117768 119313 119350
waste FR941206-1-00134 16 117771 118112 118416 118469 118832 119001 119064 119107 119150 119184 119193 119244 119262 120099 120194 120405
first FR941206-1-00134 1 117778
third FR941206-1-00134 2 117790 118129
both FR941206-1-00134 1 117792
fourth FR941206-1-00134 2 117799 118253
current FR941206-1-00134 1 117807
processes FR941206-1-00134 3 117811 118439 118446
disassemble FR941206-1-00134 1 117824
decontaminate FR941206-1-00134 1 117826
recycle FR941206-1-00134 1 117829
operate FR941206-1-00134 1 117833
mobile FR941206-1-00134 2 117835 119643
commercially FR941206-1-00134 1 117847
store FR941206-1-00134 1 117848
drained FR941206-1-00134 1 117863
' FR941206-1-00134 14 117874 117961 117974 118015 118203 118252 118288 118322 118519 118984 119118 119168 119337 119731
facility FR941206-1-00134 14 117875 117962 118126 118208 118289 119122 119333 119339 119612 120130 120152 120165 120198 120240
5year FR941206-1-00134 4 117885 118081 118243 118334
without FR941206-1-00134 1 117888
limit FR941206-1-00134 3 117890 118086 118247
cites FR941206-1-00134 3 117896 118168 118494
21000 FR941206-1-00134 1 117899
storage FR941206-1-00134 3 117904 118492 119581
additional FR941206-1-00134 11 117913 118569 118647 119175 119189 119271 119415 119465 119683 119921 119934
10000 FR941206-1-00134 1 117914
still FR941206-1-00134 1 117918
estimates FR941206-1-00134 10 117930 118105 118338 118359 118401 118543 118606 118631 119237 119444
31000 FR941206-1-00134 1 117934
approximately FR941206-1-00134 2 117943 119058
1.8 FR941206-1-00134 1 117944
million FR941206-1-00134 17 117945 118096 118108 118172 118341 118364 118377 118419 118562 118572 118592 118596 118601 118617 119060 119103 119179
pounds FR941206-1-00134 11 117946 118097 118109 118173 118342 118378 118420 119061 119104 119180 119248
disposed FR941206-1-00134 4 117968 118044 118199 119328
accordance FR941206-1-00134 1 117971
permit FR941206-1-00134 2 117975 119815
region FR941206-1-00134 3 117978 118069 118317
v. FR941206-1-00134 1 117979
disassembled FR941206-1-00134 1 117984
metallic FR941206-1-00134 1 117986
portions FR941206-1-00134 1 117987
decontaminated FR941206-1-00134 1 117990
subsequently FR941206-1-00134 1 117992
smelted FR941206-1-00134 1 117993
residual FR941206-1-00134 1 117999
porous FR941206-1-00134 1 118002
materials FR941206-1-00134 3 118003 118055 118304
off FR941206-1-00134 2 118007 118309
site FR941206-1-00134 3 118008 118310 119159
tscapermitted FR941206-1-00134 1 118011
incinerator FR941206-1-00134 8 118012 118190 118314 119137 119163 119209 119216 119343
intact FR941206-1-00134 2 118030 118269
nong FR941206-1-00134 2 118032 118271
disassembly FR941206-1-00134 1 118050
decontamination FR941206-1-00134 1 118052
recycling FR941206-1-00134 1 118056
similar FR941206-1-00134 1 118058
v FR941206-1-00134 2 118070 118318
there FR941206-1-00134 7 118093 118215 118361 118788 118953 119516 120254
18.6 FR941206-1-00134 1 118095
13 FR941206-1-00134 1 118107
requiring FR941206-1-00134 2 118113 118422
incineration FR941206-1-00134 3 118114 118423 119282
generated FR941206-1-00134 1 118117
request FR941206-1-00134 1 118143
askarel FR941206-1-00134 1 118146
liquids FR941206-1-00134 1 118148
over FR941206-1-00134 3 118153 119018 119046
highconcentration FR941206-1-00134 1 118175
fluid FR941206-1-00134 1 118176
transport FR941206-1-00134 2 118184 119145
tscaapproved FR941206-1-00134 5 118189 118313 119136 119208 119342
some FR941206-1-00134 7 118211 118956 119318 119521 119528 119642 119649
might FR941206-1-00134 2 118212 119471
being FR941206-1-00134 1 118217
incinerated FR941206-1-00134 1 118218
elsewhere FR941206-1-00134 1 118219
transporter FR941206-1-00134 1 118226
commercial FR941206-1-00134 1 118233
storer FR941206-1-00134 1 118234
4 FR941206-1-00134 3 118264 118583 118640
fluorescent FR941206-1-00134 2 118273 119035
where FR941206-1-00134 1 118291
recover FR941206-1-00134 1 118297
reclaimable FR941206-1-00134 1 118298
metals FR941206-1-00134 1 118299
contaminated FR941206-1-00134 1 118303
remaining FR941206-1-00134 1 118305
ballast FR941206-1-00134 2 118323 118409
method FR941206-1-00134 2 118325 119818
60 FR941206-1-00134 3 118340 118363 119176
canadian FR941206-1-00134 6 118353 118382 119577 119679 120097 120342
government FR941206-1-00134 3 118354 119578 119639
1991 FR941206-1-00134 3 118357 118395 119635
actually FR941206-1-00134 1 118358
units FR941206-1-00134 1 118365
weight FR941206-1-00134 2 118374 118410
220 FR941206-1-00134 1 118376
summary FR941206-1-00134 2 118384 118387
inventory FR941206-1-00134 1 118391
january FR941206-1-00134 1 118393
indicate FR941206-1-00134 1 118403
about FR941206-1-00134 1 118404
percent FR941206-1-00134 1 118406
consist FR941206-1-00134 1 118412
unrecoverable FR941206-1-00134 1 118414
44 FR941206-1-00134 2 118418 118907
asserts FR941206-1-00134 2 118431 118516
since FR941206-1-00134 1 118433
fact FR941206-1-00134 2 118443 119862
do FR941206-1-00134 5 118447 118627 118756 119716 119775
applied FR941206-1-00134 1 118465
involve FR941206-1-00134 3 118484 118987 119096
transportation FR941206-1-00134 2 118490 118991
overall FR941206-1-00134 2 118496 120085
safety FR941206-1-00134 3 118497 118500 119381
record FR941206-1-00134 2 118498 119382
grounds FR941206-1-00134 2 118506 119944
tank FR941206-1-00134 1 118521
truck FR941206-1-00134 1 118522
fleet FR941206-1-00134 1 118523
accident FR941206-1-00134 1 118529
spill FR941206-1-00134 1 118531
moving FR941206-1-00134 1 118533
importing FR941206-1-00134 2 118549 120192
generate FR941206-1-00134 3 118559 118587 119197
$ FR941206-1-00134 6 118560 118570 118590 118594 118599 118615
180 FR941206-1-00134 1 118561
fees FR941206-1-00134 1 118565
scrap FR941206-1-00134 1 118574
sales FR941206-1-00134 1 118576
estimated FR941206-1-00134 1 118585
revenues FR941206-1-00134 4 118588 119416 119440 119475
46 FR941206-1-00134 1 118591
30 FR941206-1-00134 1 118595
45 FR941206-1-00134 1 118600
respectively FR941206-1-00134 1 118603
earn FR941206-1-00134 1 118611
profit FR941206-1-00134 2 118613 118630
incinerators FR941206-1-00134 1 118622
provide FR941206-1-00134 4 118629 119591 120034 120207
state FR941206-1-00134 3 118641 118730 120022
create FR941206-1-00134 1 118645
jobs FR941206-1-00134 1 118649
mentioned FR941206-1-00134 1 118653
include FR941206-1-00134 1 118657
speeding FR941206-1-00134 1 118658
removal FR941206-1-00134 2 118660 119495
north FR941206-1-00134 1 118664
america FR941206-1-00134 1 118665
lowering FR941206-1-00134 1 118668
companies FR941206-1-00134 2 118673 119680
response FR941206-1-00134 1 118678
met FR941206-1-00134 1 118703
maintains FR941206-1-00134 3 118706 119975 120116
applicable FR941206-1-00134 2 118716 119983
his FR941206-1-00134 1 118718
go FR941206-1-00134 2 118727 120009
investigated FR941206-1-00134 2 118734 120123
possibility FR941206-1-00134 3 118736 119519 120125
destroying FR941206-1-00134 2 118738 119820
wastes FR941206-1-00134 2 118740 120110
politically FR941206-1-00134 2 118751 120147
economically FR941206-1-00134 1 118753
so FR941206-1-00134 2 118757 120182
decision FR941206-1-00134 1 118762
proposes FR941206-1-00134 2 118767 119663
deny FR941206-1-00134 3 118769 119729 119946
failed FR941206-1-00134 7 118784 118847 119286 119391 119482 119736 120310
establish FR941206-1-00134 2 118786 120150
demonstrated FR941206-1-00134 2 118813 120283
how FR941206-1-00134 1 118814
accruing FR941206-1-00134 1 118817
outweigh FR941206-1-00134 3 118823 119870 119899
inherent FR941206-1-00134 2 118826 118958
importation FR941206-1-00134 4 118829 118989 119098 120095
believes FR941206-1-00134 4 118842 118951 120066 120376
investigate FR941206-1-00134 1 118859
alternatives FR941206-1-00134 3 118862 120038 120081
already FR941206-1-00134 3 118868 119884 120235
determination FR941206-1-00134 1 118872
761.20 FR941206-1-00134 1 118905
31514 FR941206-1-00134 1 118909
stated FR941206-1-00134 1 118917
t FR941206-1-00134 1 118923
clear FR941206-1-00134 1 118926
intent FR941206-1-00134 1 118927
minimize FR941206-1-00134 1 118931
id FR941206-1-00134 2 118945 119647
moreover FR941206-1-00134 2 118947 119605
always FR941206-1-00134 1 118955
significantly FR941206-1-00134 1 118975
increases FR941206-1-00134 1 118976
together FR941206-1-00134 1 119004
account FR941206-1-00134 1 119008
well FR941206-1-00134 1 119023
indicates FR941206-1-00134 1 119040
300 FR941206-1-00134 1 119059
supplied FR941206-1-00134 1 119072
supplemental FR941206-1-00134 2 119077 119231
note FR941206-1-00134 1 119081
calculations FR941206-1-00134 1 119085
calculates FR941206-1-00134 2 119090 119255
457 FR941206-1-00134 1 119102
either FR941206-1-00134 2 119115 119155
unspecified FR941206-1-00134 1 119135
subsequent FR941206-1-00134 2 119165 120018
90 FR941206-1-00134 1 119178
concentrated FR941206-1-00134 1 119182
counting FR941206-1-00134 1 119187
solvents FR941206-1-00134 1 119190
transported FR941206-1-00134 2 119203 119356
closest FR941206-1-00134 1 119214
available FR941206-1-00134 3 119215 119655 119761
located FR941206-1-00134 1 119218
coffeyville FR941206-1-00134 1 119220
kansas FR941206-1-00134 1 119222
aptus FR941206-1-00134 1 119224
average FR941206-1-00134 1 119240
truckload FR941206-1-00134 1 119241
weigh FR941206-1-00134 1 119246
40000 FR941206-1-00134 1 119247
using FR941206-1-00134 1 119250
estimate FR941206-1-00134 1 119252
7500 FR941206-1-00134 1 119257
11750 FR941206-1-00134 1 119259
truckloads FR941206-1-00134 2 119260 119275
1500 FR941206-1-00134 1 119272
2250 FR941206-1-00134 1 119274
introduction FR941206-1-00134 2 119308 119919
even FR941206-1-00134 1 119323
epapermitted FR941206-1-00134 1 119332
various FR941206-1-00134 1 119358
facilities FR941206-1-00134 4 119359 119645 119652 119785
different FR941206-1-00134 1 119361
potential FR941206-1-00134 1 119369
spills FR941206-1-00134 2 119372 119597
despite FR941206-1-00134 1 119378
past FR941206-1-00134 1 119380
transporting FR941206-1-00134 1 119385
submit FR941206-1-00134 1 119393
adequate FR941206-1-00134 3 119394 119592 120324
respect FR941206-1-00134 2 119397 119437
exception FR941206-1-00134 1 119423
revenue FR941206-1-00134 2 119433 119443
gross FR941206-1-00134 3 119439 119442 119474
tend FR941206-1-00134 1 119445
overinflate FR941206-1-00134 1 119447
actual FR941206-1-00134 1 119449
financial FR941206-1-00134 2 119450 119460
benefit FR941206-1-00134 3 119451 119492 119684
properly FR941206-1-00134 1 119457
evaluate FR941206-1-00134 1 119458
impacts FR941206-1-00134 1 119461
needs FR941206-1-00134 1 119464
regarding FR941206-1-00134 1 119467
offset FR941206-1-00134 1 119472
projected FR941206-1-00134 1 119473
substantiate FR941206-1-00134 2 119484 119763
claim FR941206-1-00134 1 119486
elimination FR941206-1-00134 1 119505
possible FR941206-1-00134 1 119507
crossborder FR941206-1-00134 1 119510
contamination FR941206-1-00134 1 119511
acknowledges FR941206-1-00134 1 119514
presented FR941206-1-00134 1 119545
factual FR941206-1-00134 1 119546
extent FR941206-1-00134 1 119563
regulates FR941206-1-00134 1 119579
country FR941206-1-00134 2 119588 119916
releases FR941206-1-00134 1 119595
threaten FR941206-1-00134 2 119600 119718
possesses FR941206-1-00134 1 119608
expanding FR941206-1-00134 2 119620 120248
resources FR941206-1-00134 2 119624 120252
memo FR941206-1-00134 1 119626
bryan FR941206-1-00134 1 119628
greenwood FR941206-1-00134 1 119630
june FR941206-1-00134 1 119632
25 FR941206-1-00134 1 119633
dispose FR941206-1-00134 2 119657 119788
lowered FR941206-1-00134 1 119675
constitute FR941206-1-00134 1 119681
consider FR941206-1-00134 3 119698 119713 120074
accrue FR941206-1-00134 1 119703
foreign FR941206-1-00134 2 119705 119908
businesses FR941206-1-00134 1 119706
just FR941206-1-00134 1 119708
proposing FR941206-1-00134 1 119727
because FR941206-1-00134 1 119733
reasonable FR941206-1-00134 1 119747
weighed FR941206-1-00134 1 119749
particularly FR941206-1-00134 1 119754
view FR941206-1-00134 1 119756
limited FR941206-1-00134 1 119759
alleged FR941206-1-00134 1 119765
contends FR941206-1-00134 1 119769
noting FR941206-1-00134 1 119782
761.60 FR941206-1-00134 2 119800 119806
weighs FR941206-1-00134 1 119841
methodology FR941206-1-00134 1 119847
involves FR941206-1-00134 2 119876 119905
disposing FR941206-1-00134 1 119906
introduced FR941206-1-00134 1 119913
adds FR941206-1-00134 1 119932
factor FR941206-1-00134 1 119935
risk/benefit FR941206-1-00134 1 119938
equation FR941206-1-00134 1 119939
really FR941206-1-00134 1 119982
discuss FR941206-1-00134 1 120012
options FR941206-1-00134 1 120015
three FR941206-1-00134 1 120019
simply FR941206-1-00134 1 120021
apply FR941206-1-00134 1 120031
strictly FR941206-1-00134 1 120042
speaking FR941206-1-00134 1 120043
refers FR941206-1-00134 1 120059
issues FR941206-1-00134 1 120076
availability FR941206-1-00134 1 120079
necessity FR941206-1-00134 2 120086 120285
alternative FR941206-1-00134 1 120093
destruction FR941206-1-00134 2 120105 120262
destroy FR941206-1-00134 1 120108
itself FR941206-1-00134 1 120113
setting FR941206-1-00134 1 120127
recycle/destroy FR941206-1-00134 1 120134
uneconomical FR941206-1-00134 1 120145
difficult FR941206-1-00134 1 120148
fails FR941206-1-00134 1 120159
establishing FR941206-1-00134 1 120163
rather FR941206-1-00134 2 120172 120412
forwards FR941206-1-00134 1 120176
arguments FR941206-1-00134 1 120177
doing FR941206-1-00134 1 120181
expedient FR941206-1-00134 1 120185
profitable FR941206-1-00134 1 120188
existing FR941206-1-00134 2 120197 120353
evidence FR941206-1-00134 1 120209
substantial FR941206-1-00134 1 120213
pursue FR941206-1-00134 1 120218
option FR941206-1-00134 1 120221
petitioned FR941206-1-00134 1 120224
importantly FR941206-1-00134 1 120232
possess FR941206-1-00134 1 120236
technological FR941206-1-00134 1 120257
barriers FR941206-1-00134 1 120258
necessitate FR941206-1-00134 1 120269
shipment FR941206-1-00134 1 120271
safe FR941206-1-00134 1 120277
question FR941206-1-00134 1 120290
accordingly FR941206-1-00134 1 120302
meet FR941206-1-00134 1 120312
although FR941206-1-00134 1 120319
allow FR941206-1-00134 2 120327 120382
make FR941206-1-00134 1 120331
specific FR941206-1-00134 1 120338
considering FR941206-1-00134 1 120349
amend FR941206-1-00134 1 120352
modify FR941206-1-00134 1 120358
restriction FR941206-1-00134 1 120361
opening FR941206-1-00134 1 120378
border FR941206-1-00134 2 120380 120448
farreaching FR941206-1-00134 1 120388
consequences FR941206-1-00134 1 120389
preferable FR941206-1-00134 1 120394
raise FR941206-1-00134 1 120396
transboundry FR941206-1-00134 2 120401 120454
movement FR941206-1-00134 1 120402
examine FR941206-1-00134 1 120415
isolation FR941206-1-00134 1 120418
context FR941206-1-00134 1 120421
circumstances FR941206-1-00134 1 120442
opened FR941206-1-00134 1 120451
shipments FR941206-1-00134 1 120455
