letterkenny FR940617-2-00137 1 399
army FR940617-2-00137 2 400 411
depot FR940617-2-00137 1 401
chambersburg FR940617-2-00137 1 402
co FR940617-2-00137 1 403
: FR940617-2-00137 5 404 410 414 417 420
franklin FR940617-2-00137 1 405
pa FR940617-2-00137 1 406
17201 FR940617-2-00137 1 407
landholding FR940617-2-00137 1 408
agency FR940617-2-00137 1 409
property FR940617-2-00137 1 412
number FR940617-2-00137 1 413
219420399 FR940617-2-00137 1 415
status FR940617-2-00137 1 416
unutilized FR940617-2-00137 1 418
reason FR940617-2-00137 1 419
secured FR940617-2-00137 1 421
area FR940617-2-00137 1 422
, FR940617-2-00137 1 423
extensive FR940617-2-00137 1 424
deterioration FR940617-2-00137 1 425
bldgs FR940617-2-00138 15 0 34 68 102 136 170 204 238 272 306 340 374 408 442 476
. FR940617-2-00138 15 1 35 69 103 137 171 205 239 273 307 341 375 409 443 477
t373 FR940617-2-00138 1 2
, FR940617-2-00138 45 3 5 31 37 39 65 71 73 99 105 107 133 139 141 167 173 175 201 207 209 235 241 243 269 275 277 303 309 311 337 343 345 371 377 379 405 411 413 439 445 447 473 479 481 507
t431 FR940617-2-00138 1 4
t512 FR940617-2-00138 1 6
letterkenny FR940617-2-00138 15 7 41 75 109 143 177 211 245 279 313 347 381 415 449 483
army FR940617-2-00138 30 8 19 42 53 76 87 110 121 144 155 178 189 212 223 246 257 280 291 314 325 348 359 382 393 416 427 450 461 484 495
depot FR940617-2-00138 15 9 43 77 111 145 179 213 247 281 315 349 383 417 451 485
chambersburg FR940617-2-00138 15 10 44 78 112 146 180 214 248 282 316 350 384 418 452 486
co FR940617-2-00138 15 11 45 79 113 147 181 215 249 283 317 351 385 419 453 487
: FR940617-2-00138 75 12 18 22 25 28 46 52 56 59 62 80 86 90 93 96 114 120 124 127 130 148 154 158 161 164 182 188 192 195 198 216 222 226 229 232 250 256 260 263 266 284 290 294 297 300 318 324 328 331 334 352 358 362 365 368 386 392 396 399 402 420 426 430 433 436 454 460 464 467 470 488 494 498 501 504
franklin FR940617-2-00138 15 13 47 81 115 149 183 217 251 285 319 353 387 421 455 489
pa FR940617-2-00138 15 14 48 82 116 150 184 218 252 286 320 354 388 422 456 490
17201 FR940617-2-00138 15 15 49 83 117 151 185 219 253 287 321 355 389 423 457 491
landholding FR940617-2-00138 15 16 50 84 118 152 186 220 254 288 322 356 390 424 458 492
agency FR940617-2-00138 15 17 51 85 119 153 187 221 255 289 323 357 391 425 459 493
property FR940617-2-00138 15 20 54 88 122 156 190 224 258 292 326 360 394 428 462 496
number FR940617-2-00138 15 21 55 89 123 157 191 225 259 293 327 361 395 429 463 497
219420400 FR940617-2-00138 1 23
status FR940617-2-00138 15 24 58 92 126 160 194 228 262 296 330 364 398 432 466 500
unutilized FR940617-2-00138 15 26 60 94 128 162 196 230 264 298 332 366 400 434 468 502
reason FR940617-2-00138 15 27 61 95 129 163 197 231 265 299 333 367 401 435 469 503
secured FR940617-2-00138 15 29 63 97 131 165 199 233 267 301 335 369 403 437 471 505
area FR940617-2-00138 15 30 64 98 132 166 200 234 268 302 336 370 404 438 472 506
extensive FR940617-2-00138 15 32 66 100 134 168 202 236 270 304 338 372 406 440 474 508
deterioration FR940617-2-00138 15 33 67 101 135 169 203 237 271 305 339 373 407 441 475 509
t562 FR940617-2-00138 1 36
t229 FR940617-2-00138 1 38
t514 FR940617-2-00138 1 40
219420401 FR940617-2-00138 1 57
t228 FR940617-2-00138 1 70
295 FR940617-2-00138 1 72
617 FR940617-2-00138 1 74
219420402 FR940617-2-00138 1 91
t611 FR940617-2-00138 1 104
t635 FR940617-2-00138 1 106
t661 FR940617-2-00138 1 108
219420403 FR940617-2-00138 1 125
t662 FR940617-2-00138 1 138
t692 FR940617-2-00138 1 140
t1478 FR940617-2-00138 1 142
219420404 FR940617-2-00138 1 159
t1452 FR940617-2-00138 1 172
t1501 FR940617-2-00138 1 174
t1502 FR940617-2-00138 1 176
219420405 FR940617-2-00138 1 193
t1503 FR940617-2-00138 1 206
t1504 FR940617-2-00138 1 208
t1505 FR940617-2-00138 1 210
219420406 FR940617-2-00138 1 227
t1506 FR940617-2-00138 1 240
t1509 FR940617-2-00138 1 242
t1510 FR940617-2-00138 1 244
219420407 FR940617-2-00138 1 261
t1511 FR940617-2-00138 1 274
t1512 FR940617-2-00138 1 276
t1514 FR940617-2-00138 1 278
219420408 FR940617-2-00138 1 295
t1515 FR940617-2-00138 1 308
t1516 FR940617-2-00138 1 310
t1517 FR940617-2-00138 1 312
219420409 FR940617-2-00138 1 329
t1518 FR940617-2-00138 1 342
t1519 FR940617-2-00138 1 344
t1521 FR940617-2-00138 1 346
219420410 FR940617-2-00138 1 363
t1522 FR940617-2-00138 1 376
t1523 FR940617-2-00138 1 378
t1529 FR940617-2-00138 1 380
219420411 FR940617-2-00138 1 397
t1530 FR940617-2-00138 1 410
t1531 FR940617-2-00138 1 412
t1532 FR940617-2-00138 1 414
219420412 FR940617-2-00138 1 431
t1533 FR940617-2-00138 1 444
t1534 FR940617-2-00138 1 446
t1535 FR940617-2-00138 1 448
219420413 FR940617-2-00138 1 465
t1537 FR940617-2-00138 1 478
t1538 FR940617-2-00138 1 480
t1539 FR940617-2-00138 1 482
219420414 FR940617-2-00138 1 499
bldgs FR940617-2-00139 15 0 34 68 102 136 170 204 238 272 306 340 374 408 442 476
. FR940617-2-00139 15 1 35 69 103 137 171 205 239 273 307 341 375 409 443 477
t1540 FR940617-2-00139 1 2
, FR940617-2-00139 45 3 5 31 37 39 65 71 73 99 105 107 133 139 141 167 173 175 201 207 209 235 241 243 269 275 277 303 309 311 337 343 345 371 377 379 405 411 413 439 445 447 473 479 481 507
t1542 FR940617-2-00139 1 4
t1543 FR940617-2-00139 1 6
letterkenny FR940617-2-00139 15 7 41 75 109 143 177 211 245 279 313 347 381 415 449 483
army FR940617-2-00139 30 8 19 42 53 76 87 110 121 144 155 178 189 212 223 246 257 280 291 314 325 348 359 382 393 416 427 450 461 484 495
depot FR940617-2-00139 15 9 43 77 111 145 179 213 247 281 315 349 383 417 451 485
chambersburg FR940617-2-00139 15 10 44 78 112 146 180 214 248 282 316 350 384 418 452 486
co FR940617-2-00139 15 11 45 79 113 147 181 215 249 283 317 351 385 419 453 487
: FR940617-2-00139 75 12 18 22 25 28 46 52 56 59 62 80 86 90 93 96 114 120 124 127 130 148 154 158 161 164 182 188 192 195 198 216 222 226 229 232 250 256 260 263 266 284 290 294 297 300 318 324 328 331 334 352 358 362 365 368 386 392 396 399 402 420 426 430 433 436 454 460 464 467 470 488 494 498 501 504
franklin FR940617-2-00139 15 13 47 81 115 149 183 217 251 285 319 353 387 421 455 489
pa FR940617-2-00139 15 14 48 82 116 150 184 218 252 286 320 354 388 422 456 490
17201 FR940617-2-00139 15 15 49 83 117 151 185 219 253 287 321 355 389 423 457 491
landholding FR940617-2-00139 15 16 50 84 118 152 186 220 254 288 322 356 390 424 458 492
agency FR940617-2-00139 15 17 51 85 119 153 187 221 255 289 323 357 391 425 459 493
property FR940617-2-00139 15 20 54 88 122 156 190 224 258 292 326 360 394 428 462 496
number FR940617-2-00139 15 21 55 89 123 157 191 225 259 293 327 361 395 429 463 497
219420415 FR940617-2-00139 1 23
status FR940617-2-00139 15 24 58 92 126 160 194 228 262 296 330 364 398 432 466 500
unutilized FR940617-2-00139 15 26 60 94 128 162 196 230 264 298 332 366 400 434 468 502
reason FR940617-2-00139 15 27 61 95 129 163 197 231 265 299 333 367 401 435 469 503
secured FR940617-2-00139 15 29 63 97 131 165 199 233 267 301 335 369 403 437 471 505
area FR940617-2-00139 15 30 64 98 132 166 200 234 268 302 336 370 404 438 472 506
extensive FR940617-2-00139 15 32 66 100 134 168 202 236 270 304 338 372 406 440 474 508
deterioration FR940617-2-00139 15 33 67 101 135 169 203 237 271 305 339 373 407 441 475 509
t1545 FR940617-2-00139 1 36
t1546 FR940617-2-00139 1 38
t1558 FR940617-2-00139 1 40
219420416 FR940617-2-00139 1 57
t1559 FR940617-2-00139 1 70
t1560 FR940617-2-00139 1 72
t1561 FR940617-2-00139 1 74
219420417 FR940617-2-00139 1 91
t1562 FR940617-2-00139 1 104
t2281 FR940617-2-00139 1 106
t2325 FR940617-2-00139 1 108
219420418 FR940617-2-00139 1 125
t2361 FR940617-2-00139 1 138
t2362 FR940617-2-00139 1 140
s2376 FR940617-2-00139 1 142
219420419 FR940617-2-00139 1 159
2382 FR940617-2-00139 1 172
s2386 FR940617-2-00139 1 174
2762 FR940617-2-00139 1 176
219420420 FR940617-2-00139 1 193
t2764 FR940617-2-00139 1 206
3223 FR940617-2-00139 1 208
3235 FR940617-2-00139 1 210
219420421 FR940617-2-00139 1 227
t3242 FR940617-2-00139 1 240
t3401 FR940617-2-00139 1 242
t3402 FR940617-2-00139 1 244
219420422 FR940617-2-00139 1 261
t3403 FR940617-2-00139 1 274
t3407 FR940617-2-00139 1 276
t3409 FR940617-2-00139 1 278
219420423 FR940617-2-00139 1 295
t3410 FR940617-2-00139 1 308
t3412 FR940617-2-00139 1 310
t3414 FR940617-2-00139 1 312
219420424 FR940617-2-00139 1 329
t3415 FR940617-2-00139 1 342
t3416 FR940617-2-00139 1 344
t3417 FR940617-2-00139 1 346
219420425 FR940617-2-00139 1 363
t3419 FR940617-2-00139 1 376
t3420 FR940617-2-00139 1 378
t3422 FR940617-2-00139 1 380
219420426 FR940617-2-00139 1 397
t3728 FR940617-2-00139 1 410
s3732 FR940617-2-00139 1 412
s3743 FR940617-2-00139 1 414
219420427 FR940617-2-00139 1 431
s3783 FR940617-2-00139 1 444
4516 FR940617-2-00139 1 446
t5313 FR940617-2-00139 1 448
219420428 FR940617-2-00139 1 465
t5315 FR940617-2-00139 1 478
t5546 FR940617-2-00139 1 480
t5748 FR940617-2-00139 1 482
219420429 FR940617-2-00139 1 499
bldgs FR940617-2-00140 1 0
. FR940617-2-00140 9 1 31 56 81 110 139 171 203 237
t2796 FR940617-2-00140 1 2
, FR940617-2-00140 5 3 33 58 83 112
2761 FR940617-2-00140 1 4
letterkenny FR940617-2-00140 1 5
army FR940617-2-00140 12 6 17 43 68 97 126 142 158 174 190 206 222
depot FR940617-2-00140 1 7
chambersburg FR940617-2-00140 1 8
co FR940617-2-00140 6 9 88 117 149 181 213
: FR940617-2-00140 38 10 16 20 23 26 42 46 49 52 67 71 74 77 89 96 100 103 106 118 125 129 132 135 150 157 161 164 167 182 189 193 196 199 214 221 225 228 231
franklin FR940617-2-00140 1 11
pa FR940617-2-00140 1 12
17201 FR940617-2-00140 1 13
landholding FR940617-2-00140 8 14 40 65 94 123 155 187 219
agency FR940617-2-00140 8 15 41 66 95 124 156 188 220
property FR940617-2-00140 8 18 44 69 98 127 159 191 223
number FR940617-2-00140 8 19 45 70 99 128 160 192 224
219420430 FR940617-2-00140 1 21
status FR940617-2-00140 8 22 48 73 102 131 163 195 227
unutilized FR940617-2-00140 8 24 50 75 104 133 165 197 229
reason FR940617-2-00140 8 25 51 76 105 134 166 198 230
secured FR940617-2-00140 1 27
area FR940617-2-00140 1 28
virginia FR940617-2-00140 1 29
bldg FR940617-2-00140 7 30 55 80 109 138 170 202
632 FR940617-2-00140 1 32
fort FR940617-2-00140 7 34 59 84 113 147 179 211
eustis FR940617-2-00140 2 35 60
newport FR940617-2-00140 2 36 61
news FR940617-2-00140 2 37 62
va FR940617-2-00140 7 38 63 92 121 153 185 217
23604 FR940617-2-00140 4 39 64 93 122
219420336 FR940617-2-00140 1 47
extensive FR940617-2-00140 7 53 78 107 136 168 200 232
deterioration FR940617-2-00140 7 54 79 108 137 169 201 233
2510 FR940617-2-00140 1 57
219420337 FR940617-2-00140 1 72
520 FR940617-2-00140 1 82
story FR940617-2-00140 4 85 87 114 116
ft. FR940617-2-00140 2 86 115
princess FR940617-2-00140 2 90 119
ann FR940617-2-00140 2 91 120
219420338 FR940617-2-00140 1 101
527 FR940617-2-00140 1 111
219420339 FR940617-2-00140 1 130
t1525 FR940617-2-00140 1 140
us FR940617-2-00140 3 141 173 205
combined FR940617-2-00140 3 143 175 207
arms FR940617-2-00140 3 144 176 208
support FR940617-2-00140 3 145 177 209
command FR940617-2-00140 3 146 178 210
lee FR940617-2-00140 3 148 180 212
prince FR940617-2-00140 3 151 183 215
george FR940617-2-00140 3 152 184 216
23801 FR940617-2-00140 3 154 186 218
219420340 FR940617-2-00140 1 162
t7134 FR940617-2-00140 1 172
219420341 FR940617-2-00140 1 194
t11619 FR940617-2-00140 1 204
219420342 FR940617-2-00140 1 226
[ FR940617-2-00140 1 234
fr FR940617-2-00140 1 235
doc FR940617-2-00140 1 236
9414689 FR940617-2-00140 1 238
filed FR940617-2-00140 1 239
61694 FR940617-2-00140 1 240
; FR940617-2-00140 1 241
8:45 FR940617-2-00140 1 242
am FR940617-2-00140 1 243
] FR940617-2-00140 1 244
billing FR940617-2-00140 1 245
code FR940617-2-00140 1 246
421029p FR940617-2-00140 1 247
office FR940617-2-00141 2 0 31
of FR940617-2-00141 29 1 32 46 75 97 140 183 191 221 272 298 324 340 345 393 438 440 449 486 500 509 522 591 713 738 792 819 826 863
the FR940617-2-00141 64 2 20 33 60 76 81 95 102 112 115 137 149 153 161 164 181 189 273 283 296 299 304 316 319 330 333 354 363 368 384 399 410 421 430 436 444 471 513 523 532 557 569 604 608 622 633 657 686 690 696 710 716 726 734 751 765 772 790 793 801 816 823 835 860
assistant FR940617-2-00141 3 3 34 908
secretary FR940617-2-00141 7 4 35 96 113 284 364 909
for FR940617-2-00141 15 5 19 36 64 163 180 188 202 357 481 666 804 886 896 910
housingfederal FR940617-2-00141 3 6 37 911
housing FR940617-2-00141 6 7 38 78 222 275 912
commissioner FR940617-2-00141 3 8 39 913
[ FR940617-2-00141 2 9 915
docket FR940617-2-00141 1 10
no FR940617-2-00141 3 11 132 890
. FR940617-2-00141 37 12 42 51 80 105 129 158 196 201 245 255 262 329 353 383 409 429 443 512 525 537 565 588 602 655 675 695 733 770 798 822 859 885 899 903 914 918
n943785 FR940617-2-00141 1 13
; FR940617-2-00141 4 14 237 247 922
fr3724n01 FR940617-2-00141 1 15
] FR940617-2-00141 2 16 925
interest FR940617-2-00141 12 17 49 62 88 171 184 305 355 391 427 507 548
rate FR940617-2-00141 20 18 50 63 89 122 151 172 182 306 356 392 428 475 508 516 694 778 785 803 837
section FR940617-2-00141 13 21 70 82 116 166 267 294 311 348 386 422 773 805
235 FR940617-2-00141 12 22 71 83 117 167 268 312 349 387 423 774 806
( FR940617-2-00141 32 23 72 84 118 168 177 239 248 251 256 269 277 350 377 380 388 404 424 453 554 575 613 638 650 754 775 807 842 845 848 851 882
r FR940617-2-00141 11 24 73 85 119 169 270 351 389 425 776 808
) FR940617-2-00141 32 25 74 86 120 170 195 241 250 253 263 271 281 352 379 382 390 408 426 461 564 580 618 643 654 759 777 809 844 847 850 853 884
mortgage FR940617-2-00141 5 26 106 450 706 721
insurance FR940617-2-00141 1 27
program FR940617-2-00141 4 28 213 300 334
agency FR940617-2-00141 1 29
: FR940617-2-00141 7 30 44 53 199 206 266 901
, FR940617-2-00141 34 40 160 200 210 212 216 219 226 230 232 234 243 403 455 462 468 495 496 503 567 568 607 631 652 697 698 715 728 760 800 875 889 902 907
hud FR940617-2-00141 4 41 98 447 870
action FR940617-2-00141 1 43
notice FR940617-2-00141 6 45 55 442 821 865 898
change FR940617-2-00141 5 47 58 133 419 431
in FR940617-2-00141 18 48 59 101 136 313 337 367 398 420 519 531 621 685 709 725 745 764 876
summary FR940617-2-00141 2 52 736
this FR940617-2-00141 8 54 441 555 589 784 820 864 897
announces FR940617-2-00141 1 56
a FR940617-2-00141 5 57 418 540 662 743
maximum FR940617-2-00141 9 61 87 121 138 150 162 802 824 836
mortgages FR940617-2-00141 8 65 287 291 346 528 642 670 810
to FR940617-2-00141 12 66 91 126 148 285 302 478 594 598 645 779 834
be FR940617-2-00141 7 67 92 146 174 327 673 832
insured FR940617-2-00141 3 68 292 307
under FR940617-2-00141 6 69 293 310 347 656 838
national FR940617-2-00141 3 77 274 473
act FR940617-2-00141 2 79 276
is FR940617-2-00141 9 90 131 301 360 539 677 756 811 866
determined FR940617-2-00141 2 93 413
by FR940617-2-00141 3 94 362 373
and FR940617-2-00141 11 99 185 223 308 365 459 504 550 561 730 767
published FR940617-2-00141 3 100 366 397
federal FR940617-2-00141 4 103 369 400 466
register FR940617-2-00141 3 104 370 401
market FR940617-2-00141 7 107 415 451 457 536 625 681
conditions FR940617-2-00141 4 108 155 416 452
now FR940617-2-00141 1 109
dictate FR940617-2-00141 2 110 417
that FR940617-2-00141 11 111 144 288 315 414 470 679 704 720 830 887
increase FR940617-2-00141 1 114
from FR940617-2-00141 2 123 869
8 FR940617-2-00141 4 124 394 576 610
percent FR940617-2-00141 20 125 128 176 179 187 395 493 511 515 572 577 611 615 635 640 668 692 781 813 858
8.50 FR940617-2-00141 10 127 178 492 514 614 634 667 691 780 812
there FR940617-2-00141 2 130 538
being FR940617-2-00141 2 134 476
made FR940617-2-00141 1 135
margin FR940617-2-00141 3 139 190 825
additional FR940617-2-00141 3 141 192 827
percentage FR940617-2-00141 3 142 193 828
points FR940617-2-00141 6 143 194 502 586 629 829
may FR940617-2-00141 4 145 326 735 831
added FR940617-2-00141 2 147 833
if FR940617-2-00141 1 152
established FR940617-2-00141 1 154
are FR940617-2-00141 4 156 258 335 529
met FR940617-2-00141 1 157
therefore FR940617-2-00141 2 159 799
premium FR940617-2-00141 2 165 653
will FR940617-2-00141 5 173 432 683 782 854
10 FR940617-2-00141 1 175
1.50 FR940617-2-00141 2 186 857
effective FR940617-2-00141 2 197 506
date FR940617-2-00141 3 198 437 818
further FR940617-2-00141 1 203
information FR940617-2-00141 2 204 265
contact FR940617-2-00141 1 205
john FR940617-2-00141 1 207
n. FR940617-2-00141 1 208
dickie FR940617-2-00141 1 209
director FR940617-2-00141 1 211
evaluation FR940617-2-00141 1 214
division FR940617-2-00141 1 215
room FR940617-2-00141 1 217
b133 FR940617-2-00141 1 218
department FR940617-2-00141 3 220 320 411
urban FR940617-2-00141 1 224
development FR940617-2-00141 1 225
451 FR940617-2-00141 1 227
seventh FR940617-2-00141 1 228
street FR940617-2-00141 1 229
sw. FR940617-2-00141 1 231
washington FR940617-2-00141 1 233
dc FR940617-2-00141 1 235
20410 FR940617-2-00141 1 236
telephone FR940617-2-00141 1 238
202 FR940617-2-00141 2 240 252
7557470 FR940617-2-00141 1 242
ext FR940617-2-00141 1 244
117 FR940617-2-00141 1 246
tdd FR940617-2-00141 1 249
7084594 FR940617-2-00141 1 254
these FR940617-2-00141 2 257 358
not FR940617-2-00141 2 259 672
tollfree FR940617-2-00141 1 260
numbers FR940617-2-00141 1 261
supplementary FR940617-2-00141 1 264
12 FR940617-2-00141 1 278
usc FR940617-2-00141 1 279
1715z FR940617-2-00141 1 280
authorizes FR940617-2-00141 1 282
insure FR940617-2-00141 1 286
refinance FR940617-2-00141 1 289
existing FR940617-2-00141 1 290
235. FR940617-2-00141 1 295
purpose FR940617-2-00141 1 297
reduce FR940617-2-00141 1 303
assisted FR940617-2-00141 1 309
order FR940617-2-00141 1 314
assistance FR940617-2-00141 1 317
payments FR940617-2-00141 1 318
pays FR940617-2-00141 1 321
on FR940617-2-00141 6 322 402 435 494 566 603
behalf FR940617-2-00141 1 323
mortgagors FR940617-2-00141 1 325
reduced FR940617-2-00141 1 328
regulations FR940617-2-00141 1 331
implementing FR940617-2-00141 1 332
contained FR940617-2-00141 1 336
subpart FR940617-2-00141 1 338
h FR940617-2-00141 1 339
24 FR940617-2-00141 4 341 374 839 879
cfr FR940617-2-00141 4 342 375 840 880
part FR940617-2-00141 1 343
235_refinancing FR940617-2-00141 1 344
loans FR940617-2-00141 5 359 579 597 617 797
set FR940617-2-00141 1 361
as FR940617-2-00141 1 371
authorized FR940617-2-00141 1 372
235.1202 FR940617-2-00141 2 376 841
b FR940617-2-00141 3 378 843 852
3 FR940617-2-00141 2 381 846
previous FR940617-2-00141 1 385
was FR940617-2-00141 5 396 491 517 619 719
59 FR940617-2-00141 1 405
fr FR940617-2-00141 2 406 916
19021 FR940617-2-00141 1 407
has FR940617-2-00141 2 412 893
take FR940617-2-00141 1 433
effect FR940617-2-00141 1 434
publication FR940617-2-00141 2 439 817
most FR940617-2-00141 3 445 520 526
recent FR940617-2-00141 1 446
survey FR940617-2-00141 1 448
ie FR940617-2-00141 2 454 651
secondary FR940617-2-00141 2 456 680
prices FR940617-2-00141 2 458 682
yields FR940617-2-00141 1 460
an FR940617-2-00141 3 463 498 505
ombdesignated FR940617-2-00141 1 464
principal FR940617-2-00141 1 465
indicator FR940617-2-00141 1 467
found FR940617-2-00141 1 469
dominant FR940617-2-00141 2 472 518
fha FR940617-2-00141 10 474 527 546 578 596 616 641 658 669 794
quoted FR940617-2-00141 1 477
potential FR940617-2-00141 1 479
homebuyers FR940617-2-00141 1 480
`` FR940617-2-00141 1 482
lockin FR940617-2-00141 1 483
'' FR940617-2-00141 1 484
commitments FR940617-2-00141 1 485
60 FR940617-2-00141 1 487
days FR940617-2-00141 1 488
or FR940617-2-00141 1 489
more FR940617-2-00141 1 490
with FR940617-2-00141 4 497 789 815 878
average FR940617-2-00141 2 499 717
.32 FR940617-2-00141 1 501
8.55 FR940617-2-00141 1 510
parts FR940617-2-00141 1 521
country FR940617-2-00141 1 524
funded FR940617-2-00141 1 530
gnma FR940617-2-00141 6 533 551 558 570 609 636
mortgagebacked FR940617-2-00141 1 534
securities FR940617-2-00141 2 535 574
50 FR940617-2-00141 1 541
basis FR940617-2-00141 1 542
point FR940617-2-00141 2 543 664
spread FR940617-2-00141 1 544
between FR940617-2-00141 1 545
contract FR940617-2-00141 2 547 693
rates FR940617-2-00141 6 549 553 707 722 749 763
coupon FR940617-2-00141 2 552 573
covers FR940617-2-00141 1 556
guarantee FR940617-2-00141 1 559
fee FR940617-2-00141 1 560
servicing FR940617-2-00141 1 562
cost FR940617-2-00141 1 563
7.50 FR940617-2-00141 1 571
were FR940617-2-00141 1 581
priced FR940617-2-00141 1 582
at FR940617-2-00141 5 583 626 647 689 856
about FR940617-2-00141 1 584
5 FR940617-2-00141 1 585
discount FR940617-2-00141 4 587 592 630 665
level FR940617-2-00141 1 590
tends FR940617-2-00141 1 593
impede FR940617-2-00141 1 595
finance FR940617-2-00141 1 599
home FR940617-2-00141 1 600
purchases FR940617-2-00141 1 601
other FR940617-2-00141 1 605
hand FR940617-2-00141 1 606
security FR940617-2-00141 1 612
trading FR940617-2-00141 1 620
twomonth FR940617-2-00141 1 623
forward FR940617-2-00141 1 624
around FR940617-2-00141 1 627
two FR940617-2-00141 2 628 663
while FR940617-2-00141 1 632
coupons FR940617-2-00141 1 637
9 FR940617-2-00141 1 639
continued FR940617-2-00141 1 644
trade FR940617-2-00141 1 646
over FR940617-2-00141 2 648 758
par FR940617-2-00141 1 649
negotiated FR940617-2-00141 1 659
rate/points FR940617-2-00141 1 660
provisions FR940617-2-00141 1 661
would FR940617-2-00141 2 671 723
burdensome FR940617-2-00141 1 674
it FR940617-2-00141 1 676
expected FR940617-2-00141 1 678
stabilize FR940617-2-00141 2 684 724
near FR940617-2-00141 1 687
term FR940617-2-00141 1 688
blue FR940617-2-00141 1 699
chip FR940617-2-00141 1 700
financial FR940617-2-00141 1 701
forecast FR940617-2-00141 3 702 718 737
showed FR940617-2-00141 1 703
after FR940617-2-00141 1 705
rose FR940617-2-00141 1 708
first FR940617-2-00141 1 711
quarter FR940617-2-00141 2 712 753
1994 FR940617-2-00141 1 714
second FR940617-2-00141 2 727 752
third FR940617-2-00141 2 729 766
fourth FR940617-2-00141 2 731 768
quarters FR940617-2-00141 2 732 769
data FR940617-2-00141 1 739
resources FR940617-2-00141 1 740
incorporated FR940617-2-00141 1 741
projects FR940617-2-00141 1 742
rise FR940617-2-00141 1 744
30 FR940617-2-00141 1 746
year FR940617-2-00141 1 747
treasury FR940617-2-00141 1 748
during FR940617-2-00141 1 750
which FR940617-2-00141 1 755
half FR940617-2-00141 1 757
then FR940617-2-00141 1 761
stable FR940617-2-00141 1 762
adjusting FR940617-2-00141 1 771
bring FR940617-2-00141 1 783
back FR940617-2-00141 1 786
into FR940617-2-00141 1 787
line FR940617-2-00141 1 788
rest FR940617-2-00141 1 791
current FR940617-2-00141 1 795
production FR940617-2-00141 1 796
beginning FR940617-2-00141 1 814
i FR940617-2-00141 1 849
remain FR940617-2-00141 1 855
subject FR940617-2-00141 1 861
matter FR940617-2-00141 1 862
categorically FR940617-2-00141 1 867
excluded FR940617-2-00141 1 868
's FR940617-2-00141 1 871
environmental FR940617-2-00141 2 872 891
clearance FR940617-2-00141 1 873
procedures FR940617-2-00141 1 874
accordance FR940617-2-00141 1 877
50.20 FR940617-2-00141 1 881
l FR940617-2-00141 1 883
reason FR940617-2-00141 1 888
finding FR940617-2-00141 1 892
been FR940617-2-00141 1 894
prepared FR940617-2-00141 1 895
dated FR940617-2-00141 1 900
nicolas FR940617-2-00141 1 904
p. FR940617-2-00141 1 905
retsinas FR940617-2-00141 1 906
doc FR940617-2-00141 1 917
9414745 FR940617-2-00141 1 919
filed FR940617-2-00141 1 920
61694 FR940617-2-00141 1 921
8:45 FR940617-2-00141 1 923
am FR940617-2-00141 1 924
billing FR940617-2-00141 1 926
code FR940617-2-00141 1 927
421027p FR940617-2-00141 1 928
department FR940617-2-00142 2 0 311
of FR940617-2-00142 20 1 5 20 33 48 70 78 94 118 158 167 169 231 245 261 267 269 298 309 312
the FR940617-2-00142 24 2 57 71 91 102 116 137 146 152 165 177 189 197 208 232 239 265 273 283 291 296 306 310 313
interior FR940617-2-00142 3 3 37 314
bureau FR940617-2-00142 3 4 32 244
land FR940617-2-00142 9 6 34 59 73 103 138 148 178 246
management FR940617-2-00142 4 7 35 76 247
[ FR940617-2-00142 2 8 327
or054421005 FR940617-2-00142 1 9
: FR940617-2-00142 3 10 31 43
gp4192 FR940617-2-00142 1 11
] FR940617-2-00142 2 12 337
oregon FR940617-2-00142 3 13 55 255
; FR940617-2-00142 2 14 334
realty FR940617-2-00142 2 15 44
action FR940617-2-00142 3 16 42 160
, FR940617-2-00142 25 17 26 28 36 38 45 54 85 127 150 155 172 199 202 225 243 248 252 254 276 286 289 301 319 322
noncompetitive FR940617-2-00142 2 18 46
sale FR940617-2-00142 6 19 47 66 109 184 233
public FR940617-2-00142 3 21 49 147
lands FR940617-2-00142 2 22 50
in FR940617-2-00142 4 23 51 272 295
gilliam FR940617-2-00142 2 24 52
county FR940617-2-00142 2 25 53
or FR940617-2-00142 2 27 161
. FR940617-2-00142 17 29 41 56 83 90 101 121 131 136 176 196 219 257 294 315 326 330
agency FR940617-2-00142 1 30
prineville FR940617-2-00142 5 39 240 253 287 323
district FR940617-2-00142 6 40 241 284 288 320 324
following FR940617-2-00142 1 58
has FR940617-2-00142 1 60
been FR940617-2-00142 1 61
found FR940617-2-00142 1 62
suitable FR940617-2-00142 1 63
for FR940617-2-00142 4 64 108 236 258
direct FR940617-2-00142 2 65 183
under FR940617-2-00142 2 67 145
section FR940617-2-00142 1 68
203 FR940617-2-00142 1 69
federal FR940617-2-00142 2 72 274
policy FR940617-2-00142 1 74
and FR940617-2-00142 3 75 188 211
act FR940617-2-00142 1 77
1976 FR940617-2-00142 1 79
( FR940617-2-00142 1 80
90 FR940617-2-00142 1 81
stat FR940617-2-00142 1 82
2750 FR940617-2-00142 1 84
43 FR940617-2-00142 1 86
usc FR940617-2-00142 1 87
1713 FR940617-2-00142 1 88
) FR940617-2-00142 1 89
preliminary FR940617-2-00142 1 92
estimate FR940617-2-00142 1 93
fair FR940617-2-00142 1 95
market FR940617-2-00142 1 96
value FR940617-2-00142 1 97
is FR940617-2-00142 3 98 140 179
$ FR940617-2-00142 1 99
500 FR940617-2-00142 1 100
will FR940617-2-00142 4 104 192 203 212
not FR940617-2-00142 1 105
be FR940617-2-00142 3 106 193 213
offered FR940617-2-00142 2 107 181
until FR940617-2-00142 1 110
at FR940617-2-00142 3 111 238 290
least FR940617-2-00142 1 112
60 FR940617-2-00142 1 113
days FR940617-2-00142 3 114 163 263
after FR940617-2-00142 1 115
date FR940617-2-00142 3 117 166 266
this FR940617-2-00142 5 119 159 170 270 302
notice FR940617-2-00142 3 120 171 271
willamette FR940617-2-00142 1 122
meridian FR940617-2-00142 1 123
t. FR940617-2-00142 1 124
1 FR940617-2-00142 1 125
n. FR940617-2-00142 1 126
r. FR940617-2-00142 1 128
19 FR940617-2-00142 1 129
e FR940617-2-00142 1 130
containing FR940617-2-00142 1 132
approximately FR940617-2-00142 1 133
2.5 FR940617-2-00142 1 134
acres FR940617-2-00142 1 135
described FR940617-2-00142 1 139
hereby FR940617-2-00142 1 141
segregated FR940617-2-00142 1 142
from FR940617-2-00142 3 143 164 264
appropriation FR940617-2-00142 1 144
laws FR940617-2-00142 2 149 154
including FR940617-2-00142 1 151
mining FR940617-2-00142 1 153
pending FR940617-2-00142 1 156
disposition FR940617-2-00142 1 157
270 FR940617-2-00142 1 162
publication FR940617-2-00142 2 168 268
whichever FR940617-2-00142 1 173
occurs FR940617-2-00142 1 174
first FR940617-2-00142 1 175
being FR940617-2-00142 1 180
by FR940617-2-00142 1 182
to FR940617-2-00142 4 185 207 215 282
jim FR940617-2-00142 1 186
morris FR940617-2-00142 1 187
mineral FR940617-2-00142 1 190
interest FR940617-2-00142 1 191
conveyed FR940617-2-00142 1 194
simultaneously FR940617-2-00142 1 195
patent FR940617-2-00142 1 198
when FR940617-2-00142 1 200
issued FR940617-2-00142 1 201
contain FR940617-2-00142 1 204
certain FR940617-2-00142 1 205
reservations FR940617-2-00142 2 206 224
united FR940617-2-00142 1 209
states FR940617-2-00142 1 210
subject FR940617-2-00142 1 214
an FR940617-2-00142 1 216
existing FR940617-2-00142 1 217
rightofway FR940617-2-00142 1 218
detailed FR940617-2-00142 1 220
information FR940617-2-00142 1 221
concerning FR940617-2-00142 1 222
these FR940617-2-00142 1 223
as FR940617-2-00142 2 226 228
well FR940617-2-00142 1 227
specific FR940617-2-00142 1 229
conditions FR940617-2-00142 1 230
are FR940617-2-00142 1 234
available FR940617-2-00142 1 235
review FR940617-2-00142 1 237
office FR940617-2-00142 2 242 325
po FR940617-2-00142 1 249
box FR940617-2-00142 1 250
550 FR940617-2-00142 1 251
97754 FR940617-2-00142 1 256
a FR940617-2-00142 1 259
period FR940617-2-00142 1 260
45 FR940617-2-00142 1 262
register FR940617-2-00142 1 275
interested FR940617-2-00142 1 277
parties FR940617-2-00142 1 278
may FR940617-2-00142 1 279
submit FR940617-2-00142 1 280
comments FR940617-2-00142 1 281
manager FR940617-2-00142 2 285 321
above FR940617-2-00142 1 292
address FR940617-2-00142 1 293
absence FR940617-2-00142 1 297
timely FR940617-2-00142 1 299
objections FR940617-2-00142 1 300
proposal FR940617-2-00142 1 303
shall FR940617-2-00142 1 304
become FR940617-2-00142 1 305
final FR940617-2-00142 1 307
determination FR940617-2-00142 1 308
james FR940617-2-00142 1 316
l. FR940617-2-00142 1 317
hancock FR940617-2-00142 1 318
fr FR940617-2-00142 1 328
doc FR940617-2-00142 1 329
9414800 FR940617-2-00142 1 331
filed FR940617-2-00142 1 332
61694 FR940617-2-00142 1 333
8:45 FR940617-2-00142 1 335
am FR940617-2-00142 1 336
billing FR940617-2-00142 1 338
code FR940617-2-00142 1 339
431033m FR940617-2-00142 1 340
[ FR940617-2-00143 2 0 603
or943421006 FR940617-2-00143 1 1
; FR940617-2-00143 13 2 4 17 260 278 301 307 324 338 352 366 405 610
gp4191 FR940617-2-00143 1 3
or48510 FR940617-2-00143 1 5
( FR940617-2-00143 4 6 256 297 520
wash FR940617-2-00143 1 7
) FR940617-2-00143 4 8 259 300 522
] FR940617-2-00143 2 9 613
opening FR940617-2-00143 1 10
of FR940617-2-00143 23 11 22 38 42 45 117 173 181 244 249 267 285 290 314 412 471 478 482 484 502 544 561 597
lands FR940617-2-00143 10 12 49 62 70 145 185 218 448 486 598
in FR940617-2-00143 7 13 122 433 488 553 567 582
a FR940617-2-00143 5 14 39 115 537 542
proposed FR940617-2-00143 3 15 40 118
withdrawal FR940617-2-00143 6 16 41 119 200 251 292
washington FR940617-2-00143 2 18 439
agency FR940617-2-00143 1 19
: FR940617-2-00143 8 20 29 33 85 92 114 219 587
bureau FR940617-2-00143 2 21 560
land FR940617-2-00143 2 23 562
management FR940617-2-00143 2 24 563
, FR940617-2-00143 49 25 36 58 59 86 95 100 104 106 109 126 130 131 132 139 140 141 161 167 194 197 231 235 237 241 264 282 305 311 328 342 356 370 384 388 390 394 409 438 445 446 462 468 474 511 523 588 592 595
interior FR940617-2-00143 1 26
. FR940617-2-00143 30 27 31 68 82 87 111 192 198 239 262 280 303 309 326 340 354 368 380 392 407 425 440 480 506 532 558 585 589 602 606
action FR940617-2-00143 1 28
notice FR940617-2-00143 2 30 116
summary FR940617-2-00143 1 32
the FR940617-2-00143 35 34 51 61 69 123 144 158 188 193 199 215 245 250 268 272 286 291 315 319 333 347 361 375 399 413 419 426 447 457 469 485 492 498 529 559
temporary FR940617-2-00143 1 35
segregation FR940617-2-00143 2 37 195
1750 FR940617-2-00143 2 43 431
acres FR940617-2-00143 2 44 432
national FR940617-2-00143 3 46 182 226
forest FR940617-2-00143 2 47 183
system FR940617-2-00143 2 48 184
for FR940617-2-00143 6 50 88 148 252 293 579
white FR940617-2-00143 1 52
pass FR940617-2-00143 1 53
ski FR940617-2-00143 1 54
area FR940617-2-00143 9 55 277 323 337 351 365 379 404 424
terminates FR940617-2-00143 1 56
on FR940617-2-00143 2 57 444
and FR940617-2-00143 12 60 73 79 155 223 415 435 454 475 500 539 599
will FR940617-2-00143 4 63 202 449 564
be FR940617-2-00143 4 64 179 205 450
opened FR940617-2-00143 2 65 451
to FR940617-2-00143 12 66 76 150 163 187 204 214 452 464 497 535 540
mining FR940617-2-00143 4 67 159 460 494
have FR940617-2-00143 1 71
been FR940617-2-00143 1 72
remain FR940617-2-00143 1 74
open FR940617-2-00143 1 75
surface FR940617-2-00143 1 77
entry FR940617-2-00143 3 78 156 455
mineral FR940617-2-00143 2 80 189
leasing FR940617-2-00143 2 81 190
effective FR940617-2-00143 1 83
date FR940617-2-00143 2 84 499
further FR940617-2-00143 1 89
information FR940617-2-00143 2 90 113
contact FR940617-2-00143 1 91
donna FR940617-2-00143 1 93
kauffman FR940617-2-00143 1 94
blm FR940617-2-00143 1 96
oregon/washington FR940617-2-00143 1 97
state FR940617-2-00143 4 98 253 294 549
office FR940617-2-00143 1 99
po FR940617-2-00143 1 101
box FR940617-2-00143 1 102
2965 FR940617-2-00143 1 103
portland FR940617-2-00143 1 105
oregon FR940617-2-00143 1 107
972082965 FR940617-2-00143 1 108
5032807162 FR940617-2-00143 1 110
supplementary FR940617-2-00143 1 112
was FR940617-2-00143 1 120
published FR940617-2-00143 1 121
federal FR940617-2-00143 2 124 556
register FR940617-2-00143 1 125
57 FR940617-2-00143 2 127 136
fr FR940617-2-00143 3 128 137 604
33006 FR940617-2-00143 1 129
as FR940617-2-00143 2 133 213
corrected FR940617-2-00143 1 134
by FR940617-2-00143 3 135 177 548
38855 FR940617-2-00143 1 138
which FR940617-2-00143 2 142 175
segregated FR940617-2-00143 1 143
described FR940617-2-00143 4 146 217 428 487
therein FR940617-2-00143 1 147
up FR940617-2-00143 1 149
2 FR940617-2-00143 2 151 263
years FR940617-2-00143 1 152
from FR940617-2-00143 2 153 170
location FR940617-2-00143 3 154 453 538
under FR940617-2-00143 4 157 456 491 516
laws FR940617-2-00143 4 160 191 461 495
subject FR940617-2-00143 2 162 463
valid FR940617-2-00143 2 164 465
existing FR940617-2-00143 3 165 466 472
rights FR940617-2-00143 4 166 467 527 574
but FR940617-2-00143 1 168
not FR940617-2-00143 3 169 552 565
other FR940617-2-00143 2 171 476
forms FR940617-2-00143 1 172
disposition FR940617-2-00143 1 174
may FR940617-2-00143 1 176
law FR940617-2-00143 3 178 550 557
made FR940617-2-00143 1 180
or FR940617-2-00143 2 186 211
expires FR940617-2-00143 1 196
application FR940617-2-00143 1 201
continue FR940617-2-00143 1 203
processed FR940617-2-00143 1 206
unless FR940617-2-00143 1 207
it FR940617-2-00143 1 208
is FR940617-2-00143 2 209 504
canceled FR940617-2-00143 1 210
denied FR940617-2-00143 1 212
following FR940617-2-00143 1 216
willamette FR940617-2-00143 1 220
meridian FR940617-2-00143 1 221
snoqualmie FR940617-2-00143 1 222
gifford FR940617-2-00143 1 224
pinchot FR940617-2-00143 1 225
forests FR940617-2-00143 1 227
t. FR940617-2-00143 2 228 381
13 FR940617-2-00143 1 229
n. FR940617-2-00143 2 230 383
r. FR940617-2-00143 2 232 385
11 FR940617-2-00143 3 233 304 386
e. FR940617-2-00143 2 234 387
unsurveyed FR940617-2-00143 2 236 389
sec FR940617-2-00143 11 238 261 279 302 308 325 339 353 367 391 406
1 FR940617-2-00143 1 240
that FR940617-2-00143 9 242 265 283 312 329 343 357 371 395
portion FR940617-2-00143 9 243 266 284 313 330 344 358 372 396
n1/2 FR940617-2-00143 2 246 269
lying FR940617-2-00143 10 247 270 288 317 331 345 359 373 397 417
northerly FR940617-2-00143 1 248
highway FR940617-2-00143 2 254 295
12 FR940617-2-00143 3 255 296 310
plo FR940617-2-00143 2 257 298
2434 FR940617-2-00143 2 258 299
outside FR940617-2-00143 8 271 318 332 346 360 374 398 418
william FR940617-2-00143 3 273 400 420
o. FR940617-2-00143 3 274 401 421
douglas FR940617-2-00143 3 275 402 422
wilderness FR940617-2-00143 8 276 322 336 350 364 378 403 423
10 FR940617-2-00143 1 281
e1/2 FR940617-2-00143 1 287
southerly FR940617-2-00143 1 289
s1/2s1/2 FR940617-2-00143 1 306
s1/2sw1/4 FR940617-2-00143 2 316 414
goat FR940617-2-00143 5 320 334 348 362 376
rocks FR940617-2-00143 5 321 335 349 363 377
14 FR940617-2-00143 2 327 382
15 FR940617-2-00143 1 341
22 FR940617-2-00143 1 355
23 FR940617-2-00143 1 369
35 FR940617-2-00143 1 393
36 FR940617-2-00143 1 408
those FR940617-2-00143 1 410
portions FR940617-2-00143 1 411
sw1/4se1/4 FR940617-2-00143 1 416
areas FR940617-2-00143 1 427
aggregate FR940617-2-00143 1 429
approximately FR940617-2-00143 1 430
lewis FR940617-2-00143 1 434
yakima FR940617-2-00143 1 436
counties FR940617-2-00143 1 437
at FR940617-2-00143 1 441
8:30 FR940617-2-00143 1 442
am FR940617-2-00143 2 443 612
united FR940617-2-00143 2 458 530
states FR940617-2-00143 2 459 531
provisions FR940617-2-00143 1 470
withdrawals FR940617-2-00143 1 473
segregations FR940617-2-00143 1 477
record FR940617-2-00143 1 479
appropriation FR940617-2-00143 2 481 510
any FR940617-2-00143 2 483 507
this FR940617-2-00143 1 489
order FR940617-2-00143 1 490
general FR940617-2-00143 1 493
prior FR940617-2-00143 1 496
time FR940617-2-00143 1 501
restoration FR940617-2-00143 1 503
unauthorized FR940617-2-00143 1 505
such FR940617-2-00143 2 508 580
attempted FR940617-2-00143 2 509 513
including FR940617-2-00143 1 512
adverse FR940617-2-00143 1 514
possession FR940617-2-00143 2 515 545
30 FR940617-2-00143 1 517
usc FR940617-2-00143 1 518
38 FR940617-2-00143 1 519
1988 FR940617-2-00143 1 521
shall FR940617-2-00143 1 524
vest FR940617-2-00143 1 525
no FR940617-2-00143 1 526
against FR940617-2-00143 1 528
acts FR940617-2-00143 1 533
required FR940617-2-00143 1 534
establish FR940617-2-00143 1 536
initiate FR940617-2-00143 1 541
right FR940617-2-00143 1 543
are FR940617-2-00143 1 546
governed FR940617-2-00143 1 547
where FR940617-2-00143 1 551
conflict FR940617-2-00143 1 554
with FR940617-2-00143 1 555
intervene FR940617-2-00143 1 566
disputes FR940617-2-00143 1 568
between FR940617-2-00143 1 569
rival FR940617-2-00143 1 570
locators FR940617-2-00143 1 571
over FR940617-2-00143 1 572
possessory FR940617-2-00143 1 573
since FR940617-2-00143 1 575
congress FR940617-2-00143 1 576
has FR940617-2-00143 1 577
provided FR940617-2-00143 1 578
determinations FR940617-2-00143 1 581
local FR940617-2-00143 1 583
courts FR940617-2-00143 1 584
dated FR940617-2-00143 1 586
eleanor FR940617-2-00143 1 590
mccauley FR940617-2-00143 1 591
acting FR940617-2-00143 1 593
chief FR940617-2-00143 1 594
branch FR940617-2-00143 1 596
minerals FR940617-2-00143 1 600
operations FR940617-2-00143 1 601
doc FR940617-2-00143 1 605
9414801 FR940617-2-00143 1 607
filed FR940617-2-00143 1 608
61694 FR940617-2-00143 1 609
8:45 FR940617-2-00143 1 611
billing FR940617-2-00143 1 614
code FR940617-2-00143 1 615
431033p FR940617-2-00143 1 616
fish FR940617-2-00144 1 0
and FR940617-2-00144 2 1 9
wildlife FR940617-2-00144 1 2
service FR940617-2-00144 1 3
availability FR940617-2-00144 1 4
of FR940617-2-00144 2 5 11
an FR940617-2-00144 2 6 12
environmental FR940617-2-00144 1 7
assessment FR940617-2-00144 1 8
receipt FR940617-2-00144 1 10
application FR940617-2-00144 1 13
for FR940617-2-00144 1 14
