for FR940104-0-00031 27 3686 3693 3738 3789 4001 4046 4141 4222 4231 4294 4417 4644 5077 5081 5161 5184 5264 5273 5341 5460 5518 5621 5699 5702 5879 5893 6023
supplements FR940104-0-00031 12 3687 4224 4281 5311 5330 5369 5394 5415 5488 5623 5714 6056
are FR940104-0-00031 14 3688 3841 4011 4456 4490 4503 4971 5068 5073 5355 5450 5514 5719 5840
less FR940104-0-00031 2 3689 3842
comprehensive FR940104-0-00031 1 3690
than FR940104-0-00031 4 3691 4845 5080 5358
revisions FR940104-0-00031 1 3692
foods FR940104-0-00031 1 3694
in FR940104-0-00031 23 3695 3725 3931 4012 4100 4111 4172 4210 4227 4328 4485 4591 4600 4682 4849 4857 5003 5037 5331 5389 5444 5728 5959
conventional FR940104-0-00031 1 3696
food FR940104-0-00031 3 3697 5993 6068
form FR940104-0-00031 1 3698
. FR940104-0-00031 95 3699 3724 3755 3768 3807 3833 3848 3875 3899 3914 3946 3986 4004 4025 4039 4068 4095 4160 4183 4199 4214 4246 4271 4302 4320 4359 4373 4397 4420 4443 4473 4509 4521 4547 4561 4582 4607 4628 4651 4674 4704 4741 4769 4783 4797 4830 4860 4880 4902 4939 4960 4985 5006 5035 5059 5095 5123 5139 5176 5196 5229 5241 5276 5287 5312 5352 5403 5459 5471 5498 5522 5538 5545 5574 5592 5637 5641 5691 5705 5756 5829 5854 5898 5900 5938 5948 5985 6001 6019 6021 6057 6061 6071 6082 6086
the FR940104-0-00031 157 3700 3705 3712 3726 3729 3733 3756 3762 3771 3810 3814 3817 3850 3853 3876 3880 3990 4005 4009 4015 4028 4037 4040 4063 4071 4103 4112 4127 4134 4138 4161 4166 4189 4194 4200 4215 4232 4277 4283 4305 4333 4340 4351 4362 4379 4384 4398 4421 4444 4451 4463 4471 4476 4482 4510 4524 4550 4567 4572 4580 4583 4592 4601 4629 4632 4656 4665 4711 4718 4744 4749 4752 4758 4770 4777 4786 4804 4808 4816 4823 4828 4836 4841 4878 4881 4892 4896 4903 4907 4919 4937 4958 4963 4988 5000 5007 5018 5022 5038 5041 5045 5049 5062 5086 5100 5117 5128 5143 5165 5174 5177 5181 5202 5230 5243 5279 5295 5332 5339 5364 5371 5376 5411 5445 5477 5484 5499 5510 5525 5539 5548 5561 5596 5602 5606 5631 5692 5731 5736 5740 5757 5761 5767 5773 5779 5834 5856 5861 5864 5903 5935 5951 5960 6024 6035 6042 6052
comment FR940104-0-00031 15 3701 3948 3988 4372 4796 4834 4862 5097 5125 5199 5231 5286 5292 5314 5544
states FR940104-0-00031 1 3702
that FR940104-0-00031 56 3703 3736 3761 3879 3908 3918 3942 3950 4108 4165 4203 4218 4288 4335 4378 4401 4448 4453 4479 4533 4566 4586 4679 4709 4713 4803 4866 4906 4968 4995 5010 5017 5048 5099 5127 5142 5180 5201 5216 5294 5316 5360 5374 5395 5410 5436 5476 5502 5551 5554 5668 5708 5739 5766 5917 5924
incorporating FR940104-0-00031 1 3704
`` FR940104-0-00031 4 3706 4729 4762 5989
nutrition FR940104-0-00031 9 3707 4667 5144 5419 5481 5531 5572 5611 6044
facts FR940104-0-00031 1 3708
'' FR940104-0-00031 4 3709 4731 4764 5997
section FR940104-0-00031 3 3710 4341 5168
plus FR940104-0-00031 1 3711
ingredient FR940104-0-00031 1 3713
list FR940104-0-00031 1 3714
will FR940104-0-00031 25 3715 3884 3943 4170 4353 4540 4659 4766 4870 4998 5029 5187 5208 5297 5384 5399 5408 5416 5432 5466 5565 5579 5587 5743 6040
necessitate FR940104-0-00031 1 3716
complete FR940104-0-00031 1 3717
redistribution FR940104-0-00031 1 3718
of FR940104-0-00031 89 3719 3728 3776 3786 3791 3816 3924 3939 3992 4020 4042 4065 4115 4129 4174 4193 4196 4207 4234 4237 4253 4262 4279 4298 4350 4386 4470 4481 4488 4574 4576 4603 4616 4634 4639 4700 4720 4722 4728 4738 4748 4751 4757 4810 4813 4818 4825 4843 4877 4898 4921 5021 5025 5040 5061 5085 5120 5150 5167 5173 5245 5334 5367 5378 5386 5413 5447 5479 5486 5489 5509 5529 5560 5595 5605 5653 5753 5769 5784 5794 5807 5821 5833 5863 5921 5992 6051 6067 6077
information FR940104-0-00031 5 3720 4774 4888 5362 5482
on FR940104-0-00031 23 3721 3781 3905 4036 4062 4370 4529 4558 4794 5056 5090 5156 5193 5306 5380 5483 5533 5610 5712 5749 5934 5957 6037
many FR940104-0-00031 7 3722 4480 4811 4819 4853 4969 5327
labels FR940104-0-00031 9 3723 3796 3926 3995 4213 4627 5381 5412 5485
analysis FR940104-0-00031 4 3727 3775 4106 5039
proposed FR940104-0-00031 4 3730 4837 5042 5203
rules FR940104-0-00031 12 3731 4508 4546 4805 4838 4943 5043 5050 5608 5711 5742 5865
, FR940104-0-00031 113 3732 3737 3740 3743 3770 3797 3813 3835 3860 3877 3922 3929 3966 3969 3974 3977 3983 4027 4048 4060 4076 4089 4116 4122 4132 4146 4162 4266 4282 4322 4361 4391 4394 4412 4449 4458 4475 4496 4500 4523 4549 4637 4641 4676 4687 4688 4692 4694 4706 4717 4743 4785 4815 4821 4835 4941 4962 4976 4987 5044 5071 5152 5157 5158 5211 5213 5250 5252 5255 5278 5344 5370 5405 5429 5453 5455 5463 5524 5547 5576 5585 5613 5617 5658 5663 5676 5678 5715 5718 5735 5791 5802 5815 5837 5866 5881 5884 5895 5940 5981 5988 5996 6003 6008 6010 6014 6016 6028 6032 6033 6060 6065 6075
agency FR940104-0-00031 37 3734 3763 3772 3851 3881 4016 4029 4135 4167 4190 4284 4363 4380 4445 4477 4525 4551 4568 4745 4778 4787 4904 4964 4989 5008 5046 5178 5274 5280 5372 5540 5549 5737 5758 5780 5857 5904
estimated FR940104-0-00031 4 3735 3989 4249 4631
a FR940104-0-00031 27 3739 3782 3821 3919 3965 3973 4047 4518 4604 4614 4698 4736 4864 4875 4928 4934 5262 5269 5322 5468 5746 5750 5880 5894 5912 5922 5931
compliance FR940104-0-00031 16 3741 3818 3846 3854 3967 3975 3984 4049 4078 4139 4163 5770 5775 5882 5896 5990
period FR940104-0-00031 12 3742 3819 3855 3968 3976 3985 4050 4140 4164 5776 5883 5897
printing FR940104-0-00031 5 3744 3777 3861 3886 5803
and FR940104-0-00031 62 3745 3794 3803 3838 3862 3871 3887 3895 3955 3978 4056 4074 4123 4156 4179 4242 4326 4346 4388 4395 4437 4440 4466 4501 4536 4642 4669 4754 4822 4851 4900 4924 5137 5146 5214 5222 5308 5338 5430 5456 5513 5618 5630 5651 5657 5681 5688 5763 5788 5798 5804 5811 5816 5825 5844 5875 5889 5968 5978 6046 6069 6079
redesign FR940104-0-00031 7 3746 3839 3863 3888 4438 4539 5805
costs FR940104-0-00031 24 3747 3778 3864 3889 3959 4024 4094 4149 4173 4221 4403 4782 5063 5070 5094 5650 5768 5783 5793 5806 5820 5832 5869 5991
would FR940104-0-00031 22 3748 3865 3909 3960 3996 4150 4205 4225 4257 4290 4314 4404 4432 4610 4839 4894 5109 5130 5217 5239 5491 5870
be FR940104-0-00031 29 3749 3866 3910 3944 3961 3997 4151 4258 4291 4315 4357 4405 4433 4541 4611 4690 4734 4767 4955 5030 5111 5131 5347 5385 5568 5580 5589 5871 5970
approximately FR940104-0-00031 3 3750 3998 4259
$ FR940104-0-00031 41 3751 3787 3800 3804 3868 3872 3892 3896 3932 3936 3962 3970 3979 3999 4053 4057 4153 4157 4176 4180 4239 4243 4269 4408 4414 4648 4846 5786 5789 5796 5799 5809 5812 5823 5826 5842 5845 5873 5876 5887 5890
1000 FR940104-0-00031 2 3752 3788
per FR940104-0-00031 3 3753 3783 4410
label FR940104-0-00031 11 3754 3784 3828 3906 3940 3954 4021 4043 4087 4605 5817
comments FR940104-0-00031 25 3757 3902 3916 4010 4038 4075 4186 4201 4216 4306 4376 4399 4422 4511 4560 4564 4584 4630 4771 4800 4882 5005 5474 5500 5762
do FR940104-0-00031 6 3758 4318 4949 5350 5504 5555
not FR940104-0-00031 27 3759 4031 4286 4354 4365 4424 4497 4504 4513 4553 4660 4789 4884 4950 4966 5110 5218 5282 5457 5505 5515 5556 5567 5720 5744 5859 5926
suggest FR940104-0-00031 1 3760
's FR940104-0-00031 6 3764 3773 3823 4017 4191 4930
estimate FR940104-0-00031 7 3765 4019 4034 4192 4368 4556 4780
is FR940104-0-00031 20 3766 3779 3882 3927 4030 4051 4168 4364 4552 4588 4680 4715 4746 4755 4788 5012 5536 5661 5920 5946
incorrect FR940104-0-00031 1 3767
therefore FR940104-0-00031 13 3769 3834 4026 4360 4502 4548 4675 4784 4986 5277 5523 5575 5939
final FR940104-0-00031 6 3774 4545 5607 5710 5741 5835
based FR940104-0-00031 5 3780 4035 4369 4557 4793
cost FR940104-0-00031 13 3785 3991 4041 4195 4252 4385 4573 4633 4719 4737 4753 5478 5591
each FR940104-0-00031 1 3790
between FR940104-0-00031 16 3792 3799 3867 3891 4052 4152 4175 4238 5785 5795 5808 5822 5841 5872 5886 5975
15000 FR940104-0-00031 1 3793
75000 FR940104-0-00031 1 3795
or FR940104-0-00031 13 3798 4267 4413 4493 4695 4914 4982 5253 5329 5382 5440 5885 5928
15 FR940104-0-00031 1 3801
million FR940104-0-00031 26 3802 3806 3870 3874 3894 3898 3934 3938 4055 4059 4155 4159 4178 4182 4241 4245 4416 4650 4848 4868 5801 5814 5828 5847 5878 5892
75 FR940104-0-00031 1 3805
according FR940104-0-00031 4 3808 4069 4096 4831
to FR940104-0-00031 54 3809 3825 3890 3912 3921 3935 4070 4082 4097 4102 4125 4212 4296 4311 4317 4338 4356 4382 4429 4435 4450 4506 4516 4531 4570 4595 4622 4662 4710 4760 4832 4890 4909 4927 4932 4954 4993 5015 5092 5113 5133 5225 5235 5267 5320 5349 5421 5424 5434 5527 5570 5647 5664 6054
rti FR940104-0-00031 3 3811 4072 5987
study FR940104-0-00031 2 3812 4073
length FR940104-0-00031 1 3815
determines FR940104-0-00031 1 3820
firm FR940104-0-00031 4 3822 4003 4248 4411
ability FR940104-0-00031 1 3824
combine FR940104-0-00031 1 3826
planned FR940104-0-00031 1 3827
changes FR940104-0-00031 2 3829 3832
with FR940104-0-00031 21 3830 3844 3964 3972 3981 4014 4188 4330 4462 4613 4625 4664 4684 4775 5065 5116 5261 5284 5542 5730 5772
mandated FR940104-0-00031 1 3831
incremental FR940104-0-00031 1 3836
labeling FR940104-0-00031 18 3837 4278 4457 4668 4732 4946 5066 5145 5221 5359 5383 5420 5446 5532 5573 5612 5994 6045
activities FR940104-0-00031 1 3840
costly FR940104-0-00031 1 3843
lengthier FR940104-0-00031 2 3845 4077
periods FR940104-0-00031 2 3847 4079
if FR940104-0-00031 5 3849 4133 5242 5317 5855
extended FR940104-0-00031 2 3852 4137
by FR940104-0-00031 9 3856 4008 4543 5032 5300 5626 5724 5778 5972
only FR940104-0-00031 3 3857 4276 4945
6 FR940104-0-00031 4 3858 3893 4144 5810
months FR940104-0-00031 2 3859 4145
7.5 FR940104-0-00031 1 3869
37.5 FR940104-0-00031 1 3873
extension FR940104-0-00031 1 3878
providing FR940104-0-00031 3 3883 4169 5480
reduce FR940104-0-00031 2 3885 4918
28 FR940104-0-00031 2 3897 5813
6. FR940104-0-00031 1 3900
several FR940104-0-00031 5 3901 4185 4375 4563 4799
provided FR940104-0-00031 4 3903 4007 4772 5777
data FR940104-0-00031 3 3904 4098 5266
inventories FR940104-0-00031 1 3907
subject FR940104-0-00031 2 3911 4505
disposal FR940104-0-00031 9 3913 3958 4023 4045 4093 4148 4198 4233 5819
these FR940104-0-00031 22 3915 4273 4402 4454 4486 4507 4544 4559 4701 4739 4781 4942 4996 5004 5033 5237 5256 5406 5448 5461 5464 5709
stated FR940104-0-00031 11 3917 4217 4585 4863 5098 5126 5200 5293 5315 5475 6026
4- FR940104-0-00031 1 3920
supply FR940104-0-00031 1 3923
product FR940104-0-00031 16 3925 4209 4220 4300 4324 4392 4441 4537 4577 4640 4653 4678 4714 4723 4765 4935
common FR940104-0-00031 2 3928 4589
resulting FR940104-0-00031 1 3930
3.4 FR940104-0-00031 1 3933
5.1 FR940104-0-00031 1 3937
inventory FR940104-0-00031 12 3941 3957 4022 4044 4092 4147 4197 4229 4256 4265 4301 5818
discarded FR940104-0-00031 1 3945
another FR940104-0-00031 4 3947 4861 5124 5313
suggested FR940104-0-00031 2 3949 4400
its FR940104-0-00031 6 3951 4033 4250 4367 4555 4791
dietary FR940104-0-00031 12 3952 4223 4280 5026 5310 5368 5414 5427 5487 5622 5713 6055
supplement FR940104-0-00031 4 3953 4593 4953 5027
box FR940104-0-00031 1 3956
325000 FR940104-0-00031 1 3963
200000 FR940104-0-00031 1 3971
50000 FR940104-0-00031 2 3980 5787
an FR940104-0-00031 7 3982 4142 4228 4308 4426 5053 5942
one FR940104-0-00031 8 3987 4002 4247 4833 4858 5096 5198 5291
discarding FR940104-0-00031 3 3993 4254 4387
noncompliant FR940104-0-00031 2 3994 4255
30000 FR940104-0-00031 1 4000
estimates FR940104-0-00031 2 4006 4792
line FR940104-0-00031 1 4013
preliminary FR940104-0-00031 1 4018
changing FR940104-0-00031 4 4032 4366 4554 4790
5 FR940104-0-00031 1 4054
25 FR940104-0-00031 1 4058
depending FR940104-0-00031 1 4061
number FR940104-0-00031 3 4064 4615 5752
products FR940104-0-00031 13 4066 4130 4236 4617 4624 4826 4901 4923 4970 5028 5449 5535 5553
affected FR940104-0-00031 2 4067 4131
allow FR940104-0-00031 1 4080
firms FR940104-0-00031 10 4081 4204 4295 4419 4609 4820 5079 5083 5108 5195
use FR940104-0-00031 2 4083 5377
up FR940104-0-00031 1 4084
more FR940104-0-00031 3 4085 4844 5075
existing FR940104-0-00031 1 4086
supplies FR940104-0-00031 1 4088
thus FR940104-0-00031 1 4090
reducing FR940104-0-00031 1 4091
submitted FR940104-0-00031 1 4099
response FR940104-0-00031 1 4101
regulatory FR940104-0-00031 7 4104 5632 5655 5666 5693 5700 5732
impact FR940104-0-00031 8 4105 5055 5192 5598 5748 5902 5933 5944
document FR940104-0-00031 1 4107
was FR940104-0-00031 3 4109 5104 5232
published FR940104-0-00031 1 4110
federal FR940104-0-00031 1 4113
register FR940104-0-00031 1 4114
( FR940104-0-00031 10 4117 4343 4347 5170 5635 5672 5848 5911 5914 5964
56 FR940104-0-00031 1 4118
fr FR940104-0-00031 2 4119 6084
60366 FR940104-0-00031 1 4120
) FR940104-0-00031 10 4121 4345 4349 5172 5640 5690 5853 5913 5916 5967
adjusted FR940104-0-00031 1 4124
reflect FR940104-0-00031 1 4126
range FR940104-0-00031 1 4128
had FR940104-0-00031 1 4136
additional FR940104-0-00031 1 4143
3 FR940104-0-00031 1 4154
13 FR940104-0-00031 1 4158
result FR940104-0-00031 4 4171 4226 4699 4876
2 FR940104-0-00031 3 4177 4867 5824
9 FR940104-0-00031 3 4181 5827 5976
7. FR940104-0-00031 1 4184
disagreed FR940104-0-00031 1 4187
argued FR940104-0-00031 3 4202 4377 4565
dispose FR940104-0-00031 2 4206 4297
finished FR940104-0-00031 2 4208 4263
addition FR940104-0-00031 1 4211
typical FR940104-0-00031 1 4219
value FR940104-0-00031 3 4230 5521 5526
5000 FR940104-0-00031 1 4235
48 FR940104-0-00031 2 4240 4649
73 FR940104-0-00031 1 4244
own FR940104-0-00031 1 4251
30 FR940104-0-00031 1 4260
percent FR940104-0-00031 2 4261 5850
goods FR940104-0-00031 1 4264
about FR940104-0-00031 2 4268 5363
45000 FR940104-0-00031 1 4270
because FR940104-0-00031 6 4272 4727 5084 5106 5119 5353
proposals FR940104-0-00031 2 4274 5129
cover FR940104-0-00031 1 4275
does FR940104-0-00031 5 4285 4446 4965 5281 5925
agree FR940104-0-00031 3 4287 4447 5283
there FR940104-0-00031 5 4289 5011 5354 5578 5586
any FR940104-0-00031 10 4292 4299 4323 4652 4886 4952 5190 5259 5437 5494
reason FR940104-0-00031 2 4293 5014
nor FR940104-0-00031 1 4303
did FR940104-0-00031 5 4304 4423 4512 4883 5858
provide FR940104-0-00031 9 4307 4425 4885 5159 5258 5298 5361 5417 5467
explanation FR940104-0-00031 2 4309 4427
as FR940104-0-00031 12 4310 4428 4697 4852 4854 4874 4889 4977 5234 5624 5722 6034
why FR940104-0-00031 3 4312 4430 5236
it FR940104-0-00031 4 4313 4431 4587 6039
necessary FR940104-0-00031 3 4316 4434 5662
so FR940104-0-00031 2 4319 5351
moreover FR940104-0-00031 2 4321 4961
packaged FR940104-0-00031 1 4325
labeled FR940104-0-00031 3 4327 4654 4681
accordance FR940104-0-00031 3 4329 4683 5729
law FR940104-0-00031 2 4331 4685
before FR940104-0-00031 3 4332 4655 4686
date FR940104-0-00031 3 4334 4658 6036
fda FR940104-0-00031 7 4336 4707 5140 5599 5706 5998 6029
begins FR940104-0-00031 1 4337
apply FR940104-0-00031 2 4339 6041
403 FR940104-0-00031 2 4342 5169
q FR940104-0-00031 2 4344 5171
r FR940104-0-00031 1 4348
act FR940104-0-00031 8 4352 4472 5148 5175 5634 5695 5734 6053
need FR940104-0-00031 4 4355 4661 4689 5340
relabeled FR940104-0-00031 2 4358 4693
this FR940104-0-00031 5 4371 4795 5285 5543 5918
8. FR940104-0-00031 1 4374
failed FR940104-0-00031 2 4381 4569
consider FR940104-0-00031 2 4383 4571
redesigning FR940104-0-00031 1 4389
catalogs FR940104-0-00031 2 4390 4439
literature FR940104-0-00031 3 4393 4442 4538
advertising FR940104-0-00031 2 4396 5223
at FR940104-0-00031 2 4406 4647
least FR940104-0-00031 1 4407
40000 FR940104-0-00031 1 4409
20 FR940104-0-00031 2 4415 5874
all FR940104-0-00031 2 4418 5649
discard FR940104-0-00031 1 4436
extent FR940104-0-00031 3 4452 4712 4759
materials FR940104-0-00031 2 4455 4489
they FR940104-0-00031 5 4459 4948 5345 5396 5431
must FR940104-0-00031 1 4460
comply FR940104-0-00031 2 4461 4663
nutrient FR940104-0-00031 6 4464 4670 4912 5438 5614 6047
content FR940104-0-00031 6 4465 4671 4913 5439 5615 6048
health FR940104-0-00031 12 4467 4498 4915 4974 5206 5227 5246 5271 5441 5619 5680 6078
claims FR940104-0-00031 17 4468 4483 4492 4495 4499 4916 4975 4981 4984 5207 5228 5247 5379 5442 5616 5620 6049
provisions FR940104-0-00031 4 4469 4673 4703 6050
however FR940104-0-00031 6 4474 4705 4742 4940 5404 5546
believes FR940104-0-00031 4 4478 5009 5179 5373
made FR940104-0-00031 2 4484 5443
types FR940104-0-00031 1 4487
drug FR940104-0-00031 2 4491 4980
structurefunction FR940104-0-00031 2 4494 4983
present FR940104-0-00031 1 4514
evidence FR940104-0-00031 1 4515
support FR940104-0-00031 2 4517 5268
different FR940104-0-00031 1 4519
finding FR940104-0-00031 1 4520
consequently FR940104-0-00031 1 4522
has FR940104-0-00031 7 4526 4990 5600 5759 5764 5905 5954
no FR940104-0-00031 6 4527 4677 4991 5581 5590 6000
basis FR940104-0-00031 2 4528 4992
which FR940104-0-00031 7 4530 4761 4776 5072 5091 5153 6038
conclude FR940104-0-00031 1 4532
extensive FR940104-0-00031 1 4534
catalog FR940104-0-00031 1 4535
required FR940104-0-00031 4 4542 5569 5625 5947
9. FR940104-0-00031 1 4562
relabeling FR940104-0-00031 1 4575
returned FR940104-0-00031 6 4578 4618 4691 4716 4724 4768
from FR940104-0-00031 11 4579 4598 4619 4725 4827 4936 4957 4979 5164 5303 5392
retailer FR940104-0-00031 1 4581
practice FR940104-0-00031 1 4590
industry FR940104-0-00031 2 4594 4608
accept FR940104-0-00031 1 4596
returns FR940104-0-00031 2 4597 4636
retailers FR940104-0-00031 3 4599 4620 4726
event FR940104-0-00031 1 4602
change FR940104-0-00031 1 4606
faced FR940104-0-00031 1 4612
unwilling FR940104-0-00031 1 4621
carry FR940104-0-00031 1 4623
older FR940104-0-00031 1 4626
processing FR940104-0-00031 1 4635
disposing FR940104-0-00031 2 4638 4721
applying FR940104-0-00031 1 4643
full FR940104-0-00031 2 4645 5418
credit FR940104-0-00031 1 4646
applicability FR940104-0-00031 1 4657
new FR940104-0-00031 3 4666 4702 5182
claim FR940104-0-00031 2 4672 5272
destroyed FR940104-0-00031 1 4696
agrees FR940104-0-00031 3 4708 4905 5541
old FR940104-0-00031 2 4730 4763
should FR940104-0-00031 2 4733 5346
considered FR940104-0-00031 1 4735
regulations FR940104-0-00031 13 4740 4879 4893 4997 5034 5067 5118 5257 5296 5407 5465 5836 5995
unpersuaded FR940104-0-00031 1 4747
magnitude FR940104-0-00031 1 4750
unsure FR940104-0-00031 1 4756
insufficient FR940104-0-00031 1 4773
could FR940104-0-00031 2 4779 5051
10. FR940104-0-00031 1 4798
expressed FR940104-0-00031 1 4801
concern FR940104-0-00031 1 4802
may FR940104-0-00031 3 4806 4917 5969
cause FR940104-0-00031 5 4807 4840 4895 4999 5209
loss FR940104-0-00031 4 4809 4824 4842 4897
thousands FR940104-0-00031 1 4812
jobs FR940104-0-00031 4 4814 4856 4873 4899
closing FR940104-0-00031 1 4817
marketplace FR940104-0-00031 2 4829 4938
10 FR940104-0-00031 1 4847
sales FR940104-0-00031 2 4850 5088
100 FR940104-0-00031 1 4855
company FR940104-0-00031 2 4859 4929
belief FR940104-0-00031 1 4865
americans FR940104-0-00031 1 4869
lose FR940104-0-00031 1 4871
their FR940104-0-00031 2 4872 5519
specific FR940104-0-00031 1 4887
how FR940104-0-00031 1 4891
inability FR940104-0-00031 1 4908
make FR940104-0-00031 1 4910
certain FR940104-0-00031 2 4911 4922
marketability FR940104-0-00031 1 4920
perhaps FR940104-0-00031 1 4925
lead FR940104-0-00031 1 4926
decision FR940104-0-00031 1 4931
remove FR940104-0-00031 1 4933
affect FR940104-0-00031 1 4944
; FR940104-0-00031 4 4947 5684 5687 6090
require FR940104-0-00031 1 4951
removed FR940104-0-00031 1 4956
market FR940104-0-00031 1 4959
believe FR940104-0-00031 2 4967 5398
currently FR940104-0-00031 1 4972
making FR940104-0-00031 1 4973
distinguished FR940104-0-00031 1 4978
find FR940104-0-00031 1 4994
problems FR940104-0-00031 1 5001
described FR940104-0-00031 1 5002
every FR940104-0-00031 1 5013
expect FR940104-0-00031 1 5016
continued FR940104-0-00031 1 5019
marketing FR940104-0-00031 1 5020
vast FR940104-0-00031 1 5023
majority FR940104-0-00031 1 5024
unaffected FR940104-0-00031 1 5031
11. FR940104-0-00031 1 5036
recognized FR940104-0-00031 1 5047
have FR940104-0-00031 3 5052 5745 5930
adverse FR940104-0-00031 1 5054
small FR940104-0-00031 10 5057 5078 5101 5107 5134 5162 5185 5194 5703 5754
businesses FR940104-0-00031 5 5058 5163 5186 5704 5755
most FR940104-0-00031 1 5060
associated FR940104-0-00031 2 5064 5771
fixed FR940104-0-00031 1 5069
typically FR940104-0-00031 1 5074
burdensome FR940104-0-00031 1 5076
large FR940104-0-00031 1 5082
smaller FR940104-0-00031 1 5087
base FR940104-0-00031 1 5089
spread FR940104-0-00031 1 5093
business FR940104-0-00031 2 5102 5135
exemption FR940104-0-00031 2 5103 5183
inadequate FR940104-0-00031 1 5105
able FR940104-0-00031 1 5112
avoid FR940104-0-00031 1 5114
complying FR940104-0-00031 1 5115
competitive FR940104-0-00031 1 5121
pressure FR940104-0-00031 1 5122
catastrophic FR940104-0-00031 1 5132
owners FR940104-0-00031 1 5136
workers FR940104-0-00031 1 5138
notes FR940104-0-00031 2 5141 5550
education FR940104-0-00031 1 5147
amendments FR940104-0-00031 1 5149
1993 FR940104-0-00031 1 5151
were FR940104-0-00031 2 5154 5220
enacted FR940104-0-00031 1 5155
relief FR940104-0-00031 2 5160 5701
requirements FR940104-0-00031 1 5166
significantly FR940104-0-00031 1 5188
mitigate FR940104-0-00031 1 5189
negative FR940104-0-00031 1 5191
12. FR940104-0-00031 1 5197
rule FR940104-0-00031 1 5204
regarding FR940104-0-00031 1 5205
pain FR940104-0-00031 2 5210 5249
suffering FR940104-0-00031 2 5212 5251
death FR940104-0-00031 2 5215 5254
occur FR940104-0-00031 2 5219 5240
allowed FR940104-0-00031 2 5224 5348
include FR940104-0-00031 2 5226 5781
unspecific FR940104-0-00031 1 5233
results FR940104-0-00031 1 5238
absence FR940104-0-00031 1 5244
causes FR940104-0-00031 1 5248
party FR940104-0-00031 1 5260
vehicle FR940104-0-00031 1 5263
submitting FR940104-0-00031 1 5265
particular FR940104-0-00031 1 5270
review FR940104-0-00031 1 5275
c. FR940104-0-00031 1 5288
benefits FR940104-0-00031 4 5289 5299 5652 5671
13. FR940104-0-00031 1 5290
preventing FR940104-0-00031 2 5301 5390
consumers FR940104-0-00031 4 5302 5391 5423 5528
wasting FR940104-0-00031 1 5304
money FR940104-0-00031 2 5305 5324
unnecessary FR940104-0-00031 1 5307
ineffective FR940104-0-00031 1 5309
someone FR940104-0-00031 1 5318
wanted FR940104-0-00031 1 5319
waste FR940104-0-00031 1 5321
little FR940104-0-00031 1 5323
taking FR940104-0-00031 1 5325
too FR940104-0-00031 1 5326
vitamins FR940104-0-00031 1 5328
hope FR940104-0-00031 1 5333
avoiding FR940104-0-00031 1 5335
serious FR940104-0-00031 2 5336 5401
illness FR940104-0-00031 2 5337 5402
harsh FR940104-0-00031 1 5342
drugs FR940104-0-00031 2 5343 6070
sources FR940104-0-00031 1 5356
other FR940104-0-00031 1 5357
potential FR940104-0-00031 2 5365 5674
uses FR940104-0-00031 1 5366
limiting FR940104-0-00031 1 5375
limited FR940104-0-00031 1 5387
effect FR940104-0-00031 1 5388
purchasing FR940104-0-00031 1 5393
erroneously FR940104-0-00031 1 5397
prevent FR940104-0-00031 1 5400
ensure FR940104-0-00031 2 5409 5435
help FR940104-0-00031 2 5422 5433
maintain FR940104-0-00031 1 5425
healthy FR940104-0-00031 1 5426
practices FR940104-0-00031 1 5428
scientifically FR940104-0-00031 1 5451
valid FR940104-0-00031 1 5452
truthful FR940104-0-00031 1 5454
misleading FR940104-0-00031 1 5458
reasons FR940104-0-00031 2 5462 6025
significant FR940104-0-00031 6 5469 5507 5558 5721 5747 5932
benefit FR940104-0-00031 3 5470 5497 5584
14. FR940104-0-00031 1 5472
some FR940104-0-00031 1 5473
herbs FR940104-0-00031 2 5490 5503
greatly FR940104-0-00031 1 5492
outweigh FR940104-0-00031 1 5493
clear FR940104-0-00031 2 5495 5582
public FR940104-0-00031 3 5496 5583 5679
explained FR940104-0-00031 1 5501
contain FR940104-0-00031 2 5506 5557
amounts FR940104-0-00031 2 5508 5559
core FR940104-0-00031 1 5511
nutrients FR940104-0-00031 2 5512 5564
normally FR940104-0-00031 1 5516
consumed FR940104-0-00031 1 5517
nutritional FR940104-0-00031 1 5520
including FR940104-0-00031 2 5530 5673
herb FR940104-0-00031 1 5534
insignificant FR940104-0-00031 1 5537
those FR940104-0-00031 1 5552
14 FR940104-0-00031 1 5562
mandatory FR940104-0-00031 2 5563 6043
generally FR940104-0-00031 1 5566
bear FR940104-0-00031 1 5571
although FR940104-0-00031 1 5577
also FR940104-0-00031 1 5588
d. FR940104-0-00031 1 5593
summary FR940104-0-00031 1 5594
economic FR940104-0-00031 3 5597 5603 5675
examined FR940104-0-00031 1 5601
implications FR940104-0-00031 1 5604
amending FR940104-0-00031 1 5609
executive FR940104-0-00031 3 5627 5642 5725
order FR940104-0-00031 3 5628 5643 5726
12866 FR940104-0-00031 2 5629 5644
flexibility FR940104-0-00031 3 5633 5694 5733
pub FR940104-0-00031 1 5636
l. FR940104-0-00031 1 5638
96354 FR940104-0-00031 1 5639
directs FR940104-0-00031 1 5645
agencies FR940104-0-00031 1 5646
assess FR940104-0-00031 1 5648
available FR940104-0-00031 1 5654
alternatives FR940104-0-00031 1 5656
when FR940104-0-00031 1 5659
regulation FR940104-0-00031 1 5660
select FR940104-0-00031 1 5665
approaches FR940104-0-00031 1 5667
maximize FR940104-0-00031 1 5669
net FR940104-0-00031 1 5670
environmental FR940104-0-00031 3 5677 5901 5943
safety FR940104-0-00031 1 5682
effects FR940104-0-00031 1 5683
distributive FR940104-0-00031 1 5685
impacts FR940104-0-00031 1 5686
equity FR940104-0-00031 1 5689
requires FR940104-0-00031 1 5696
analyzing FR940104-0-00031 1 5697
options FR940104-0-00031 1 5698
finds FR940104-0-00031 1 5707
taken FR940104-0-00031 2 5716 5838
together FR940104-0-00031 2 5717 5839
defined FR940104-0-00031 1 5723
12866. FR940104-0-00031 1 5727
certifies FR940104-0-00031 1 5738
substantial FR940104-0-00031 1 5751
reviewed FR940104-0-00031 1 5760
determined FR940104-0-00031 2 5765 5906
18month FR940104-0-00031 1 5774
administrative FR940104-0-00031 1 5782
100000 FR940104-0-00031 1 5790
analytical FR940104-0-00031 1 5792
0 FR940104-0-00031 1 5797
33 FR940104-0-00031 1 5800
total FR940104-0-00031 2 5830 5867
discounted FR940104-0-00031 2 5831 5868
8 FR940104-0-00031 1 5843
60 FR940104-0-00031 1 5846
7 FR940104-0-00031 1 5849
discount FR940104-0-00031 1 5851
rate FR940104-0-00031 1 5852
extend FR940104-0-00031 1 5860
application FR940104-0-00031 1 5862
133 FR940104-0-00031 1 5877
11 FR940104-0-00031 2 5888 5915
84 FR940104-0-00031 1 5891
iv FR940104-0-00031 1 5899
under FR940104-0-00031 1 5907
21 FR940104-0-00031 1 5908
cfr FR940104-0-00031 1 5909
25.24 FR940104-0-00031 1 5910
action FR940104-0-00031 1 5919
type FR940104-0-00031 1 5923
individually FR940104-0-00031 1 5927
cumulatively FR940104-0-00031 1 5929
human FR940104-0-00031 2 5936 6080
environment FR940104-0-00031 1 5937
neither FR940104-0-00031 1 5941
statement FR940104-0-00031 1 5945
v. FR940104-0-00031 1 5949
reference FR940104-0-00031 2 5950 5953
following FR940104-0-00031 1 5952
been FR940104-0-00031 1 5955
placed FR940104-0-00031 1 5956
display FR940104-0-00031 1 5958
dockets FR940104-0-00031 1 5961
management FR940104-0-00031 1 5962
branch FR940104-0-00031 1 5963
address FR940104-0-00031 1 5965
above FR940104-0-00031 2 5966 6027
seen FR940104-0-00031 1 5971
interested FR940104-0-00031 1 5973
persons FR940104-0-00031 1 5974
am FR940104-0-00031 2 5977 6092
4 FR940104-0-00031 1 5979
pm FR940104-0-00031 1 5980
monday FR940104-0-00031 1 5982
through FR940104-0-00031 1 5983
friday FR940104-0-00031 1 5984
1. FR940104-0-00031 1 5986
contract FR940104-0-00031 1 5999
223872097 FR940104-0-00031 1 6002
project FR940104-0-00031 1 6004
officer_richard FR940104-0-00031 1 6005
a. FR940104-0-00031 2 6006 6063
williams FR940104-0-00031 1 6007
jr. FR940104-0-00031 1 6009
research FR940104-0-00031 1 6011
triangle FR940104-0-00031 1 6012
park FR940104-0-00031 1 6013
nc FR940104-0-00031 1 6015
december FR940104-0-00031 1 6017
1990 FR940104-0-00031 1 6018
vi FR940104-0-00031 1 6020
conclusion FR940104-0-00031 1 6022
hereby FR940104-0-00031 1 6030
establishes FR940104-0-00031 1 6031
dated FR940104-0-00031 1 6058
: FR940104-0-00031 1 6059
david FR940104-0-00031 1 6062
kessler FR940104-0-00031 1 6064
commissioner FR940104-0-00031 1 6066
donna FR940104-0-00031 1 6072
e. FR940104-0-00031 1 6073
shalala FR940104-0-00031 1 6074
secretary FR940104-0-00031 1 6076
services FR940104-0-00031 1 6081
[ FR940104-0-00031 1 6083
doc FR940104-0-00031 1 6085
9331812 FR940104-0-00031 1 6087
filed FR940104-0-00031 1 6088
122993 FR940104-0-00031 1 6089
8:45 FR940104-0-00031 1 6091
] FR940104-0-00031 1 6093
billing FR940104-0-00031 1 6094
code FR940104-0-00031 1 6095
416001f FR940104-0-00031 1 6096
department FR940104-0-00032 1 0
of FR940104-0-00032 66 1 33 82 85 114 121 133 191 217 251 254 283 338 343 347 390 406 431 434 451 454 505 520 535 544 560 567 577 583 602 625 640 657 679 696 733 751 798 823 826 834 849 857 920 934 950 1057 1124 1129 1180 1202 1214 1223 1246 1260 1272 1278 1296 1302 1318 1327 1359 1362 1454 1462 1510
health FR940104-0-00032 6 2 858 939 1148 1236 1430
and FR940104-0-00032 31 3 7 48 63 92 118 128 158 166 261 328 572 596 628 686 828 859 863 883 905 938 1162 1164 1187 1205 1308 1338 1364 1374 1406 1448
human FR940104-0-00032 4 4 860 1429 1458
services FR940104-0-00032 2 5 861
food FR940104-0-00032 17 6 22 47 62 72 156 165 206 324 515 562 595 646 737 1183 1248 1255
drug FR940104-0-00032 5 8 49 64 167 326
administration FR940104-0-00032 4 9 50 65 168
21 FR940104-0-00032 4 10 364 465 524
cfr FR940104-0-00032 2 11 466
part FR940104-0-00032 2 12 1179
101 FR940104-0-00032 1 13
[ FR940104-0-00032 2 14 576
docket FR940104-0-00032 1 15
no FR940104-0-00032 3 16 878 1486
. FR940104-0-00032 50 17 53 58 105 140 145 181 266 290 303 341 371 381 415 442 476 508 605 647 682 715 742 759 765 775 808 840 888 912 944 994 1076 1079 1107 1137 1167 1195 1211 1230 1257 1275 1284 1299 1316 1366 1410 1431 1460 1495 1529
90n135d FR940104-0-00032 1 18
] FR940104-0-00032 2 19 586
rin FR940104-0-00032 1 20
0905ad96 FR940104-0-00032 1 21
labeling FR940104-0-00032 24 23 29 73 81 117 207 213 237 250 380 401 430 450 475 553 559 656 678 700 732 822 1003 1123 1184
; FR940104-0-00032 3 24 208 1220
general FR940104-0-00032 3 25 209 471
requirements FR940104-0-00032 4 26 77 210 566
for FR940104-0-00032 14 27 30 78 146 155 211 214 239 427 593 968 1089 1492 1521
nutrition FR940104-0-00032 23 28 80 116 160 212 236 249 379 400 429 449 474 552 655 677 699 731 821 1002 1122 1357 1459 1512
dietary FR940104-0-00032 23 31 83 102 130 215 240 252 432 452 533 608 680 748 806 824 876 942 1066 1125 1297 1328 1360 1388
supplements FR940104-0-00032 19 32 84 103 216 241 253 433 453 609 681 749 807 825 877 943 1126 1298 1329 1361
vitamins FR940104-0-00032 11 34 86 218 255 435 536 827 969 1337 1363 1373
, FR940104-0-00032 95 35 37 39 51 87 89 91 144 153 164 169 174 176 179 192 198 219 221 223 256 258 260 284 307 316 325 327 393 407 419 423 469 531 554 658 659 665 672 707 717 774 785 793 794 802 810 862 867 881 882 887 894 898 915 924 947 961 962 993 996 999 1000 1006 1031 1038 1068 1072 1083 1085 1116 1117 1127 1143 1147 1151 1154 1156 1158 1161 1186 1238 1368 1379 1393 1395 1397 1399 1401 1403 1405 1441 1443 1445 1447 1482
minerals FR940104-0-00032 11 36 88 220 257 437 538 829 971 1339 1365 1375
herbs FR940104-0-00032 6 38 90 222 259 455 835
or FR940104-0-00032 14 40 224 436 456 537 542 558 669 833 836 970 1134 1344 1527
other FR940104-0-00032 12 41 93 225 262 421 457 607 645 837 972 1174 1196
similar FR940104-0-00032 5 42 94 226 263 458
nutritional FR940104-0-00032 6 43 95 227 264 459 838
substances FR940104-0-00032 6 44 96 228 265 460 839
agency FR940104-0-00032 4 45 684 1081 1310
: FR940104-0-00032 7 46 55 60 143 150 184 1314
hhs FR940104-0-00032 1 52
action FR940104-0-00032 2 54 107
final FR940104-0-00032 7 56 701 725 884 910 928 1004
rule FR940104-0-00032 12 57 203 276 293 398 653 702 726 911 1005 1119 1333
summary FR940104-0-00032 2 59 1301
the FR940104-0-00032 78 61 79 115 124 129 136 188 235 248 280 291 298 322 332 344 348 361 391 403 428 448 470 506 521 545 556 584 603 626 641 651 676 683 688 694 697 718 730 756 760 786 796 799 815 820 850 855 897 921 932 951 998 1009 1050 1054 1080 1087 1121 1200 1215 1218 1247 1258 1261 1265 1273 1279 1282 1303 1309 1331 1356 1383 1411 1470 1511 1515 1518
( FR940104-0-00032 54 66 97 123 135 161 193 230 285 301 331 357 363 367 387 408 438 464 482 485 488 491 495 498 501 523 529 569 573 580 616 619 622 637 708 739 763 779 782 830 843 846 899 980 983 986 1014 1022 1025 1028 1060 1074 1103 1348 1391
fda FR940104-0-00032 13 67 199 394 660 721 811 866 895 925 955 1007 1109 1293
) FR940104-0-00032 54 68 104 127 139 163 197 243 289 306 334 359 369 370 389 414 441 468 484 487 490 497 500 503 504 527 539 571 575 582 618 621 624 639 714 741 768 781 784 832 845 848 903 982 985 988 1017 1024 1027 1030 1062 1078 1106 1351 1409
is FR940104-0-00032 8 69 108 351 591 598 906 926 1524
amending FR940104-0-00032 1 70
its FR940104-0-00032 2 71 1115
regulations FR940104-0-00032 8 74 246 601 719 871 885 929 959
to FR940104-0-00032 30 75 100 111 244 296 360 384 446 462 516 548 613 632 650 675 729 747 805 819 875 891 957 1098 1114 1334 1352 1376 1428 1479 1534
establish FR940104-0-00032 3 76 245 964
hereinafter FR940104-0-00032 2 98 231
referred FR940104-0-00032 1 99
as FR940104-0-00032 7 101 233 643 989 1032 1439 1484
this FR940104-0-00032 10 106 318 372 477 509 892 909 918 1181 1493
in FR940104-0-00032 36 109 187 273 279 335 382 402 551 587 600 648 690 693 723 735 776 889 913 917 945 978 990 997 1020 1033 1045 1053 1192 1253 1269 1355 1382 1417 1457 1469 1507
response FR940104-0-00032 4 110 383 649 890
certain FR940104-0-00032 1 112
provisions FR940104-0-00032 2 113 1271
education FR940104-0-00032 1 119
act FR940104-0-00032 17 120 132 138 330 333 362 392 507 522 585 627 642 758 762 788 852 953
1990 FR940104-0-00032 5 122 125 299 349 800
amendments FR940104-0-00032 4 126 300 350 801
supplement FR940104-0-00032 2 131 534
1992 FR940104-0-00032 1 134
ds FR940104-0-00032 6 137 757 761 787 851 952
effective FR940104-0-00032 1 141
date FR940104-0-00032 1 142
further FR940104-0-00032 1 147
information FR940104-0-00032 2 148 183
contact FR940104-0-00032 1 149
susan FR940104-0-00032 1 151
thompson FR940104-0-00032 1 152
center FR940104-0-00032 1 154
safety FR940104-0-00032 1 157
applied FR940104-0-00032 2 159 727
hfs165 FR940104-0-00032 1 162
200 FR940104-0-00032 1 170
c FR940104-0-00032 3 171 981 1023
st. FR940104-0-00032 1 172
sw. FR940104-0-00032 1 173
washington FR940104-0-00032 1 175
dc FR940104-0-00032 1 177
20204 FR940104-0-00032 1 178
2022055587 FR940104-0-00032 1 180
supplementary FR940104-0-00032 1 182
i. FR940104-0-00032 1 185
background FR940104-0-00032 1 186
federal FR940104-0-00032 5 189 281 323 404 922
register FR940104-0-00032 4 190 282 405 923
58 FR940104-0-00032 4 194 286 709 900
fr FR940104-0-00032 5 195 287 410 710 901
33715 FR940104-0-00032 2 196 902
published FR940104-0-00032 3 200 278 395
a FR940104-0-00032 18 201 267 336 396 424 514 532 588 752 780 790 844 1178 1240 1300 1325 1480 1508
proposed FR940104-0-00032 12 202 275 292 397 418 439 445 652 816 870 1118 1332
entitled FR940104-0-00032 1 204
`` FR940104-0-00032 9 205 234 555 1064 1093 1099 1386 1471 1485
'' FR940104-0-00032 9 229 242 606 1069 1097 1108 1390 1475 1496
identified FR940104-0-00032 1 232
proposal FR940104-0-00032 6 238 904 1219 1266 1274 1283
on FR940104-0-00032 13 247 313 399 473 654 706 773 795 941 992 1035 1049 1120
document FR940104-0-00032 2 268 417
correcting FR940104-0-00032 1 269
various FR940104-0-00032 2 270 1270
editorial FR940104-0-00032 1 271
errors FR940104-0-00032 1 272
that FR940104-0-00032 25 274 352 375 416 512 673 703 720 724 854 872 930 963 1176 1244 1250 1263 1305 1340 1415 1422 1450 1466 1500 1533
was FR940104-0-00032 3 277 294 769
40104 FR940104-0-00032 1 288
issued FR940104-0-00032 3 295 705 896
implement FR940104-0-00032 1 297
pub FR940104-0-00032 2 302 764
l. FR940104-0-00032 2 304 766
101535 FR940104-0-00032 1 305
which FR940104-0-00032 5 308 517 590 597 1522
were FR940104-0-00032 7 309 1044 1139 1198 1233 1242 1287
signed FR940104-0-00032 2 310 770
into FR940104-0-00032 2 311 771
law FR940104-0-00032 3 312 320 772
november FR940104-0-00032 1 314
8 FR940104-0-00032 1 315
1990. FR940104-0-00032 1 317
new FR940104-0-00032 3 319 869 1319
amended FR940104-0-00032 1 321
cosmetic FR940104-0-00032 1 329
number FR940104-0-00032 1 337
important FR940104-0-00032 1 339
ways FR940104-0-00032 1 340
one FR940104-0-00032 6 342 541 668 1133 1322 1530
notable FR940104-0-00032 1 345
aspects FR940104-0-00032 1 346
it FR940104-0-00032 4 353 443 704 1227
added FR940104-0-00032 1 354
section FR940104-0-00032 13 355 373 385 480 493 510 518 578 614 635 777 841 948
403 FR940104-0-00032 7 356 386 481 494 579 615 636
q FR940104-0-00032 8 358 368 388 483 496 581 617 638
usc FR940104-0-00032 2 365 525
343 FR940104-0-00032 1 366
requires FR940104-0-00032 1 374
most FR940104-0-00032 1 376
foods FR940104-0-00032 3 377 734 1252
bear FR940104-0-00032 1 378
56 FR940104-0-00032 1 409
60366 FR940104-0-00032 1 411
at FR940104-0-00032 2 412 712
60393 FR940104-0-00032 1 413
among FR940104-0-00032 1 420
things FR940104-0-00032 1 422
regulation FR940104-0-00032 4 425 472 633 1295
specifically FR940104-0-00032 1 426
ยง101.36 FR940104-0-00032 3 440 831 1320
also FR940104-0-00032 2 444 1434
make FR940104-0-00032 1 447
subject FR940104-0-00032 3 461 612 631
ยง101.9 FR940104-0-00032 4 463 740 979 1021
101.9 FR940104-0-00032 1 467
distinction FR940104-0-00032 1 478
reflects FR940104-0-00032 1 479
5 FR940104-0-00032 3 486 499 620
f FR940104-0-00032 2 489 623
formerly FR940104-0-00032 1 492
e FR940104-0-00032 1 502
provides FR940104-0-00032 1 511
if FR940104-0-00032 1 513
411 FR940104-0-00032 1 519
350 FR940104-0-00032 1 526
applies FR940104-0-00032 1 528
ie FR940104-0-00032 2 530 1392
contains FR940104-0-00032 1 540
more FR940104-0-00032 3 543 670 1135
nutrients FR940104-0-00032 4 546 1424 1437 1503
required FR940104-0-00032 2 547 853
be FR940104-0-00032 6 549 1190 1208 1353 1377 1505
listed FR940104-0-00032 4 550 1354 1378 1506
label FR940104-0-00032 2 557 1358
such FR940104-0-00032 4 561 594 1438 1483
shall FR940104-0-00032 1 563
comply FR940104-0-00032 1 564
with FR940104-0-00032 2 565 803
subparagraph FR940104-0-00032 1 568
1 FR940104-0-00032 3 570 783 1077
2 FR940104-0-00032 2 574 847
manner FR940104-0-00032 1 589
appropriate FR940104-0-00032 1 592
specified FR940104-0-00032 3 599 977 1019
secretary FR940104-0-00032 2 604 856
are FR940104-0-00032 6 610 630 873 1177 1425 1453
not FR940104-0-00032 5 611 745 813 956 1207
thus FR940104-0-00032 2 629 809
under FR940104-0-00032 1 634
any FR940104-0-00032 1 644
received FR940104-0-00032 3 661 1110 1140
over FR940104-0-00032 2 662 1111
45 FR940104-0-00032 1 663
responses FR940104-0-00032 5 664 1113 1131 1138 1312
each FR940104-0-00032 2 666 1128
containing FR940104-0-00032 1 667
comments FR940104-0-00032 16 671 692 1136 1169 1197 1216 1225 1232 1262 1280 1286 1304 1370 1412 1433 1464
pertained FR940104-0-00032 1 674
summarized FR940104-0-00032 1 685
discussed FR940104-0-00032 2 687 1209
issues FR940104-0-00032 2 689 1171
these FR940104-0-00032 11 691 1040 1090 1130 1203 1224 1231 1285 1423 1463 1501
preamble FR940104-0-00032 1 695
mandatory FR940104-0-00032 2 698 1001
2079 FR940104-0-00032 1 711
2167 FR940104-0-00032 1 713
however FR940104-0-00032 3 716 1084 1367
adopted FR940104-0-00032 1 722
only FR940104-0-00032 2 728 1336
conventional FR940104-0-00032 2 736 1254
form FR940104-0-00032 2 738 1256
they FR940104-0-00032 3 743 1188 1451
did FR940104-0-00032 3 744 812 1082
apply FR940104-0-00032 1 746
because FR940104-0-00032 1 750
moratorium FR940104-0-00032 2 753 791
established FR940104-0-00032 3 754 789 1491
by FR940104-0-00032 4 755 864 886 1173
102571 FR940104-0-00032 1 767
202 FR940104-0-00032 2 778 842
until FR940104-0-00032 1 792
implementation FR940104-0-00032 1 797
respect FR940104-0-00032 1 804
finalize FR940104-0-00032 1 814
rules FR940104-0-00032 1 817
pertaining FR940104-0-00032 1 818
delegation FR940104-0-00032 1 865
issue FR940104-0-00032 2 868 919
applicable FR940104-0-00032 1 874
later FR940104-0-00032 1 879
than FR940104-0-00032 2 880 973
provision FR940104-0-00032 1 893
now FR940104-0-00032 1 907
issuing FR940104-0-00032 2 908 927
addition FR940104-0-00032 2 914 946
elsewhere FR940104-0-00032 1 916
address FR940104-0-00032 1 931
use FR940104-0-00032 1 933
nutrient FR940104-0-00032 3 935 1494 1520
content FR940104-0-00032 1 936
claims FR940104-0-00032 2 937 940
203 FR940104-0-00032 1 949
instructed FR940104-0-00032 1 954
promulgate FR940104-0-00032 1 958
before FR940104-0-00032 1 960
recommended FR940104-0-00032 5 965 975 1011 1065 1387
daily FR940104-0-00032 6 966 1012 1101 1345 1473 1487
allowances FR940104-0-00032 5 967 976 1013 1067 1389
those FR940104-0-00032 3 974 1193 1381
7 FR940104-0-00032 2 984 1026
iv FR940104-0-00032 2 987 1029
effect FR940104-0-00032 2 991 1034
therefore FR940104-0-00032 1 995
retained FR940104-0-00032 1 1008
us FR940104-0-00032 4 1010 1015 1041 1094
rda FR940104-0-00032 4 1016 1042 1051 1095
values FR940104-0-00032 4 1018 1043 1091 1347
october FR940104-0-00032 1 1036
6 FR940104-0-00032 1 1037
1992. FR940104-0-00032 1 1039
large FR940104-0-00032 1 1046
measure FR940104-0-00032 1 1047
based FR940104-0-00032 1 1048
's FR940104-0-00032 8 1052 1096 1105 1294 1311 1343 1350 1385
national FR940104-0-00032 1 1055
academy FR940104-0-00032 1 1056
sciences FR940104-0-00032 1 1058
' FR940104-0-00032 1 1059
nas FR940104-0-00032 2 1061 1384
publication FR940104-0-00032 1 1063
7th FR940104-0-00032 1 1070
edition FR940104-0-00032 1 1071
1968 FR940104-0-00032 1 1073
ref FR940104-0-00032 1 1075
change FR940104-0-00032 1 1086
terminology FR940104-0-00032 1 1088
from FR940104-0-00032 6 1092 1141 1235 1243 1289 1324
reference FR940104-0-00032 2 1100 1346
intakes FR940104-0-00032 1 1102
rdi FR940104-0-00032 3 1104 1342 1526
400 FR940104-0-00032 1 1112
contained FR940104-0-00032 1 1132
consumers FR940104-0-00032 2 1142 1290
consumer FR940104-0-00032 1 1144
advocacy FR940104-0-00032 1 1145
organizations FR940104-0-00032 1 1146
care FR940104-0-00032 1 1149
professionals FR940104-0-00032 2 1150 1237
professional FR940104-0-00032 1 1152
societies FR940104-0-00032 1 1153
universities FR940104-0-00032 1 1155
industry FR940104-0-00032 2 1157 1249
trade FR940104-0-00032 1 1159
associations FR940104-0-00032 1 1160
state FR940104-0-00032 1 1163
local FR940104-0-00032 1 1165
governments FR940104-0-00032 1 1166
many FR940104-0-00032 1 1168
addressed FR940104-0-00032 2 1170 1191
covered FR940104-0-00032 1 1172
proposals FR940104-0-00032 2 1175 1204
overall FR940104-0-00032 1 1182
initiative FR940104-0-00032 1 1185
will FR940104-0-00032 2 1189 1206
documents FR940104-0-00032 1 1194
outside FR940104-0-00032 1 1199
scope FR940104-0-00032 2 1201 1317
here FR940104-0-00032 1 1210
about FR940104-0-00032 3 1212 1221 1276
half FR940104-0-00032 3 1213 1222 1277
supported FR940104-0-00032 4 1217 1226 1264 1330
without FR940104-0-00032 1 1228
modification FR940104-0-00032 1 1229
primarily FR940104-0-00032 2 1234 1288
although FR940104-0-00032 1 1239
few FR940104-0-00032 1 1241
segment FR940104-0-00032 1 1245
produces FR940104-0-00032 1 1251
remainder FR940104-0-00032 1 1259
suggested FR940104-0-00032 5 1267 1306 1435 1465 1499
modifications FR940104-0-00032 1 1268
opposed FR940104-0-00032 2 1281 1292
who FR940104-0-00032 1 1291
changes FR940104-0-00032 1 1307
follow FR940104-0-00032 1 1313
ii FR940104-0-00032 1 1315
1. FR940104-0-00032 1 1321
comment FR940104-0-00032 3 1323 1498 1531
manufacturer FR940104-0-00032 1 1326
allow FR940104-0-00032 1 1335
have FR940104-0-00032 2 1341 1420
drv FR940104-0-00032 2 1349 1528
several FR940104-0-00032 1 1369
wanted FR940104-0-00032 1 1371
noni FR940104-0-00032 1 1372
particularly FR940104-0-00032 1 1380
chloride FR940104-0-00032 1 1394
chromium FR940104-0-00032 1 1396
fluoride FR940104-0-00032 1 1398
manganese FR940104-0-00032 1 1400
molybdenum FR940104-0-00032 1 1402
selenium FR940104-0-00032 1 1404
vitamin FR940104-0-00032 1 1407
k FR940104-0-00032 1 1408
pointed FR940104-0-00032 1 1413
out FR940104-0-00032 1 1414
advances FR940104-0-00032 1 1416
scientific FR940104-0-00032 1 1418
knowledge FR940104-0-00032 1 1419
shown FR940104-0-00032 1 1421
considered FR940104-0-00032 1 1426
essential FR940104-0-00032 1 1427
some FR940104-0-00032 2 1432 1461
listing FR940104-0-00032 1 1436
arsenic FR940104-0-00032 1 1440
boron FR940104-0-00032 1 1442
silicon FR940104-0-00032 1 1444
tin FR940104-0-00032 1 1446
vanadium FR940104-0-00032 1 1449
stated FR940104-0-00032 2 1452 1532
major FR940104-0-00032 1 1455
significance FR940104-0-00032 1 1456
an FR940104-0-00032 2 1467 1525
asterisk FR940104-0-00032 1 1468
percent FR940104-0-00032 1 1472
value FR940104-0-00032 2 1474 1488
column FR940104-0-00032 1 1476
could FR940104-0-00032 2 1477 1504
refer FR940104-0-00032 1 1478
footnote FR940104-0-00032 1 1481
has FR940104-0-00032 1 1489
been FR940104-0-00032 1 1490
another FR940104-0-00032 1 1497
additional FR940104-0-00032 1 1502
subsection FR940104-0-00032 1 1509
panel FR940104-0-00032 1 1513
below FR940104-0-00032 1 1514
bar FR940104-0-00032 1 1516
after FR940104-0-00032 1 1517
last FR940104-0-00032 1 1519
there FR940104-0-00032 1 1523
put FR940104-0-00032 1 1535
