, FR941206-1-00134 274 15418 15420 15422 15424 15426 15428 15430 15432 15434 15448 15488 15518 15524 15534 15558 15571 15575 15594 15597 15604 15624 15651 15670 15680 15691 15712 15816 15819 15872 15901 15917 15926 15932 15959 16026 16029 16033 16075 16082 16087 16109 16113 16133 16143 16179 16184 16220 16229 16269 16280 16330 16340 16354 16363 16377 16392 16396 16488 16509 16560 16566 16573 16580 16586 16590 16629 16664 16668 16681 16683 16685 16689 16691 16693 16718 16890 16931 16933 16972 16974 16988 16992 17002 17077 17115 17134 17136 17177 17189 17194 17251 17268 17284 17296 17316 17332 17362 17364 17379 17386 17464 17634 17640 17651 17756 17778 17780 17816 17818 17829 17853 17857 17907 17911 17940 17961 17983 17985 18011 18013 18020 18057 18071 18096 18111 18119 18129 18211 18212 18259 18267 18336 18341 18345 18379 18387 18392 18397 18443 18455 18459 18468 18537 18580 18595 18606 18611 18616 18619 18623 18649 18661 18663 18753 18759 18783 18785 18788 18790 18792 18812 18838 18945 18953 19047 19073 19083 19088 19096 19102 19128 19209 19217 19223 19244 19256 19262 19327 19347 19353 19356 19360 19378 19404 19486 19488 19507 19531 19544 19587 19595 19616 19626 19642 19701 19719 19759 19808 19839 19840 19849 19866 19868 19877 19920 19961 19980 19987 20038 20070 20093 20119 20132 20140 20143 20195 20201 20245 20376 20407 20433 20457 20461 20489 20491 20537 20569 20588 20592 20596 20621 20627 20631 20634 20669 20701 20710 20738 20746 20756 20779 20781 20800 20808 20823 20842 20847 20871 20877 20912 20921 21017 21050 21080 21107 21112 21135 21142 21264 21303 21333 21338 21361 21384 21404 21407 21420 21424 21442 21450 21461 21463 21482 21501
rubber FR941206-1-00134 1 15419
plastic FR941206-1-00134 1 15421
fabric FR941206-1-00134 1 15423
foam FR941206-1-00134 1 15425
insulation FR941206-1-00134 5 15427 15500 15595 16688 20880
wire FR941206-1-00134 1 15429
cardboard FR941206-1-00134 1 15431
dirt FR941206-1-00134 1 15433
and FR941206-1-00134 94 15435 15492 15535 15581 15674 15786 15807 15856 15892 15904 15980 16003 16031 16034 16037 16088 16273 16307 16341 16407 16431 16510 16539 16547 16563 16643 16754 16778 16872 16940 17056 17125 17259 17317 17326 17338 17373 17678 17692 17707 17773 17781 17812 17819 18148 18239 18288 18310 18314 18333 18425 18496 18526 18568 18763 18793 18839 18910 19114 19290 19361 19438 19445 19563 19581 19637 19650 19670 19735 19751 19766 19782 19827 19847 19897 20073 20094 20210 20260 20468 20492 20542 20589 20635 20655 20749 20859 20975 21042 21115 21324 21339 21369 21410
various FR941206-1-00134 2 15436 15703
other FR941206-1-00134 18 15437 15585 15833 16024 16401 16779 16929 17855 18371 18754 18795 19362 19440 19533 20594 21044 21189 21273
materials FR941206-1-00134 9 15438 15447 15454 15858 16866 17782 17820 18471 19724
. FR941206-1-00134 170 15439 15459 15485 15503 15544 15555 15602 15663 15706 15729 15775 15780 15809 15827 15868 15911 15951 15953 15956 15997 16044 16092 16129 16167 16198 16200 16203 16293 16323 16348 16388 16418 16439 16441 16444 16468 16534 16536 16541 16597 16650 16675 16736 16761 16771 16787 16816 16838 16862 16944 16979 17011 17041 17067 17093 17107 17151 17175 17184 17219 17246 17343 17392 17423 17448 17474 17507 17526 17563 17595 17623 17665 17712 17738 17767 17769 17783 17885 17953 18017 18048 18105 18152 18154 18158 18176 18177 18178 18198 18245 18265 18299 18325 18395 18440 18485 18628 18700 18735 18776 18873 18961 18963 18965 18986 19022 19059 19123 19126 19166 19195 19199 19285 19306 19339 19372 19429 19454 19538 19604 19632 19634 19640 19679 19699 19741 19784 19817 19853 19905 19941 19977 20013 20108 20189 20238 20272 20284 20308 20507 20607 20639 20683 20696 20763 20832 20898 20919 20946 20962 20997 20999 21004 21032 21048 21076 21103 21150 21162 21188 21223 21243 21262 21290 21306 21308 21314 21345 21391 21509
demolition FR941206-1-00134 5 15440 15465 15493 15579 15784
wastes FR941206-1-00134 26 15441 15479 15564 15574 15580 15588 15614 15626 15644 15761 15839 15934 15968 16017 16057 16095 16353 16357 16412 16959 16978 17639 17726 17922 18234 20603
may FR941206-1-00134 27 15442 15467 15480 15495 15536 15692 15737 15812 16147 16379 16654 16669 16709 17232 17757 18173 19280 19584 20136 20261 20771 20884 21052 21061 21269 21293 21451
contain FR941206-1-00134 3 15443 19050 19330
any FR941206-1-00134 20 15444 15717 15881 16115 16185 16310 16324 16658 16724 17428 17746 18107 18750 18794 19439 19929 20600 20994 21163 21291
number FR941206-1-00134 1 15445
of FR941206-1-00134 203 15446 15451 15462 15472 15499 15511 15541 15584 15618 15641 15654 15726 15756 15783 15792 15795 15849 15880 15888 15906 15965 15992 16014 16054 16079 16100 16107 16156 16234 16247 16290 16320 16350 16400 16409 16452 16495 16503 16506 16519 16606 16687 16697 16752 16769 16793 16834 16860 16874 16923 16942 16958 17052 17080 17085 17112 17207 17249 17314 17321 17329 17335 17340 17360 17389 17418 17437 17483 17581 17601 17616 17641 17682 17730 17735 17754 17761 17775 17795 17814 17845 17864 17905 17952 17966 17996 18044 18069 18098 18102 18184 18189 18196 18225 18241 18256 18316 18362 18376 18509 18516 18635 18656 18668 18680 18698 18706 18719 18722 18848 18859 18869 18898 18905 18919 18921 18926 18940 18958 19018 19107 19141 19153 19180 19190 19206 19214 19274 19342 19376 19401 19418 19480 19523 19542 19615 19622 19687 19711 19722 19737 19747 19764 19771 19773 19777 19792 19814 19825 19831 19860 19913 19916 19937 19950 19975 19995 20008 20020 20031 20056 20105 20128 20147 20198 20215 20223 20236 20248 20257 20267 20305 20319 20474 20525 20574 20609 20672 20741 20759 20774 20815 20836 20857 20868 20888 20924 20959 21001 21013 21069 21183 21208 21231 21259 21297 21310 21341 21351 21358 21376 21454 21493
including FR941206-1-00134 7 15449 15572 16065 18260 19834 21106 21334
some FR941206-1-00134 5 15450 15489 16666 20899 21043
the FR941206-1-00134 261 15452 15460 15470 15508 15512 15530 15547 15616 15625 15638 15642 15655 15665 15697 15708 15751 15754 15767 15803 15846 15850 15886 15897 15909 15944 15995 16012 16019 16040 16052 16102 16124 16131 16135 16144 16152 16175 16232 16245 16250 16255 16274 16291 16302 16321 16374 16398 16405 16476 16489 16512 16517 16555 16651 16695 16759 16767 16788 16797 16800 16835 16848 16863 16882 16893 16938 16948 16953 16956 17012 17042 17081 17086 17090 17116 17198 17205 17214 17228 17269 17280 17290 17297 17318 17336 17358 17393 17421 17435 17475 17542 17578 17587 17596 17606 17621 17624 17673 17680 17683 17694 17713 17751 17784 17792 17804 17808 17831 17843 17846 17861 17900 17936 17954 17958 17999 18045 18058 18064 18082 18087 18099 18103 18130 18182 18194 18200 18216 18223 18233 18237 18254 18271 18312 18358 18401 18633 18654 18696 18704 18720 18723 18728 18870 18874 18882 18896 18903 18911 18917 18922 18938 18959 18966 18987 19014 19057 19080 19086 19129 19167 19265 19272 19275 19278 19307 19337 19399 19406 19421 19427 19436 19521 19545 19605 19620 19685 19694 19720 19745 19762 19767 19774 19812 19823 19883 19886 19908 19914 19948 19957 19969 20011 20036 20096 20103 20116 20124 20129 20133 20145 20162 20165 20173 20220 20227 20241 20249 20273 20286 20309 20316 20320 20333 20368 20388 20420 20446 20462 20465 20475 20478 20481 20495 20501 20526 20566 20570 20605 20616 20656 20704 20716 20727 20764 20768 20813 20834 20855 20865 20902 20956 20977 20985 21014 21023 21028 21093 21138 21148 21229 21232 21244 21251 21256 21260 21349 21374 21377 21446 21491
same FR941206-1-00134 1 15453
found FR941206-1-00134 7 15455 17260 19692 21026 21166 21191 21363
in FR941206-1-00134 127 15456 15475 15486 15538 15684 15750 15776 15908 15912 15943 15957 15977 16005 16061 16071 16083 16089 16140 16180 16238 16249 16278 16364 16453 16576 16665 16744 16799 16879 16887 17054 17089 17130 17140 17235 17300 17368 17382 17432 17549 17584 17590 17672 17720 17731 17771 17810 17849 17868 17916 17964 17976 18007 18049 18168 18179 18191 18227 18339 18367 18373 18382 18478 18637 18650 18689 18771 18825 18828 18888 19007 19013 19079 19085 19092 19099 19202 19218 19241 19247 19298 19303 19388 19430 19447 19481 19513 19518 19589 19617 19725 19822 19863 19947 19983 20021 20100 20141 20149 20170 20279 20370 20399 20434 20464 20477 20519 20529 20543 20775 20806 20810 20982 21027 21077 21153 21184 21209 21216 21336 21364 21416 21455 21483 21488 21503 21520
shredder FR941206-1-00134 4 15457 15504 15542 15573
waste FR941206-1-00134 35 15458 15505 15543 15666 15770 15984 16041 16111 16136 16171 16190 16237 16242 16251 16292 16305 16322 16335 16368 16447 16460 16481 16490 16878 18230 18626 18669 19452 19500 19611 19873 20269 20793 21221 21475
results FR941206-1-00134 1 15461
shredding FR941206-1-00134 3 15463 15787 15949
or FR941206-1-00134 114 15464 15569 15723 15732 15735 15744 15758 15820 15928 15933 16114 16154 16318 16360 16437 16458 16591 16660 16694 16701 16707 16831 16934 16961 16965 16967 16975 17083 17137 17209 17240 17305 17365 17460 17494 17553 17555 17561 17604 17620 17830 17871 17920 17950 17962 17969 17986 18005 18014 18042 18067 18115 18136 18342 18349 18370 18393 18428 18461 18469 18499 18513 18528 18556 18583 18588 18599 18624 18645 18665 18693 18709 18808 18827 18833 18855 18933 18955 19220 19470 19489 19497 19532 19593 19596 19769 19869 19956 19962 20035 20081 20126 20161 20185 20350 20353 20459 20523 20550 20562 20572 20782 20790 20824 20874 20878 20936 21214 21373 21419 21464 21472 21502 21518
processes FR941206-1-00134 2 15466 20916
be FR941206-1-00134 87 15468 15483 15693 15790 15800 15941 16001 16048 16098 16192 16298 16380 16450 16472 16493 16655 16710 16854 16870 16901 16998 17121 17127 17182 17217 17272 17277 17410 17453 17472 17547 17728 17759 17948 18134 18174 18687 18717 18976 19000 19036 19252 19269 19281 19350 19366 19395 19443 19475 19478 19585 19613 19946 20058 20099 20262 20277 20324 20345 20365 20382 20413 20487 20579 20582 20591 20675 20689 20772 20885 20931 20941 20953 21054 21062 21097 21120 21160 21168 21181 21193 21206 21248 21270 21295 21328 21452
that FR941206-1-00134 65 15469 15525 15562 15610 15629 15720 15739 15759 15797 16819 16914 16995 17156 17222 17227 17289 17357 17406 17427 17541 17599 17668 17722 17745 17957 18034 18074 18170 18215 18302 18760 18801 18816 18843 18861 18868 19133 19186 19254 19364 19381 19435 19576 19609 19661 19693 19705 19797 20017 20050 20087 20095 20144 20213 20229 20512 20575 20914 20927 20937 20965 20976 21092 21145 21405
sources FR941206-1-00134 4 15471 15794 15811 16078
pcb FR941206-1-00134 79 15473 15586 15612 15650 15710 15727 15837 15966 16015 16055 16093 16141 16169 16235 16303 16333 16351 16375 16410 16445 16477 16479 16556 16583 16801 16849 16877 16884 17028 17292 17322 17443 17486 17498 17646 17655 17684 17725 17747 17847 17921 17979 18084 18296 18437 18578 18683 18713 18724 18739 18746 18757 18778 18871 18884 18906 19040 19145 19182 19266 19320 19343 19582 19630 20199 20268 20391 20425 20602 20694 20728 20869 21002 21018 21024 21057 21274 21437 21517
contamination FR941206-1-00134 7 15474 15540 15698 15728 15796 16142 21257
these FR941206-1-00134 15 15476 15810 16419 16733 16777 17113 17157 17670 19431 19602 20837 20896 20947 21078 21101
large FR941206-1-00134 5 15477 15497 15582 18737 18875
volume FR941206-1-00134 5 15478 17206 17320 18738 18876
not FR941206-1-00134 53 15481 15519 15715 15940 16047 16067 16138 16308 16344 16432 16492 16515 16920 16997 17120 17181 17233 17440 17467 17546 17611 17635 17991 18003 18284 18321 18433 18446 18543 19075 19257 19349 19393 19549 19574 19675 19682 19697 20004 20026 20114 20154 20182 20364 20517 20539 20624 20688 20720 21053 21073 21109 21389
easily FR941206-1-00134 1 15482
identified FR941206-1-00134 2 15484 16960
addition FR941206-1-00134 2 15487 19203
decommissioning FR941206-1-00134 1 15490
projects FR941206-1-00134 2 15491 15494
produce FR941206-1-00134 1 15496
quantities FR941206-1-00134 1 15498
containing FR941206-1-00134 9 15501 15565 15762 16774 16867 18907 19149 21040 21046
pcbs FR941206-1-00134 63 15502 15568 15591 15620 15741 15763 15907 15993 16248 16508 16610 16703 16775 16868 17053 17058 17315 17419 17518 17906 17919 18080 18104 18171 18226 18242 18258 18317 18450 18463 18562 18572 18592 18762 18775 18899 18941 19046 19150 19255 19326 19689 19707 19748 19765 19778 19826 19862 19976 20002 20009 20018 20057 20092 20148 20237 20560 21041 21047 21156 21171 21196 21415
is FR941206-1-00134 69 15506 15560 15606 15645 15667 15972 16137 16172 16222 16276 16343 16370 16543 16571 16720 16763 16796 16827 16947 17004 17015 17045 17186 17224 17345 17371 17374 17425 17466 17510 17528 17537 17786 17838 18023 18035 18060 18247 18269 18399 18733 18802 19137 19225 19287 19424 19548 19703 19786 19798 20040 20168 20191 20211 20232 20252 20336 20484 20505 20712 20719 20839 21035 21072 21082 21225 21400 21406 21459
also FR941206-1-00134 13 15507 15632 15875 16000 16738 16842 17346 17396 17626 17758 17887 19109 21294
`` FR941206-1-00134 19 15509 16780 16894 17723 18172 18745 18777 19134 19144 19169 19181 19547 19713 19793 20196 20584 20718 20770 21366
end FR941206-1-00134 4 15510 18818 18836 18853
line FR941206-1-00134 1 15513
'' FR941206-1-00134 19 15514 16782 16896 17739 18199 18748 18780 19136 19148 19171 19185 19553 19716 19796 20202 20587 20725 20833 21368
for FR941206-1-00134 88 15515 15522 15549 15600 15622 15634 15702 15832 15836 15853 15920 15948 15963 16194 16404 16478 16523 16561 16574 16632 16647 16712 16732 16791 16829 16937 16955 16989 17000 17009 17016 17046 17123 17247 17311 17387 17481 17517 17559 17631 17690 18018 18124 18156 18187 18243 18273 18275 18281 18291 18318 18351 18380 18430 18464 18466 18678 18727 18924 18948 19078 19110 19143 19301 19414 19551 19591 19677 19732 19888 19931 20054 20078 20091 20207 20240 20301 20497 20559 20691 20854 20944 21037 21056 21238 21250 21381 21421
many FR941206-1-00134 1 15516
items FR941206-1-00134 10 15517 15918 17967 18001 18579 20307 20643 20940 20961 21237
otherwise FR941206-1-00134 6 15520 16976 17748 18529 18666 20942
regulated FR941206-1-00134 20 15521 15599 15621 15633 15919 16193 16786 16977 17122 17273 17372 18079 18128 19457 19550 19676 19861 20693 20721 20943
disposal FR941206-1-00134 94 15523 15601 15623 15635 15704 15808 15834 15851 15921 15955 15964 15976 16042 16053 16105 16117 16157 16195 16202 16212 16233 16349 16408 16443 16526 16584 16659 16713 16717 16781 16830 16850 16885 16941 16957 17124 17341 17359 17377 17381 17444 17752 17866 18157 18190 18255 18276 18282 18292 18297 18319 18344 18352 18431 18438 18467 18501 18565 18575 18604 18676 18691 18714 18725 18878 18886 18950 18964 19006 19091 19108 19142 19205 19240 19293 19297 19536 19552 19623 19678 19686 19996 20055 20392 20426 20685 20740 20758 20826 20945 21239 21282 21332 21507
find FR941206-1-00134 1 15526
their FR941206-1-00134 6 15527 15975 16288 16924 20106 20230
way FR941206-1-00134 1 15528
into FR941206-1-00134 12 15529 18475 18563 18573 18602 18674 18711 19283 20347 20367 20604 20651
scrap FR941206-1-00134 1 15531
metal FR941206-1-00134 6 15532 15552 15945 18930 20349 20351
stream FR941206-1-00134 3 15533 15946 18231
result FR941206-1-00134 4 15537 15617 17234 19821
subsequent FR941206-1-00134 2 15539 16832
epa FR941206-1-00134 56 15545 15559 15605 15679 15713 15873 15960 16045 16221 16383 16389 16542 16674 16719 16737 16762 16817 16846 17003 17152 17185 17220 17253 17344 17424 17447 17465 17513 17527 17666 17740 17886 17978 18246 18268 18300 18398 19084 19176 19224 19286 19379 19433 19680 19702 19742 19785 20039 20190 20266 20509 20711 20905 20963 21081 21224
acknowledges FR941206-1-00134 1 15546
need FR941206-1-00134 2 15548 19926
responsibly FR941206-1-00134 2 15550 20966
operated FR941206-1-00134 4 15551 15981 16004 20059
recycling FR941206-1-00134 3 15553 20849 20973
facilities FR941206-1-00134 5 15554 15788 15950 15998 19537
as FR941206-1-00134 49 15556 15576 15578 15682 15824 15877 15923 16009 16058 16204 16252 16316 16356 16623 16679 16714 16875 16903 16970 16980 17556 17800 18337 18412 18521 18608 18749 18978 19011 19097 19103 19245 19296 19373 19539 19780 19963 19981 19991 19998 20394 20428 20697 20804 20852 20864 21304 21402 21443
such FR941206-1-00134 14 15557 15681 15823 15922 16006 16315 16355 16678 18520 18607 19295 19779 20851 20862
reiterating FR941206-1-00134 1 15561
all FR941206-1-00134 6 15563 15760 16772 17407 18257 19191
50 FR941206-1-00134 8 15566 15648 15747 16263 16270 17925 19155 21409
ppm FR941206-1-00134 9 15567 15649 15748 17032 17654 17926 19156 21414 21516
greater FR941206-1-00134 4 15570 15742 21429 21519
well FR941206-1-00134 1 15577
volumes FR941206-1-00134 1 15583
nonn FR941206-1-00134 16 15587 15613 15838 15967 16016 16056 16094 16170 16189 16236 16304 16334 16352 16411 16446 16480
impregnated FR941206-1-00134 1 15589
with FR941206-1-00134 60 15590 15914 15986 16188 16393 16551 16881 16916 16928 16952 17019 17027 17049 17104 17132 17142 17412 17434 17512 17551 17586 17637 17733 17918 18009 18181 18193 18309 18332 18424 18480 18495 18632 18695 18774 19042 19045 19060 19264 19322 19325 19385 19520 19619 19800 20102 20172 20219 20521 20545 20555 20812 20843 20984 21064 21155 21170 21195 21276 21490
( FR941206-1-00134 186 15592 15660 15772 15862 15865 15899 16158 16160 16163 16177 16217 16226 16267 16328 16415 16465 16499 16531 16611 16618 16622 16636 16807 16810 16813 17024 17033 17037 17059 17063 17075 17096 17145 17148 17282 17302 17306 17330 17352 17400 17403 17489 17499 17503 17523 17570 17573 17592 17649 17657 17661 17698 17701 17704 17708 17797 17874 17878 17881 17891 17894 17909 18028 18031 18051 18054 18093 18109 18117 18142 18145 18149 18161 18164 18206 18384 18389 18406 18409 18415 18453 18482 18486 18523 18629 18639 18642 18646 18658 18701 18766 18798 18813 18821 18840 18929 18935 18951 18969 18972 18980 18983 18990 18993 18996 19010 19026 19029 19032 19064 19067 19070 19120 19157 19159 19162 19196 19230 19233 19310 19313 19316 19461 19464 19467 19471 19501 19511 19525 19528 19557 19560 19564 19567 19570 19644 19647 19651 19654 19657 19666 19717 19875 19899 19902 20044 20047 20065 20239 20295 20298 20313 20329 20339 20358 20377 20393 20408 20427 20443 20469 20531 20534 20554 20680 20732 20735 20750 20753 20794 20817 20820 21007 21010 21086 21089 21126 21129 21132 21284 21286 21318 21321 21476 21495 21498
eg FR941206-1-00134 7 15593 16178 17910 18110 18118 18454 19718
) FR941206-1-00134 186 15596 15662 15779 15864 15867 15903 16162 16165 16166 16183 16219 16228 16272 16332 16417 16467 16501 16533 16614 16621 16631 16642 16809 16812 16815 17026 17039 17040 17065 17066 17092 17098 17147 17150 17288 17304 17308 17342 17354 17402 17405 17493 17505 17506 17525 17572 17575 17594 17656 17663 17664 17703 17706 17710 17711 17799 17880 17883 17884 17893 17896 17913 18030 18033 18053 18056 18095 18114 18122 18144 18147 18151 18163 18166 18213 18386 18391 18408 18411 18417 18458 18484 18488 18525 18631 18641 18644 18648 18660 18703 18768 18800 18815 18823 18842 18932 18944 18957 18971 18974 18982 18985 18992 18995 18998 19017 19028 19031 19034 19066 19069 19072 19125 19161 19164 19165 19201 19232 19235 19312 19315 19318 19463 19466 19469 19473 19506 19516 19527 19530 19559 19562 19566 19569 19572 19646 19649 19653 19656 19659 19669 19728 19881 19901 19904 20046 20049 20077 20285 20297 20300 20315 20331 20341 20360 20379 20406 20410 20441 20445 20471 20533 20536 20561 20682 20734 20737 20752 20755 20799 20819 20822 21009 21012 21088 21091 21128 21131 21134 21288 21289 21320 21323 21481 21497 21500
are FR941206-1-00134 22 15598 15615 15631 15764 17823 18002 18306 18329 18421 18445 18492 18507 18514 19674 19988 20290 20311 20623 20644 21020 21388 21428
however FR941206-1-00134 6 15603 17463 19700 20920 21049 21263
proposing FR941206-1-00134 19 15607 16223 16544 16721 17005 17347 17375 17426 17529 17787 18061 19226 19787 20041 20212 20713 20907 21083 21226
at FR941206-1-00134 41 15608 15658 15753 16281 16640 16805 17239 17350 17398 17519 17567 17603 17833 17889 17923 17941 18026 18091 18404 19151 19554 19624 19757 19788 19804 19894 20042 20254 20293 20325 20332 20352 20480 20494 20646 20730 21084 21143 21172 21197 21514
761.62 FR941206-1-00134 11 15609 15829 15971 16159 16216 16225 16414 16464 16498 16530 18388
where FR941206-1-00134 10 15611 15664 16168 16475 16511 16568 17204 18232 20109 20882
processing FR941206-1-00134 16 15619 15630 15643 15806 16711 18155 18240 18274 18280 18290 18303 18326 18359 18418 18489 18662
resulting FR941206-1-00134 4 15627 15639 15935 16312
from FR941206-1-00134 27 15628 15802 15936 16039 16313 16358 16704 16776 17446 17899 18236 18263 18451 18472 18577 18593 18867 18881 19271 19426 20387 20419 20500 20598 20660 20726 21397
even FR941206-1-00134 3 15636 20178 20881
when FR941206-1-00134 3 15637 18730 19997
concentration FR941206-1-00134 7 15640 15902 18085 18101 18224 18684 21025
less FR941206-1-00134 7 15646 16261 17642 20371 20647 21411 21433
than FR941206-1-00134 13 15647 15743 16262 17643 18347 18755 18901 18947 20372 20648 21412 21430 21434
through FR941206-1-00134 11 15652 16847 16856 17285 17333 17457 17762 19712 19749 20664 21298
action FR941206-1-00134 1 15653
antin FR941206-1-00134 1 15656
provision FR941206-1-00134 4 15657 18217 19731 19855
761.1 FR941206-1-00134 3 15659 18481 18657
b FR941206-1-00134 28 15661 16199 16227 16416 16500 18390 18483 18487 18659 18970 18981 18991 19027 19065 19160 19231 19311 19462 19558 19565 19645 19652 20733 20751 21008 21087 21127 21319
already FR941206-1-00134 2 15668 18365
shredded FR941206-1-00134 1 15669
statistically FR941206-1-00134 1 15671
valid FR941206-1-00134 3 15672 20083 20547
sampling FR941206-1-00134 6 15673 15718 16987 17001 17179 21140
analytical FR941206-1-00134 1 15675
methods FR941206-1-00134 2 15676 16118
acceptable FR941206-1-00134 4 15677 19139 19993 20610
to FR941206-1-00134 113 15678 15688 15695 15699 15746 15895 15973 15989 15994 16010 16018 16050 16069 16207 16230 16287 16300 16309 16326 16346 16425 16521 16549 16699 16716 16722 16726 16741 16758 16845 16853 16908 16926 16950 16983 17166 17355 17415 17420 17452 17539 17618 17717 17743 17750 17791 17803 17852 17860 17897 17947 17972 18038 18062 18139 18220 18222 18253 18448 18545 18558 18652 18671 18804 19002 19038 19055 19062 19177 19204 19227 19236 19335 19352 19397 19411 19477 19494 19683 19760 19906 19927 19973 20010 20014 20033 20159 20203 20234 20264 20581 20626 20678 20703 20714 20787 20840 20860 20901 21099 21111 21137 21159 21167 21192 21227 21235 21240 21253 21272 21330 21432 21469
those FR941206-1-00134 8 15683 16910 16994 17312 17390 18261 18857 21425
proposed FR941206-1-00134 45 15685 15828 15860 15970 16215 16345 16463 16497 16529 16638 16789 17035 17061 17094 17143 17199 17212 17229 17501 17568 17607 17659 17714 17765 17834 17876 18025 18090 18140 18912 19015 19100 19248 19459 19514 19895 19990 20174 20292 20528 20617 20705 20986 21124 21301
appendix FR941206-1-00134 4 15686 20404 20439 21325
iii FR941206-1-00134 5 15687 19033 19317 19472 21133
part FR941206-1-00134 17 15689 16888 17721 18169 18186 18361 18378 18508 18515 18535 18718 18829 20068 20282 20402 20437 20831
761 FR941206-1-00134 4 15690 16889 18536 20283
used FR941206-1-00134 9 15694 17325 17367 18004 18123 20053 20233 20263 21098
characterize FR941206-1-00134 7 15696 19056 19336 21100 21147 21236 21255
support FR941206-1-00134 1 15700
proposals FR941206-1-00134 3 15701 18879 20838
options FR941206-1-00134 5 15705 15835 16106 16403 16421
under FR941206-1-00134 33 15707 15766 15859 15869 15883 15969 16101 16120 16130 16196 16214 16224 16413 16462 16496 16528 16558 16730 16906 16963 17764 17825 18532 19458 19601 19954 20060 20541 20829 21005 21123 21279 21300
tsca FR941206-1-00134 19 15709 15768 16121 16211 16455 16559 16582 16731 17827 17865 17988 18436 19449 19534 19629 20692 21211 21218 21505
program FR941206-1-00134 4 15711 15894 16557 17685
will FR941206-1-00134 6 15714 17545 17676 19391 19409 20275
accept FR941206-1-00134 1 15716
method FR941206-1-00134 7 15719 16153 18622 19106 20397 20431 21034
mathematically FR941206-1-00134 1 15721
masks FR941206-1-00134 1 15722
dilutes FR941206-1-00134 1 15724
areas FR941206-1-00134 4 15725 16064 16086 21151
a FR941206-1-00134 107 15730 15863 15878 15889 15952 15978 16007 16181 16209 16239 16365 16385 16454 16466 16524 16577 16581 16587 16592 16602 16633 16857 16876 17071 17101 17167 17225 17256 17353 17401 17442 17478 17530 17564 17628 17788 17826 17987 18021 18112 18228 18295 18385 18416 18435 18517 18524 18564 18574 18603 18612 18640 18675 18682 18690 18712 18756 18805 19023 19369 19374 19448 19483 19492 19526 19540 19610 19628 19790 19809 19900 19921 19932 19951 19964 20045 20062 20082 20089 20138 20205 20246 20296 20405 20440 20472 20532 20546 20563 20652 20665 20698 20776 20785 20818 20825 20886 20971 21065 21210 21217 21265 21315 21456 21467 21496 21504
generator FR941206-1-00134 1 15731
facility FR941206-1-00134 7 15733 19484 20496 20777 20827 21457 21508
owner FR941206-1-00134 4 15734 17281 20125 20571
operator FR941206-1-00134 3 15736 20127 20573
demonstrate FR941206-1-00134 1 15738
no FR941206-1-00134 10 15740 16484 17078 18846 18863 19051 19331 19938 20383 20414
equal FR941206-1-00134 1 15745
were FR941206-1-00134 5 15749 17294 17309 19696 20917
wastestream FR941206-1-00134 3 15752 15804 15910
time FR941206-1-00134 4 15755 19419 20334 20482
generation FR941206-1-00134 2 15757 16036
exempt FR941206-1-00134 2 15765 17898
household FR941206-1-00134 1 15769
exemption FR941206-1-00134 4 15771 16746 18272 19600
unit FR941206-1-00134 11 15773 18566 18576 18605 18677 18715 18729 19428 19880 20255 20606
iid1 FR941206-1-00134 1 15774
this FR941206-1-00134 31 15777 15870 15884 16294 16342 16469 16745 16839 16917 17508 17736 17742 17836 17850 18185 18204 18250 18377 19304 19340 19854 19942 20216 20258 20661 20670 20684 20723 20830 21033 21346
preamble FR941206-1-00134 3 15778 18201 20259
conscientious FR941206-1-00134 1 15781
operators FR941206-1-00134 1 15782
activities FR941206-1-00134 11 15785 16677 16735 16783 17409 17430 18304 18327 18419 18490 20271
should FR941206-1-00134 4 15789 15999 17163 19251
aware FR941206-1-00134 2 15791 19704
known FR941206-1-00134 1 15793
can FR941206-1-00134 5 15798 16996 17216 19612 19820
readily FR941206-1-00134 1 15799
removed FR941206-1-00134 5 15801 18262 19270 19444 21396
before FR941206-1-00134 2 15805 19277
include FR941206-1-00134 9 15813 16423 16742 18442 18541 19003 19346 20204 20620
small FR941206-1-00134 2 15814 15930
capacitors FR941206-1-00134 5 15815 15931 18782 19668 20748
light FR941206-1-00134 2 15817 21067
ballasts FR941206-1-00134 1 15818
pcbcontaminated FR941206-1-00134 17 15821 19020 19112 19116 19382 19455 19578 19663 19672 19726 20306 20642 20743 20761 20939 20960 21403
articles FR941206-1-00134 21 15822 18740 18923 19021 19041 19267 19321 19344 19363 19456 19583 19673 20762 21003 21019 21045 21058 21102 21190 21242 21275
hydraulic FR941206-1-00134 5 15825 19146 19183 19207 19215
equipment FR941206-1-00134 12 15826 17366 17777 17815 17912 19384 19580 19665 20217 20231 20745 21039
would FR941206-1-00134 40 15830 16046 16191 16297 16422 16471 16514 16784 16869 16900 16919 17099 17119 17180 17271 17395 17439 17450 17576 17610 17945 17990 18126 18320 18353 18975 18999 19035 19345 19474 19856 19925 20153 20578 20590 20687 20766 20989 21157 21327
allow FR941206-1-00134 7 15831 16231 17577 18039 18063 19178 19237
based FR941206-1-00134 1 15840
on FR941206-1-00134 18 15841 16151 16174 16384 16397 16766 17195 17903 18600 18895 18902 18916 19292 19811 20707 20909 20933 20993
sitespecific FR941206-1-00134 3 15842 16435 19922
criteria FR941206-1-00134 2 15843 19754
by FR941206-1-00134 37 15844 16021 16123 16254 16373 16382 16625 16673 16986 17191 17213 17279 17686 17927 18078 18277 18936 19053 19175 19239 19333 19368 19491 19968 20123 20225 20396 20430 20565 20722 20784 20895 20955 21022 21355 21445 21466
extending FR941206-1-00134 1 15845
riskbased FR941206-1-00134 4 15847 15954 16210 16525
philosophy FR941206-1-00134 1 15848
requirements FR941206-1-00134 12 15852 16936 17753 18183 18195 18697 19522 19887 20118 20222 20814 21492
municipal FR941206-1-00134 9 15854 15982 16240 16366 19219 19496 19871 20789 21471
sludges FR941206-1-00134 1 15855
dredged FR941206-1-00134 1 15857
761.60 FR941206-1-00134 30 15861 17718 17755 18197 18638 18968 18979 18989 19025 19063 19158 19229 19309 19460 19524 19556 19643 19898 20043 20294 20530 20679 20731 20816 21006 21085 21125 21285 21317 21494
5 FR941206-1-00134 12 15866 17149 17404 17705 18146 18973 19568 19655 20409 20754 21011 21322
proposal FR941206-1-00134 8 15871 16132 16325 16600 17394 17476 17625 20765
could FR941206-1-00134 13 15874 16096 16448 16491 17126 17276 18133 19365 19945 20614 20952 21119 21180
require FR941206-1-00134 12 15876 16433 16670 17100 17397 17441 18285 18294 18322 18354 18434 18502
condition FR941206-1-00134 1 15879
approval FR941206-1-00134 24 15882 16213 16339 16527 16585 16672 16729 16851 17445 17828 17989 18287 18298 18324 18356 18369 18439 18504 18512 18692 18726 18732 19631 21283
section FR941206-1-00134 7 15885 16918 17675 17851 18205 18741 21347
implementation FR941206-1-00134 3 15887 17250 17681
source FR941206-1-00134 1 15890
identification FR941206-1-00134 1 15891
removal FR941206-1-00134 2 15893 21340
control FR941206-1-00134 3 15896 16011 19736
level FR941206-1-00134 6 15898 16246 17168 17588 17609 21258
ie FR941206-1-00134 9 15900 16268 16329 17076 17283 17331 17650 18952 19876
variability FR941206-1-00134 1 15905
compliance FR941206-1-00134 10 15913 16915 18180 19519 20101 20171 20520 20544 20811 21489
current FR941206-1-00134 11 15915 16104 17793 17862 18159 18967 19081 19555 20915 20978 21015
restrictions FR941206-1-00134 1 15916
transformer FR941206-1-00134 1 15924
carcasses FR941206-1-00134 1 15925
nonintact FR941206-1-00134 1 15927
leaking FR941206-1-00134 1 15929
unauthorized FR941206-1-00134 1 15937
uses FR941206-1-00134 2 15938 17600
must FR941206-1-00134 11 15939 17471 17727 19268 20323 20344 20363 20449 20486 21205 21247
placed FR941206-1-00134 4 15942 19446 20932 21215
destined FR941206-1-00134 1 15947
general FR941206-1-00134 5 15958 16552 16603 17805 17901
's FR941206-1-00134 7 15961 16599 17153 19802 19911 19935 20243
preference FR941206-1-00134 1 15962
approve FR941206-1-00134 2 15974 16051
wellengineered FR941206-1-00134 1 15979
solid FR941206-1-00134 11 15983 16241 16367 16794 16971 18070 18116 19499 19872 20792 21474
landfill FR941206-1-00134 9 15985 16112 16243 16275 16369 16461 18627 19453 21222
appropriate FR941206-1-00134 7 15987 16149 16474 17937 19105 21036 21055
monitoring FR941206-1-00134 1 15988
detect FR941206-1-00134 1 15990
releases FR941206-1-00134 3 15991 16751 17417
environment FR941206-1-00134 8 15996 16020 16760 17422 17622 20012 20037 20163
designed FR941206-1-00134 1 16002
manner FR941206-1-00134 1 16008
release FR941206-1-00134 5 16013 19412 19763 19770 20005
controlling FR941206-1-00134 1 16022
among FR941206-1-00134 3 16023 17854 20593
things FR941206-1-00134 3 16025 17856 20595
areal FR941206-1-00134 1 16027
dispersion FR941206-1-00134 1 16028
runon FR941206-1-00134 1 16030
runoff FR941206-1-00134 1 16032
leachate FR941206-1-00134 1 16035
management FR941206-1-00134 1 16038
units FR941206-1-00134 4 16043 19505 20798 21480
inclined FR941206-1-00134 1 16049
fill FR941206-1-00134 1 16059
material FR941206-1-00134 4 16060 16311 19387 19442
environmentally FR941206-1-00134 1 16062
sensitive FR941206-1-00134 1 16063
but FR941206-1-00134 10 16066 16378 16747 18444 18542 19048 19328 19348 20622 21108
limited FR941206-1-00134 6 16068 18447 18544 19351 20625 21110
sites FR941206-1-00134 1 16070
100year FR941206-1-00134 1 16072
flood FR941206-1-00134 1 16073
plains FR941206-1-00134 1 16074
near FR941206-1-00134 1 16076
potential FR941206-1-00134 2 16077 20995
drinking FR941206-1-00134 5 16080 17138 17514 17557 18015
water FR941206-1-00134 11 16081 17139 17482 17515 17544 17558 17582 17602 18016 18019 18047
wellhead FR941206-1-00134 1 16084
protection FR941206-1-00134 1 16085
residential FR941206-1-00134 1 16090
settings FR941206-1-00134 1 16091
still FR941206-1-00134 2 16097 16449
disposed FR941206-1-00134 17 16099 16451 16494 16873 17328 17729 17760 17951 19479 19614 19710 20019 20773 21182 21207 21296 21453
three FR941206-1-00134 1 16103
incineration FR941206-1-00134 1 16108
chemical FR941206-1-00134 6 16110 16459 18625 18849 19451 21220
alternative FR941206-1-00134 4 16116 16206 16982 21281
approved FR941206-1-00134 9 16119 16456 19450 19535 20676 20828 21212 21219 21506
authorities FR941206-1-00134 1 16122
regional FR941206-1-00134 7 16125 16145 19909 19933 19970 20134 20567
administrator FR941206-1-00134 7 16126 16146 19910 19934 19971 20135 20568
upon FR941206-1-00134 3 16127 18830 20120
application FR941206-1-00134 2 16128 21230
if FR941206-1-00134 9 16134 16244 17252 17998 18081 20164 20508 20640 21385
uniform FR941206-1-00134 1 16139
specify FR941206-1-00134 1 16148
limitations FR941206-1-00134 2 16150 16438
location FR941206-1-00134 1 16155
c FR941206-1-00134 21 16161 16218 16440 16532 16808 17146 17524 17571 17702 17798 17879 17892 18029 18052 18143 18162 18407 18630 20328 20356 20650
4 FR941206-1-00134 14 16164 17882 19529 19561 19648 19903 20048 20299 20378 20535 20736 20821 21307 21499
stored FR941206-1-00134 1 16173
ground FR941206-1-00134 1 16176
pile FR941206-1-00134 1 16182
soil FR941206-1-00134 1 16186
contaminated FR941206-1-00134 13 16187 16705 17018 17048 17087 18077 19044 19324 20872 20879 21063 21169 21194
761.61 FR941206-1-00134 3 16197 18383 18522
leachabilitybased FR941206-1-00134 1 16201
an FR941206-1-00134 37 16205 16338 16981 17383 17613 17801 17993 18120 18286 18323 18355 18363 18368 18503 18510 18609 18731 19093 19104 19138 19415 19508 19599 19889 19917 19992 20022 20028 20110 20156 20451 20513 20556 20801 21185 21280 21484
obtaining FR941206-1-00134 1 16208
measured FR941206-1-00134 2 16253 16624
toxicity FR941206-1-00134 1 16256
characteristic FR941206-1-00134 1 16257
leaching FR941206-1-00134 1 16258
procedure FR941206-1-00134 5 16259 17014 17044 17069 17231
was FR941206-1-00134 7 16260 16483 17324 18218 18360 20516 20538
micrograms FR941206-1-00134 6 16264 16609 17485 21175 21200 21436
per FR941206-1-00134 6 16265 17487 17647 21176 21201 21438
liter FR941206-1-00134 3 16266 17488 17648
ppb FR941206-1-00134 3 16271 17497 17532
notified FR941206-1-00134 1 16277
writing FR941206-1-00134 2 16279 20142
least FR941206-1-00134 2 16282 20326
15 FR941206-1-00134 2 16283 20373
working FR941206-1-00134 1 16284
days FR941206-1-00134 1 16285
prior FR941206-1-00134 5 16286 16671 16728 18670 19972
receipt FR941206-1-00134 1 16289
selfimplementing FR941206-1-00134 3 16295 16402 18518
option FR941206-1-00134 4 16296 16470 17378 20686
available FR941206-1-00134 3 16299 20690 21390
only FR941206-1-00134 3 16301 18856 19607
itself FR941206-1-00134 1 16306
pret FR941206-1-00134 1 16314
microencapsulation FR941206-1-00134 2 16317 18546
vitrification FR941206-1-00134 1 16319
process FR941206-1-00134 2 16327 16852
pretreat FR941206-1-00134 1 16331
currently FR941206-1-00134 7 16336 16371 16897 18743 19127 19641 19743
requires FR941206-1-00134 1 16337
change FR941206-1-00134 3 16347 18847 20700
automobile FR941206-1-00134 1 16359
appliance FR941206-1-00134 1 16361
shredders FR941206-1-00134 1 16362
prohibited FR941206-1-00134 2 16372 20597
regulations FR941206-1-00134 7 16376 16886 18887 19082 19130 20729 20897
allowed FR941206-1-00134 3 16381 18531 20893
casebycase FR941206-1-00134 1 16386
basis FR941206-1-00134 1 16387
requests FR941206-1-00134 1 16390
comment FR941206-1-00134 3 16391 16765 17188
supporting FR941206-1-00134 1 16394
data FR941206-1-00134 3 16395 17193 19291
inclusion FR941206-1-00134 3 16399 16768 19302
storage FR941206-1-00134 5 16406 18313 18348 18427 18581
additional FR941206-1-00134 5 16420 16434 17348 20601 20929
provisions FR941206-1-00134 7 16424 17436 17734 17794 17832 18403 18636
make FR941206-1-00134 2 16426 20137
them FR941206-1-00134 2 16427 16922
generally FR941206-1-00134 1 16428
applicable FR941206-1-00134 5 16429 16883 17977 21271 21305
nationwide FR941206-1-00134 1 16430
prohibitions FR941206-1-00134 3 16436 17695 17848
performancebased FR941206-1-00134 1 16442
incinerator FR941206-1-00134 4 16457 18610 19750 21213
most FR941206-1-00134 1 16473
which FR941206-1-00134 21 16482 16663 17914 17942 18279 18289 18305 18328 18420 18491 19049 19054 19210 19329 19334 20454 20613 21071 21399 21427 21458
longer FR941206-1-00134 1 16485
being FR941206-1-00134 7 16486 18024 18672 19402 19989 20291 21395
generated FR941206-1-00134 1 16487
because FR941206-1-00134 5 16502 17535 17840 19405 19690
high FR941206-1-00134 2 16504 18613
levels FR941206-1-00134 7 16505 17238 17261 17516 17689 17873 20007
leachable FR941206-1-00134 1 16507
situation FR941206-1-00134 1 16513
warrant FR941206-1-00134 1 16516
expenditure FR941206-1-00134 1 16518
resources FR941206-1-00134 1 16520
apply FR941206-1-00134 2 16522 18221
7 FR941206-1-00134 4 16535 17895 18055 20470
decontamination FR941206-1-00134 27 16537 16604 16645 16652 16792 16912 16984 17010 17109 17201 17230 17369 17408 17429 17479 17533 17608 17629 17674 17691 17763 17870 17938 18088 18125 18918 21299
standards FR941206-1-00134 4 16538 17671 17974 20988
procedures FR941206-1-00134 7 16540 16646 17008 17114 17160 17299 17370
several FR941206-1-00134 2 16545 19828
changes FR941206-1-00134 3 16546 18858 18913
additions FR941206-1-00134 1 16548
761.79 FR941206-1-00134 20 16550 16899 16907 17036 17062 17095 17301 17351 17399 17438 17502 17591 17660 17766 17984 18092 18394 18527 18699 21302
applicability FR941206-1-00134 1 16553
throughout FR941206-1-00134 1 16554
liquids FR941206-1-00134 11 16562 16708 17633 18457 18708 18908 19052 19261 19332 20695 20870
nons FR941206-1-00134 6 16564 16634 16648 16990 18710 21249
surfaces FR941206-1-00134 15 16565 16649 16706 16795 16991 17017 17047 17165 17908 18073 19043 19323 21060 21105 21278
except FR941206-1-00134 5 16567 17129 19667 20747 21477
another FR941206-1-00134 5 16569 17210 17376 18927 20922
standard FR941206-1-00134 20 16570 16605 16626 16653 16790 16798 16840 17480 17509 17534 17630 17939 18022 18089 20090 20558 21094 21266 21378 21447
established FR941206-1-00134 3 16572 17589 17975
example FR941206-1-00134 3 16575 16946 18381
rcra FR941206-1-00134 7 16578 16964 19801 19955 20063 20184 20548
permit FR941206-1-00134 8 16579 19952 20064 20086 20107 20117 20549 20553
superfund FR941206-1-00134 2 16588 16593
rod FR941206-1-00134 1 16589
enforcement FR941206-1-00134 1 16594
decision FR941206-1-00134 1 16595
document FR941206-1-00134 1 16596
today FR941206-1-00134 2 16598 18266
includes FR941206-1-00134 3 16601 18781 20088
: FR941206-1-00134 8 16607 16820 17030 17169 18414 18891 19482 20312
10 FR941206-1-00134 6 16608 16821 17170 17242 17263 21431
m FR941206-1-00134 6 16612 16822 17171 17243 17264 17491
g FR941206-1-00134 4 16613 16823 17504 17593
/100 FR941206-1-00134 1 16615
square FR941206-1-00134 4 16616 21178 21203 21440
centimeters FR941206-1-00134 4 16617 21179 21204 21441
cm FR941206-1-00134 4 16619 16825 17173 17266
2 FR941206-1-00134 14 16620 16811 16826 17174 17245 17267 17644 17653 18165 18410 18643 18814 19633 20340
wipe FR941206-1-00134 9 16627 19370 21095 21121 21139 21233 21267 21379 21448
tests FR941206-1-00134 1 16628
761.123 FR941206-1-00134 1 16630
surface FR941206-1-00134 13 16635 16837 17088 17118 17237 17258 17270 17934 18132 18765 19273 21165 21246
see FR941206-1-00134 10 16637 17034 17060 17500 17658 17699 17875 18207 19121 19197
definition FR941206-1-00134 4 16639 19621 19791 19803
761.3 FR941206-1-00134 9 16641 18742 19016 19101 19515 19625 19789 19896 20807
two FR941206-1-00134 4 16644 17006 17158 18889
achieved FR941206-1-00134 1 16656
using FR941206-1-00134 3 16657 17110 17161
cleaning FR941206-1-00134 2 16661 16865
technique FR941206-1-00134 1 16662
instances FR941206-1-00134 2 16667 21079
although FR941206-1-00134 3 16676 18106 19074
filtering FR941206-1-00134 1 16680
soaking FR941206-1-00134 2 16682 17074
wiping FR941206-1-00134 1 16684
stripping FR941206-1-00134 1 16686
chopping FR941206-1-00134 1 16690
scraping FR941206-1-00134 1 16692
use FR941206-1-00134 16 16696 16939 17774 17813 17863 17904 17931 17960 18244 18264 18819 18837 18854 18928 19594 21375
abrasives FR941206-1-00134 2 16698 17363
remove FR941206-1-00134 1 16700
separate FR941206-1-00134 3 16702 18866 19965
opposed FR941206-1-00134 1 16715
waive FR941206-1-00134 1 16723
requirement FR941206-1-00134 3 16725 16949 19400
obtain FR941206-1-00134 1 16727
listed FR941206-1-00134 2 16734 16962
considered FR941206-1-00134 1 16739
whether FR941206-1-00134 1 16740
distillation FR941206-1-00134 2 16743 16770
remains FR941206-1-00134 1 16748
concerned FR941206-1-00134 1 16749
about FR941206-1-00134 1 16750
volatile FR941206-1-00134 1 16753
semie FR941206-1-00134 1 16755
organic FR941206-1-00134 2 16756 17632
compounds FR941206-1-00134 1 16757
seeking FR941206-1-00134 2 16764 19288
residues FR941206-1-00134 1 16773
remain FR941206-1-00134 2 16785 18127
spill FR941206-1-00134 2 16802 17980
cleanup FR941206-1-00134 3 16803 17872 17981
policy FR941206-1-00134 1 16804
761.125 FR941206-1-00134 1 16806
i FR941206-1-00134 2 16814 21326
believes FR941206-1-00134 6 16818 17598 17667 17956 19380 20964
pcb/100 FR941206-1-00134 1 16824
protective FR941206-1-00134 1 16828
reuse FR941206-1-00134 6 16833 17580 17697 18043 18068 18934
decontaminated FR941206-1-00134 12 16836 17117 17257 17543 17583 17776 17824 17949 17968 18000 18046 18131
has FR941206-1-00134 6 16841 18769 18817 18844 19089 19172
been FR941206-1-00134 7 16843 18076 18770 19173 19188 19212 19709
demonstrated FR941206-1-00134 1 16844
achievable FR941206-1-00134 1 16855
wide FR941206-1-00134 1 16858
variety FR941206-1-00134 1 16859
techniques FR941206-1-00134 3 16861 17202 19294
residual FR941206-1-00134 1 16864
managed FR941206-1-00134 1 16871
accordance FR941206-1-00134 8 16880 17141 17433 17585 17732 18192 18479 19618
subpart FR941206-1-00134 5 16891 17737 18374 18538 20071
d. FR941206-1-00134 2 16892 18539
note FR941206-1-00134 1 16895
following FR941206-1-00134 2 16898 20287
inserted FR941206-1-00134 1 16902
introductory FR941206-1-00134 2 16904 17715
text FR941206-1-00134 2 16905 17716
warn FR941206-1-00134 1 16909
conducting FR941206-1-00134 2 16911 20583
operations FR941206-1-00134 1 16913
relieve FR941206-1-00134 1 16921
duty FR941206-1-00134 1 16925
comply FR941206-1-00134 4 16927 16951 18694 20218
federal FR941206-1-00134 2 16930 20979
state FR941206-1-00134 10 16932 16966 19132 19493 19864 20084 20186 20551 20786 21468
local FR941206-1-00134 2 16935 16968
solvents FR941206-1-00134 3 16943 17361 17391
one FR941206-1-00134 3 16945 17111 20522
rules FR941206-1-00134 3 16954 19603 21016
laws FR941206-1-00134 1 16969
hazardous FR941206-1-00134 1 16973
followed FR941206-1-00134 2 16985 17310
especially FR941206-1-00134 2 16993 17203
accessed FR941206-1-00134 1 16999
none FR941206-1-00134 4 17007 17073 17159 17200
first FR941206-1-00134 1 17013
mineral FR941206-1-00134 1 17020
oil FR941206-1-00134 1 17021
dielectric FR941206-1-00134 1 17022
fluid FR941206-1-00134 1 17023
modef FR941206-1-00134 2 17025 17055
concentrations FR941206-1-00134 5 17029 17051 17293 17313 19152
10000 FR941206-1-00134 1 17031
e FR941206-1-00134 4 17038 17303 20681 21287
second FR941206-1-00134 2 17043 17102
higher FR941206-1-00134 1 17050
askarel FR941206-1-00134 1 17057
f FR941206-1-00134 3 17064 17097 17307
each FR941206-1-00134 3 17068 20342 20503
involves FR941206-1-00134 1 17070
15hour FR941206-1-00134 1 17072
agitation FR941206-1-00134 1 17079
kerosene FR941206-1-00134 5 17082 17091 17106 17162 17208
movement FR941206-1-00134 1 17084
soak FR941206-1-00134 1 17103
clean FR941206-1-00134 2 17105 19958
after FR941206-1-00134 2 17108 19420
reused FR941206-1-00134 5 17128 17548 18006 18137 19597
association FR941206-1-00134 3 17131 17550 18008
food FR941206-1-00134 3 17133 17552 18010
feed FR941206-1-00134 3 17135 17554 18012
761.20 FR941206-1-00134 11 17144 17569 17700 17796 17877 17890 18027 18050 18141 18160 18405
research FR941206-1-00134 1 17154
demonstrates FR941206-1-00134 1 17155
decontaminate FR941206-1-00134 1 17164
g/100 FR941206-1-00134 2 17172 17265
therefore FR941206-1-00134 1 17176
confirmatory FR941206-1-00134 1 17178
required FR941206-1-00134 3 17183 18734 19476
requesting FR941206-1-00134 1 17187
supported FR941206-1-00134 1 17190
laboratory FR941206-1-00134 2 17192 17286
aggressive FR941206-1-00134 1 17196
versus FR941206-1-00134 1 17197
solvent FR941206-1-00134 2 17211 18113
commenter FR941206-1-00134 1 17215
reduced FR941206-1-00134 1 17218
recognizes FR941206-1-00134 1 17221
there FR941206-1-00134 4 17223 20380 20411 20883
possibility FR941206-1-00134 1 17226
final FR941206-1-00134 2 17236 18083
below FR941206-1-00134 3 17241 17605 20177
g/100cm FR941206-1-00134 1 17244
purposes FR941206-1-00134 5 17248 18188 18679 18925 21383
subsequently FR941206-1-00134 1 17254
sampled FR941206-1-00134 3 17255 21122 21161
above FR941206-1-00134 2 17262 20354
unless FR941206-1-00134 6 17274 17821 18357 18505 19882 20891
it FR941206-1-00134 10 17275 17536 17841 17944 19250 19691 20180 20335 20483 21051
shown FR941206-1-00134 2 17278 20278
documentation FR941206-1-00134 1 17287
original FR941206-1-00134 2 17291 18100
determined FR941206-1-00134 4 17295 20395 20429 20511
prescribed FR941206-1-00134 2 17298 17319
rinseate FR941206-1-00134 1 17323
properly FR941206-1-00134 1 17327
copies FR941206-1-00134 1 17334
manifests FR941206-1-00134 1 17337
certificates FR941206-1-00134 1 17339
language FR941206-1-00134 3 17349 18202 19004
clarify FR941206-1-00134 2 17356 17677
specifically FR941206-1-00134 7 17380 17687 17858 18396 18530 19131 20892
industrial FR941206-1-00134 39 17384 18617 19008 19094 19221 19242 19299 19498 19509 19638 19752 19890 19918 19978 19999 20023 20051 20079 20097 20111 20130 20151 20166 20208 20302 20321 20421 20447 20514 20576 20611 20791 20802 20910 20934 20968 21186 21473 21485
boiler FR941206-1-00134 3 17385 18615 19753
certain FR941206-1-00134 6 17388 19688 19706 20150 20848 21241
conducted FR941206-1-00134 2 17411 17431
containment FR941206-1-00134 1 17413
adequate FR941206-1-00134 4 17414 19730 20918 20991
prevent FR941206-1-00134 2 17416 19857
workers FR941206-1-00134 1 17449
have FR941206-1-00134 10 17451 17946 18075 18862 19187 19211 19708 20183 20450 21158
protected FR941206-1-00134 1 17454
against FR941206-1-00134 4 17455 17696 17807 20906
exposure FR941206-1-00134 1 17456
dermal FR941206-1-00134 1 17458
contact FR941206-1-00134 4 17459 17917 18773 21154
inhalation FR941206-1-00134 1 17461
; FR941206-1-00134 17 17462 17924 18547 18549 18553 18567 18587 18909 19154 19837 19841 19846 20338 20357 20442 20467 21198
specifying FR941206-1-00134 1 17468
what FR941206-1-00134 1 17469
measures FR941206-1-00134 2 17470 20456
taken FR941206-1-00134 2 17473 20488
establishes FR941206-1-00134 2 17477 17627
0.5 FR941206-1-00134 4 17484 17490 17496 17531
g/l FR941206-1-00134 1 17492
approximately FR941206-1-00134 1 17495
consistent FR941206-1-00134 2 17511 19799
40 FR941206-1-00134 9 17520 18533 19805 19984 20066 20074 20280 20400 20435
cfr FR941206-1-00134 9 17521 18534 19806 19985 20067 20075 20281 20401 20436
141.61 FR941206-1-00134 1 17522
difficult FR941206-1-00134 1 17538
ensure FR941206-1-00134 2 17540 20016
livestock FR941206-1-00134 1 17560
humans FR941206-1-00134 1 17562
conforming FR941206-1-00134 3 17565 17789 20699
amendment FR941206-1-00134 4 17566 17790 17837 19305
6 FR941206-1-00134 13 17574 17709 18032 18150 18984 18994 19030 19068 19314 19465 20444 21090 21130
unrestricted FR941206-1-00134 2 17579 18040
agency FR941206-1-00134 5 17597 17785 17955 18059 20228
pose FR941206-1-00134 3 17612 20027 20155
unreasonable FR941206-1-00134 7 17614 17994 19698 19939 20006 20029 20157
risk FR941206-1-00134 7 17615 17995 19923 19940 19943 20030 20158
injury FR941206-1-00134 3 17617 17997 20032
health FR941206-1-00134 3 17619 20034 20160
associated FR941206-1-00134 6 17636 18308 18331 18423 18494 19263
remediation FR941206-1-00134 1 17638
milligrams FR941206-1-00134 1 17645
< FR941206-1-00134 2 17652 21173
h FR941206-1-00134 2 17662 20072
placing FR941206-1-00134 1 17669
simplify FR941206-1-00134 1 17679
defining FR941206-1-00134 1 17688
removing FR941206-1-00134 2 17693 18449
states FR941206-1-00134 1 17719
... FR941206-1-00134 1 17724
interprets FR941206-1-00134 1 17741
mean FR941206-1-00134 2 17744 19575
subject FR941206-1-00134 1 17749
8 FR941206-1-00134 1 17768
distribution FR941206-1-00134 5 17770 17809 17963 18041 18066
commerce FR941206-1-00134 5 17772 17811 17965 19284 19590
structures FR941206-1-00134 2 17779 17817
exception FR941206-1-00134 2 17802 18634
prohibition FR941206-1-00134 2 17806 17902
they FR941206-1-00134 3 17822 18506 18892
761.79. FR941206-1-00134 1 17835
important FR941206-1-00134 1 17839
causes FR941206-1-00134 1 17842
scope FR941206-1-00134 1 17844
conform FR941206-1-00134 1 17859
approvals FR941206-1-00134 1 17867
establishing FR941206-1-00134 1 17869
proposes FR941206-1-00134 2 17888 21348
comes FR941206-1-00134 1 17915
allowing FR941206-1-00134 2 17928 19005
its FR941206-1-00134 5 17929 18831 18852 19389 21521
continued FR941206-1-00134 1 17930
until FR941206-1-00134 1 17932
thw FR941206-1-00134 1 17933
exceeded FR941206-1-00134 1 17935
point FR941206-1-00134 3 17943 19375 19541
further FR941206-1-00134 1 17959
cleaned FR941206-1-00134 1 17970
up FR941206-1-00134 1 17971
specific FR941206-1-00134 2 17973 18806
policies FR941206-1-00134 1 17982
present FR941206-1-00134 2 17992 18943
stringent FR941206-1-00134 1 18036
enough FR941206-1-00134 1 18037
restricted FR941206-1-00134 1 18065
nonporous FR941206-1-00134 3 18072 21104 21164
meets FR941206-1-00134 1 18086
d FR941206-1-00134 3 18094 18375 18702
regardless FR941206-1-00134 1 18097
liquid FR941206-1-00134 8 18108 18571 19194 19413 19423 21031 21070 21386
abrasive FR941206-1-00134 1 18121
distributed FR941206-1-00134 2 18135 19588
pursuant FR941206-1-00134 2 18138 21136
9 FR941206-1-00134 3 18153 20398 20432
says FR941206-1-00134 1 18167
processed FR941206-1-00134 1 18175
addressing FR941206-1-00134 1 18203
44 FR941206-1-00134 1 18208
fr FR941206-1-00134 1 18209
31527 FR941206-1-00134 1 18210
explained FR941206-1-00134 1 18214
intended FR941206-1-00134 1 18219
manufacturing FR941206-1-00134 1 18229
resulted FR941206-1-00134 1 18235
manufacture FR941206-1-00134 2 18238 18811
clarifying FR941206-1-00134 1 18248
how FR941206-1-00134 1 18249
paragraph FR941206-1-00134 1 18251
applies FR941206-1-00134 1 18252
broadening FR941206-1-00134 1 18270
identifying FR941206-1-00134 1 18278
does FR941206-1-00134 6 18283 18293 19573 20003 20113 20181
clarifies FR941206-1-00134 1 18301
primarily FR941206-1-00134 4 18307 18330 18422 18493
facilitate FR941206-1-00134 6 18311 18334 18426 18497 18559 19907
transportation FR941206-1-00134 4 18315 18350 18429 18465
treatment FR941206-1-00134 6 18335 18498 19504 19879 20797 21479
defined FR941206-1-00134 7 18338 19012 19098 19246 19512 19982 20805
261.10 FR941206-1-00134 1 18340
land FR941206-1-00134 2 18343 18500
rather FR941206-1-00134 3 18346 18900 18946
activity FR941206-1-00134 3 18364 18519 20200
included FR941206-1-00134 2 18366 18688
authorization FR941206-1-00134 1 18372
implementing FR941206-1-00134 1 18400
existing FR941206-1-00134 3 18402 18511 18883
follows FR941206-1-00134 1 18413
do FR941206-1-00134 2 18432 20025
examples FR941206-1-00134 3 18441 18540 20608
service FR941206-1-00134 2 18452 21398
draining FR941206-1-00134 1 18456
packaging FR941206-1-00134 1 18460
repackaging FR941206-1-00134 1 18462
combining FR941206-1-00134 1 18470
smaller FR941206-1-00134 1 18473
containers FR941206-1-00134 4 18474 18477 18582 18594
larger FR941206-1-00134 1 18476
pulverization FR941206-1-00134 1 18548
particle FR941206-1-00134 1 18550
size FR941206-1-00134 1 18551
separation FR941206-1-00134 1 18552
employing FR941206-1-00134 1 18554
augers FR941206-1-00134 1 18555
hoppers FR941206-1-00134 1 18557
feeding FR941206-1-00134 1 18560
nond FR941206-1-00134 2 18561 18591
directly FR941206-1-00134 4 18569 18589 20458 21152
piping FR941206-1-00134 1 18570
bulk FR941206-1-00134 2 18584 18596
transport FR941206-1-00134 2 18585 18597
vehicles FR941206-1-00134 2 18586 18598
introducing FR941206-1-00134 2 18590 20599
pallets FR941206-1-00134 1 18601
efficiency FR941206-1-00134 1 18614
furnace FR941206-1-00134 21 18618 19095 19510 19891 19919 20000 20024 20112 20131 20167 20322 20422 20448 20515 20577 20653 20657 20673 20803 21187 21486
alternate FR941206-1-00134 1 18620
destruction FR941206-1-00134 2 18621 18954
3 FR941206-1-00134 7 18647 18841 19163 19234 20359 20498 20998
order FR941206-1-00134 1 18651
meet FR941206-1-00134 4 18653 19398 20115 20615
intent FR941206-1-00134 1 18655
diluting FR941206-1-00134 1 18664
blending FR941206-1-00134 1 18667
introduced FR941206-1-00134 3 18673 20366 20506
meeting FR941206-1-00134 1 18681
limit FR941206-1-00134 3 18685 19761 21228
shall FR941206-1-00134 5 18686 18716 20381 20412 20674
rate FR941206-1-00134 1 18705
delivering FR941206-1-00134 1 18707
conditions FR941206-1-00134 7 18721 20104 20175 20289 20310 20527 20619
b. FR941206-1-00134 1 18736
defines FR941206-1-00134 1 18744
article FR941206-1-00134 12 18747 18752 18779 18872 18877 18885 18960 19058 19338 21149 21261 21292
manufactured FR941206-1-00134 2 18751 18796
container FR941206-1-00134 1 18758
contains FR941206-1-00134 1 18761
whose FR941206-1-00134 2 18764 21059
s FR941206-1-00134 2 18767 18822
direct FR941206-1-00134 2 18772 21356
transformers FR941206-1-00134 3 18784 19113 19727
electric FR941206-1-00134 2 18786 20628
motors FR941206-1-00134 1 18787
pumps FR941206-1-00134 1 18789
pipes FR941206-1-00134 1 18791
item FR941206-1-00134 3 18797 19276 19279
1 FR941206-1-00134 3 18799 18962 20314
formed FR941206-1-00134 1 18803
shape FR941206-1-00134 2 18807 18832
design FR941206-1-00134 2 18809 18834
during FR941206-1-00134 5 18810 18835 18851 20390 20424
function FR941206-1-00134 1 18820
dependent FR941206-1-00134 1 18824
whole FR941206-1-00134 1 18826
either FR941206-1-00134 3 18845 20061 20928
composition FR941206-1-00134 2 18850 18860
commercial FR941206-1-00134 1 18864
purpose FR941206-1-00134 2 18865 20835
differ FR941206-1-00134 1 18880
ways FR941206-1-00134 1 18890
focus FR941206-1-00134 2 18893 18914
more FR941206-1-00134 3 18894 18915 20524
presence FR941206-1-00134 2 18897 18904
portions FR941206-1-00134 1 18920
recovery FR941206-1-00134 3 18931 20856 20890
verifying FR941206-1-00134 1 18937
absence FR941206-1-00134 1 18939
presumed FR941206-1-00134 1 18942
outright FR941206-1-00134 1 18949
landfilling FR941206-1-00134 1 18956
redesignated FR941206-1-00134 1 18977
new FR941206-1-00134 4 18988 19024 19308 21316
ii FR941206-1-00134 5 18997 19071 19468 19571 19658
amended FR941206-1-00134 1 19001
furnaces FR941206-1-00134 18 19009 19243 19300 19639 19979 20052 20080 20098 20152 20209 20303 20612 20630 20633 20638 20911 20935 20969
drained FR941206-1-00134 15 19019 19111 19115 19189 19213 19403 19425 19577 19662 19671 20641 20742 20760 20938 21422
added FR941206-1-00134 1 19037
address FR941206-1-00134 2 19039 21331
respect FR941206-1-00134 1 19061
explicitly FR941206-1-00134 1 19076
provided FR941206-1-00134 1 19077
past FR941206-1-00134 1 19087
interpreted FR941206-1-00134 2 19090 19174
natural FR941206-1-00134 6 19117 21311 21342 21352 21392 21510
gas FR941206-1-00134 7 19118 20658 21312 21343 21353 21393 21511
pipeline FR941206-1-00134 9 19119 21313 21344 21354 21359 21365 21394 21417 21512
ref FR941206-1-00134 2 19122 19198
25 FR941206-1-00134 1 19124
salvage FR941206-1-00134 3 19135 19170 19238
form FR941206-1-00134 6 19140 19949 19994 20193 20251 20274
machines FR941206-1-00134 3 19147 19184 19208
word FR941206-1-00134 1 19168
smelting FR941206-1-00134 2 19179 20853
free FR941206-1-00134 4 19192 19259 21029 21074
flowing FR941206-1-00134 4 19193 19260 21030 21075
21 FR941206-1-00134 1 19200
fluids FR941206-1-00134 3 19216 21360 21418
landfills FR941206-1-00134 1 19222
amend FR941206-1-00134 1 19228
761.3. FR941206-1-00134 1 19249
noted FR941206-1-00134 1 19253
just FR941206-1-00134 1 19258
reintroduced FR941206-1-00134 1 19282
comments FR941206-1-00134 1 19289
addresses FR941206-1-00134 1 19319
category FR941206-1-00134 2 19341 20206
ship FR941206-1-00134 2 19354 21113
hulls FR941206-1-00134 2 19355 21114
air FR941206-1-00134 6 19357 19959 20085 20187 20552 21116
handling FR941206-1-00134 3 19358 20270 21117
systems FR941206-1-00134 2 19359 21118
characterized FR941206-1-00134 5 19367 21021 21401 21444 21513
sample FR941206-1-00134 1 19371
clarification FR941206-1-00134 2 19377 19543
electrical FR941206-1-00134 5 19383 19579 19664 20744 21038
porous FR941206-1-00134 3 19386 19407 21277
core FR941206-1-00134 4 19390 19408 19437 19723
probably FR941206-1-00134 1 19392
rapidly FR941206-1-00134 1 19394
able FR941206-1-00134 1 19396
continue FR941206-1-00134 1 19410
extended FR941206-1-00134 1 19416
period FR941206-1-00134 1 19417
initial FR941206-1-00134 1 19422
cases FR941206-1-00134 1 19432
recommends FR941206-1-00134 1 19434
sorbent FR941206-1-00134 1 19441
permitted FR941206-1-00134 4 19485 19865 20778 21460
licensed FR941206-1-00134 4 19487 19867 20780 21462
registered FR941206-1-00134 4 19490 19870 20783 21465
manage FR941206-1-00134 3 19495 20788 21470
excluding FR941206-1-00134 2 19502 20795
thermal FR941206-1-00134 4 19503 19878 20796 21478
operating FR941206-1-00134 10 19517 20169 20288 20317 20518 20540 20618 20809 20987 21487
phrase FR941206-1-00134 4 19546 19606 20717 20769
sold FR941206-1-00134 1 19586
sale FR941206-1-00134 1 19592
without FR941206-1-00134 3 19598 19627 19729
means FR941206-1-00134 1 19608
open FR941206-1-00134 9 19635 19714 19794 19815 19818 19858 20585 20636 20708
burning FR941206-1-00134 9 19636 19715 19795 19816 19819 19859 20586 20709 20867
provide FR941206-1-00134 3 19660 20970 20990
chose FR941206-1-00134 1 19681
regulate FR941206-1-00134 1 19684
risks FR941206-1-00134 1 19695
burnout FR941206-1-00134 1 19721
efficient FR941206-1-00134 1 19733
combustion FR941206-1-00134 9 19734 19739 19746 19776 19833 19974 20146 20667 20958
gaseous FR941206-1-00134 1 19738
products FR941206-1-00134 2 19740 19830
controls FR941206-1-00134 4 19744 20908 20930 20992
set FR941206-1-00134 2 19755 19892
out FR941206-1-00134 2 19756 19893
761.70 FR941206-1-00134 1 19758
production FR941206-1-00134 1 19768
byproducts FR941206-1-00134 1 19772
incomplete FR941206-1-00134 2 19775 19832
dioxins FR941206-1-00134 1 19781
furans FR941206-1-00134 1 19783
260.10 FR941206-1-00134 2 19807 19986
ban FR941206-1-00134 2 19810 20706
practice FR941206-1-00134 1 19813
volatilization FR941206-1-00134 1 19824
toxic FR941206-1-00134 1 19829
polychlorinated FR941206-1-00134 2 19835 19842
dibenzofurans FR941206-1-00134 1 19836
2,3,7 FR941206-1-00134 2 19838 19848
dibenzo- FR941206-1-00134 1 19843
p FR941206-1-00134 2 19844 19851
-dioxins FR941206-1-00134 1 19845
,- FR941206-1-00134 1 19850
-dioxin FR941206-1-00134 1 19852
combustors FR941206-1-00134 1 19874
combustor FR941206-1-00134 1 19884
met FR941206-1-00134 1 19885
review FR941206-1-00134 1 19912
operation FR941206-1-00134 1 19915
assessment FR941206-1-00134 2 19924 19944
accompany FR941206-1-00134 1 19928
request FR941206-1-00134 2 19930 20122
determination FR941206-1-00134 2 19936 19966
issued FR941206-1-00134 2 19953 19967
act FR941206-1-00134 1 19960
combusting FR941206-1-00134 1 20001
help FR941206-1-00134 1 20015
266 FR941206-1-00134 1 20069
270.66 FR941206-1-00134 1 20076
written FR941206-1-00134 1 20121
finding FR941206-1-00134 2 20139 20564
discussed FR941206-1-00134 1 20176
though FR941206-1-00134 1 20179
permits FR941206-1-00134 1 20188
amending FR941206-1-00134 1 20192
771053 FR941206-1-00134 1 20194
notification FR941206-1-00134 2 20197 20221
owners FR941206-1-00134 1 20214
761.205 FR941206-1-00134 1 20224
notifying FR941206-1-00134 1 20226
dispose FR941206-1-00134 1 20235
reader FR941206-1-00134 1 20242
convenience FR941206-1-00134 1 20244
copy FR941206-1-00134 1 20247
revised FR941206-1-00134 1 20250
reproduced FR941206-1-00134 1 20253
iiij FR941206-1-00134 1 20256
notify FR941206-1-00134 1 20265
nolonger FR941206-1-00134 1 20276
disposing FR941206-1-00134 1 20304
temperature FR941206-1-00134 3 20318 20463 20476
1000 FR941206-1-00134 3 20327 20355 20649
centigrade FR941206-1-00134 1 20330
charged FR941206-1-00134 3 20337 20485 20645
charge FR941206-1-00134 2 20343 20504
fed FR941206-1-00134 1 20346
molten FR941206-1-00134 1 20348
successive FR941206-1-00134 1 20361
charges FR941206-1-00134 1 20362
hearth FR941206-1-00134 4 20369 20466 20479 20637
minute FR941206-1-00134 1 20374
intervals FR941206-1-00134 1 20375
visible FR941206-1-00134 2 20384 20415
particulate FR941206-1-00134 2 20385 20417
emissions FR941206-1-00134 5 20386 20418 20557 20659 20996
stack FR941206-1-00134 1 20389
60 FR941206-1-00134 2 20403 20438
fugitive FR941206-1-00134 1 20416
building FR941206-1-00134 1 20423
operational FR941206-1-00134 1 20452
device FR941206-1-00134 1 20453
accurately FR941206-1-00134 3 20455 21146 21254
indirectly FR941206-1-00134 1 20460
reading FR941206-1-00134 1 20473
recorded FR941206-1-00134 1 20490
retained FR941206-1-00134 1 20493
years FR941206-1-00134 1 20499
date FR941206-1-00134 1 20502
ever FR941206-1-00134 1 20510
deemed FR941206-1-00134 1 20580
arc FR941206-1-00134 1 20629
blast FR941206-1-00134 1 20632
chamber FR941206-1-00134 3 20654 20662 20668
passed FR941206-1-00134 1 20663
secondary FR941206-1-00134 1 20666
kind FR941206-1-00134 1 20671
according FR941206-1-00134 1 20677
due FR941206-1-00134 1 20702
delete FR941206-1-00134 1 20715
rule FR941206-1-00134 1 20724
governing FR941206-1-00134 2 20739 20757
substitute FR941206-1-00134 1 20767
promote FR941206-1-00134 1 20841
minimal FR941206-1-00134 1 20844
regulatory FR941206-1-00134 2 20845 20980
burden FR941206-1-00134 1 20846
practices FR941206-1-00134 2 20850 20863
metals FR941206-1-00134 1 20858
stop FR941206-1-00134 1 20861
unapproved FR941206-1-00134 1 20866
wood FR941206-1-00134 1 20873
paper FR941206-1-00134 1 20875
cores FR941206-1-00134 1 20876
claim FR941206-1-00134 1 20887
energy FR941206-1-00134 1 20889
elsewhere FR941206-1-00134 1 20894
commenters FR941206-1-00134 3 20900 20925 20948
anprm FR941206-1-00134 1 20903
advised FR941206-1-00134 1 20904
stating FR941206-1-00134 1 20913
group FR941206-1-00134 1 20923
recommended FR941206-1-00134 1 20926
suggested FR941206-1-00134 1 20949
environmental FR941206-1-00134 1 20950
harm FR941206-1-00134 1 20951
caused FR941206-1-00134 1 20954
unregulated FR941206-1-00134 1 20957
run FR941206-1-00134 1 20967
valuable FR941206-1-00134 1 20972
benefit FR941206-1-00134 1 20974
matrix FR941206-1-00134 1 20981
conjunction FR941206-1-00134 1 20983
characterization FR941206-1-00134 4 21000 21309 21350 21382
very FR941206-1-00134 1 21066
coating FR941206-1-00134 1 21068
test FR941206-1-00134 6 21096 21234 21252 21268 21380 21449
guidelines FR941206-1-00134 1 21141
locations FR941206-1-00134 1 21144
100 FR941206-1-00134 6 21174 21177 21199 21202 21435 21439
wiped FR941206-1-00134 1 21245
created FR941206-1-00134 1 21329
abandonment FR941206-1-00134 1 21335
place FR941206-1-00134 1 21337
analysis FR941206-1-00134 1 21357
commonly FR941206-1-00134 1 21362
drips FR941206-1-00134 1 21367
geographic FR941206-1-00134 1 21370
low FR941206-1-00134 1 21371
points FR941206-1-00134 1 21372
samples FR941206-1-00134 1 21387
between FR941206-1-00134 1 21408
500 FR941206-1-00134 2 21413 21515
pipe FR941206-1-00134 1 21423
segments FR941206-1-00134 1 21426
condensate FR941206-1-00134 1 21522
