authorized FR941206-1-00134 4 26512 27823 28267 30358
, FR941206-1-00134 211 26513 26519 26521 26528 26561 26573 26579 26582 26585 26589 26615 26627 26681 26693 26700 26715 26754 26755 26760 26761 26766 26767 26788 26817 26819 26821 26823 26826 26829 26831 26834 26871 26935 26941 26947 26950 26953 26957 26964 26988 27021 27023 27027 27052 27078 27093 27095 27100 27133 27172 27192 27227 27257 27264 27276 27285 27291 27293 27312 27314 27321 27394 27418 27422 27426 27468 27470 27474 27477 27485 27493 27498 27508 27567 27595 27597 27631 27633 27635 27659 27663 27670 27704 27772 27793 27841 27846 27848 27852 27854 27857 27910 27961 27963 27999 28037 28040 28043 28047 28052 28056 28060 28067 28069 28072 28075 28077 28094 28096 28102 28104 28123 28128 28138 28169 28174 28175 28184 28256 28298 28303 28305 28307 28309 28311 28317 28320 28323 28327 28330 28332 28337 28340 28352 28354 28386 28476 28491 28499 28515 28532 28559 28577 28657 28663 28675 28677 28680 28683 28687 28694 28702 28707 28722 28774 28777 28784 28829 28927 28989 28994 29004 29060 29071 29093 29095 29127 29141 29154 29159 29166 29181 29183 29224 29228 29274 29280 29285 29325 29349 29396 29462 29464 29472 29492 29522 29527 29550 29568 29622 29708 29766 29768 29775 29793 29817 29889 29893 29900 29923 29988 30106 30186 30206 30208 30257 30328 30331 30334 30337 30364
by FR941206-1-00134 24 26514 26564 26619 26624 26688 26707 26740 26878 26999 27032 27114 27335 27440 27745 27824 27929 28027 28517 28823 28901 29016 29263 29411 29657
banning FR941206-1-00134 1 26515
their FR941206-1-00134 5 26516 27673 28359 28397 29123
continued FR941206-1-00134 13 26517 26720 28118 28258 28413 28452 28831 29209 29267 29303 29326 29631 29837
manufacture FR941206-1-00134 2 26518 27630
processing FR941206-1-00134 2 26520 27634
and FR941206-1-00134 94 26522 26570 26575 26590 26647 26694 26736 26742 26768 26938 26943 26958 26981 26991 27002 27008 27011 27286 27294 27317 27427 27438 27457 27478 27495 27499 27509 27530 27539 27598 27651 27686 27696 27759 27849 27858 27868 27877 27880 27922 27937 27946 27950 27978 28002 28024 28061 28078 28086 28097 28110 28129 28283 28334 28341 28393 28400 28415 28436 28508 28549 28572 28606 28708 28773 28792 28848 28861 28868 28937 29142 29162 29167 29184 29198 29243 29331 29338 29374 29383 29434 29517 29677 29740 29800 29827 29864 29924 30050 30114 30128 30144 30313 30338
distribution FR941206-1-00134 4 26523 27637 28284 28416
in FR941206-1-00134 100 26524 26539 26612 26626 26655 26690 26710 26797 26811 26858 26917 26971 26984 27019 27048 27060 27068 27087 27107 27170 27174 27332 27338 27366 27389 27436 27482 27491 27557 27577 27623 27638 27660 27706 27734 27766 27805 27812 27838 27886 27907 27919 27995 28008 28091 28108 28125 28132 28185 28199 28225 28253 28285 28346 28394 28396 28417 28454 28469 28479 28503 28538 28545 28554 28671 28741 28743 28817 28881 29002 29087 29146 29187 29225 29356 29400 29452 29525 29564 29601 29849 29856 29872 29932 30031 30041 30052 30075 30089 30097 30119 30150 30168 30248 30251 30293 30311 30316 30344 30361
commerce FR941206-1-00134 4 26525 27639 28286 28418
. FR941206-1-00134 111 26526 26557 26598 26636 26664 26669 26780 26785 26840 26862 26906 26962 26986 27035 27075 27091 27117 27179 27225 27248 27250 27254 27296 27341 27356 27358 27361 27384 27400 27433 27514 27536 27550 27552 27560 27618 27657 27712 27714 27719 27740 27777 27797 27799 27802 27827 27870 27906 27948 27983 28019 28081 28112 28172 28178 28182 28237 28268 28381 28409 28464 28575 28618 28645 28720 28759 28801 28827 28844 28876 28904 29001 29041 29058 29081 29118 29206 29259 29308 29359 29417 29441 29468 29501 29515 29541 29566 29600 29620 29660 29662 29668 29685 29702 29746 29773 29845 29881 29964 29969 29995 30016 30039 30063 30096 30124 30155 30173 30194 30343 30380
however FR941206-1-00134 5 26527 27094 27658 29059 29471
congress FR941206-1-00134 1 26529
intended FR941206-1-00134 1 26530
that FR941206-1-00134 46 26531 26567 26645 26650 26672 26722 26795 26854 26874 26902 26929 27056 27076 27149 27242 27373 27460 27667 27726 27760 27820 27890 27925 27957 27990 28116 28195 28365 28471 28610 28712 28807 28974 29034 29048 29144 29251 29437 29447 29473 29588 29644 29711 29859 30028 30131
the FR941206-1-00134 208 26532 26549 26552 26599 26603 26631 26651 26659 26670 26676 26695 26719 26723 26769 26772 26789 26798 26807 26847 26864 26875 26891 26907 26989 27040 27098 27128 27134 27139 27155 27180 27193 27197 27200 27203 27208 27215 27262 27270 27287 27297 27367 27379 27419 27430 27441 27528 27540 27562 27568 27578 27586 27612 27626 27629 27647 27654 27680 27693 27701 27720 27723 27746 27749 27757 27761 27778 27786 27807 27813 27825 27834 27871 27896 27902 27915 27969 27996 28028 28117 28150 28200 28226 28234 28257 28281 28356 28366 28371 28383 28387 28410 28430 28441 28552 28555 28578 28597 28601 28612 28621 28631 28635 28652 28655 28667 28684 28692 28695 28698 28717 28723 28728 28755 28787 28790 28798 28809 28818 28824 28830 28841 28865 28872 28886 28892 28897 28931 28982 28986 28992 28998 29011 29028 29036 29042 29046 29054 29062 29077 29106 29120 29190 29199 29208 29220 29232 29248 29257 29260 29266 29302 29323 29348 29366 29372 29377 29389 29392 29408 29412 29423 29431 29453 29494 29502 29543 29585 29590 29596 29613 29658 29674 29678 29689 29704 29712 29732 29738 29753 29760 29771 29785 29806 29828 29836 29857 29869 29873 29876 29879 29917 29936 29945 29981 29990 30005 30057 30060 30069 30090 30107 30163 30201 30280 30304 30369 30381
use FR941206-1-00134 30 26533 26837 26970 27360 27437 27519 27576 27632 27835 28119 28254 28259 28282 28347 28414 28453 28470 28588 28614 28662 28672 28811 28832 29210 29268 29304 29327 29574 29632 29838
of FR941206-1-00134 157 26534 26551 26605 26665 26726 26729 26774 26781 26800 26851 26881 26926 26977 26983 26993 27013 27130 27138 27163 27168 27196 27202 27207 27274 27329 27353 27398 27405 27455 27527 27580 27585 27588 27614 27625 27640 27649 27653 27672 27679 27708 27722 27748 27815 27818 27836 27861 27874 27895 27901 27914 27917 27959 28031 28035 28120 28145 28206 28218 28229 28233 28246 28260 28287 28358 28368 28379 28412 28419 28519 28582 28589 28600 28603 28615 28630 28634 28642 28654 28660 28666 28669 28691 28697 28727 28754 28757 28789 28812 28820 28833 28840 28853 28894 28896 28908 28917 28934 28954 28981 29027 29030 29089 29108 29122 29136 29186 29211 29219 29231 29269 29278 29282 29301 29305 29328 29376 29391 29403 29422 29430 29455 29496 29504 29519 29537 29560 29592 29598 29604 29615 29664 29676 29691 29699 29706 29715 29750 29759 29779 29808 29823 29839 29878 29903 29920 29939 29955 29965 29983 30002 30026 30059 30109 30141 30203 30279
equipment FR941206-1-00134 7 26535 26553 26965 26994 29754 29772 30270
which FR941206-1-00134 12 26536 26682 26701 26846 26884 27451 28290 28539 29344 29352 29487 30374
contained FR941206-1-00134 2 26537 28516
pcbs FR941206-1-00134 45 26538 26886 26905 26932 26967 27144 27169 27275 27399 27445 27456 27608 27641 27711 27730 27753 27819 27837 27892 27905 27918 27991 28196 28215 28292 28369 28750 28758 28791 28949 29153 29235 29258 29297 29415 29448 29491 29509 29544 29587 29619 29648 29725 29833 29846
a FR941206-1-00134 55 26540 26613 26812 26852 26859 26978 27049 27061 27088 27108 27175 27221 27279 27336 27402 27525 27551 27583 28133 28243 28445 28455 28460 28540 28546 28560 28583 28587 28658 28735 28744 28752 28838 28882 28924 29066 29109 29133 29217 29299 29401 29420 29557 29572 29609 29627 29686 29777 30011 30053 30076 30087 30214 30261 30264
totally FR941206-1-00134 2 26541 30294
enclosed FR941206-1-00134 2 26542 30295
manner FR941206-1-00134 2 26543 26618
not FR941206-1-00134 24 26544 26804 26911 26924 27029 27083 27186 27259 27304 27326 27375 27622 27822 28140 28300 28374 28424 28501 29085 29386 29398 29555 29646 29820
be FR941206-1-00134 44 26545 26856 26888 26976 27030 27066 27085 27112 27237 27698 28266 28502 28510 28513 28593 28625 28648 28714 28731 28763 28837 28859 28879 28976 29007 29050 29074 29086 29179 29238 29253 29317 29336 29354 29439 30000 30030 30081 30094 30117 30134 30139 30357 30378
terminated FR941206-1-00134 1 26546
prior FR941206-1-00134 5 26547 27645 28212 28249 28348
to FR941206-1-00134 65 26548 26644 26913 27121 27153 27261 27306 27609 27646 27690 27697 27743 27784 28016 28100 28147 28213 28250 28265 28279 28302 28349 28428 28512 28565 28595 28620 28650 28716 28733 28765 28768 28778 28803 28858 28984 28990 28996 29009 29052 29178 29255 29296 29319 29347 29405 29414 29532 29736 29748 29825 29832 29835 29944 29973 29979 30004 30080 30133 30138 30147 30183 30221 30346 30351
end FR941206-1-00134 3 26550 29121 30049
's FR941206-1-00134 8 26554 27289 27616 27780 27898 28939 28942 30099
useful FR941206-1-00134 5 26555 28360 28689 28715 29125
life FR941206-1-00134 4 26556 28361 28690 29126
as FR941206-1-00134 37 26558 26733 27006 27073 27278 27443 27866 27939 28065 28105 28107 28459 28477 28739 28751 29101 29298 29459 29481 29499 29655 29842 29894 29916 29935 30166 30213 30219 30229 30234 30241 30258 30269 30300 30320 30325 30350
stated FR941206-1-00134 1 26559
earlier FR941206-1-00134 1 26560
research FR941206-1-00134 1 26562
conducted FR941206-1-00134 6 26563 26706 26810 26857 27086 30038
epa FR941206-1-00134 35 26565 26625 26637 26673 26872 27036 27119 27228 27266 27362 27385 27533 27666 27744 27911 28188 28269 28902 29012 29264 29442 29551 29569 29607 29623 29669 29774 29818 29890 29970 30017 30022 30064 30187 30365
suggests FR941206-1-00134 2 26566 28115
some FR941206-1-00134 1 26568
refrigerators FR941206-1-00134 2 26569 26937
household FR941206-1-00134 15 26571 26678 26697 26866 26900 26927 26939 27042 27110 27131 27182 27300 29460 29593 29616
freezers FR941206-1-00134 2 26572 26940
room FR941206-1-00134 2 26574 26942
central FR941206-1-00134 3 26576 26944 28883
air FR941206-1-00134 10 26577 26945 27496 27599 28045 28553 28845 28905 28918 30297
conditioners FR941206-1-00134 2 26578 26946
heat FR941206-1-00134 2 26580 26948
pumps FR941206-1-00134 2 26581 26949
furnace FR941206-1-00134 2 26583 26951
blowers FR941206-1-00134 2 26584 26952
fluorescent FR941206-1-00134 5 26586 26954 27887 28207 28312
lighting FR941206-1-00134 2 26587 26955
ballasts FR941206-1-00134 8 26588 26735 26956 27889 28209 28235 28247 28262
microwave FR941206-1-00134 2 26591 26959
ovens FR941206-1-00134 2 26592 26960
may FR941206-1-00134 3 26593 30029 30160
contain FR941206-1-00134 6 26594 26885 26904 26931 27891 28291
pcb FR941206-1-00134 34 26595 26609 26632 26730 26737 26865 26996 27045 27057 27103 27212 27371 27553 27715 27808 28006 28421 28442 28466 28474 28590 28685 28736 28799 28842 28909 29130 29134 29191 29214 29222 29908 29927 29947
small FR941206-1-00134 10 26596 26610 26633 26738 26775 26997 27471 27677 28244 28324
capacitors FR941206-1-00134 5 26597 26611 26739 26776 26998
risks FR941206-1-00134 3 26600 26790 29822
associated FR941206-1-00134 4 26601 26791 28796 29763
with FR941206-1-00134 20 26602 26792 27282 27532 27607 27611 28505 28523 28535 28585 28797 29132 29148 29189 29240 29490 29764 29784 29942 30276
disposal FR941206-1-00134 22 26604 26725 26773 26877 26893 26992 27129 27204 27218 27252 27295 27342 28131 28408 29200 29599 29614 29679 29690 29803 30006 30181
those FR941206-1-00134 3 26606 27102 29102
items FR941206-1-00134 9 26607 26731 27058 27104 27434 29271 29498 29507 29643
containing FR941206-1-00134 10 26608 26966 26995 27444 27710 27729 28749 29234 29508 29618
random FR941206-1-00134 1 26614
geographically FR941206-1-00134 1 26616
dispersed FR941206-1-00134 1 26617
individual FR941206-1-00134 4 26620 26879 27189 28783
homeowners FR941206-1-00134 2 26621 29533
were FR941206-1-00134 11 26622 27382 27407 27992 28022 28089 28197 28223 29449 29488 30132
considered FR941206-1-00134 2 26623 27037
when FR941206-1-00134 8 26628 26806 27159 27239 27378 27789 29380 29847
it FR941206-1-00134 4 26629 27643 28646 29469
proposed FR941206-1-00134 13 26630 26908 27298 27541 28384 28480 29262 29367 29424 29610 30149 30167 30196
capacitor FR941206-1-00134 1 26634
exemption FR941206-1-00134 14 26635 26652 26680 26868 26909 27034 27044 27116 27124 27184 27247 27263 27302 29611
has FR941206-1-00134 6 26638 26648 27054 27810 29443 29794
red FR941206-1-00134 1 26639
this FR941206-1-00134 20 26640 26666 26782 27033 27115 27246 27345 27354 27619 28009 28121 28239 28506 29082 29357 29605 29700 29815 29966 30375
issue FR941206-1-00134 1 26641
twice FR941206-1-00134 1 26642
subsequent FR941206-1-00134 2 26643 28130
time FR941206-1-00134 4 26646 27669 27832 29597
determined FR941206-1-00134 2 26649 27055
should FR941206-1-00134 13 26653 26887 27236 27267 29316 29335 29353 29369 29426 29438 30023 30071 30356
remain FR941206-1-00134 2 26654 28391
place FR941206-1-00134 3 26656 28395 29565
( FR941206-1-00134 51 26657 26749 26933 27190 27582 27590 27601 27683 27791 27882 27933 27943 27966 28033 28152 28159 28202 28276 28296 28482 28485 28488 28492 28496 28521 28557 28673 28700 28919 28930 28940 28966 29112 29272 29394 29578 29581 29635 29638 29781 29790 29953 29976 30010 30013 30103 30152 30170 30243 30255 30285
see FR941206-1-00134 4 26658 26750 28153 29113
discussion FR941206-1-00134 3 26660 26770 29687
at FR941206-1-00134 25 26661 26777 26845 27145 28216 28272 28293 28444 28885 29119 29194 29202 29244 29576 29595 29633 29649 29696 29719 29950 29961 30008 30047 30101 30237
unit FR941206-1-00134 7 26662 26778 27015 27351 29602 29697 29962
iid3.c FR941206-1-00134 2 26663 26779
preamble FR941206-1-00134 6 26667 26783 27355 29606 29701 29967
) FR941206-1-00134 51 26668 26784 26961 27206 27592 27593 27603 27689 27796 27884 27936 27945 27972 28051 28161 28181 28204 28278 28345 28484 28487 28490 28494 28498 28531 28564 28682 28706 28922 28943 28950 28971 29117 29288 29416 29580 29583 29637 29640 29783 29792 29968 29978 30012 30015 30105 30154 30172 30250 30267 30287
distinction FR941206-1-00134 1 26671
makes FR941206-1-00134 1 26674
between FR941206-1-00134 2 26675 27774
tsca FR941206-1-00134 10 26677 26870 26892 27041 27126 27181 27299 27650 29514 29946
waste FR941206-1-00134 11 26679 26698 26802 26867 27043 27132 27183 27198 27301 27347 28136
focuses FR941206-1-00134 2 26683 26702
on FR941206-1-00134 22 26684 26703 26718 26771 27232 27269 27369 27392 27463 27524 27572 27628 27968 29313 29364 29672 29814 29875 30020 30067 30175 30368
consumer FR941206-1-00134 7 26685 26704 26793 26848 26882 27337 29456
products FR941206-1-00134 8 26686 26883 26901 28021 28088 29457 29479 30211
used FR941206-1-00134 7 26687 27481 27556 27571 28025 29170 29451
individuals FR941206-1-00134 5 26689 26709 26914 27152 29005
private FR941206-1-00134 4 26691 26708 27062 27109
residences FR941206-1-00134 2 26692 26714
rcra FR941206-1-00134 2 26696 26787
exclusion FR941206-1-00134 1 26699
activity FR941206-1-00134 2 26705 26849
temporary FR941206-1-00134 5 26711 30032 30042 30077 30235
or FR941206-1-00134 40 26712 26814 26835 27166 27315 27636 27768 27964 28149 28221 28439 28462 28495 28526 28529 28533 28580 28638 28725 28951 28995 29019 29068 29096 29139 29151 29173 29204 29286 29407 29466 29484 29720 29751 29769 29871 30083 30209 30231 30319
permanent FR941206-1-00134 1 26713
is FR941206-1-00134 22 26716 26850 27077 27136 27229 27763 27783 27986 28270 28543 29216 29510 29570 29624 29860 29891 29959 29971 30036 30044 30188 30306
based FR941206-1-00134 4 26717 27523 29813 30174
belief FR941206-1-00134 1 26721
unregulated FR941206-1-00134 2 26724 26876
large FR941206-1-00134 1 26727
quantities FR941206-1-00134 1 26728
such FR941206-1-00134 23 26732 27005 27096 27277 27323 27865 28064 28261 28458 28465 28586 28604 28616 28813 28821 28834 29100 29129 29381 29458 29480 30228 30324
light FR941206-1-00134 4 26734 27888 28208 28313
commercial FR941206-1-00134 3 26741 26979 27000
industrial FR941206-1-00134 4 26743 27431 29482 30321
activities FR941206-1-00134 5 26744 26794 26808 27001 27081
presents FR941206-1-00134 1 26745
an FR941206-1-00134 11 26746 27123 27188 27979 28142 28376 28426 28524 28664 29031 29895
environmental FR941206-1-00134 2 26747 29032
risk FR941206-1-00134 8 26748 28144 28378 28795 29293 29402 29536 29559
42 FR941206-1-00134 1 26751
fr FR941206-1-00134 3 26752 26758 26764
26568 FR941206-1-00134 1 26753
; FR941206-1-00134 18 26756 26762 27466 27488 27503 27973 27977 29651 30212 30218 30233 30240 30268 30272 30288 30292 30299 30318
43 FR941206-1-00134 1 26757
7152 FR941206-1-00134 1 26759
44 FR941206-1-00134 1 26763
31528 FR941206-1-00134 1 26765
under FR941206-1-00134 9 26786 26869 27125 27350 28382 29103 29513 29776 30225
result FR941206-1-00134 4 26796 28816 29300 29399
generation FR941206-1-00134 1 26799
hazardous FR941206-1-00134 2 26801 29110
do FR941206-1-00134 4 26803 27325 28423 29645
change FR941206-1-00134 1 26805
are FR941206-1-00134 21 26809 26842 26897 27161 27348 27461 27547 27754 27821 27893 27952 28404 28568 29310 29341 29345 29361 29545 29853 29886 30199
single FR941206-1-00134 1 26813
multiple FR941206-1-00134 2 26815 27014
residence FR941206-1-00134 2 26816 27063
hotel FR941206-1-00134 2 26818 27007
motel FR941206-1-00134 2 26820 27009
bunkhouse FR941206-1-00134 1 26822
ranger FR941206-1-00134 1 26824
station FR941206-1-00134 1 26825
crew FR941206-1-00134 1 26827
quarters FR941206-1-00134 1 26828
campgrounds FR941206-1-00134 1 26830
picnic FR941206-1-00134 1 26832
grounds FR941206-1-00134 1 26833
day FR941206-1-00134 2 26836 29080
recreation FR941206-1-00134 1 26838
areas FR941206-1-00134 2 26839 27771
these FR941206-1-00134 16 26841 27069 27537 27545 28020 28420 29270 29306 29329 29497 29505 29520 29548 29757 29883 30362
all FR941206-1-00134 6 26843 28948 29128 29168 29726 29996
locations FR941206-1-00134 1 26844
type FR941206-1-00134 2 26853 27319
would FR941206-1-00134 37 26855 26903 26910 26922 26930 26974 27028 27064 27082 27111 27243 27303 28139 28263 28449 28500 28509 28592 28624 28647 28730 28761 28856 28878 28972 29006 29044 29049 29084 29176 29252 29289 29554 30093 30116 30136 30377
residential FR941206-1-00134 4 26860 27016 27089 27272
setting FR941206-1-00134 2 26861 27090
for FR941206-1-00134 43 26863 26969 27127 27143 27210 27245 27344 27486 27575 27737 27843 27904 28084 28162 28355 28407 28451 28704 28864 28888 28899 28923 28947 29105 29265 29322 29371 29584 29612 29630 29641 29681 29724 29731 29805 29897 29913 30200 30260 30273 30289 30359 30373
believes FR941206-1-00134 3 26873 29470 29552
households FR941206-1-00134 2 26880 29526
exempted FR941206-1-00134 1 26889
from FR941206-1-00134 15 26890 27039 27409 27429 27684 27756 28012 28191 28370 28432 28570 29294 29830 29862 30178
requirements FR941206-1-00134 9 26894 27809 29099 29193 29201 29680 29747 29949 30007
because FR941206-1-00134 4 26895 26920 27642 29542
there FR941206-1-00134 3 26896 27985 29340
relatively FR941206-1-00134 1 26898
few FR941206-1-00134 1 26899
apply FR941206-1-00134 2 26912 27305
who FR941206-1-00134 1 26915
reside FR941206-1-00134 1 26916
transient FR941206-1-00134 2 26918 26972
settings FR941206-1-00134 2 26919 26973
they FR941206-1-00134 5 26921 27160 28403 28760 29553
likely FR941206-1-00134 3 26923 26975 27065
dispose FR941206-1-00134 2 26925 29749
appliances FR941206-1-00134 1 26928
eg FR941206-1-00134 4 26934 28674 28701 29395
certain FR941206-1-00134 1 26936
rather FR941206-1-00134 1 26963
obtained FR941206-1-00134 1 26968
grade FR941206-1-00134 1 26980
disposed FR941206-1-00134 3 26982 29185 30001
quantity FR941206-1-00134 1 26985
therefore FR941206-1-00134 4 26987 27226 29311 29567
removal FR941206-1-00134 6 26990 28895 29230 29275 29518 29540
entrepreneurial FR941206-1-00134 1 27003
interests FR941206-1-00134 1 27004
chains FR941206-1-00134 1 27010
owners FR941206-1-00134 1 27012
buildings FR941206-1-00134 1 27017
engaged FR941206-1-00134 1 27018
repair FR941206-1-00134 1 27020
renovation FR941206-1-00134 2 27022 27313
and/or FR941206-1-00134 2 27024 27199
demolition FR941206-1-00134 2 27025 27316
projects FR941206-1-00134 1 27026
covered FR941206-1-00134 2 27031 27113
excluding FR941206-1-00134 1 27038
wastes FR941206-1-00134 6 27046 27320 27324 27333 29594 29617
found FR941206-1-00134 8 27047 27059 27106 27331 27462 28198 28224 29848
homebased FR941206-1-00134 1 27050
business FR941206-1-00134 3 27051 27071 29079
but FR941206-1-00134 5 27053 27395 28299 28448 29727
evident FR941206-1-00134 1 27067
smaller FR941206-1-00134 1 27070
enterprises FR941206-1-00134 1 27072
well FR941206-1-00134 2 27074 28106
industrialscale FR941206-1-00134 1 27079
manufacturing FR941206-1-00134 3 27080 27997 28082
normally FR941206-1-00134 1 27084
if FR941206-1-00134 6 27092 27214 28124 29061 29339 29562
was FR941206-1-00134 6 27097 27386 27605 27621 27912 28874
case FR941206-1-00134 1 27099
only FR941206-1-00134 6 27101 27788 28242 28551 29237 30085
commonly FR941206-1-00134 1 27105
although FR941206-1-00134 3 27118 27258 27984
proposes FR941206-1-00134 1 27120
establish FR941206-1-00134 1 27122
public FR941206-1-00134 1 27135
reminded FR941206-1-00134 1 27137
cercla FR941206-1-00134 2 27140 29104
reporting FR941206-1-00134 1 27141
requirement FR941206-1-00134 1 27142
40 FR941206-1-00134 4 27146 28273 29114 29195
cfr FR941206-1-00134 4 27147 28274 29115 29196
302.6 FR941206-1-00134 2 27148 29116
essentially FR941206-1-00134 1 27150
requires FR941206-1-00134 1 27151
contact FR941206-1-00134 2 27154 29147
national FR941206-1-00134 2 27156 28932
response FR941206-1-00134 1 27157
center FR941206-1-00134 1 27158
disposing FR941206-1-00134 2 27162 27195
1 FR941206-1-00134 2 27164 28486
pound FR941206-1-00134 1 27165
more FR941206-1-00134 1 27167
any FR941206-1-00134 10 27171 27859 28294 28709 28769 28779 28793 29090 29729 30156
period FR941206-1-00134 1 27173
nony FR941206-1-00134 2 27176 27216
permitted FR941206-1-00134 2 27177 27217
facility FR941206-1-00134 7 27178 27205 27219 28584 28729 28887 29055
does FR941206-1-00134 3 27185 28373 29819
relieve FR941206-1-00134 1 27187
ie FR941206-1-00134 5 27191 27792 28558 29273 30256
person FR941206-1-00134 1 27194
owner FR941206-1-00134 3 27201 28579 28724
liability FR941206-1-00134 1 27209
remediating FR941206-1-00134 1 27211
contamination FR941206-1-00134 2 27213 29714
becomes FR941206-1-00134 1 27220
future FR941206-1-00134 1 27222
superfund FR941206-1-00134 1 27223
site FR941206-1-00134 1 27224
seeking FR941206-1-00134 1 27230
comments FR941206-1-00134 10 27231 27365 27406 27529 29309 29360 29418 29671 30019 30367
whether FR941206-1-00134 8 27233 29314 29332 29365 30021 30068 30084 30352
additional FR941206-1-00134 4 27234 28710 29333 30192
limitations FR941206-1-00134 1 27235
imposed FR941206-1-00134 2 27238 29337
defining FR941206-1-00134 1 27240
entities FR941206-1-00134 1 27241
qualify FR941206-1-00134 1 27244
d FR941206-1-00134 3 27249 29661 30171
other FR941206-1-00134 10 27251 27500 27816 27862 28780 29091 29163 29342 29741 30370
considerations FR941206-1-00134 1 27253
one FR941206-1-00134 1 27255
commenter FR941206-1-00134 1 27256
objecting FR941206-1-00134 1 27260
suggested FR941206-1-00134 1 27265
focus FR941206-1-00134 1 27268
previous FR941206-1-00134 1 27271
applications FR941206-1-00134 3 27273 27372 27903
wall FR941206-1-00134 1 27280
painted FR941206-1-00134 1 27281
pcbcontaining FR941206-1-00134 4 27283 28388 29160 29378
paint FR941206-1-00134 4 27284 27839 28528 29161
item FR941206-1-00134 1 27288
sale FR941206-1-00134 2 27290 29503
destruction FR941206-1-00134 1 27292
debris FR941206-1-00134 1 27307
produced FR941206-1-00134 1 27308
during FR941206-1-00134 6 27309 27561 27794 29065 29076 29171
building FR941206-1-00134 1 27310
construction FR941206-1-00134 2 27311 30238
similar FR941206-1-00134 2 27318 29346
since FR941206-1-00134 3 27322 29810 29882
consist FR941206-1-00134 2 27327 27958
primarily FR941206-1-00134 1 27328
materials FR941206-1-00134 29 27330 27450 27480 27507 27555 27718 27851 27879 27924 27956 28205 28228 28289 28316 28336 28389 28422 28467 28835 29000 29131 29143 29165 29169 29215 29307 29330 29521 29549
generated FR941206-1-00134 1 27334
his/her FR941206-1-00134 1 27339
home FR941206-1-00134 1 27340
options FR941206-1-00134 1 27343
largevolume FR941206-1-00134 1 27346
discussed FR941206-1-00134 5 27349 27548 28478 29608 29960
iia FR941206-1-00134 2 27352 29603
2 FR941206-1-00134 5 27357 28014 28351 28970 29582
unauthorized FR941206-1-00134 5 27359 27396 27518 29212 29506
also FR941206-1-00134 8 27363 28183 28762 29362 29427 29625 30161 30189
sought FR941206-1-00134 1 27364
anprm FR941206-1-00134 1 27368
widespread FR941206-1-00134 1 27370
had FR941206-1-00134 4 27374 27675 27731 27926
been FR941206-1-00134 5 27376 27732 27927 29795 29993
addressed FR941206-1-00134 3 27377 29355 29440
original FR941206-1-00134 1 27380
regulations FR941206-1-00134 5 27381 27656 27826 28843 29223
developed FR941206-1-00134 1 27383
particularly FR941206-1-00134 1 27387
interested FR941206-1-00134 1 27388
obtaining FR941206-1-00134 1 27390
information FR941206-1-00134 5 27391 27741 28711 28785 29445
current FR941206-1-00134 3 27393 27781 29124
uses FR941206-1-00134 6 27397 27546 27817 27864 30193 30372
nearly FR941206-1-00134 1 27401
dozen FR941206-1-00134 1 27403
sets FR941206-1-00134 1 27404
submitted FR941206-1-00134 1 27408
four FR941206-1-00134 1 27410
primary FR941206-1-00134 1 27411
sources FR941206-1-00134 2 27412 28193
: FR941206-1-00134 1 27413
natural FR941206-1-00134 16 27414 27511 29665 29682 29692 29716 29733 29742 29850 29956 29984 30111 30120 30125 30157 30353
gas FR941206-1-00134 16 27415 27512 29666 29683 29693 29717 29734 29743 29851 29957 29985 30112 30121 30126 30158 30354
pipeline FR941206-1-00134 24 27416 27513 29667 29684 29694 29707 29718 29744 29797 29809 29841 29852 29870 29958 29986 30061 30113 30122 30127 30129 30159 30184 30217 30355
companies FR941206-1-00134 4 27417 27428 29758 30185
armed FR941206-1-00134 1 27420
forces FR941206-1-00134 1 27421
civilian FR941206-1-00134 1 27423
governmental FR941206-1-00134 1 27424
agencies FR941206-1-00134 1 27425
sector FR941206-1-00134 1 27432
currently FR941206-1-00134 3 27435 28468 29511
identified FR941206-1-00134 1 27439
commenters FR941206-1-00134 3 27442 29709 30347
included FR941206-1-00134 1 27446
wool FR941206-1-00134 2 27447 27727
felt FR941206-1-00134 3 27448 27728 27976
insulating FR941206-1-00134 5 27449 27479 27881 28201 28227
have FR941206-1-00134 7 27452 27829 28004 28857 29177 29992 30137
high FR941206-1-00134 1 27453
levels FR941206-1-00134 6 27454 28910 29038 29650 29723 29902
deck FR941206-1-00134 1 27458
plates FR941206-1-00134 2 27459 27776
naval FR941206-1-00134 1 27464
vessels FR941206-1-00134 1 27465
plastics FR941206-1-00134 2 27467 28308
paints FR941206-1-00134 4 27469 28322 29461 29486
rubber FR941206-1-00134 2 27472 28325
parts FR941206-1-00134 2 27473 28326
adhesive FR941206-1-00134 3 27475 27569 28328
tape FR941206-1-00134 2 27476 28329
electrical FR941206-1-00134 2 27483 28318
cabling FR941206-1-00134 1 27484
example FR941206-1-00134 1 27487
pcbimpregnated FR941206-1-00134 2 27489 28999
gaskets FR941206-1-00134 3 27490 27574 28304
heating FR941206-1-00134 2 27492 27594
ventilation FR941206-1-00134 4 27494 27573 27596 27702
conditioning FR941206-1-00134 2 27497 27600
duct FR941206-1-00134 2 27501 27558
systems FR941206-1-00134 9 27502 27559 27604 29158 29987 30123 30227 30298 30302
concrete FR941206-1-00134 1 27504
expansion FR941206-1-00134 1 27505
joint FR941206-1-00134 1 27506
largediameter FR941206-1-00134 1 27510
several FR941206-1-00134 3 27515 28192 30191
distinct FR941206-1-00134 1 27516
`` FR941206-1-00134 2 27517 28154
'' FR941206-1-00134 2 27520 28166
scenarios FR941206-1-00134 5 27521 27538 29436 30198 30363
emerged FR941206-1-00134 1 27522
review FR941206-1-00134 2 27526 28900
discussions FR941206-1-00134 1 27531
regional FR941206-1-00134 6 27534 28598 28622 28718 28825 29013
representatives FR941206-1-00134 1 27535
regulatory FR941206-1-00134 5 27542 29788 29918 29937 29948
provisions FR941206-1-00134 1 27543
addressing FR941206-1-00134 1 27544
below FR941206-1-00134 1 27549
impregnated FR941206-1-00134 3 27554 27606 27716
late FR941206-1-00134 3 27563 27661 29811
1940s FR941206-1-00134 1 27564
through FR941206-1-00134 4 27565 27692 29493 29539
1950s FR941206-1-00134 1 27566
coating FR941206-1-00134 2 27570 27982
department FR941206-1-00134 7 27579 27587 27613 27721 27747 28030 28034
war FR941206-1-00134 3 27581 27615 28036
predecessor FR941206-1-00134 1 27584
energy FR941206-1-00134 2 27589 29787
doe FR941206-1-00134 2 27591 27664
hvac FR941206-1-00134 1 27602
comply FR941206-1-00134 1 27610
specifications FR941206-1-00134 1 27617
application FR941206-1-00134 4 27620 28399 28457 28800
violation FR941206-1-00134 3 27624 28839 29218
ban FR941206-1-00134 1 27627
occurred FR941206-1-00134 2 27644 29064
enactment FR941206-1-00134 1 27648
promulgation FR941206-1-00134 1 27652
implementing FR941206-1-00134 2 27655 27806
1989 FR941206-1-00134 1 27662
notified FR941206-1-00134 1 27665
over FR941206-1-00134 3 27668 27831 30263
operation FR941206-1-00134 1 27671
plants FR941206-1-00134 2 27674 28071
caused FR941206-1-00134 2 27676 29410
amounts FR941206-1-00134 1 27678
lubricating FR941206-1-00134 1 27681
oil FR941206-1-00134 1 27682
motor FR941206-1-00134 1 27685
compressor FR941206-1-00134 1 27687
bearings FR941206-1-00134 1 27688
leach FR941206-1-00134 2 27691 29647
gasket FR941206-1-00134 1 27694
material FR941206-1-00134 27 27695 27709 27758 27762 27787 27885 28010 28122 28165 28372 28431 28443 28591 28605 28617 28656 28670 28693 28699 28748 28814 28873 28898 29379 29393 29433 30323
drawn FR941206-1-00134 1 27699
into FR941206-1-00134 3 27700 29056 29547
system FR941206-1-00134 3 27703 28563 30062
resulting FR941206-1-00134 1 27705
releases FR941206-1-00134 1 27707
b FR941206-1-00134 1 27713
insulation FR941206-1-00134 2 27717 28306
navy FR941206-1-00134 4 27724 27750 27779 28039
discovered FR941206-1-00134 1 27725
installed FR941206-1-00134 2 27733 29524
older FR941206-1-00134 1 27735
submarines FR941206-1-00134 1 27736
sounddampening FR941206-1-00134 1 27738
purposes FR941206-1-00134 2 27739 29899
provided FR941206-1-00134 2 27742 29989
indicates FR941206-1-00134 2 27751 28364
no FR941206-1-00134 4 27752 28171 29291 29444
emitted FR941206-1-00134 1 27755
generally FR941206-1-00134 4 27764 28210 29854 30045
located FR941206-1-00134 3 27765 28090 29855
inaccessible FR941206-1-00134 1 27767
rarely FR941206-1-00134 1 27769
accessed FR941206-1-00134 1 27770
fixed FR941206-1-00134 1 27773
metal FR941206-1-00134 2 27775 27942
policy FR941206-1-00134 1 27782
remove FR941206-1-00134 4 27785 28429 28997 29256
necessary FR941206-1-00134 1 27790
maintenance FR941206-1-00134 1 27795
c FR941206-1-00134 1 27798
agency FR941206-1-00134 3 27800 27897 30070
experience FR941206-1-00134 4 27801 27803 29816 30176
gained FR941206-1-00134 2 27804 30177
resulted FR941206-1-00134 1 27811
identification FR941206-1-00134 2 27814 29516
issues FR941206-1-00134 2 27828 29351
arisen FR941206-1-00134 1 27830
concerning FR941206-1-00134 3 27833 28786 29688
formulations FR941206-1-00134 1 27840
coatings FR941206-1-00134 2 27842 28344
ceiling FR941206-1-00134 2 27844 28342
tiles FR941206-1-00134 1 27845
roofing FR941206-1-00134 4 27847 27876 27921 28333
siding FR941206-1-00134 6 27850 27878 27923 27955 28164 28335
adhesives FR941206-1-00134 1 27853
waterproofing FR941206-1-00134 2 27855 28338
compounds FR941206-1-00134 2 27856 28339
number FR941206-1-00134 2 27860 28676
chemical FR941206-1-00134 2 27863 28070
additives FR941206-1-00134 1 27867
plasticizers FR941206-1-00134 2 27869 28310
recent FR941206-1-00134 1 27872
discovery FR941206-1-00134 4 27873 27916 28602 28643
asbestos FR941206-1-00134 3 27875 27920 27975
potting FR941206-1-00134 3 27883 28203 28315
illustrations FR941206-1-00134 1 27894
expanding FR941206-1-00134 1 27899
knowledge FR941206-1-00134 1 27900
november FR941206-1-00134 1 27908
1992 FR941206-1-00134 1 27909
informed FR941206-1-00134 1 27913
manufactured FR941206-1-00134 3 27928 28211 28248
h. FR941206-1-00134 2 27930 27931
robertson FR941206-1-00134 2 27932 27940
circa FR941206-1-00134 1 27934
1917 FR941206-1-00134 1 27935
marketed FR941206-1-00134 1 27938
protected FR941206-1-00134 2 27941 28569
rpm FR941206-1-00134 3 27944 27949 28085
galbestos FR941206-1-00134 4 27947 27951 28087 28163
multilayered FR941206-1-00134 1 27953
steel FR941206-1-00134 3 27954 27960 28073
asphalt FR941206-1-00134 1 27962
zinc FR941206-1-00134 1 27965
depending FR941206-1-00134 1 27967
product FR941206-1-00134 1 27970
line FR941206-1-00134 1 27971
asphaltimpregnated FR941206-1-00134 1 27974
asphaltic FR941206-1-00134 1 27980
waterproof FR941206-1-00134 1 27981
limited FR941206-1-00134 2 27987 28301
evidence FR941206-1-00134 4 27988 28609 28806 29277
available FR941206-1-00134 2 27989 28767
ever FR941206-1-00134 1 27993
introduced FR941206-1-00134 1 27994
process FR941206-1-00134 1 27998
preliminary FR941206-1-00134 2 28000 28113
sampling FR941206-1-00134 1 28001
analysis FR941206-1-00134 1 28003
indicated FR941206-1-00134 1 28005
concentrations FR941206-1-00134 2 28007 28217
ranging FR941206-1-00134 1 28011
< FR941206-1-00134 1 28013
ppm FR941206-1-00134 7 28015 28018 28220 29138 29150 29922 29941
30000 FR941206-1-00134 1 28017
purchased FR941206-1-00134 1 28023
internationally FR941206-1-00134 1 28026
us FR941206-1-00134 6 28029 28038 28041 28044 28048 28053
defense FR941206-1-00134 1 28032
army FR941206-1-00134 1 28042
force FR941206-1-00134 1 28046
marine FR941206-1-00134 2 28049 29485
corps FR941206-1-00134 1 28050
coast FR941206-1-00134 1 28054
guard FR941206-1-00134 1 28055
tennessee FR941206-1-00134 1 28057
valley FR941206-1-00134 1 28058
authority FR941206-1-00134 1 28059
various FR941206-1-00134 1 28062
industries FR941206-1-00134 1 28063
airlines FR941206-1-00134 1 28066
railroads FR941206-1-00134 2 28068 30232
mills FR941206-1-00134 1 28074
mines FR941206-1-00134 1 28076
industrial/manufacturing FR941206-1-00134 1 28079
facilities FR941206-1-00134 2 28080 28083
beaver FR941206-1-00134 1 28092
falls FR941206-1-00134 1 28093
pa FR941206-1-00134 2 28095 28103
subsequently FR941206-1-00134 2 28098 28437
relocated FR941206-1-00134 1 28099
ambridge FR941206-1-00134 1 28101
canada FR941206-1-00134 1 28109
england FR941206-1-00134 1 28111
data FR941206-1-00134 3 28114 28190 28240
good FR941206-1-00134 1 28126
condition FR941206-1-00134 2 28127 28696
municipal FR941206-1-00134 1 28134
solid FR941206-1-00134 1 28135
landfill FR941206-1-00134 1 28137
present FR941206-1-00134 1 28141
unreasonable FR941206-1-00134 4 28143 28377 29292 29844
injury FR941206-1-00134 4 28146 28380 29404 29824
health FR941206-1-00134 5 28148 28794 28938 29406 29826
environment FR941206-1-00134 3 28151 29409 29829
toxic FR941206-1-00134 1 28155
characteristic FR941206-1-00134 1 28156
leaching FR941206-1-00134 1 28157
procedure FR941206-1-00134 1 28158
tclp FR941206-1-00134 2 28160 29659
mri FR941206-1-00134 1 28167
report FR941206-1-00134 1 28168
project FR941206-1-00134 1 28170
98023001 FR941206-1-00134 1 28173
[ FR941206-1-00134 1 28176
ref FR941206-1-00134 1 28177
45 FR941206-1-00134 1 28179
] FR941206-1-00134 1 28180
august/september FR941206-1-00134 1 28186
1993 FR941206-1-00134 1 28187
received FR941206-1-00134 2 28189 29670
indicating FR941206-1-00134 2 28194 29446
1978. FR941206-1-00134 1 28214
50 FR941206-1-00134 5 28219 29137 29149 29652 29921
greater FR941206-1-00134 5 28222 28958 29140 29152 29904
approximately FR941206-1-00134 1 28230
70 FR941206-1-00134 1 28231
percent FR941206-1-00134 1 28232
analyzed FR941206-1-00134 1 28236
while FR941206-1-00134 4 28238 29207 29534 30034
represents FR941206-1-00134 1 28241
portion FR941206-1-00134 1 28245
1978 FR941206-1-00134 1 28251
still FR941206-1-00134 1 28252
today FR941206-1-00134 3 28255 29621 30098
need FR941206-1-00134 1 28264
proposing FR941206-1-00134 6 28271 29571 29626 29892 29972 30190
761.30 FR941206-1-00134 7 28275 28481 29577 29634 29975 30102 30151
q FR941206-1-00134 3 28277 28483 29579
authorize FR941206-1-00134 2 28280 29980
nond FR941206-1-00134 3 28288 29586 29642
concentration FR941206-1-00134 3 28295 28686 29135
including FR941206-1-00134 2 28297 29155
ballast FR941206-1-00134 1 28314
cable FR941206-1-00134 1 28319
dried FR941206-1-00134 1 28321
caulking FR941206-1-00134 2 28331 29467
tile FR941206-1-00134 1 28343
july FR941206-1-00134 1 28350
1979 FR941206-1-00134 1 28353
remainder FR941206-1-00134 1 28357
where FR941206-1-00134 2 28362 30303
monitoring FR941206-1-00134 3 28363 28846 28906
migration FR941206-1-00134 2 28367 28475
pose FR941206-1-00134 3 28375 29529 29556
authorization FR941206-1-00134 9 28385 28411 28427 28507 29350 29368 29425 29575 29629
must FR941206-1-00134 2 28390 29999
intact FR941206-1-00134 1 28392
existing FR941206-1-00134 3 28398 28434 29221
location FR941206-1-00134 6 28401 28435 28447 28653 28746 28884
unless FR941206-1-00134 1 28402
being FR941206-1-00134 3 28405 29843 30037
removed FR941206-1-00134 5 28406 28514 28875 29994 29997
include FR941206-1-00134 2 28425 28651
its FR941206-1-00134 2 28433 28661
reassemble FR941206-1-00134 1 28438
install FR941206-1-00134 1 28440
different FR941206-1-00134 1 28446
allow FR941206-1-00134 2 28450 29370
mobile FR941206-1-00134 1 28456
vehicle FR941206-1-00134 1 28461
vessel FR941206-1-00134 1 28463
exhibit FR941206-1-00134 1 28472
significant FR941206-1-00134 1 28473
iii FR941206-1-00134 1 28489
iv FR941206-1-00134 1 28493
v FR941206-1-00134 1 28497
compliance FR941206-1-00134 2 28504 29057
required FR941206-1-00134 8 28511 28594 28626 28649 28732 28764 29008 29254
means FR941206-1-00134 1 28518
encapsulation FR941206-1-00134 3 28520 29164 29287
either FR941206-1-00134 1 28522
epoxybased FR941206-1-00134 1 28525
equivalent FR941206-1-00134 3 28527 29919 29938
sealant FR941206-1-00134 1 28530
equipped FR941206-1-00134 1 28534
release FR941206-1-00134 7 28536 28542 28987 29033 29063 29107 29283
controls FR941206-1-00134 3 28537 28988 29284
continual FR941206-1-00134 1 28541
collected FR941206-1-00134 2 28544 29861
closed FR941206-1-00134 1 28547
container FR941206-1-00134 2 28548 28556
displaces FR941206-1-00134 1 28550
leak FR941206-1-00134 2 28561 29156
collection FR941206-1-00134 3 28562 29157 29884
ensure FR941206-1-00134 2 28566 29290
personnel FR941206-1-00134 1 28567
dermal FR941206-1-00134 1 28571
inhalation FR941206-1-00134 1 28573
exposures FR941206-1-00134 1 28574
additionally FR941206-1-00134 1 28576
operator FR941206-1-00134 2 28581 28726
notify FR941206-1-00134 2 28596 29010
administrator FR941206-1-00134 4 28599 28623 28719 28826
submit FR941206-1-00134 1 28607
documentary FR941206-1-00134 2 28608 28805
established FR941206-1-00134 1 28611
historical FR941206-1-00134 2 28613 28810
notification FR941206-1-00134 5 28619 29043 29072 29083 29098
within FR941206-1-00134 4 28627 28639 28978 29024
30 FR941206-1-00134 2 28628 28640
days FR941206-1-00134 2 28629 28641
effective FR941206-1-00134 1 28632
date FR941206-1-00134 2 28633 28893
final FR941206-1-00134 1 28636
rule FR941206-1-00134 1 28637
thereafter FR941206-1-00134 2 28644 28870
description FR941206-1-00134 1 28659
estimate FR941206-1-00134 1 28665
amount FR941206-1-00134 1 28668
square FR941206-1-00134 4 28678 28964 29911 29930
footage FR941206-1-00134 1 28679
pounds FR941206-1-00134 1 28681
expected FR941206-1-00134 1 28688
potential FR941206-1-00134 1 28703
exposure FR941206-1-00134 7 28705 28945 29295 29413 29538 29561 29831
might FR941206-1-00134 3 28713 28815 28836
secondly FR941206-1-00134 1 28721
post FR941206-1-00134 1 28734
mark FR941206-1-00134 1 28737
ml FR941206-1-00134 1 28738
described FR941206-1-00134 1 28740
761.40 FR941206-1-00134 1 28742
prominent FR941206-1-00134 1 28745
near FR941206-1-00134 1 28747
warning FR941206-1-00134 1 28753
presence FR941206-1-00134 1 28756
make FR941206-1-00134 1 28766
potentially FR941206-1-00134 2 28770 28781
exposed FR941206-1-00134 2 28771 28782
employee FR941206-1-00134 1 28772
upon FR941206-1-00134 2 28775 29276
request FR941206-1-00134 1 28776
identity FR941206-1-00134 1 28788
failure FR941206-1-00134 1 28802
provide FR941206-1-00134 3 28804 29428 30222
substantiated FR941206-1-00134 1 28808
rejection FR941206-1-00134 1 28819
claims FR941206-1-00134 1 28822
consequently FR941206-1-00134 1 28828
readings FR941206-1-00134 1 28847
standard FR941206-1-00134 1 28849
wipe FR941206-1-00134 2 28850 28952
test FR941206-1-00134 1 28851
samples FR941206-1-00134 2 28852 28953
exterior FR941206-1-00134 2 28854 28956
surfaces FR941206-1-00134 2 28855 28957
taken FR941206-1-00134 2 28860 29051
recorded FR941206-1-00134 1 28862
quarterly FR941206-1-00134 1 28863
first FR941206-1-00134 1 28866
year FR941206-1-00134 1 28867
annually FR941206-1-00134 1 28869
until FR941206-1-00134 1 28871
records FR941206-1-00134 1 28877
maintained FR941206-1-00134 1 28880
3 FR941206-1-00134 4 28889 28921 29639 30014
years FR941206-1-00134 1 28890
beyond FR941206-1-00134 1 28891
officials FR941206-1-00134 1 28903
results FR941206-1-00134 1 28907
above FR941206-1-00134 3 28911 29040 29721
0.001 FR941206-1-00134 1 28912
milligram FR941206-1-00134 1 28913
per FR941206-1-00134 4 28914 28962 29909 29928
cubic FR941206-1-00134 1 28915
meter FR941206-1-00134 1 28916
mg/m FR941206-1-00134 1 28920
10hour FR941206-1-00134 1 28925
workday FR941206-1-00134 1 28926
40hour FR941206-1-00134 1 28928
workweek FR941206-1-00134 1 28929
institute FR941206-1-00134 1 28933
occupational FR941206-1-00134 2 28935 28944
safety FR941206-1-00134 1 28936
niosh FR941206-1-00134 1 28941
limit FR941206-1-00134 1 28946
accessible FR941206-1-00134 1 28955
than FR941206-1-00134 4 28959 29905 30245 30308
10 FR941206-1-00134 3 28960 28967 29906
micrograms FR941206-1-00134 3 28961 29907 29926
100 FR941206-1-00134 4 28963 29910 29925 29929
centimeters FR941206-1-00134 3 28965 29912 29931
m FR941206-1-00134 2 28968 29653
g/100cm FR941206-1-00134 1 28969
require FR941206-1-00134 3 28973 30024 30072
action FR941206-1-00134 2 28975 29037
initiated FR941206-1-00134 1 28977
24 FR941206-1-00134 2 28979 29025
hours FR941206-1-00134 2 28980 29026
occurrence FR941206-1-00134 2 28983 29029
modify FR941206-1-00134 1 28985
ree FR941206-1-00134 1 28991
surface FR941206-1-00134 2 28993 29901
addition FR941206-1-00134 2 29003 30345
toxics FR941206-1-00134 1 29014
office FR941206-1-00134 1 29015
facsimile FR941206-1-00134 1 29017
machine FR941206-1-00134 1 29018
overnight FR941206-1-00134 1 29020
delivery FR941206-1-00134 1 29021
mail FR941206-1-00134 1 29022
services FR941206-1-00134 1 29023
exceeded FR941206-1-00134 1 29035
listed FR941206-1-00134 1 29039
indicate FR941206-1-00134 1 29045
actions FR941206-1-00134 1 29047
bring FR941206-1-00134 1 29053
weekend FR941206-1-00134 1 29067
federal FR941206-1-00134 3 29069 29092 29786
holiday FR941206-1-00134 1 29070
could FR941206-1-00134 4 29073 29236 29475 29528
made FR941206-1-00134 1 29075
next FR941206-1-00134 1 29078
lieu FR941206-1-00134 1 29088
state FR941206-1-00134 1 29094
local FR941206-1-00134 1 29097
substance FR941206-1-00134 1 29111
came FR941206-1-00134 1 29145
decontamination FR941206-1-00134 3 29172 29807 30164
cleanup FR941206-1-00134 1 29174
procedures FR941206-1-00134 2 29175 30148
handled FR941206-1-00134 1 29180
stored FR941206-1-00134 1 29182
accordance FR941206-1-00134 1 29188
storage FR941206-1-00134 5 29192 30033 30043 30078 30091
761.65 FR941206-1-00134 1 29197
761.60 FR941206-1-00134 2 29203 30009
761.62 FR941206-1-00134 1 29205
prea FR941206-1-00134 1 29213
most FR941206-1-00134 1 29226
cases FR941206-1-00134 1 29227
premature FR941206-1-00134 1 29229
media FR941206-1-00134 1 29233
achieved FR941206-1-00134 1 29239
great FR941206-1-00134 1 29241
difficulty FR941206-1-00134 1 29242
enormous FR941206-1-00134 1 29245
expense FR941206-1-00134 1 29246
given FR941206-1-00134 2 29247 29318
extraordinary FR941206-1-00134 1 29249
efforts FR941206-1-00134 1 29250
conditions FR941206-1-00134 1 29261
deterioration FR941206-1-00134 1 29279
installation FR941206-1-00134 1 29281
solicited FR941206-1-00134 2 29312 29363
consideration FR941206-1-00134 1 29315
developing FR941206-1-00134 1 29320
authorizations FR941206-1-00134 1 29321
conditional FR941206-1-00134 1 29324
restrictions FR941206-1-00134 1 29334
situations FR941206-1-00134 2 29343 30254
rulemaking FR941206-1-00134 1 29358
movement FR941206-1-00134 2 29373 29382
reassembly FR941206-1-00134 2 29375 29384
will FR941206-1-00134 2 29385 29397
adversely FR941206-1-00134 1 29387
impact FR941206-1-00134 1 29388
integrity FR941206-1-00134 1 29390
supporting FR941206-1-00134 1 29419
modification FR941206-1-00134 1 29421
examples FR941206-1-00134 1 29429
specific FR941206-1-00134 2 29432 30371
reuse FR941206-1-00134 9 29435 29663 29675 29705 29737 29982 30108 30197 30360
routinely FR941206-1-00134 1 29450
formulation FR941206-1-00134 1 29454
sealants FR941206-1-00134 1 29463
finishes FR941206-1-00134 1 29465
consumers FR941206-1-00134 1 29474
now FR941206-1-00134 1 29476
occasionally FR941206-1-00134 1 29477
obtain FR941206-1-00134 1 29478
enamels FR941206-1-00134 1 29483
formulated FR941206-1-00134 1 29489
purchase FR941206-1-00134 1 29495
surplus FR941206-1-00134 1 29500
prohibited FR941206-1-00134 1 29512
once FR941206-1-00134 1 29523
considerable FR941206-1-00134 1 29530
costs FR941206-1-00134 1 29531
increasing FR941206-1-00134 1 29535
bound FR941206-1-00134 1 29546
serious FR941206-1-00134 1 29558
left FR941206-1-00134 1 29563
general FR941206-1-00134 2 29573 29628
meet FR941206-1-00134 2 29589 30162
definition FR941206-1-00134 1 29591
g FR941206-1-00134 1 29636
g/l FR941206-1-00134 1 29654
measured FR941206-1-00134 1 29656
both FR941206-1-00134 1 29673
appears FR941206-1-00134 1 29695
iid3.e FR941206-1-00134 1 29698
regarding FR941206-1-00134 1 29703
contend FR941206-1-00134 1 29710
inadvertent FR941206-1-00134 1 29713
regulated FR941206-1-00134 1 29722
eliminates FR941206-1-00134 1 29728
opportunity FR941206-1-00134 1 29730
industry FR941206-1-00134 1 29735
pipe FR941206-1-00134 9 29739 29880 29915 29934 30027 30040 30074 30305 30376
appurtenances FR941206-1-00134 3 29745 30115 30130
decontaminate FR941206-1-00134 1 29752
often FR941206-1-00134 2 29755 29887
deprive FR941206-1-00134 1 29756
economic FR941206-1-00134 1 29761
benefits FR941206-1-00134 1 29762
recycling FR941206-1-00134 1 29765
reusing FR941206-1-00134 1 29767
selling FR941206-1-00134 1 29770
memorandum FR941206-1-00134 1 29778
understanding FR941206-1-00134 1 29780
mou FR941206-1-00134 1 29782
commission FR941206-1-00134 1 29789
ferc FR941206-1-00134 1 29791
reviewing FR941206-1-00134 1 29796
abandonment FR941206-1-00134 1 29798
plans FR941206-1-00134 1 29799
issuing FR941206-1-00134 2 29801 30179
alternate FR941206-1-00134 2 29802 30180
permits FR941206-1-00134 1 29804
1987. FR941206-1-00134 1 29812
view FR941206-1-00134 1 29821
due FR941206-1-00134 1 29834
pcbcontaminated FR941206-1-00134 2 29840 30110
condensate FR941206-1-00134 1 29858
drips FR941206-1-00134 1 29863
geographical FR941206-1-00134 1 29865
low FR941206-1-00134 1 29866
points FR941206-1-00134 2 29867 29885
along FR941206-1-00134 2 29868 30056
moisture FR941206-1-00134 1 29874
interior FR941206-1-00134 1 29877
dry FR941206-1-00134 3 29888 29914 29933
alternative FR941206-1-00134 1 29896
characterization FR941206-1-00134 2 29898 29954
500 FR941206-1-00134 1 29940
regard FR941206-1-00134 1 29943
part FR941206-1-00134 1 29951
761 FR941206-1-00134 1 29952
iib4 FR941206-1-00134 1 29963
amend FR941206-1-00134 1 29974
i FR941206-1-00134 3 29977 30104 30153
liquids FR941206-1-00134 3 29991 29998 30143
pursuant FR941206-1-00134 2 30003 30146
solicits FR941206-1-00134 3 30018 30065 30366
marking FR941206-1-00134 1 30025
testing FR941206-1-00134 1 30035
capped FR941206-1-00134 1 30046
each FR941206-1-00134 2 30048 30073
stacked FR941206-1-00134 1 30051
restricted FR941206-1-00134 1 30054
area FR941206-1-00134 3 30055 30079 30092
perimeter FR941206-1-00134 1 30058
comment FR941206-1-00134 1 30066
marked FR941206-1-00134 1 30082
posting FR941206-1-00134 1 30086
sign FR941206-1-00134 3 30088 30329 30340
adequate FR941206-1-00134 1 30095
notice FR941206-1-00134 1 30100
allowed FR941206-1-00134 1 30118
reused FR941206-1-00134 1 30135
drained FR941206-1-00134 1 30140
freeflowing FR941206-1-00134 1 30142
decontaminated FR941206-1-00134 1 30145
level FR941206-1-00134 1 30165
761.79 FR941206-1-00134 1 30169
approvals FR941206-1-00134 1 30182
acceptable FR941206-1-00134 1 30195
transport FR941206-1-00134 1 30202
bulk FR941206-1-00134 1 30204
hydrocarbons FR941206-1-00134 1 30205
chemicals FR941206-1-00134 1 30207
petroleum FR941206-1-00134 1 30210
coal FR941206-1-00134 1 30215
slurry FR941206-1-00134 1 30216
casing FR941206-1-00134 1 30220
secondary FR941206-1-00134 1 30223
containment FR941206-1-00134 1 30224
transportation FR941206-1-00134 1 30226
highways FR941206-1-00134 1 30230
flume FR941206-1-00134 1 30236
sites FR941206-1-00134 1 30239
culverts FR941206-1-00134 1 30242
less FR941206-1-00134 2 30244 30307
80 FR941206-1-00134 1 30246
feet FR941206-1-00134 1 30247
length FR941206-1-00134 2 30249 30317
intermittent FR941206-1-00134 1 30252
flow FR941206-1-00134 1 30253
culvert FR941206-1-00134 1 30259
driveway FR941206-1-00134 1 30262
roadside FR941206-1-00134 1 30265
ditch FR941206-1-00134 1 30266
skids FR941206-1-00134 1 30271
sewage FR941206-1-00134 1 30274
service FR941206-1-00134 2 30275 30291
written FR941206-1-00134 1 30277
consent FR941206-1-00134 1 30278
publicly FR941206-1-00134 1 30281
owned FR941206-1-00134 1 30282
treatment FR941206-1-00134 1 30283
works FR941206-1-00134 1 30284
potw FR941206-1-00134 1 30286
steam FR941206-1-00134 1 30290
compressed FR941206-1-00134 1 30296
irrigation FR941206-1-00134 1 30301
20 FR941206-1-00134 1 30309
inches FR941206-1-00134 1 30310
diameter FR941206-1-00134 1 30312
200 FR941206-1-00134 1 30314
miles FR941206-1-00134 1 30315
structural FR941206-1-00134 1 30322
fence FR941206-1-00134 1 30326
posts FR941206-1-00134 3 30327 30330 30333
gate FR941206-1-00134 1 30332
bridge FR941206-1-00134 1 30335
supports FR941206-1-00134 1 30336
overhead FR941206-1-00134 1 30339
cross FR941206-1-00134 1 30341
members FR941206-1-00134 1 30342
' FR941206-1-00134 1 30348
reactions FR941206-1-00134 1 30349
suitable FR941206-1-00134 1 30379
reader FR941206-1-00134 1 30382
