an FR941206-1-00134 23 31741 31804 31829 32000 32069 32126 32207 32291 32387 32390 32857 32876 32882 33143 34001 34133 34445 34488 34528 35124 35834 35997 36017
electrical FR941206-1-00134 6 31742 31793 31830 31858 31885 35561
fire FR941206-1-00134 2 31743 32917
. FR941206-1-00134 136 31744 31777 31803 31816 31839 31860 31890 31911 31948 31980 32024 32093 32138 32184 32204 32254 32297 32299 32304 32335 32466 32499 32557 32605 32668 32758 32789 32859 32887 32929 32969 33011 33036 33039 33085 33088 33163 33201 33226 33277 33327 33360 33396 33426 33429 33484 33524 33527 33546 33592 33612 33664 33695 33734 33761 33811 33847 33877 33901 33938 34011 34055 34106 34131 34161 34200 34230 34268 34298 34335 34373 34375 34380 34399 34504 34541 34572 34605 34647 34702 34704 34712 34743 34761 34799 34821 34871 34904 34928 34960 34985 35025 35065 35092 35132 35179 35256 35275 35298 35314 35364 35419 35449 35456 35462 35533 35564 35591 35633 35666 35720 35763 35791 35913 35949 36020 36131 36153 36166 36168 36172 36202 36225 36244 36279 36299 36328 36356 36381 36401 36431 36486 36488 36499 36543 36570
while FR941206-1-00134 2 31745 34626
the FR941206-1-00134 224 31746 31774 31810 31826 31899 31903 31909 31919 31924 31937 31953 31961 31969 31981 31988 32037 32044 32058 32080 32115 32139 32144 32150 32199 32219 32225 32238 32257 32260 32311 32326 32336 32367 32433 32447 32487 32501 32577 32594 32600 32609 32613 32633 32637 32658 32671 32710 32739 32749 32769 32793 32813 32845 32898 32931 33069 33128 33132 33211 33214 33228 33270 33279 33283 33307 33319 33343 33383 33388 33393 33398 33401 33419 33430 33469 33480 33505 33535 33571 33598 33653 33662 33669 33682 33713 33717 33737 33741 33752 33767 33773 33782 33786 33796 33799 33807 33818 33832 33839 33844 33854 33895 33912 33921 33947 33955 33985 33991 33996 34034 34107 34115 34157 34177 34190 34206 34238 34266 34275 34291 34296 34311 34329 34340 34350 34358 34364 34388 34430 34448 34462 34472 34478 34507 34537 34578 34657 34679 34685 34724 34737 34767 34772 34789 34792 34806 34853 34861 34880 34901 34909 34912 34929 34940 34961 34968 34989 35006 35011 35019 35032 35045 35066 35086 35102 35130 35146 35176 35182 35189 35207 35213 35228 35286 35327 35331 35342 35353 35369 35377 35387 35394 35405 35475 35629 35645 35657 35697 35707 35739 35749 35757 35778 35786 35827 35849 35914 35923 35939 35945 36100 36111 36187 36234 36254 36269 36273 36285 36320 36326 36344 36347 36352 36357 36403 36409 36444 36464 36494 36509 36515 36524 36544 36578
bureau FR941206-1-00134 1 31747
did FR941206-1-00134 2 31748 35301
not FR941206-1-00134 31 31749 31873 31956 32087 32124 32688 32776 32944 33220 33502 33744 33968 33984 34256 34481 34487 34869 34965 35116 35302 35417 35431 35529 35639 35692 35727 35816 35823 36125 36283 36295
specify FR941206-1-00134 2 31750 36396
how FR941206-1-00134 2 31751 35649
such FR941206-1-00134 23 31752 31764 32290 32422 32536 32588 32893 32993 33135 33644 33925 33965 34168 34183 34285 34336 34998 35425 35548 35896 36329 36339 36483
cable FR941206-1-00134 12 31753 31765 31781 31811 31838 31869 31886 31900 31963 32038 32105 32203
should FR941206-1-00134 11 31754 32560 32753 32763 32902 33348 34217 34338 34769 34818 34847
be FR941206-1-00134 50 31755 31784 31789 31880 31895 31933 31965 32066 32218 32295 32549 32561 32764 32947 33064 33138 33194 33263 33457 34023 34040 34053 34165 34218 34221 34347 34421 34521 34536 34614 34635 34819 34848 34892 35289 35497 35615 35654 35677 35817 35824 35844 35852 36008 36033 36092 36313 36429 36459 36478
made FR941206-1-00134 2 31756 32562
, FR941206-1-00134 199 31757 31841 31870 31892 31915 31928 31950 31960 32004 32041 32095 32164 32166 32168 32170 32186 32191 32206 32266 32275 32277 32394 32444 32459 32486 32511 32527 32535 32546 32569 32582 32591 32620 32630 32647 32655 32660 32685 32735 32738 32745 32773 32786 32787 32791 32823 32915 32934 32972 32974 33047 33090 33151 33152 33167 33171 33184 33189 33208 33233 33239 33254 33261 33267 33285 33294 33305 33362 33403 33531 33549 33587 33589 33590 33595 33603 33647 33666 33674 33676 33678 33680 33692 33693 33699 33727 33736 33792 33794 33835 33866 33868 33872 33875 33879 33954 33975 34013 34033 34049 34100 34147 34167 34182 34232 34237 34284 34288 34301 34349 34356 34366 34411 34443 34452 34466 34506 34577 34591 34609 34625 34673 34693 34727 34836 34845 34855 34857 34874 35036 35042 35047 35050 35064 35111 35136 35164 35172 35192 35290 35293 35316 35318 35324 35366 35375 35393 35404 35407 35409 35424 35429 35439 35483 35513 35527 35542 35551 35554 35557 35569 35703 35736 35808 35848 35880 35895 35954 35956 35969 35985 36023 36042 36046 36054 36134 36136 36174 36197 36199 36204 36206 36208 36218 36229 36369 36388 36395 36408 36438 36552 36555 36558 36561 36566 36586 36596 36605 36607
experience FR941206-1-00134 1 31758
with FR941206-1-00134 28 31759 31770 31791 32474 32726 32742 33027 33147 33161 33888 33905 34621 34643 34736 34900 34994 35080 35197 35359 35386 35867 35925 35971 36063 36079 36335 36463 36514
naval FR941206-1-00134 1 31760
vessels FR941206-1-00134 1 31761
indicates FR941206-1-00134 1 31762
that FR941206-1-00134 48 31763 31877 32308 32528 32603 32841 32976 33170 33244 33248 33387 33433 33615 33740 33823 33859 34017 34038 34070 34216 34241 34274 34310 34345 34477 34519 34531 34553 34581 34766 34805 34825 34887 34976 34988 35095 35122 35139 35253 35374 35486 35636 35655 35669 35723 35809 36293 36414
could FR941206-1-00134 8 31766 32294 33262 34164 34346 35495 36007 36032
have FR941206-1-00134 6 31767 32123 33860 35487 35577 36331
been FR941206-1-00134 6 31768 34533 34555 35382 35488 36332
manufactured FR941206-1-00134 2 31769 33120
pcbs FR941206-1-00134 65 31771 31856 31889 31907 31954 31971 32045 32049 32107 32120 32253 32469 32526 32590 33276 33296 33648 33742 33770 33783 33797 33825 33842 33861 33900 33906 33940 33966 33976 34122 34140 34292 34312 34915 34932 34971 35017 35024 35052 35109 35121 35149 35186 35226 35252 35268 35335 35465 35735 35760 35783 35933 35961 35991 36028 36070 36278 36317 36324 36336 36349 36457 36498 36548 36582
to FR941206-1-00134 112 31772 31819 31863 31901 31918 31942 31951 31967 31973 31976 32035 32042 32068 32159 32197 32211 32223 32288 32325 32430 32624 32689 32723 32766 32777 32812 32830 32946 33001 33008 33068 33221 33258 33288 33302 33341 33355 33365 33382 33459 33493 33498 33503 33561 33575 33608 33631 33672 33790 34022 34052 34077 34220 34250 34293 34326 34386 34417 34471 34511 34535 34544 34557 34566 34596 34601 34677 34850 34922 34967 35010 35070 35074 35083 35120 35127 35143 35180 35205 35209 35220 35234 35247 35266 35288 35304 35309 35329 35474 35614 35627 35732 35782 35843 35861 36004 36110 36159 36177 36232 36238 36259 36291 36312 36422 36428 36434 36442 36448 36458 36477 36504
meet FR941206-1-00134 2 31773 33911
test FR941206-1-00134 1 31775
standards FR941206-1-00134 2 31776 36565
some FR941206-1-00134 3 31778 35167 35574
of FR941206-1-00134 189 31779 31815 31825 31852 31855 31906 31921 31990 31992 32028 32052 32060 32079 32099 32114 32179 32201 32229 32252 32259 32262 32286 32301 32332 32383 32401 32413 32417 32481 32503 32516 32525 32534 32585 32599 32615 32639 32718 32730 32751 32795 32798 32847 32864 32892 32926 32949 33015 33066 33134 33140 33175 33179 33187 33196 33213 33232 33253 33275 33332 33400 33462 33468 33539 33554 33557 33600 33618 33635 33641 33704 33716 33755 33769 33776 33803 33806 33820 33841 33856 33870 33915 33950 33957 33987 34036 34042 34075 34135 34139 34208 34223 34308 34342 34352 34360 34390 34415 34423 34432 34450 34464 34523 34539 34551 34561 34589 34637 34669 34696 34708 34719 34732 34746 34748 34759 34776 34782 34791 34794 34797 34840 34860 34908 34911 34914 34931 34970 34991 35008 35013 35021 35051 35101 35108 35148 35175 35185 35212 35225 35251 35258 35334 35348 35412 35421 35441 35459 35468 35490 35573 35585 35606 35631 35642 35684 35688 35699 35738 35756 35770 35812 35837 35864 35920 35930 35941 35964 35974 36010 36035 36073 36082 36170 36189 36256 36315 36319 36323 36346 36351 36354 36490 36497 36511 36526 36547 36563 36581
this FR941206-1-00134 19 31780 31913 32202 32438 32728 33168 33206 33604 34162 34607 34653 34670 34801 35113 35299 35422 35460 36154 36436
may FR941206-1-00134 14 31782 31788 31850 32065 32217 32981 33193 34039 34073 34420 34613 35752 35851 36090
still FR941206-1-00134 3 31783 32861 35496
in FR941206-1-00134 128 31785 31795 31800 31857 31861 31912 31985 32033 32077 32112 32162 32280 32369 32381 32426 32440 32457 32500 32540 32597 32645 32669 32708 32759 32844 32850 32875 32939 32950 33025 33131 33141 33154 33165 33197 33205 33227 33338 33369 33380 33442 33543 33547 33570 33593 33606 33696 33730 33747 33751 33772 33785 33798 33826 33843 33862 33907 33946 33990 34092 34141 34224 34265 34306 34317 34424 34444 34493 34542 34593 34616 34638 34652 34683 34723 34774 34894 34898 34916 34933 34939 34943 34972 35026 35031 35053 35118 35134 35145 35150 35166 35173 35188 35291 35341 35357 35384 35446 35453 35499 35617 35663 35674 35696 35744 35773 35854 35889 36011 36021 36036 36061 36099 36129 36132 36175 36186 36241 36263 36272 36310 36325 36333 36402 36432 36461 36471 36537
use FR941206-1-00134 11 31786 33657 33959 33971 34930 34969 35046 35147 35333 35389 36112
or FR941206-1-00134 55 31787 31799 31832 32055 32182 32278 32386 32389 32411 32424 32431 32513 32523 32531 32567 32704 32856 32881 32919 33116 33123 33149 33177 33255 33300 33335 33466 33473 33501 33579 33658 34156 34180 34453 34475 34517 34526 35018 35129 35308 35531 35609 35840 35869 35881 35928 35959 35970 35986 36002 36016 36055 36068 36078 36476
abandoned FR941206-1-00134 6 31790 32530 35498 35616 35673 35853
other FR941206-1-00134 13 31792 32273 32405 32820 32920 33004 33273 34370 34842 34995 35305 35586 36363
equipment FR941206-1-00134 6 31794 33125 33180 33660 35001 36165
mine FR941206-1-00134 1 31796
storage FR941206-1-00134 4 31797 32165 34856 35408
areas FR941206-1-00134 2 31798 35211
closed FR941206-1-00134 4 31801 32514 35876 35883
mines FR941206-1-00134 1 31802
environmental FR941206-1-00134 5 31805 31930 32250 36192 36210
hazard FR941206-1-00134 2 31806 31818
would FR941206-1-00134 7 31807 31821 32547 32842 33994 35603 35653
exist FR941206-1-00134 2 31808 31822
if FR941206-1-00134 14 31809 32084 32121 32593 33278 33318 33894 33939 34014 34132 34299 34467 35622 35856
is FR941206-1-00134 34 31812 31843 31946 32596 32632 33049 33269 33310 33709 33763 33813 33849 34057 34123 34145 34202 34270 34303 34469 34486 34675 34868 34920 34947 35430 35443 35638 35656 35829 35858 36156 36230 36440 36502
improperly FR941206-1-00134 1 31813
disposed FR941206-1-00134 14 31814 32533 32948 33065 33139 33195 34041 34222 34422 34522 34636 36009 36034 36314
a FR941206-1-00134 77 31817 31977 32021 32089 32188 32282 32374 32384 32407 32414 32418 32427 32471 32475 32493 32541 32552 32716 32808 32832 32852 32951 33041 33059 33155 33198 33367 33407 33495 33563 33638 33702 33804 33828 33961 34048 34093 34099 34103 34173 34225 34234 34279 34324 34384 34406 34425 34435 34454 34545 34567 34584 34587 34617 34639 34694 34757 34895 34906 35027 35279 35362 35578 35640 35651 35806 35890 35898 35918 36012 36037 36043 36048 36057 36181 36250 36264
workers FR941206-1-00134 1 31820
from FR941206-1-00134 20 31823 31833 31846 32007 32187 32421 33251 33256 33412 33652 33659 34102 34314 34752 35239 35679 35706 35730 35780 36577
inhalation FR941206-1-00134 1 31824
fumes FR941206-1-00134 1 31827
during FR941206-1-00134 4 31828 33655 36493 36600
short FR941206-1-00134 1 31831
dermal FR941206-1-00134 1 31834
contact FR941206-1-00134 3 31835 32625 36334
when FR941206-1-00134 6 31836 31882 31897 31935 35376 35810
splicing FR941206-1-00134 1 31837
therefore FR941206-1-00134 5 31840 32185 33361 33665 35365
epa FR941206-1-00134 50 31842 31871 32008 32255 32309 32626 32686 32774 32824 32860 33012 33209 33240 33363 33404 33485 33532 33550 33596 33613 33667 33708 33762 33812 33848 34015 34056 34201 34269 34302 34381 34558 34592 34674 34878 34986 35043 35093 35137 35193 35325 35634 35721 35764 35792 36137 36173 36217 36370 36439
seeking FR941206-1-00134 8 31844 33710 33764 33815 33851 34203 34271 34304
comment FR941206-1-00134 1 31845
any FR941206-1-00134 18 31847 31884 32272 32379 32402 32441 33106 33112 33118 33185 33245 33880 34071 34361 34783 35222 35993 36030
person FR941206-1-00134 4 31848 32380 33113 34072
who FR941206-1-00134 7 31849 32031 32102 32752 32889 33114 35643
know FR941206-1-00134 1 31851
past FR941206-1-00134 1 31853
uses FR941206-1-00134 1 31854
cables FR941206-1-00134 1 31859
response FR941206-1-00134 5 31862 32449 32644 33381 36176
concerns FR941206-1-00134 1 31864
raised FR941206-1-00134 2 31865 33701
about FR941206-1-00134 2 31866 32234
handling FR941206-1-00134 5 31867 31883 34854 35250 35406
lead FR941206-1-00134 5 31868 31922 31940 31962 32104
can FR941206-1-00134 6 31872 32890 34322 34891 35815 35822
emphasize FR941206-1-00134 1 31874
strongly FR941206-1-00134 1 31875
enough FR941206-1-00134 1 31876
caution FR941206-1-00134 2 31878 31893
must FR941206-1-00134 8 31879 31894 31932 31964 33063 34520 34634 35676
exercised FR941206-1-00134 2 31881 31896
which FR941206-1-00134 10 31887 32490 32631 32709 33145 33159 33707 34188 34698 34837
contains FR941206-1-00134 4 31888 33295 33899 35947
first FR941206-1-00134 2 31891 33735
servicing FR941206-1-00134 2 31898 35049
prevent FR941206-1-00134 1 31902
inadvertent FR941206-1-00134 1 31904
release FR941206-1-00134 8 31905 32403 32410 32495 32554 32583 32595 32614
into FR941206-1-00134 5 31908 31958 34295 34926 35227
environment FR941206-1-00134 6 31910 32814 33683 34297 34330 35131
instance FR941206-1-00134 1 31914
restrictions FR941206-1-00134 1 31916
attendant FR941206-1-00134 1 31917
disposal FR941206-1-00134 57 31920 31926 31991 32091 32140 32167 32200 32241 32300 32312 32323 32338 32573 32579 32672 32692 32794 32816 32839 32846 32925 32954 32985 33005 33010 33052 33070 33266 33313 33434 33509 33536 33567 33718 33882 33922 34019 34276 34391 34687 34707 34807 34839 34859 35370 35411 35476 35927 36052 36169 36235 36255 36286 36383 36397 36410 36489
complicate FR941206-1-00134 1 31923
pcb FR941206-1-00134 68 31925 31938 31994 32090 32152 32175 32240 32315 32341 32508 32705 32731 32799 32834 32872 32935 32990 33042 33060 33073 33107 33121 33124 33129 33246 33389 33470 33474 33506 33540 33558 33724 33808 33873 33889 33916 34004 34030 34086 34213 34246 34378 34397 34602 34663 34690 34843 34883 34996 35087 35177 35237 35388 35771 35813 35980 36058 36261 36270 36358 36382 36420 36424 36506 36516 36520 36535 36564
process FR941206-1-00134 1 31927
as FR941206-1-00134 39 31929 32395 32397 32537 32551 32589 32715 32994 33058 33202 33268 33289 33528 33645 33759 33836 33838 34000 34007 34043 34089 34169 34176 34184 34286 34491 34649 34999 35426 35514 35549 35897 36056 36095 36316 36338 36342 36469 36484
releases FR941206-1-00134 4 31931 32251 32331 32360
controlled FR941206-1-00134 1 31934
separating FR941206-1-00134 1 31936
and FR941206-1-00134 83 31939 31983 31996 32018 32026 32072 32097 32171 32214 32227 32244 32271 32318 32642 32673 32746 32804 32819 32827 32838 32870 32978 32998 33017 33062 33126 33218 33325 33418 33438 33489 33537 33566 33625 33637 33681 33690 33722 33780 33920 33983 34080 34259 34328 34357 34369 34485 34574 34706 34788 34813 34858 34938 35076 35105 35165 35243 35346 35396 35410 35450 35457 35558 35560 35571 35682 35710 35777 35826 35874 35887 35934 35943 35995 36141 36147 36163 36180 36337 36529 36533 36539 36567
materials FR941206-1-00134 6 31941 33476 33643 33775 33865 33949
ensure FR941206-1-00134 4 31943 31952 32224 35248
further FR941206-1-00134 7 31944 31949 32193 32767 35084 35223 35315
contamination FR941206-1-00134 8 31945 34334 35208 35238 35772 35814 35942 36521
avoided FR941206-1-00134 1 31947
are FR941206-1-00134 32 31955 32073 32110 32146 32195 32232 32343 32361 32470 32529 32622 32943 32971 32999 33330 33623 33649 33743 33927 33944 33967 34263 34714 34750 34977 35002 35355 35372 35415 35472 36340 36572
reintroduced FR941206-1-00134 1 31957
commerce FR941206-1-00134 3 31959 31986 36130
decontaminated FR941206-1-00134 2 31966 36479
remove FR941206-1-00134 3 31968 32043 35235
residual FR941206-1-00134 1 31970
prior FR941206-1-00134 3 31972 33007 33789
sending FR941206-1-00134 1 31974
it FR941206-1-00134 4 31975 33048 35637 35857
recycling FR941206-1-00134 5 31978 32100 32264 33479 33791
operation FR941206-1-00134 1 31979
processing FR941206-1-00134 3 31982 32109 32119
distribution FR941206-1-00134 12 31984 34741 34778 35311 35535 35575 35610 35701 35746 35750 35775 36128
for FR941206-1-00134 52 31987 32108 32128 32174 32249 32314 32329 32340 32357 32602 32606 32612 32636 32657 32694 32924 33051 33072 33173 33272 33312 33345 33436 33706 33720 33884 33924 33970 34121 34159 34393 34689 34756 34771 34809 34882 35427 35581 35660 35789 35922 35937 36143 36145 36148 36288 36365 36385 36399 36412 36466 36508
purpose FR941206-1-00134 1 31989
regulated FR941206-1-00134 7 31993 32148 33050 33311 34870 34893 35418
wastes FR941206-1-00134 7 31995 32176 32732 34398 34664 34692 34697
their FR941206-1-00134 12 31997 32129 32235 32743 33336 33487 33609 33656 33697 33863 33908 36540
destruction FR941206-1-00134 1 31998
require FR941206-1-00134 4 31999 33460 36253 36307
approval FR941206-1-00134 3 32001 32092 32242
( FR941206-1-00134 114 32002 32009 32012 32015 32020 32039 32131 32134 32268 32347 32350 32373 32404 32451 32452 32461 32478 32580 32649 32651 32663 32680 32697 32733 32782 32956 32959 32962 32965 33034 33055 33077 33080 33083 33092 33095 33098 33234 33371 33374 33377 33424 33448 33451 33454 33513 33516 33519 33522 33583 33629 33686 33932 33935 33982 34061 34064 34067 34118 34126 34405 34408 34434 34437 34440 34458 34495 34498 34501 34570 34655 34827 34830 34833 34864 34954 34956 35037 35202 35217 35231 35244 35319 35361 35391 35504 35507 35510 35518 35521 35524 35597 35600 35690 35715 35796 35799 35802 35805 35832 36105 36116 36121 36194 36205 36212 36222 36249 36304 36378 36392 36473 36591 36603
ie FR941206-1-00134 7 32003 32040 32581 33793 33867 35392 35955
permit FR941206-1-00134 2 32005 32082
) FR941206-1-00134 113 32006 32014 32017 32022 32023 32046 32136 32137 32270 32349 32352 32375 32416 32454 32463 32465 32480 32584 32653 32665 32667 32684 32721 32757 32788 32961 32964 32967 32968 33038 33057 33079 33082 33087 33094 33097 33100 33238 33373 33376 33379 33428 33450 33453 33456 33515 33518 33521 33526 33591 33634 33694 33934 33937 33989 34063 34066 34069 34120 34130 34407 34410 34436 34439 34442 34460 34497 34500 34503 34576 34672 34829 34832 34835 34867 34958 34959 35041 35204 35219 35233 35246 35323 35363 35403 35506 35509 35512 35520 35523 35526 35599 35602 35694 35719 35798 35801 35804 35807 35842 36108 36118 36123 36196 36207 36214 36227 36251 36306 36380 36394 36475 36595
see FR941206-1-00134 4 32010 32132 32957 34656
761.20 FR941206-1-00134 3 32011 32133 36472
c FR941206-1-00134 3 32013 32135 32298
2 FR941206-1-00134 9 32016 32351 32963 33096 33375 33452 33517 34065 35218
761.60 FR941206-1-00134 20 32019 32346 32958 33054 33076 33091 33370 33447 33512 33931 34060 34404 34433 34826 35503 35517 35596 35795 36377 36391
owners FR941206-1-00134 3 32025 32096 32226
operators FR941206-1-00134 3 32027 32098 32228
scrap FR941206-1-00134 3 32029 32213 32263
yards FR941206-1-00134 1 32030
engage FR941206-1-00134 1 32032
activities FR941206-1-00134 10 32034 32076 32130 32141 32720 32806 33024 35624 36375 36387
decontaminate FR941206-1-00134 4 32036 36260 36292 36423
and/or FR941206-1-00134 2 32047 33831
destroy FR941206-1-00134 1 32048
at FR941206-1-00134 43 32050 32154 32177 32345 32363 33075 33117 33297 33446 33511 33930 33978 34009 34059 34278 34403 34413 34514 34629 34666 34949 34980 35058 35151 35159 35269 35336 35466 35478 35595 35712 35794 35877 35884 35909 35962 35992 36029 36071 36114 36247 36302 36446
concentrations FR941206-1-00134 11 32051 32178 34414 34950 35107 35160 35963 35973 36072 36081 36507
50 FR941206-1-00134 22 32053 32180 33303 33525 33942 33980 34416 34952 35061 35090 35162 35273 35339 35401 35470 35862 35965 36076 36276 36297 36418 36455
ppm FR941206-1-00134 25 32054 32181 33304 33943 33981 34419 34484 34516 34633 34953 35062 35091 35163 35171 35274 35297 35340 35402 35471 35968 36077 36277 36298 36419 36456
greater FR941206-1-00134 7 32056 32183 33298 34518 34630 35271 35294
through FR941206-1-00134 4 32057 32538 34331 36481
practice FR941206-1-00134 2 32059 33166
`` FR941206-1-00134 15 32061 32378 32494 33029 33105 33290 34002 34582 34660 34765 34841 34852 34885 35096 35899
open FR941206-1-00134 2 32062 32512
burning FR941206-1-00134 1 32063
'' FR941206-1-00134 15 32064 32467 32496 33033 33164 33292 34006 34648 34665 34800 34846 34872 34905 35133 35901
subject FR941206-1-00134 3 32067 33354 35473
enforcement FR941206-1-00134 2 32070 32736
action FR941206-1-00134 2 32071 33359
conducting FR941206-1-00134 1 32074
these FR941206-1-00134 18 32075 32230 32322 32755 32848 32927 33023 33619 34924 35078 35240 35259 35413 35435 35589 35620 35664 35724
violation FR941206-1-00134 3 32078 32113 35174
tsca FR941206-1-00134 16 32081 32116 32151 32239 32337 32566 32952 33339 33408 34552 34618 34640 36038 36044 36049 36265
requirements FR941206-1-00134 33 32083 32173 32243 32313 32324 32328 32339 32356 32574 32611 32693 32986 33006 33395 33435 33510 33719 33883 33914 33923 34020 34431 34449 34463 34808 35371 35477 35725 35788 36236 36287 36398 36411
they FR941206-1-00134 3 32085 32122 34262
do FR941206-1-00134 4 32086 34255 35726 36294
possess FR941206-1-00134 1 32088
finally FR941206-1-00134 2 32094 34231
operations FR941206-1-00134 2 32101 32216
accept FR941206-1-00134 1 32103
containing FR941206-1-00134 22 32106 32507 32520 32868 32989 33181 34029 34085 34212 34245 35016 35023 35464 35734 35759 35932 35958 35990 36027 36067 36343 36452
operating FR941206-1-00134 1 32111
ban FR941206-1-00134 1 32117
on FR941206-1-00134 15 32118 32576 32677 32987 33766 33817 34025 34205 34233 34363 34559 34659 35035 35317 35768
obtained FR941206-1-00134 1 32125
exemption FR941206-1-00134 5 32127 32772 32901 33217 34197
identified FR941206-1-00134 1 32142
by FR941206-1-00134 14 32143 32437 32701 32802 32817 32911 33111 33478 34524 34527 34785 35434 35785 36047
commenter FR941206-1-00134 8 32145 32306 33384 34508 34763 34802 34823 34876
currently FR941206-1-00134 5 32147 35416 35432 36091 36360
under FR941206-1-00134 22 32149 32247 32484 32497 32555 32618 32897 32930 33053 33314 33918 33972 34113 34198 34400 34548 34606 35501 35515 35906 36376 36390
regulations FR941206-1-00134 11 32153 32368 32933 33390 34402 34768 35178 35328 35908 36246 36517
40 FR941206-1-00134 7 32155 32364 32370 34127 34622 34644 35479
cfr FR941206-1-00134 9 32156 32365 32371 34128 34623 34645 35480 35717 35911
part FR941206-1-00134 2 32157 32439
761 FR941206-1-00134 1 32158
include FR941206-1-00134 3 32160 33366 34339
abandonment FR941206-1-00134 6 32161 34705 34773 35662 35762 35790
place FR941206-1-00134 6 32163 34775 35500 35618 35675 35855
permitting FR941206-1-00134 1 32169
manifesting FR941206-1-00134 1 32172
regulatory FR941206-1-00134 5 32189 32780 33224 33496 36151
perspective FR941206-1-00134 2 32190 34927
no FR941206-1-00134 4 32192 32572 36201 36362
rules FR941206-1-00134 6 32194 33071 33316 35436 36301 36359
required FR941206-1-00134 2 32196 32945
address FR941206-1-00134 4 32198 34387 35181 36284
however FR941206-1-00134 9 32205 32790 32973 33878 33974 34505 35438 35482 36368
outreach FR941206-1-00134 2 32208 32292
program FR941206-1-00134 8 32209 32293 32840 33032 33568 35282 35894 35905
designed FR941206-1-00134 1 32210
reach FR941206-1-00134 2 32212 36296
salvaging FR941206-1-00134 1 32215
most FR941206-1-00134 1 32220
appropriate FR941206-1-00134 2 32221 34686
mechanism FR941206-1-00134 1 32222
facilities FR941206-1-00134 3 32231 32287 33329
educated FR941206-1-00134 1 32233
responsibilities FR941206-1-00134 1 32236
regarding FR941206-1-00134 4 32237 32608 33712 33853
potential FR941206-1-00134 4 32245 33344 33610 35580
liabilities FR941206-1-00134 1 32246
cercla FR941206-1-00134 12 32248 32327 32354 32485 32498 32556 32570 32619 33357 33394 34114 34160
solicits FR941206-1-00134 1 32256
cooperation FR941206-1-00134 1 32258
institute FR941206-1-00134 1 32261
industries FR941206-1-00134 1 32265
inc. FR941206-1-00134 3 32267 36198 36215
isri FR941206-1-00134 1 32269
individuals FR941206-1-00134 2 32274 35072
organizations FR941206-1-00134 1 32276
associations FR941206-1-00134 1 32279
developing FR941206-1-00134 1 32281
comprehensive FR941206-1-00134 1 32283
mailing FR941206-1-00134 1 32284
list FR941206-1-00134 1 32285
whom FR941206-1-00134 1 32289
directed FR941206-1-00134 1 32296
small FR941206-1-00134 42 32302 32316 32509 32695 32711 32770 32800 32835 32873 32936 32991 33043 33108 33182 33191 33215 33259 33321 33440 33471 33507 33541 33559 33601 33621 33725 33748 33809 33829 33890 34031 34087 34143 34149 34195 34214 34247 34315 34367 35103 35740 35831
capacitors FR941206-1-00134 35 32303 32317 32342 32510 32696 32801 32849 32874 32937 32992 33122 33130 33176 33183 33192 33260 33337 33441 33472 33542 33560 33573 33602 33622 33654 33663 33726 33749 33891 34032 34088 34150 34215 34248 34316
another FR941206-1-00134 3 32305 33102 34822
suggested FR941206-1-00134 5 32307 34179 34764 34804 34877
define FR941206-1-00134 1 32310
then FR941206-1-00134 2 32319 33306
cross FR941206-1-00134 2 32320 33391
reference FR941206-1-00134 2 32321 33392
reporting FR941206-1-00134 3 32330 32355 32610
hazardous FR941206-1-00134 9 32333 32358 32419 32472 32586 32616 32878 32906 33420
substances FR941206-1-00134 3 32334 32587 32617
provided FR941206-1-00134 2 32344 35352
b FR941206-1-00134 17 32348 32960 33078 33093 33372 33449 33514 33933 34062 34496 34828 35098 35505 35519 35598 35797 36305
; FR941206-1-00134 17 32353 32456 32564 33941 35216 35230 35242 35437 35469 35686 35695 35709 36119 36367 36518 36522 36532
substance FR941206-1-00134 4 32359 32420 32473 32604
listed FR941206-1-00134 1 32362
302.6. FR941206-1-00134 1 32366
302.6 FR941206-1-00134 1 32372
state FR941206-1-00134 2 32376 32977
: FR941206-1-00134 6 32377 33104 35201 36083 36190 36583
charge FR941206-1-00134 1 32382
vessel FR941206-1-00134 2 32385 32423
offshore FR941206-1-00134 1 32388
onshore FR941206-1-00134 1 32391
facility FR941206-1-00134 4 32392 32425 32955 36267
shall FR941206-1-00134 2 32393 33137
soon FR941206-1-00134 1 32396
he FR941206-1-00134 1 32398
has FR941206-1-00134 7 32399 33019 33405 33533 34532 35381 36371
knowledge FR941206-1-00134 1 32400
than FR941206-1-00134 13 32406 32815 33299 34631 35005 35272 35295 35338 35400 36001 36075 36417 36454
federally FR941206-1-00134 1 32408
permitted FR941206-1-00134 1 32409
application FR941206-1-00134 1 32412
pesticide FR941206-1-00134 1 32415
quantity FR941206-1-00134 6 32428 32435 32477 33186 34117 34196
equal FR941206-1-00134 3 32429 33301 36003
exceeding FR941206-1-00134 1 32432
reportable FR941206-1-00134 4 32434 32476 32553 34116
determined FR941206-1-00134 8 32436 32775 33219 33668 34054 34595 35094 35818
24hour FR941206-1-00134 1 32442
period FR941206-1-00134 4 32443 34050 34101 34175
immediately FR941206-1-00134 1 32445
notify FR941206-1-00134 1 32446
national FR941206-1-00134 1 32448
center FR941206-1-00134 1 32450
800 FR941206-1-00134 2 32453 32652
4248802 FR941206-1-00134 1 32455
washington FR941206-1-00134 3 32458 32646 32659
dc FR941206-1-00134 4 32460 32648 32661 36223
202 FR941206-1-00134 1 32462
4262675 FR941206-1-00134 1 32464
since FR941206-1-00134 3 32468 33397 35278
rq FR941206-1-00134 4 32479 32601 34119 34158
1 FR941206-1-00134 5 32482 32521 34124 34154 35203
pound FR941206-1-00134 4 32483 32522 34125 34155
question FR941206-1-00134 2 32488 32750
becomes FR941206-1-00134 2 32489 33960
scenarios FR941206-1-00134 1 32491
constitute FR941206-1-00134 1 32492
case FR941206-1-00134 3 32502 33271 35698
fluorescent FR941206-1-00134 19 32504 32865 32894 32995 33414 33443 33463 33481 33731 33756 33777 33885 33902 33951 33997 34026 34082 34209 34242
light FR941206-1-00134 23 32505 32517 32866 32895 32940 32996 33333 33415 33444 33464 33482 33732 33757 33778 33857 33886 33903 33952 33998 34027 34083 34210 34243
ballasts FR941206-1-00134 24 32506 32518 32867 32896 32941 32997 33334 33445 33465 33483 33733 33758 33779 33821 33858 33887 33904 33953 34028 34037 34084 34171 34211 34244
drums FR941206-1-00134 1 32515
collectively FR941206-1-00134 1 32519
more FR941206-1-00134 3 32524 32983 34897
otherwise FR941206-1-00134 1 32532
placement FR941206-1-00134 1 32539
municipal FR941206-1-00134 9 32542 33199 33351 34044 34094 34226 34251 34280 34318
solid FR941206-1-00134 9 32543 32640 34045 34095 34227 34252 34281 34319 36013
waste FR941206-1-00134 24 32544 32641 32854 32879 32885 32900 32907 33157 33421 33572 33577 34046 34091 34096 34228 34253 34282 34320 34456 34490 36014 36040 36060 36491
landfill FR941206-1-00134 13 32545 32855 32886 33158 33200 34097 34229 34267 34283 34457 34619 36015 36041
generally FR941206-1-00134 3 32548 32942 35451
regarded FR941206-1-00134 2 32550 36341
one FR941206-1-00134 3 32558 34762 34875
point FR941206-1-00134 1 32559
clear FR941206-1-00134 1 32563
unlike FR941206-1-00134 2 32565 35565
rcra FR941206-1-00134 2 32568 34199
imposes FR941206-1-00134 1 32571
itself FR941206-1-00134 1 32575
initial FR941206-1-00134 1 32578
even FR941206-1-00134 3 32592 33317 35737
excess FR941206-1-00134 2 32598 36584
specifics FR941206-1-00134 1 32607
readers FR941206-1-00134 3 32621 32970 33243
advised FR941206-1-00134 4 32623 32975 33000 35373
's FR941206-1-00134 5 32627 33013 33350 33385 35593
superfund/rcra FR941206-1-00134 1 32628
hotline FR941206-1-00134 1 32629
information FR941206-1-00134 6 32634 33711 33852 34204 34337 34468
service FR941206-1-00134 4 32635 34753 35562 35892
office FR941206-1-00134 2 32638 33014
emergency FR941206-1-00134 1 32643
tollfree FR941206-1-00134 1 32650
4249346 FR941206-1-00134 1 32654
local FR941206-1-00134 10 32656 32905 32916 32921 32979 34740 35534 35700 35745 35774
area FR941206-1-00134 1 32662
703 FR941206-1-00134 1 32664
9209810 FR941206-1-00134 1 32666
promulgating FR941206-1-00134 1 32670
marking FR941206-1-00134 1 32674
rule FR941206-1-00134 3 32675 34654 35029
published FR941206-1-00134 2 32676 35030
february FR941206-1-00134 1 32678
1978 FR941206-1-00134 1 32679
43 FR941206-1-00134 1 32681
fr FR941206-1-00134 7 32682 32784 33236 33585 33688 35039 35321
7150 FR941206-1-00134 1 32683
decided FR941206-1-00134 1 32687
impose FR941206-1-00134 4 32690 32778 32982 33222
special FR941206-1-00134 1 32691
except FR941206-1-00134 2 32698 33172
those FR941206-1-00134 2 32699 33729
owned FR941206-1-00134 2 32700 33110
capacitor FR941206-1-00134 12 32702 32712 32771 32836 33044 33109 33216 33322 33508 33810 33830 34144
manufacturers FR941206-1-00134 4 32703 32707 33174 33178
article FR941206-1-00134 3 32706 33061 34863
was FR941206-1-00134 5 32713 34110 34509 35068 35283
placed FR941206-1-00134 4 32714 34024 34264 34615
result FR941206-1-00134 6 32717 32843 33250 33986 35117 35144
manufacturing FR941206-1-00134 1 32719
due FR941206-1-00134 1 32722
problems FR941206-1-00134 1 32724
associated FR941206-1-00134 5 32725 32741 34993 35310 36164
regulating FR941206-1-00134 1 32727
class FR941206-1-00134 1 32729
eg FR941206-1-00134 1 32734
difficulties FR941206-1-00134 1 32737
expense FR941206-1-00134 1 32740
collection/disposal FR941206-1-00134 1 32744
issues FR941206-1-00134 2 32747 33705
surrounding FR941206-1-00134 1 32748
incur FR941206-1-00134 1 32754
costs FR941206-1-00134 2 32756 34351
reassessing FR941206-1-00134 1 32760
whether FR941206-1-00134 4 32761 33500 33781 35944
steps FR941206-1-00134 1 32762
taken FR941206-1-00134 1 32765
limit FR941206-1-00134 2 32768 35628
additional FR941206-1-00134 4 32779 33223 33881 34018
controls FR941206-1-00134 2 32781 33225
44 FR941206-1-00134 4 32783 33235 33584 35038
31528 FR941206-1-00134 3 32785 33237 33588
because FR941206-1-00134 8 32792 33616 33802 33964 34112 35748 35819 36350
large FR941206-1-00134 5 32796 33555 34376 34394 34661
quantities FR941206-1-00134 4 32797 33556 33628 35104
commercial FR941206-1-00134 2 32803 32826
industrial FR941206-1-00134 7 32805 32828 34512 34598 34611 34700 36018
posed FR941206-1-00134 1 32807
somewhat FR941206-1-00134 1 32809
larger FR941206-1-00134 1 32810
risk FR941206-1-00134 9 32811 34325 34343 34353 34681 34990 35007 35126 35630
householders FR941206-1-00134 1 32818
infrequent FR941206-1-00134 1 32821
disposers FR941206-1-00134 1 32822
encouraged FR941206-1-00134 2 32825 33551
firms FR941206-1-00134 2 32829 33552
establish FR941206-1-00134 2 32831 33562
voluntary FR941206-1-00134 2 32833 33564
collection FR941206-1-00134 3 32837 32908 33565
either FR941206-1-00134 4 32851 33827 35607 35859
chemical FR941206-1-00134 10 32853 32884 33156 33576 34455 36039 36495 36500 36545 36579
incinerator FR941206-1-00134 6 32858 32880 33144 34446 34641 36045
recommends FR941206-1-00134 1 32862
disposing FR941206-1-00134 3 32863 33331 33553
intact FR941206-1-00134 7 32869 33188 33324 33437 33721 34079 34258
nong FR941206-1-00134 5 32871 33190 33439 33723 34081
approved FR941206-1-00134 6 32877 32883 32953 36050 36266 36372
persons FR941206-1-00134 1 32888
dispose FR941206-1-00134 2 32891 34074
household FR941206-1-00134 3 32899 34090 34105
consider FR941206-1-00134 2 32903 34678
utilizing FR941206-1-00134 1 32904
efforts FR941206-1-00134 1 32909
sponsored FR941206-1-00134 1 32910
city/county FR941206-1-00134 1 32912
health FR941206-1-00134 3 32913 34327 35128
departments FR941206-1-00134 2 32914 32918
government FR941206-1-00134 1 32922
entities FR941206-1-00134 2 32923 34372
items FR941206-1-00134 6 32928 32988 33926 34884 35414 35463
current FR941206-1-00134 7 32932 33315 34401 34962 35516 36150 36245
found FR941206-1-00134 11 32938 33746 33771 33945 33977 34942 34979 35138 35187 35743 36427
ii FR941206-1-00134 6 32966 33455 33520 34834 35511 35525
governments FR941206-1-00134 1 32980
stringent FR941206-1-00134 1 32984
determine FR941206-1-00134 5 33002 33499 36505 36523 36534
all FR941206-1-00134 4 33003 34777 35491 35680
undertaking FR941206-1-00134 1 33009
air FR941206-1-00134 2 33016 34973
radiation FR941206-1-00134 1 33018
developed FR941206-1-00134 1 33020
guidance FR941206-1-00134 1 33021
addressing FR941206-1-00134 1 33022
conjunction FR941206-1-00134 1 33026
its FR941206-1-00134 3 33028 33491 35865
green FR941206-1-00134 1 33030
lights FR941206-1-00134 1 33031
ref FR941206-1-00134 4 33035 33084 33425 33523
53 FR941206-1-00134 1 33037
once FR941206-1-00134 3 33040 34261 36268
starts FR941206-1-00134 1 33045
leaking FR941206-1-00134 2 33046 34313
d FR941206-1-00134 2 33056 34374
according FR941206-1-00134 1 33067
articles FR941206-1-00134 5 33074 33917 34844 34997 35485
5 FR941206-1-00134 7 33081 33936 34573 34831 35522 35601 35800
57 FR941206-1-00134 1 33086
also FR941206-1-00134 9 33089 33241 33814 33850 34382 34803 35916 36126 36157
iv FR941206-1-00134 1 33099
identifies FR941206-1-00134 1 33101
exception FR941206-1-00134 1 33103
manufactures FR941206-1-00134 1 33115
time FR941206-1-00134 3 33119 33605 35073
acquired FR941206-1-00134 1 33127
course FR941206-1-00134 1 33133
manufacture FR941206-1-00134 3 33136 33855 33871
... FR941206-1-00134 4 33142 33153 34604 35112
complies FR941206-1-00134 2 33146 33160
761.70 FR941206-1-00134 3 33148 34451 34646
until FR941206-1-00134 2 33150 35063
761.75 FR941206-1-00134 4 33162 34465 34494 34624
means FR941206-1-00134 2 33169 34787
mentioned FR941206-1-00134 1 33203
earlier FR941206-1-00134 3 33204 33530 34651
section FR941206-1-00134 5 33207 33409 34549 36155 36280
reevaluated FR941206-1-00134 1 33210
scope FR941206-1-00134 1 33212
federal FR941206-1-00134 2 33229 35033
register FR941206-1-00134 2 33230 35034
notice FR941206-1-00134 1 33231
warned FR941206-1-00134 1 33242
spillage FR941206-1-00134 1 33247
might FR941206-1-00134 1 33249
failure FR941206-1-00134 1 33252
damage FR941206-1-00134 1 33257
considered FR941206-1-00134 1 33264
illegal FR941206-1-00134 1 33265
spills FR941206-1-00134 1 33274
insulating FR941206-1-00134 1 33280
material FR941206-1-00134 9 33281 33293 33754 33788 33801 33834 33846 33898 33910
inside FR941206-1-00134 3 33282 35835 35998
ballast FR941206-1-00134 5 33284 33309 33416 33896 33999
sometimes FR941206-1-00134 1 33286
referred FR941206-1-00134 1 33287
potting FR941206-1-00134 13 33291 33475 33753 33774 33787 33800 33833 33845 33864 33897 33909 33948 33992
entire FR941206-1-00134 1 33308
internal FR941206-1-00134 1 33320
remains FR941206-1-00134 1 33323
nonleaking FR941206-1-00134 2 33326 34260
many FR941206-1-00134 2 33328 33617
incinerators FR941206-1-00134 2 33340 33582
avoid FR941206-1-00134 1 33342
superfund FR941206-1-00134 2 33346 34568
liability FR941206-1-00134 1 33347
today FR941206-1-00134 2 33349 35592
landfills FR941206-1-00134 4 33352 33578 34254 34321
become FR941206-1-00134 2 33353 33892
future FR941206-1-00134 1 33356
cleanup FR941206-1-00134 4 33358 34569 36139 36560
proposes FR941206-1-00134 3 33364 35793 36138
statement FR941206-1-00134 1 33368
vii FR941206-1-00134 1 33378
suggestion FR941206-1-00134 1 33386
publication FR941206-1-00134 1 33399
anprm FR941206-1-00134 1 33402
received FR941206-1-00134 2 33406 34383
21 FR941206-1-00134 2 33410 34550
petition FR941206-1-00134 4 33411 33488 33698 34547
several FR941206-1-00134 5 33413 34562 34744 36178 36573
recyclers FR941206-1-00134 1 33417
treatment FR941206-1-00134 2 33422 36530
council FR941206-1-00134 1 33423
49 FR941206-1-00134 4 33427 35320 35716 35910
petitioners FR941206-1-00134 5 33431 33700 33738 34178 34239
requested FR941206-1-00134 1 33432
amended FR941206-1-00134 2 33458 35326
incineration FR941206-1-00134 4 33461 33467 34525 34540
removed FR941206-1-00134 4 33477 34751 35255 36599
granted FR941206-1-00134 1 33486
stated FR941206-1-00134 2 33490 34824
intention FR941206-1-00134 1 33492
initiate FR941206-1-00134 1 33494
investigation FR941206-1-00134 1 33497
amend FR941206-1-00134 2 33504 36443
noted FR941206-1-00134 1 33529
discussed FR941206-1-00134 2 33534 34650
phaseout FR941206-1-00134 2 33538 33611
various FR941206-1-00134 3 33544 36373 36527
rulemakings FR941206-1-00134 1 33545
1979 FR941206-1-00134 1 33548
resulting FR941206-1-00134 2 33569 36576
going FR941206-1-00134 1 33574
high FR941206-1-00134 3 33580 34426 35870
temperature FR941206-1-00134 1 33581
31514 FR941206-1-00134 1 33586
1982 FR941206-1-00134 1 33594
revisited FR941206-1-00134 1 33597
issue FR941206-1-00134 4 33599 33956 34236 34389
regard FR941206-1-00134 1 33607
concluded FR941206-1-00134 1 33614
pcbcontaining FR941206-1-00134 1 33620
encapsulated FR941206-1-00134 1 33624
contain FR941206-1-00134 7 33626 33824 35206 35267 35398 36361 36415
minimal FR941206-1-00134 1 33627
0.1 FR941206-1-00134 1 33630
0.6 FR941206-1-00134 1 33632
pounds FR941206-1-00134 1 33633
fluid FR941206-1-00134 3 33636 34479 35082
significant FR941206-1-00134 2 33639 33962
amount FR941206-1-00134 1 33640
absorbent FR941206-1-00134 1 33642
paper FR941206-1-00134 1 33646
rarely FR941206-1-00134 1 33650
released FR941206-1-00134 1 33651
using FR941206-1-00134 1 33661
exposure FR941206-1-00134 7 33670 34992 35009 35119 35632 35731 35781
risks FR941206-1-00134 2 33671 34902
humans FR941206-1-00134 2 33673 36538
food FR941206-1-00134 2 33675 36541
feed FR941206-1-00134 1 33677
water FR941206-1-00134 3 33679 34333 35552
were FR941206-1-00134 7 33684 33784 33795 35254 35263 35625 36426
low FR941206-1-00134 2 33685 35106
47 FR941206-1-00134 1 33687
37342 FR941206-1-00134 1 33689
37349 FR941206-1-00134 1 33691
number FR941206-1-00134 5 33703 34035 34108 34163 34207
proposed FR941206-1-00134 3 33714 35502 36064
amendment FR941206-1-00134 1 33715
specifically FR941206-1-00134 3 33728 35444 35765
indicated FR941206-1-00134 3 33739 34240 34580
only FR941206-1-00134 2 33745 36094
but FR941206-1-00134 4 33750 35528 35647 35691
well FR941206-1-00134 2 33760 33837
data FR941206-1-00134 6 33765 33816 34272 34305 35276 35767
level FR941206-1-00134 2 33768 35940
rupture FR941206-1-00134 1 33805
percentage FR941206-1-00134 1 33819
recycled FR941206-1-00134 1 33822
concentration FR941206-1-00134 10 33840 33874 35088 35994 36031 36271 36322 36345 36557 36602
date FR941206-1-00134 1 33869
etc FR941206-1-00134 1 33876
moot FR941206-1-00134 1 33893
definitional FR941206-1-00134 1 33913
761.3 FR941206-1-00134 2 33919 34010
already FR941206-1-00134 1 33928
prescribed FR941206-1-00134 1 33929
continued FR941206-1-00134 3 33958 35142 35332
problem FR941206-1-00134 1 33963
authorized FR941206-1-00134 4 33969 34948 35044 35433
761.30. FR941206-1-00134 1 33973
< FR941206-1-00134 3 33979 35966 35977
dilution FR941206-1-00134 1 33988
compound FR941206-1-00134 1 33993
qualify FR941206-1-00134 1 33995
excluded FR941206-1-00134 1 34003
products FR941206-1-00134 1 34005
defined FR941206-1-00134 1 34008
second FR941206-1-00134 1 34012
determines FR941206-1-00134 1 34016
need FR941206-1-00134 1 34021
within FR941206-1-00134 3 34047 34098 34172
needs FR941206-1-00134 1 34051
proposing FR941206-1-00134 4 34058 34676 36231 36441
viii FR941206-1-00134 1 34068
up FR941206-1-00134 1 34076
25 FR941206-1-00134 3 34078 34109 34148
single FR941206-1-00134 1 34104
chosen FR941206-1-00134 1 34111
302.4 FR941206-1-00134 1 34129
estimate FR941206-1-00134 1 34134
approximately FR941206-1-00134 3 34136 34715 34729
2/3 FR941206-1-00134 1 34137
ounce FR941206-1-00134 1 34138
each FR941206-1-00134 5 34142 34795 35257 35878 35885
used FR941206-1-00134 9 34146 35530 36240 36258 36290 36309 36421 36460 36467
equals FR941206-1-00134 1 34151
just FR941206-1-00134 1 34152
over FR941206-1-00134 1 34153
lower FR941206-1-00134 1 34166
10 FR941206-1-00134 3 34170 35976 36084
1year FR941206-1-00134 1 34174
higher FR941206-1-00134 1 34181
3000 FR941206-1-00134 1 34185
per FR941206-1-00134 4 34186 34193 35981 36086
month FR941206-1-00134 2 34187 34194
approximates FR941206-1-00134 1 34189
100 FR941206-1-00134 4 34191 35978 35982 36087
kg FR941206-1-00134 1 34192
allowed FR941206-1-00134 1 34219
related FR941206-1-00134 2 34235 36182
sent FR941206-1-00134 1 34249
remain FR941206-1-00134 1 34257
indicating FR941206-1-00134 1 34273
practices FR941206-1-00134 2 34277 35141
compaction FR941206-1-00134 1 34287
will FR941206-1-00134 2 34289 35115
cause FR941206-1-00134 1 34290
leak FR941206-1-00134 1 34294
true FR941206-1-00134 1 34300
support FR941206-1-00134 1 34307
statements FR941206-1-00134 1 34309
create FR941206-1-00134 1 34323
ground FR941206-1-00134 1 34332
degree FR941206-1-00134 1 34341
reduction FR941206-1-00134 2 34344 34354
achieved FR941206-1-00134 1 34348
methods FR941206-1-00134 1 34355
impacts FR941206-1-00134 1 34359
regulation FR941206-1-00134 2 34362 34913
economy FR941206-1-00134 1 34365
businesses FR941206-1-00134 1 34368
affected FR941206-1-00134 1 34371
volume FR941206-1-00134 4 34377 34395 34662 35866
liquids FR941206-1-00134 8 34379 34412 34603 34784 34941 35397 35494 35693
request FR941206-1-00134 1 34385
options FR941206-1-00134 2 34392 35921
liquid FR941206-1-00134 3 34396 35347 35948
3 FR941206-1-00134 3 34409 34438 35232
499 FR941206-1-00134 1 34418
efficiency FR941206-1-00134 1 34427
boiler FR941206-1-00134 1 34428
meeting FR941206-1-00134 3 34429 34447 34461
iii FR941206-1-00134 2 34441 34502
cwl FR941206-1-00134 2 34459 34473
presented FR941206-1-00134 2 34470 34903
owner FR941206-1-00134 1 34474
operator FR941206-1-00134 1 34476
does FR941206-1-00134 4 34480 34964 36124 36282
exceed FR941206-1-00134 1 34482
500 FR941206-1-00134 6 34483 34515 34632 35170 35296 35967
ignitable FR941206-1-00134 1 34489
described FR941206-1-00134 1 34492
8 FR941206-1-00134 1 34499
referring FR941206-1-00134 1 34510
sludges FR941206-1-00134 4 34513 34612 34627 34701
alternate FR941206-1-00134 2 34529 36051
method FR941206-1-00134 2 34530 36053
demonstrated FR941206-1-00134 1 34534
equivalent FR941206-1-00134 2 34538 34820
responding FR941206-1-00134 1 34543
citizens FR941206-1-00134 1 34546
had FR941206-1-00134 1 34554
submitted FR941206-1-00134 1 34556
behalf FR941206-1-00134 1 34560
potentially FR941206-1-00134 2 34563 36587
responsible FR941206-1-00134 1 34564
parties FR941206-1-00134 1 34565
refs FR941206-1-00134 1 34571
6 FR941206-1-00134 2 34575 35508
agency FR941206-1-00134 1 34579
[ FR941206-1-00134 3 34583 35097 36185
] FR941206-1-00134 3 34585 35099 36228
s FR941206-1-00134 1 34586
matter FR941206-1-00134 2 34588 36188
policy FR941206-1-00134 2 34590 34608
1985 FR941206-1-00134 1 34594
treat FR941206-1-00134 1 34597
sludge FR941206-1-00134 1 34599
similarly FR941206-1-00134 1 34600
pcbcontaminated FR941206-1-00134 3 34610 35484 35950
complying FR941206-1-00134 2 34620 34642
contaminated FR941206-1-00134 2 34628 36588
discussion FR941206-1-00134 1 34658
unit FR941206-1-00134 2 34667 35447
iia FR941206-1-00134 1 34668
preamble FR941206-1-00134 2 34671 35461
sitespecific FR941206-1-00134 1 34680
factors FR941206-1-00134 1 34682
determining FR941206-1-00134 5 34684 35658 35938 36149 36512
mechanisms FR941206-1-00134 1 34688
remediation FR941206-1-00134 1 34691
category FR941206-1-00134 1 34695
includes FR941206-1-00134 2 34699 36549
e FR941206-1-00134 4 34703 36379 36393 36474
natural FR941206-1-00134 22 34709 34720 34815 34888 34917 34934 34944 34981 35014 35054 35154 35343 35349 35378 35611 35670 35951 35987 36024 36096 36102 36160
gas FR941206-1-00134 25 34710 34721 34816 34865 34889 34918 34935 34945 34982 35015 35055 35155 35344 35350 35379 35612 35671 35685 35689 35952 35988 36025 36097 36103 36161
pipeline FR941206-1-00134 24 34711 34722 34749 34817 34866 34936 34946 35022 35056 35156 35190 35380 35423 35442 35646 35672 35758 35931 35946 35953 35957 35989 36026 36098
there FR941206-1-00134 2 34713 36571
1.5 FR941206-1-00134 1 34716
million FR941206-1-00134 1 34717
miles FR941206-1-00134 3 34718 34731 34747
united FR941206-1-00134 1 34725
states FR941206-1-00134 1 34726
including FR941206-1-00134 2 34728 35048
275000 FR941206-1-00134 1 34730
interstate FR941206-1-00134 5 34733 35261 35306 35566 35608
transmission FR941206-1-00134 4 34734 35157 35214 35567
line FR941206-1-00134 2 34735 34899
remainder FR941206-1-00134 1 34738
comprising FR941206-1-00134 1 34739
systems FR941206-1-00134 6 34742 35158 35191 35241 35747 35776
thousands FR941206-1-00134 1 34745
every FR941206-1-00134 1 34754
year FR941206-1-00134 1 34755
variety FR941206-1-00134 1 34758
reasons FR941206-1-00134 1 34760
allow FR941206-1-00134 4 34770 35330 35604 36449
mains FR941206-1-00134 1 34779
after FR941206-1-00134 2 34780 35761
removal FR941206-1-00134 4 34781 35572 35652 35924
reasonable FR941206-1-00134 1 34786
sealing FR941206-1-00134 1 34790
ends FR941206-1-00134 2 34793 35714
segment FR941206-1-00134 1 34796
pipe FR941206-1-00134 6 34798 35537 35733 35828 35850 36066
drained FR941206-1-00134 4 34810 34814 34862 35489
hydraulic FR941206-1-00134 2 34811 35000
machinery FR941206-1-00134 1 34812
addresses FR941206-1-00134 1 34838
revised FR941206-1-00134 1 34849
say FR941206-1-00134 1 34851
moreover FR941206-1-00134 1 34873
revise FR941206-1-00134 1 34879
definition FR941206-1-00134 1 34881
so FR941206-1-00134 1 34886
pipelines FR941206-1-00134 8 34890 34919 35262 35307 35313 35351 35613 36162
manner FR941206-1-00134 1 34896
review FR941206-1-00134 1 34907
history FR941206-1-00134 1 34910
needed FR941206-1-00134 2 34921 36503
put FR941206-1-00134 1 34923
comments FR941206-1-00134 2 34925 36179
compressors FR941206-1-00134 5 34937 35057 35079 35345 35354
below FR941206-1-00134 2 34951 35089
761.30 FR941206-1-00134 3 34955 36115 36120
i FR941206-1-00134 4 34957 35803 36117 36122
authorization FR941206-1-00134 5 34963 35067 35114 35390 36113
extend FR941206-1-00134 2 34966 35303
compressor FR941206-1-00134 3 34974 34983 35395
units FR941206-1-00134 2 34975 35454
routinely FR941206-1-00134 2 34978 35742
stations FR941206-1-00134 1 34984
believes FR941206-1-00134 3 34987 35635 35722
much FR941206-1-00134 1 35003
different FR941206-1-00134 1 35004
endusers FR941206-1-00134 1 35012
reuse FR941206-1-00134 4 35020 35420 35440 36146
final FR941206-1-00134 2 35028 36321
31536 FR941206-1-00134 1 35040
levels FR941206-1-00134 9 35059 35184 35270 35287 35467 35769 35811 36140 36536
above FR941206-1-00134 3 35060 35161 35169
intended FR941206-1-00134 1 35069
give FR941206-1-00134 1 35071
drain FR941206-1-00134 1 35075
refill FR941206-1-00134 1 35077
nonb FR941206-1-00134 1 35081
reduce FR941206-1-00134 1 35085
ecause FR941206-1-00134 1 35100
involved FR941206-1-00134 1 35110
presents FR941206-1-00134 1 35123
unreasonable FR941206-1-00134 1 35125
1981 FR941206-1-00134 2 35135 35280
industry FR941206-1-00134 1 35140
least FR941206-1-00134 1 35152
13 FR941206-1-00134 2 35153 35260
instances FR941206-1-00134 1 35168
elevated FR941206-1-00134 1 35183
implemented FR941206-1-00134 2 35194 35284
remedial FR941206-1-00134 1 35195
plans FR941206-1-00134 1 35196
four FR941206-1-00134 1 35198
basic FR941206-1-00134 1 35199
objectives FR941206-1-00134 1 35200
limited FR941206-1-00134 1 35210
system FR941206-1-00134 5 35215 35229 35312 35536 36104
eliminate FR941206-1-00134 1 35221
entry FR941206-1-00134 1 35224
remaining FR941206-1-00134 1 35236
4 FR941206-1-00134 3 35245 35838 36005
proper FR941206-1-00134 1 35249
originally FR941206-1-00134 1 35264
presumed FR941206-1-00134 1 35265
collected FR941206-1-00134 2 35277 35825
compliance FR941206-1-00134 4 35281 35385 36062 36513
showed FR941206-1-00134 1 35285
fact FR941206-1-00134 1 35292
presumption FR941206-1-00134 1 35300
28185 FR941206-1-00134 1 35322
less FR941206-1-00134 7 35337 35399 35841 36000 36074 36416 36453
marked FR941206-1-00134 1 35356
accordance FR941206-1-00134 2 35358 36462
761.45 FR941206-1-00134 1 35360
commenters FR941206-1-00134 1 35367
questioning FR941206-1-00134 1 35368
operated FR941206-1-00134 1 35383
culverts FR941206-1-00134 1 35428
addressed FR941206-1-00134 2 35445 35452
iid2.b FR941206-1-00134 1 35448
iia5 FR941206-1-00134 1 35455
6. FR941206-1-00134 1 35458
761.60. FR941206-1-00134 1 35481
free FR941206-1-00134 1 35492
flowing FR941206-1-00134 1 35493
reused FR941206-1-00134 2 35532 36093
frequently FR941206-1-00134 1 35538
shares FR941206-1-00134 1 35539
public FR941206-1-00134 3 35540 35546 35891
rightsofway FR941206-1-00134 3 35541 35590 35621
thus FR941206-1-00134 1 35543
underlying FR941206-1-00134 1 35544
major FR941206-1-00134 1 35545
infrastructures FR941206-1-00134 1 35547
roadways FR941206-1-00134 1 35550
lines FR941206-1-00134 6 35553 35556 35563 35568 35576 35702
sewer FR941206-1-00134 1 35555
telephone FR941206-1-00134 1 35559
testing FR941206-1-00134 1 35570
great FR941206-1-00134 1 35579
causing FR941206-1-00134 1 35582
prolonged FR941206-1-00134 1 35583
disruption FR941206-1-00134 1 35584
utilities FR941206-1-00134 1 35587
sharing FR941206-1-00134 1 35588
proposal FR941206-1-00134 2 35594 35915
segments FR941206-1-00134 1 35605
along FR941206-1-00134 1 35619
certain FR941206-1-00134 1 35623
undertaken FR941206-1-00134 1 35626
function FR941206-1-00134 1 35641
owns FR941206-1-00134 1 35644
rather FR941206-1-00134 1 35648
disruptive FR941206-1-00134 1 35650
factor FR941206-1-00134 1 35659
allowing FR941206-1-00134 1 35661
circumstances FR941206-1-00134 1 35665
dot FR941206-1-00134 3 35667 35787 35907
requires FR941206-1-00134 1 35668
disconnected FR941206-1-00134 2 35678 35705
sources FR941206-1-00134 1 35681
supplies FR941206-1-00134 1 35683
purged FR941206-1-00134 1 35687
physically FR941206-1-00134 1 35704
customer FR941206-1-00134 1 35708
sealed FR941206-1-00134 3 35711 35875 35882
both FR941206-1-00134 1 35713
192.727 FR941206-1-00134 1 35718
provide FR941206-1-00134 1 35728
protection FR941206-1-00134 2 35729 35779
diameters FR941206-1-00134 1 35741
company FR941206-1-00134 2 35751 36107
lose FR941206-1-00134 1 35753
physical FR941206-1-00134 1 35754
control FR941206-1-00134 1 35755
requests FR941206-1-00134 1 35766
afforded FR941206-1-00134 1 35784
condensate FR941206-1-00134 1 35820
samples FR941206-1-00134 1 35821
too FR941206-1-00134 1 35830
having FR941206-1-00134 2 35833 35996
diameter FR941206-1-00134 2 35836 35999
inches FR941206-1-00134 2 35839 36006
accurately FR941206-1-00134 1 35845
wipe FR941206-1-00134 1 35846
sampled FR941206-1-00134 1 35847
filled FR941206-1-00134 1 35860
percent FR941206-1-00134 1 35863
grout FR941206-1-00134 1 35868
density FR941206-1-00134 1 35871
polyurethane FR941206-1-00134 1 35872
foam FR941206-1-00134 1 35873
end FR941206-1-00134 2 35879 35886
included FR941206-1-00134 1 35888
notification FR941206-1-00134 1 35893
onecall FR941206-1-00134 1 35900
underground FR941206-1-00134 1 35902
utility FR941206-1-00134 1 35903
warning FR941206-1-00134 1 35904
192.614 FR941206-1-00134 1 35912
provides FR941206-1-00134 1 35917
series FR941206-1-00134 1 35919
subsequent FR941206-1-00134 1 35926
decontamination FR941206-1-00134 6 35929 36135 36242 36311 36366 36528
defines FR941206-1-00134 1 35935
procedures FR941206-1-00134 3 35936 36142 36243
contacting FR941206-1-00134 2 35960 36069
surface FR941206-1-00134 2 35972 36080
> FR941206-1-00134 1 35975
micrograms FR941206-1-00134 2 35979 36085
square FR941206-1-00134 2 35983 36088
centimeters FR941206-1-00134 2 35984 36089
furnace FR941206-1-00134 1 36019
addition FR941206-1-00134 2 36022 36562
nonn FR941206-1-00134 1 36059
761.62. FR941206-1-00134 1 36065
same FR941206-1-00134 2 36101 36106
pursuant FR941206-1-00134 1 36109
authorize FR941206-1-00134 1 36127
761.79 FR941206-1-00134 4 36133 36248 36281 36447
surfaces FR941206-1-00134 1 36144
status FR941206-1-00134 1 36152
applicable FR941206-1-00134 1 36158
f FR941206-1-00134 1 36167
solvents FR941206-1-00134 9 36171 36239 36257 36289 36308 36330 36400 36413 36451
judicial FR941206-1-00134 1 36183
decision FR941206-1-00134 2 36184 36407
rollins FR941206-1-00134 3 36191 36209 36404
services FR941206-1-00134 2 36193 36211
nj FR941206-1-00134 2 36195 36213
docket FR941206-1-00134 1 36200
ii- FR941206-1-00134 1 36203
v. FR941206-1-00134 1 36216
937 FR941206-1-00134 1 36219
f.2d FR941206-1-00134 1 36220
649 FR941206-1-00134 1 36221
cir FR941206-1-00134 1 36224
1991 FR941206-1-00134 1 36226
clarify FR941206-1-00134 2 36233 36435
relating FR941206-1-00134 1 36237
explicitly FR941206-1-00134 1 36252
containers FR941206-1-00134 2 36262 36425
solvent FR941206-1-00134 3 36274 36327 36598
reaches FR941206-1-00134 1 36275
existing FR941206-1-00134 1 36300
761.1 FR941206-1-00134 1 36303
regardless FR941206-1-00134 1 36318
original FR941206-1-00134 1 36348
principle FR941206-1-00134 1 36353
antin FR941206-1-00134 1 36355
provisions FR941206-1-00134 3 36364 36445 36465
decontaminationlike FR941206-1-00134 2 36374 36386
approvals FR941206-1-00134 1 36384
issued FR941206-1-00134 1 36389
circuit FR941206-1-00134 1 36405
court FR941206-1-00134 1 36406
unclear FR941206-1-00134 1 36430
order FR941206-1-00134 1 36433
situation FR941206-1-00134 1 36437
hydrocarbon FR941206-1-00134 1 36450
oil FR941206-1-00134 1 36468
outlined FR941206-1-00134 1 36470
themselves FR941206-1-00134 1 36480
processes FR941206-1-00134 1 36482
filtration FR941206-1-00134 1 36485
g FR941206-1-00134 1 36487
generated FR941206-1-00134 1 36492
analysis FR941206-1-00134 5 36496 36501 36546 36569 36580
purposes FR941206-1-00134 1 36510
characterize FR941206-1-00134 1 36519
effectiveness FR941206-1-00134 1 36525
technologies FR941206-1-00134 1 36531
chain FR941206-1-00134 1 36542
sample FR941206-1-00134 3 36550 36553 36585
preparation FR941206-1-00134 1 36551
extraction FR941206-1-00134 1 36554
extract FR941206-1-00134 4 36556 36559 36597 36601
instrumental FR941206-1-00134 1 36568
possible FR941206-1-00134 1 36574
wastestreams FR941206-1-00134 1 36575
drying FR941206-1-00134 1 36589
agent FR941206-1-00134 1 36590
anhydrous FR941206-1-00134 1 36592
sodium FR941206-1-00134 1 36593
sulphate FR941206-1-00134 1 36594
acetone FR941206-1-00134 1 36604
hexane FR941206-1-00134 1 36606
methylene FR941206-1-00134 1 36608
chloride FR941206-1-00134 1 36609
