and FR941206-1-00134 190 101306 101357 101383 101400 101442 101457 101492 101503 101522 101567 101612 101729 101740 101745 101867 101960 102130 102154 102184 102235 102273 102299 102340 102405 102451 102463 102482 102586 102604 102670 102693 102696 102719 102731 102959 102981 103043 103069 103103 103111 103226 103246 103346 103556 103652 103731 103760 103806 103873 103915 103994 104016 104020 104065 104105 104114 104127 104139 104146 104157 104292 104313 104326 104485 104557 104572 104580 104586 104631 104701 104776 105108 105158 105170 105175 105178 105264 105270 105285 105335 105347 105352 105355 105440 105444 105456 105462 105472 105478 105539 105551 105556 105559 105576 105628 105634 105671 105743 105749 105766 105776 105830 105842 105847 105850 105872 105947 105953 106016 106028 106033 106036 106129 106135 106155 106163 106193 106206 106219 106230 106233 106240 106264 106284 106290 106392 106468 106543 106582 106606 106609 106853 106881 107066 107085 107115 107207 107216 107425 107430 107447 107466 107500 107625 107633 107707 107747 107765 107788 107797 107867 107875 107966 107977 108006 108079 108085 108112 108121 108145 108149 108206 108242 108261 108290 108357 108393 108437 108494 108562 108682 108720 108774 108812 108925 108936 108947 108966 108988 109011 109027 109089 109106 109169 109191 109208 109249 109273 109281 109291
containing FR941206-1-00134 12 101307 102569 102698 106730 106763 106893 107038 107128 107327 107363 107973 108490
less FR941206-1-00134 12 101308 102810 105219 105393 105601 105716 105895 106777 106828 106894 107330 107373
than FR941206-1-00134 21 101309 102811 102871 103132 103350 103408 103665 103858 105221 105395 105603 105718 105897 106778 106829 106895 107040 107331 107374 107837 107908
2 FR941206-1-00134 49 101310 101365 101390 101470 101592 101694 101793 101937 102263 102479 102640 103549 103724 104769 104868 105231 105403 105442 105611 105726 105905 105937 106103 106523 106792 106867 106896 106901 106928 107099 107130 107149 107249 107375 107384 107574 107630 107804 108042 108347 108468 108671 108708 108753 108763 108800 108920 109043 109296
ppm FR941206-1-00134 15 101311 102576 102808 106369 106387 106427 106831 106836 106897 106902 107042 107047 107131 107389 109065
pcbs FR941206-1-00134 63 101312 101552 102088 102298 102475 102481 102550 102571 102699 102767 102793 102815 102844 102863 103128 103220 103252 106294 106344 106370 106461 106687 106731 106760 106764 106832 106898 106903 107132 107328 107352 107364 107392 107482 107499 107503 107542 107650 107721 107777 107784 107792 107809 107845 107879 107892 107917 107937 107974 108008 108047 108065 108101 108108 108116 108238 108272 108396 108453 108491 108578 109010 109190
is FR941206-1-00134 60 101313 101603 101641 101681 101710 101771 101776 101801 101834 101879 101966 102121 102226 102383 102443 102608 103051 103099 103368 103617 103647 103698 103729 103742 103796 103824 103888 103934 104255 104353 104492 104569 104711 104748 105179 105356 105560 105777 105851 106037 106079 106275 106647 106776 106910 106988 107003 107137 107237 107295 107309 107329 107372 108231 108276 108316 108890 109068 109123 109312
not FR941206-1-00134 30 101314 101979 102011 102030 102160 102390 102631 102794 102845 103648 103797 103847 104529 104714 104881 104934 105673 106248 106469 106643 106648 106694 106989 107296 107489 107815 107940 108056 109124 109251
regulated FR941206-1-00134 6 101315 102542 102862 106471 108147 108155
for FR941206-1-00134 122 101316 101538 101557 101588 101610 101633 101658 101679 101689 101748 101803 101852 101909 101956 102082 102127 102146 102152 102228 102294 102303 102486 102592 102657 102760 102830 102836 102840 102880 102898 102914 103007 103126 103168 103192 103216 103481 103511 103543 103559 103629 103641 103662 103718 103826 103840 103854 103881 103892 103912 103926 103959 104071 104096 104229 104377 104391 104409 104418 104434 104453 104475 104497 104603 104668 104681 104683 104686 104708 104746 104774 104791 104918 105016 105082 106242 106278 106292 106309 106333 106363 106378 106399 106430 106472 106584 106657 106773 106860 106921 106936 107092 107145 107156 107245 107252 107325 107360 107367 107474 107513 107533 107656 107673 107689 107712 107723 107756 107921 107941 107945 107975 107997 108070 108400 108492 108524 109016 109032 109072 109197 109213
disposal FR941206-1-00134 51 101317 101539 101558 101589 101613 101657 101680 101770 101821 101853 101859 101872 101970 101977 102075 102155 102166 102191 102245 102304 102487 102720 103169 103193 104159 104236 105090 105101 105151 105216 105328 105390 105487 105532 105598 105644 105652 105660 105713 105823 105892 106009 106072 106220 106473 106697 107518 108165 109017 109198 109235
under FR941206-1-00134 39 101318 101892 102002 102053 102505 102520 102546 104357 104440 104816 105005 105112 105147 105297 105324 105501 105528 105687 105783 105819 105978 106005 106084 106318 106337 106380 106432 106465 106596 106650 106661 106699 106714 107597 108306 108582 108610 108626 109283
tsca FR941206-1-00134 27 101319 102073 102553 104260 104282 104347 104361 104369 104405 104577 104793 104804 104817 104829 104896 104908 104920 105071 105076 105122 105223 105299 105503 105689 105793 105980 107613
. FR941206-1-00134 185 101320 101540 101550 101590 101596 101666 101757 101779 101813 101855 101895 101901 101942 101989 102042 102051 102144 102196 102250 102337 102385 102400 102445 102476 102554 102638 102665 102682 102711 102735 102839 102865 102908 102971 103001 103036 103059 103113 103170 103194 103235 103257 103266 103297 103391 103420 103436 103468 103547 103576 103600 103612 103631 103722 103757 103799 103813 103830 103890 103930 103952 103983 104042 104083 104150 104193 104210 104216 104280 104320 104362 104401 104447 104591 104641 104655 104670 104726 104750 104866 104923 104957 104983 105012 105051 105085 105092 105240 105256 105275 105280 105371 105401 105412 105448 105467 105474 105609 105620 105639 105646 105724 105735 105754 105761 105903 105914 105939 105958 105964 106101 106121 106140 106204 106235 106266 106311 106329 106357 106371 106415 106455 106521 106572 106599 106638 106653 106705 106741 106765 106804 106865 106876 106950 106960 106982 107025 107097 107110 107170 107180 107202 107260 107270 107289 107318 107353 107393 107452 107572 107600 107651 107693 107768 107802 107823 107887 107912 107952 108040 108066 108126 108139 108174 108273 108297 108334 108381 108419 108473 108516 108544 108585 108639 108741 108758 108833 108886 108968 109001 109041 109135 109150 109182 109223
12. FR941206-1-00134 1 101321
in FR941206-1-00134 135 101322 101407 101464 101614 101636 101648 101880 101912 101931 102085 102197 102257 102491 102529 102536 102597 102609 102652 102704 102724 102742 102770 102777 102823 102937 102996 103011 103136 103198 103286 103310 103404 103426 103540 103568 103606 103643 103654 103842 103884 103985 104001 104075 104188 104232 104243 104268 104275 104301 104337 104394 104544 104648 104751 104966 104972 105180 105226 105267 105357 105398 105459 105561 105606 105631 105661 105721 105746 105852 105900 105950 106038 106132 106142 106244 106345 106394 106404 106442 106478 106538 106551 106555 106631 106811 106889 106969 107032 107050 107061 107123 107189 107230 107279 107395 107449 107507 107569 107582 107727 107799 107834 107846 107885 107895 107991 108009 108037 108052 108123 108136 108161 108185 108234 108256 108298 108341 108397 108404 108407 108439 108459 108496 108564 108591 108656 108747 108839 108991 109014 109070 109130 109172 109195 109308
761.65 FR941206-1-00134 7 101323 101536 103657 103850 105924 108994 109175
by FR941206-1-00134 72 101324 101358 101368 101381 101393 101416 101450 101476 101493 101511 101572 101672 101684 101712 101787 101810 102078 102503 102516 102543 103184 103503 103987 104021 104196 104379 104651 105140 105155 105207 105317 105332 105381 105521 105536 105589 105704 105811 105827 105883 105998 106013 106063 106144 106224 106355 106796 107398 107405 107412 107419 107431 107546 107548 107679 107864 108014 108016 108060 108318 108332 108530 108594 108645 108652 108743 108835 108893 108948 109036 109218 109314
revising FR941206-1-00134 7 101325 101369 101417 104022 107406 107420 108949
paragraphs FR941206-1-00134 21 101326 101418 101496 102258 104002 104244 104270 104302 104339 104545 104692 104946 106151 106172 107407 107421 108186 108342 108895 108926 109284
( FR941206-1-00134 465 101327 101331 101337 101340 101343 101347 101350 101353 101361 101364 101371 101374 101377 101386 101389 101409 101412 101419 101422 101426 101429 101433 101436 101443 101446 101466 101469 101472 101479 101482 101486 101489 101497 101500 101504 101507 101514 101519 101527 101542 101545 101591 101616 101619 101693 101705 101758 101780 101789 101792 101795 101814 101843 101896 101933 101936 102043 102055 102058 102103 102251 102259 102262 102266 102269 102274 102277 102314 102320 102447 102478 102499 102512 102533 102555 102558 102564 102613 102623 102639 102646 102708 102728 102732 102736 102744 102747 102750 102785 102799 102829 102835 102866 102893 102909 102947 102950 102953 102972 103018 103114 103120 103138 103141 103151 103200 103203 103258 103269 103275 103288 103291 103299 103357 103364 103395 103422 103454 103493 103516 103548 103570 103577 103587 103632 103658 103677 103707 103723 103765 103800 103814 103831 103851 103980 104003 104006 104009 104013 104017 104024 104027 104030 104044 104050 104056 104077 104164 104211 104245 104249 104303 104307 104363 104448 104546 104550 104656 104671 104693 104697 104733 104760 104768 104797 104822 104867 104941 104947 104951 104958 104984 105013 105030 105052 105086 105130 105133 105167 105200 105230 105241 105253 105257 105276 105307 105310 105344 105374 105402 105413 105423 105426 105430 105434 105437 105441 105445 105449 105468 105480 105489 105511 105514 105548 105579 105582 105610 105621 105640 105697 105725 105736 105755 105801 105804 105839 105876 105904 105915 105925 105929 105933 105936 105940 105959 105988 105991 106025 106056 106076 106102 106122 106152 106156 106160 106164 106173 106177 106181 106185 106189 106194 106267 106330 106406 106446 106485 106488 106492 106495 106500 106503 106506 106509 106522 106562 106565 106569 106573 106654 106706 106767 106787 106801 106805 106820 106833 106845 106866 106877 106892 106899 106916 106926 106944 106951 106961 106973 106976 106983 107026 107044 107055 107075 107098 107111 107127 107164 107171 107181 107193 107196 107203 107221 107224 107261 107271 107283 107290 107319 107339 107348 107354 107379 107388 107401 107408 107415 107422 107426 107434 107454 107468 107493 107528 107573 107622 107626 107629 107635 107639 107652 107695 107709 107731 107742 107803 107819 107840 107888 107913 107954 107987 108041 108067 108127 108140 108176 108187 108191 108194 108198 108202 108207 108210 108214 108217 108246 108265 108343 108346 108350 108354 108358 108361 108373 108378 108382 108409 108441 108464 108467 108474 108498 108510 108513 108566 108597 108600 108658 108661 108667 108670 108673 108676 108679 108684 108687 108690 108693 108696 108704 108707 108710 108713 108716 108723 108726 108729 108732 108735 108749 108752 108759 108762 108765 108768 108771 108776 108779 108782 108785 108788 108796 108799 108802 108805 108808 108815 108818 108821 108824 108827 108841 108844 108850 108853 108856 108859 108862 108870 108873 108876 108879 108882 108896 108899 108902 108906 108909 108912 108916 108919 108922 108927 108930 108933 108937 108940 108943 108951 108954 108970 108976 108982 108995 108998 109002 109042 109048 109077 109080 109151 109157 109163 109176 109179 109183 109225 109237 109285 109288 109292 109295
a FR941206-1-00134 186 101328 101524 101543 101617 101761 101790 101856 101934 102056 102069 102122 102172 102185 102331 102344 102394 102410 102492 102517 102537 102544 102547 102581 102729 102852 102894 103212 103303 103315 103323 103432 103523 103554 103633 103855 103918 103981 104185 104212 104234 104259 104281 104354 104368 104375 104404 104410 104426 104435 104457 104509 104520 104533 104558 104593 104609 104734 104737 104792 104801 104826 104889 104919 104925 104967 105026 105070 105075 105099 105121 105137 105168 105204 105208 105213 105298 105314 105345 105378 105382 105387 105424 105502 105518 105549 105586 105590 105595 105662 105666 105688 105701 105705 105710 105792 105808 105840 105880 105884 105889 105926 105968 105979 105995 106026 106060 106064 106069 106081 106091 106153 106174 106268 106315 106322 106326 106440 106447 106486 106493 106501 106576 106585 106620 106632 106696 106797 106911 106974 107001 107062 107138 107194 107238 107284 107307 107460 107475 107508 107531 107612 107636 107644 107686 107701 107757 107903 107949 107960 107995 108071 108188 108278 108281 108300 108537 108598 108668 108677 108685 108694 108705 108714 108724 108733 108760 108769 108777 108786 108797 108806 108816 108825 108851 108871 108897 108907 108917 108971 109005 109052 109061 109120 109186 109233 109258
) FR941206-1-00134 465 101329 101333 101339 101342 101345 101349 101352 101355 101363 101366 101373 101376 101379 101388 101391 101411 101414 101421 101424 101428 101431 101435 101438 101445 101448 101468 101471 101474 101481 101484 101488 101491 101499 101502 101506 101509 101516 101521 101529 101544 101547 101593 101618 101621 101697 101707 101760 101782 101791 101794 101797 101816 101854 101898 101935 101938 102045 102057 102060 102105 102253 102261 102264 102268 102271 102276 102279 102316 102322 102449 102480 102501 102514 102535 102557 102560 102566 102615 102637 102641 102648 102710 102730 102734 102738 102746 102749 102752 102787 102819 102832 102838 102868 102895 102911 102949 102952 102955 102974 103035 103116 103122 103140 103143 103153 103202 103205 103267 103271 103277 103290 103293 103301 103366 103367 103400 103424 103461 103495 103518 103550 103572 103579 103601 103634 103660 103681 103709 103725 103767 103802 103816 103833 103853 103982 104005 104008 104011 104015 104019 104026 104029 104032 104046 104052 104058 104079 104183 104213 104247 104251 104305 104309 104365 104450 104548 104552 104658 104673 104695 104699 104735 104762 104770 104799 104824 104869 104943 104949 104953 104960 104986 105015 105032 105054 105088 105132 105135 105169 105202 105232 105243 105255 105259 105278 105309 105312 105346 105376 105404 105415 105425 105428 105432 105436 105439 105443 105447 105451 105470 105484 105494 105513 105516 105550 105581 105584 105612 105623 105642 105699 105727 105738 105757 105803 105806 105841 105878 105906 105917 105927 105931 105935 105938 105942 105961 105990 105993 106027 106058 106078 106104 106124 106154 106158 106162 106166 106175 106179 106183 106187 106191 106196 106269 106332 106408 106448 106487 106490 106494 106497 106502 106505 106508 106511 106524 106564 106567 106571 106575 106656 106708 106769 106793 106803 106807 106822 106838 106847 106868 106879 106904 106905 106918 106929 106949 106953 106963 106975 106978 106985 107028 107049 107068 107077 107100 107113 107133 107169 107173 107183 107195 107198 107205 107223 107226 107263 107273 107285 107292 107321 107350 107351 107356 107390 107391 107403 107410 107417 107424 107428 107436 107456 107472 107497 107530 107575 107624 107628 107631 107637 107641 107654 107697 107716 107733 107744 107805 107822 107843 107890 107915 107956 107989 108043 108069 108129 108142 108178 108189 108193 108196 108200 108204 108209 108212 108216 108219 108248 108267 108345 108348 108352 108356 108360 108363 108375 108380 108384 108411 108443 108466 108469 108476 108500 108512 108515 108568 108599 108602 108660 108663 108669 108672 108675 108678 108681 108686 108689 108692 108695 108698 108706 108709 108712 108715 108718 108725 108728 108731 108734 108737 108751 108754 108761 108764 108767 108770 108773 108778 108781 108784 108787 108790 108798 108801 108804 108807 108810 108817 108820 108823 108826 108829 108843 108846 108852 108855 108858 108861 108864 108872 108875 108878 108881 108884 108898 108901 108904 108908 108911 108914 108918 108921 108924 108929 108932 108935 108939 108942 108945 108953 108956 108972 108978 108984 108997 109000 109004 109044 109050 109079 109082 109153 109159 109165 109178 109181 109185 109227 109256 109287 109290 109294 109297
, FR941206-1-00134 272 101330 101336 101346 101356 101380 101392 101415 101425 101432 101441 101475 101530 101560 101561 101676 101734 101737 101739 101809 101845 101905 101923 101949 101995 102005 102009 102014 102016 102018 102020 102064 102077 102099 102106 102109 102116 102157 102163 102168 102175 102201 102208 102223 102265 102272 102283 102285 102286 102381 102402 102441 102457 102459 102579 102584 102629 102634 102715 102717 102756 102801 102854 103003 103023 103028 103031 103081 103092 103209 103243 103245 103305 103313 103335 103360 103379 103398 103457 103502 103508 103589 103592 103595 103598 103650 103661 103679 103696 103700 103734 103819 103861 103920 103925 103972 104012 104098 104103 104107 104112 104117 104121 104125 104130 104133 104138 104168 104169 104170 104178 104180 104224 104323 104325 104382 104386 104428 104430 104482 104484 104501 104503 104608 104624 104628 104630 104633 104647 104650 104685 104700 104753 104766 104883 104893 104900 104931 104991 104994 105019 105103 105118 105164 105177 105195 105341 105354 105433 105495 105545 105558 105578 105789 105836 105849 105867 105870 105874 105928 105932 106022 106035 106055 106074 106088 106096 106112 106116 106149 106167 106169 106176 106180 106184 106188 106192 106214 106216 106218 106227 106229 106258 106260 106281 106297 106299 106302 106340 106512 106514 106527 106529 106531 106533 106635 106664 106666 106668 106670 106674 106676 106725 106991 107014 107016 107019 107213 107215 107298 107341 107365 107371 107381 107397 107444 107446 107483 107520 107632 107778 107787 107794 107796 107855 107928 107933 107938 107979 108082 108102 108111 108118 108120 108197 108201 108205 108244 108249 108252 108263 108268 108280 108302 108320 108349 108353 108422 108429 108433 108447 108547 108554 108558 108572 108593 108739 108831 108905 108915 108946 109055 109059 109083 109086 109088 109101 109105 109118 109126 109207 109215 109267
b FR941206-1-00134 37 101332 101338 101348 101362 102252 102260 102709 102733 102910 102948 103659 103832 103852 104004 104025 104045 104246 104304 104547 104694 104798 104948 105087 105254 105435 106157 106161 106510 107640 108860 108880 108928 108938 108952 109152 109286 109293
introductory FR941206-1-00134 5 101334 101439 106147 108603 108957
text FR941206-1-00134 4 101335 101440 108604 108958
1 FR941206-1-00134 51 101341 101351 101375 101546 101579 101620 101690 102059 102270 102315 102559 102812 102951 103494 103708 104364 104761 105131 105308 105427 105438 105512 105698 105802 105989 106331 106489 106846 106977 107076 107197 107478 107495 107529 107743 107847 107988 108195 108211 108514 108601 108634 108662 108900 108910 108931 108941 108977 109081 109158 109289
ii FR941206-1-00134 23 101344 101759 101796 102321 102513 102954 103115 103801 104014 104031 104057 104657 104959 105201 105375 105583 105877 106057 108711 108730 108803 108822 108877
iv FR941206-1-00134 10 101354 101378 101815 102448 102565 105014 108913 108944 109003 109184
adding FR941206-1-00134 10 101359 101494 101523 104197 106145 106170 107399 107413 107432 108894
paragraph FR941206-1-00134 39 101360 101370 101385 101408 101465 101478 101513 101518 101526 101615 101788 101932 102054 102743 102946 103137 103199 103515 103569 104023 104076 106148 106972 107192 107220 107282 107400 107414 107433 108408 108440 108463 108497 108565 108596 108657 108748 108840 108950
; FR941206-1-00134 19 101367 101449 101510 102510 102531 104479 104508 104532 104556 104796 104820 105198 105229 105372 106425 107404 107411 107418 107429
c FR941206-1-00134 29 101372 101387 101410 101420 101427 101434 101444 102267 102275 102556 102745 102973 103139 103201 104078 104823 105277 105446 105930 106165 106563 106946 107166 107259 108192 108344 108996 109078 109177
removing FR941206-1-00134 5 101382 101394 101451 103988 106293
reserving FR941206-1-00134 1 101384
the FR941206-1-00134 404 101395 101402 101452 101459 101582 101606 101630 101634 101638 101662 101670 101673 101677 101699 101708 101713 101721 101724 101732 101735 101743 101746 101752 101774 101783 101811 101830 101832 101838 101846 101874 101877 101885 101906 101910 101914 101927 101944 101947 101950 101957 101964 101972 101983 101986 101990 102027 102040 102079 102083 102087 102097 102111 102140 102148 102169 102181 102202 102206 102212 102217 102221 102232 102295 102308 102338 102353 102357 102368 102403 102419 102423 102431 102593 102605 102694 102761 102773 102778 102797 102858 102887 102928 102942 102997 103048 103055 103075 103083 103088 103094 103104 103133 103160 103171 103178 103185 103221 103224 103228 103233 103236 103241 103255 103278 103336 103354 103371 103374 103377 103385 103389 103392 103412 103415 103418 103437 103449 103451 103469 103473 103487 103496 103504 103528 103544 103551 103565 103580 103602 103607 103610 103669 103688 103692 103703 103714 103726 103737 103739 103749 103753 103758 103768 103770 103780 103784 103789 103803 103807 103811 103820 103822 103864 103869 103878 103882 103886 103898 103907 103910 103927 103931 103950 103953 103965 103974 103989 103996 104068 104091 104173 104225 104230 104265 104272 104288 104298 104346 104388 104392 104396 104416 104421 104451 104460 104467 104473 104480 104489 104493 104498 104512 104536 104561 104567 104576 104604 104613 104621 104638 104652 104659 104666 104674 104679 104689 104705 104724 104727 104744 104754 104772 104778 104784 104809 104813 104850 104864 104871 104878 104884 104895 104903 104907 104938 104963 104981 104998 105003 105007 105040 105049 105055 105062 105067 105083 105093 105127 105148 105156 105188 105222 105235 105246 105262 105281 105295 105304 105325 105333 105360 105396 105407 105418 105454 105508 105529 105537 105569 105604 105615 105626 105683 105694 105719 105730 105741 105762 105798 105812 105820 105828 105860 105898 105909 105920 105945 105976 105985 106006 106014 106046 106107 106127 106238 106270 106341 106358 106397 106481 106541 106558 106591 106600 106614 106617 106623 106679 106735 106738 106770 106849 106855 106883 106955 106958 106966 107079 107087 107117 107175 107178 107186 107209 107265 107268 107276 107322 107357 107457 107501 107514 107522 107537 107555 107559 107576 107588 107608 107647 107674 107677 107683 107690 107698 107736 107769 107773 107776 107779 107783 107789 107806 107853 107861 107870 107876 107891 107916 107946 107957 107981 107992 108001 108023 108027 108044 108097 108100 108103 108107 108113 108179 108235 108257 108303 108307 108313 108325 108328 108335 108385 108420 108450 108477 108525 108528 108534 108541 108545 108575 108607 108611 108627 108654 108745 108837 109024 109084 109093 109097 109107 109111 109114 109131 109136 109148 109205 109228 109271 109302 109306 109310
term FR941206-1-00134 7 101396 101403 101453 101460 102859 103990 103997
`` FR941206-1-00134 19 101397 101404 101454 101461 102860 103279 103991 103998 104154 108609 108625 108665 108702 108721 108756 108794 108813 108848 108868
facilities FR941206-1-00134 8 101398 102292 103484 104299 105091 105287 105770 107473
'' FR941206-1-00134 19 101399 101406 101456 101463 102864 103283 103993 104000 104163 108622 108638 108699 108719 108738 108791 108811 108830 108865 108885
substituting FR941206-1-00134 3 101401 101458 103995
units FR941206-1-00134 1 101405
4 FR941206-1-00134 10 101413 102044 105258 105450 105941 106655 106952 107172 107914 108128
5 FR941206-1-00134 12 101423 102647 106351 106504 106566 106707 106962 107182 107909 108141 108999 109180
6 FR941206-1-00134 13 101430 102333 102396 102737 102748 103142 103903 106570 106984 107204 108218 108863 108883
7 FR941206-1-00134 15 101437 101483 101501 102278 103121 103204 103276 103409 104007 107262 108362 108772 108789 108809 108828
8 FR941206-1-00134 10 101447 101490 103152 104028 104051 107272 108680 108697 108717 108736
facility FR941206-1-00134 22 101455 102050 103318 103378 103390 103419 103435 103546 103992 104241 104474 104568 104786 105084 105102 105296 105760 107509 108166 109236 109261 109311
unit FR941206-1-00134 7 101462 102311 102497 102538 103999 109026 109206
d FR941206-1-00134 20 101467 101574 103571 103621 104201 105114 105469 105483 105500 105785 105934 106178 106701 106768 107471 107594 107617 107726 108170 108199
iii FR941206-1-00134 17 101473 101781 102534 103815 104018 104672 104985 106077 108674 108691 108766 108783 108857 108903 108934 108983 109164
redesignating FR941206-1-00134 3 101477 101512 106150
g FR941206-1-00134 19 101480 101487 101498 101505 103270 103517 104250 104308 104551 104698 104952 105960 106190 107320 107409 107696 108410 108442 108465
as FR941206-1-00134 45 101485 101517 101533 101570 101996 102068 102107 102255 102467 102628 102740 103106 103108 103284 103307 103526 103624 103943 104035 104073 104204 104818 105065 105153 105330 105534 105825 106011 106086 106159 106199 106222 106402 106439 106794 106842 107072 107439 107685 108227 108229 108402 108536 108648 108961
new FR941206-1-00134 12 101495 101525 103029 103032 103324 103337 103555 104411 106171 106323 108282 108314
9 FR941206-1-00134 4 101508 103300 105431 107291
j FR941206-1-00134 12 101515 101528 103423 104585 105269 105461 105633 105748 105869 105952 106134 107732
k FR941206-1-00134 9 101520 104587 105271 105463 105635 105750 105871 105954 106136
to FR941206-1-00134 160 101531 101605 101629 101652 101750 101768 101819 101837 101865 101870 101968 101998 102013 102024 102037 102093 102137 102162 102179 102348 102392 102414 102469 102525 102552 102633 102677 102796 102847 102923 102926 102977 102989 103065 103079 103082 103232 103314 103376 103382 103417 103514 103619 103622 103702 103713 103897 103906 103936 103940 103946 103956 103964 104033 104067 104093 104142 104199 104202 104264 104296 104317 104342 104387 104472 104516 104575 104637 104702 104721 104787 104840 104861 104905 104914 104937 104978 104988 105025 105044 105060 105212 105289 105386 105594 105659 105680 105709 105772 105779 105888 106068 106090 106197 106276 106307 106412 106452 106518 106629 106683 106720 106734 106751 106781 106826 106858 106874 106998 107008 107057 107090 107108 107219 107304 107314 107334 107437 107463 107480 107567 107587 107620 107662 107704 107781 107830 107859 107880 107963 108035 108105 108168 108183 108239 108288 108324 108339 108371 108390 108434 108448 108462 108482 108508 108559 108573 108605 108623 108664 108700 108755 108792 108847 108866 108959 109075 109095 109278 109301
read FR941206-1-00134 11 101532 103623 104034 104203 106198 107438 108624 108701 108793 108867 108960
follows FR941206-1-00134 10 101534 103625 104036 104205 106200 106843 107073 107440 108649 108962
: FR941206-1-00134 34 101535 101704 102313 102498 102892 103149 103492 103626 103706 103764 104037 104206 104732 104759 104940 105129 105306 105510 105696 105800 105987 106201 106788 106834 106844 107074 107343 107441 107527 107741 107986 108096 108650 108963
storage FR941206-1-00134 34 101537 101548 101566 101611 101881 102046 102153 102296 102310 102595 102621 102653 102762 102881 102899 102915 103124 103172 103195 103311 103317 103434 103483 103561 103628 103911 104240 105759 105769 105921 109015 109025 109196 109260
***** FR941206-1-00134 18 101541 102446 102477 102645 103150 103268 103298 103421 103613 104043 104194 106766 107453 107694 107953 108175 108969 109224
limitations FR941206-1-00134 3 101549 104327 104632
any FR941206-1-00134 38 101551 101597 101921 102000 102072 102215 102291 102666 102683 102757 103249 103585 103635 103834 103938 104218 104329 104441 105647 105965 106254 106312 106346 106420 106594 106709 106808 106993 107029 107591 107669 107680 107824 108254 108435 108520 108531 108560
or FR941206-1-00134 153 101553 101655 101805 101863 101974 102021 102039 102089 102096 102114 102125 102139 102176 102190 102205 102220 102244 102288 102361 102364 102376 102427 102460 102471 102511 102532 102540 102577 102618 102685 102765 102809 102833 102964 102969 103328 103338 103358 103396 103428 103444 103455 103478 103582 103682 103746 103777 103828 103866 103949 104237 104332 104431 104444 104465 104504 104522 104539 104565 104595 104723 104767 104782 104821 104847 104863 104901 104980 104995 105001 105033 105037 105042 105097 105142 105199 105319 105373 105523 105580 105665 105682 105814 105875 106000 106075 106099 106119 106251 106261 106286 106304 106353 106376 106409 106422 106449 106459 106498 106515 106534 106553 106568 106619 106678 106685 106691 106727 106745 106749 106757 106761 106779 106827 106885 106932 106947 107020 107052 107083 107105 107119 107152 107167 107332 107494 107563 107638 107811 107826 107832 107883 107897 107926 107929 107934 107943 108031 108049 108250 108269 108376 108457 108580 108620 108636 109066 109113 109139 109230 109241 109253 109257
pcb FR941206-1-00134 92 101554 101600 101639 102074 102090 102300 102359 102362 102374 102377 102425 102437 102483 102567 102650 102668 102802 103154 103179 103636 103715 103727 103740 103771 103835 103954 104235 104238 104261 104283 104348 104370 104406 104412 104436 104477 104578 104605 104622 104706 104785 104794 104805 104830 104897 104909 104921 105072 105077 105106 105123 105215 105291 105300 105389 105486 105492 105504 105597 105656 105690 105712 105774 105794 105891 105971 105981 106071 106327 106388 106428 106441 106837 107043 107048 107054 107060 107368 107517 107538 107614 107754 107873 107950 108002 108092 108131 108164 109012 109053 109192 109234
items FR941206-1-00134 10 101555 102091 102301 102484 102651 102669 103155 103180 109013 109193
stored FR941206-1-00134 13 101556 101642 101917 102095 102379 102439 102490 102936 103058 103640 103717 103839 103958
after FR941206-1-00134 6 101559 102284 103353 105074 107762 108076
shall FR941206-1-00134 39 101562 101882 102305 102654 102673 102688 102700 102768 103156 103173 103210 103238 103447 103916 103961 104062 104086 104373 104414 104455 104634 104662 104677 104730 104757 105058 105119 105790 106210 106435 106474 106717 106743 107604 108223 108415 108504 109143 109262
be FR941206-1-00134 73 101563 101980 102066 102094 102489 102655 102674 102689 102701 102722 102769 102821 102878 102906 102924 102987 103063 103130 103157 103174 103182 103344 103402 103448 103537 103639 103838 103895 103957 103962 104063 104094 104343 104517 104618 104635 104645 104928 106350 106361 106390 106436 106475 106549 106580 106611 106626 106840 107006 107070 107312 107544 107580 107605 107659 107881 108012 108134 108158 108224 108240 108286 108293 108368 108416 108505 109019 109029 109128 109144 109200 109210 109279
removed FR941206-1-00134 8 101564 103165 103189 103253 103674 103743 103774 103793
from FR941206-1-00134 33 101565 101581 101586 101850 101887 103166 103190 103254 103411 103668 103675 103685 103744 103775 103794 103877 104172 104462 106253 106295 106463 106590 106688 106737 106957 107177 107267 107536 107554 107852 108000 108022 108540
disposed FR941206-1-00134 6 101568 101777 102702 106437 106476 108159
of FR941206-1-00134 263 101569 101575 101584 101622 101654 101669 101686 101723 101742 101778 101798 101829 101848 101939 101946 101971 101985 102035 102061 102071 102135 102165 102171 102214 102231 102280 102290 102297 102356 102367 102372 102422 102430 102435 102454 102474 102508 102523 102574 102611 102703 102713 102753 102763 102780 102806 102814 102817 102842 102882 102900 102916 102930 102945 102956 103096 103101 103144 103206 103219 103223 103248 103251 103294 103370 103373 103384 103388 103414 103431 103439 103441 103465 103475 103506 103519 103527 103530 103573 103609 103691 103752 103783 103810 103868 103909 103969 104080 104090 104119 104160 104190 104221 104252 104310 104328 104345 104360 104459 104488 104495 104511 104535 104553 104571 104588 104612 104665 104691 104719 104740 104803 104828 104844 104859 104877 104891 104954 104962 104976 104993 104997 105002 105021 105028 105039 105048 105069 105115 105162 105190 105237 105272 105339 105365 105409 105464 105491 105543 105571 105617 105636 105678 105732 105751 105786 105834 105911 105923 105955 105970 106020 106048 106094 106109 106114 106137 106272 106325 106335 106343 106438 106477 106483 106545 106560 106587 106593 106616 106622 106659 106672 106681 106702 106759 106870 106913 106919 106930 106965 106979 107023 107064 107102 107140 107143 107150 107185 107199 107227 107240 107243 107250 107275 107286 107477 107498 107516 107558 107590 107649 107676 107682 107714 107717 107720 107752 107759 107775 107791 107808 107844 107872 107878 107902 107905 107923 107936 107948 107968 107971 107994 108026 108046 108063 108073 108090 108099 108115 108160 108171 108220 108237 108259 108271 108327 108364 108395 108412 108444 108452 108470 108485 108488 108501 108527 108533 108569 108577 108986 109009 109039 109063 109092 109103 109110 109167 109189 109221 109232 109245 109298 109305
required FR941206-1-00134 10 101571 101786 102391 104074 105778 106223 106649 106990 107297 109277
subpart FR941206-1-00134 9 101573 103620 104200 105113 105196 105363 105784 106700 108169
this FR941206-1-00134 78 101576 101623 101687 101799 101893 101940 102003 102062 102281 102754 102957 103145 103207 103295 103520 103574 103970 104081 104084 104191 104222 104253 104276 104311 104554 104589 104642 104955 105116 105227 105273 105399 105465 105607 105637 105722 105752 105787 105901 105956 106138 106245 106273 106279 106319 106338 106381 106413 106433 106453 106466 106519 106546 106597 106639 106651 106662 106703 106715 106980 106996 107200 107228 107287 107302 107598 107601 107865 108172 108221 108365 108413 108445 108471 108502 108570 108583 109299
part FR941206-1-00134 25 101577 102602 103971 104223 104590 104845 105117 105193 105228 105274 105400 105466 105608 105638 105723 105753 105788 105865 105902 105957 106051 106139 106280 106704 108173
within FR941206-1-00134 3 101578 101661 101826
year FR941206-1-00134 4 101580 101692 107479 107848
date FR941206-1-00134 22 101583 101847 103186 103227 103242 103438 103450 103505 103529 103670 103690 103751 103769 103782 103790 103821 106592 107551 107557 108019 108025 109102
removal FR941206-1-00134 2 101585 101849
service FR941206-1-00134 6 101587 101851 103167 103191 103680 103795
oneyear FR941206-1-00134 2 101594 101928
extension FR941206-1-00134 9 101595 101891 101929 101959 101988 102001 102129 102234 103929
persons FR941206-1-00134 8 101598 104266 104289 104319 104366 104402 105475 108104
storing FR941206-1-00134 1 101599
waste FR941206-1-00134 39 101601 101640 101660 101744 101775 101833 101878 101973 102028 102494 102528 102607 102885 104040 104108 104148 104162 104333 104437 104513 104525 104540 104597 104606 105150 105160 105248 105327 105337 105531 105541 105822 105832 105973 106008 106018 106328 106400 109248
that FR941206-1-00134 48 101602 101643 101858 102026 102119 102131 102187 102239 102241 102326 103047 103093 103148 103177 103214 103320 103534 103845 103863 104560 104616 104704 104833 104837 104848 104875 105104 105238 105410 105618 105654 105733 105912 106110 106383 106722 106908 107000 107010 107135 107235 107306 107316 107642 107735 108094 108454 109268
subject FR941206-1-00134 6 101604 101836 102795 102846 103701 103963
1year FR941206-1-00134 10 101607 101663 101726 101754 101839 102149 108180 108336 108386 108478
time FR941206-1-00134 14 101608 101664 101678 101727 101755 101831 101840 101876 101922 101945 102150 102178 103738 104423
limit FR941206-1-00134 6 101609 101665 101728 101756 101841 102151
section FR941206-1-00134 60 101624 101688 101800 101894 101941 102004 102063 102282 102506 102521 102755 102958 103146 103208 103521 103575 103615 104082 104254 104277 104312 104358 104555 104956 105165 105342 105546 105837 106023 106246 106274 106320 106339 106382 106414 106434 106454 106467 106520 106547 106598 106652 106663 106716 106981 106997 107201 107229 107288 107303 107599 108222 108366 108414 108446 108472 108503 108571 108888 109300
may FR941206-1-00134 29 101625 101918 101993 102065 102210 102488 102856 102877 102921 103062 103638 103837 104257 104644 104887 104970 105293 105496 105685 105974 106360 106389 106548 106839 107069 108310 108367 108426 108551
provide FR941206-1-00134 4 101626 102343 102409 106249
written FR941206-1-00134 9 101627 101762 101784 101903 103463 103875 104738 104819 106577
notification FR941206-1-00134 4 101628 101709 107602 107990
regional FR941206-1-00134 31 101631 101674 101714 101907 101991 102080 102112 102203 102218 103085 103355 103393 103452 103879 103899 103932 104069 104227 104389 104639 104653 104660 104675 104728 104755 104851 104872 104885 105056 107577 109303
administrator FR941206-1-00134 34 101632 101675 101715 101908 101992 102081 102113 102204 102219 103086 103356 103394 103453 103880 103900 103933 104070 104228 104390 104640 104654 104661 104676 104729 104756 104852 104873 104886 105057 107458 107578 107699 107958 109304
region FR941206-1-00134 7 101635 101911 102084 103883 104231 104393 109307
which FR941206-1-00134 13 101637 101913 102086 102940 103646 103885 104233 104395 104709 104969 105006 107828 109309
they FR941206-1-00134 4 101644 103163 103187 104424
have FR941206-1-00134 7 101645 101823 102393 103211 105120 105780 105791
been FR941206-1-00134 6 101646 101824 102590 104530 104601 105080
unsuccessful FR941206-1-00134 1 101647
their FR941206-1-00134 5 101649 101659 102671 107753 108091
continuing FR941206-1-00134 3 101650 101766 101817
attempts FR941206-1-00134 4 101651 101767 101818 101869
dispose FR941206-1-00134 6 101653 106869 106964 107101 107184 107274
secure FR941206-1-00134 5 101656 101769 101820 101871 101969
upon FR941206-1-00134 4 101667 101902 109034 109216
receipt FR941206-1-00134 3 101668 104384 104664
notice FR941206-1-00134 6 101671 103464 104739 104802 104827 104890
automatically FR941206-1-00134 4 101682 101883 108226 108418
extended FR941206-1-00134 2 101683 108369
action FR941206-1-00134 3 101685 104433 106083
additional FR941206-1-00134 8 101691 101899 101924 101958 104764 104835 106862 107094
years FR941206-1-00134 7 101695 103667 103684 103860 106589 107761 108075
total FR941206-1-00134 5 101696 101875 102369 102432 108061
if FR941206-1-00134 21 101698 101807 102110 102932 103074 103485 103788 103817 104271 104519 104870 105126 105303 105507 105693 105797 105984 106636 107607 108274 109119
following FR941206-1-00134 9 101700 102309 102888 103488 103704 104939 107523 107737 107982
conditions FR941206-1-00134 24 101701 103489 103705 103939 104273 104324 104344 104629 104836 104876 105047 105185 105236 105408 105566 105616 105731 105857 105910 106043 106108 107524 107738 107983
are FR941206-1-00134 28 101702 101861 101916 102092 102159 102193 102247 102389 102890 102935 103077 103164 103490 103720 104184 104278 104294 104340 104838 104880 106732 107504 107525 107739 107893 107918 107984 108455
met FR941206-1-00134 8 101703 102891 103491 104279 104882 107526 107740 107985
i FR941206-1-00134 19 101706 102500 102751 102867 103766 104010 104449 104942 105134 105311 105515 105805 105992 106507 107416 107627 107955 108499 108567
received FR941206-1-00134 6 101711 103874 107545 107793 108013 108117
at FR941206-1-00134 31 101716 101920 101943 102047 102349 102415 102572 102659 102788 102804 103264 103736 103901 103978 104420 104583 105251 105362 105421 105862 106419 106613 106823 106937 106941 107157 107161 107253 107257 109023 109204
least FR941206-1-00134 8 101717 102350 102416 102660 103902 106938 107158 107254
30 FR941206-1-00134 5 101718 101827 102663 103351 107584
days FR941206-1-00134 10 101719 101828 102664 103352 103410 107553 107565 107585 108021 108033
before FR941206-1-00134 1 101720
expiration FR941206-1-00134 3 101722 103908 104992
initial FR941206-1-00134 2 101725 101753
it FR941206-1-00134 6 101730 103499 103671 103791 106366 108291
identifies FR941206-1-00134 1 101731
storer FR941206-1-00134 1 101733
types FR941206-1-00134 1 101736
volumes FR941206-1-00134 1 101738
location FR941206-1-00134 2 101741 103805
reasons FR941206-1-00134 1 101747
failure FR941206-1-00134 4 101749 101864 104987 105038
meet FR941206-1-00134 3 101751 102990 106211
record FR941206-1-00134 12 101763 101785 103213 103237 103261 103975 105027 106093 106113 106578 106601 106624
documenting FR941206-1-00134 1 101764
all FR941206-1-00134 30 101765 102373 102436 102649 102960 103486 103564 103710 104321 104626 105183 105564 105855 106041 106212 106372 106416 106456 106525 107464 107705 107745 107964 108083 108130 108143 108391 108483 108615 108631
maintained FR941206-1-00134 7 101772 102723 103733 106583 109020 109201 109280
until FR941206-1-00134 3 101773 106365 108312
available FR941206-1-00134 6 101802 104171 106628 109031 109125 109212
inspection FR941206-1-00134 4 101804 102017 109033 109214
submission FR941206-1-00134 2 101806 102213
requested FR941206-1-00134 6 101808 102233 103872 104385 104712 106637
agency FR941206-1-00134 3 101812 103470 103603
must FR941206-1-00134 39 101822 101952 102342 102407 102721 102820 102905 102986 103343 103401 103762 103894 106349 106579 106602 106610 106625 107005 107311 107543 107579 107658 107749 107771 107814 107849 107868 108011 108055 108087 108133 108157 108285 108322 109018 109028 109127 109199 109209
initiated FR941206-1-00134 1 101825
first FR941206-1-00134 1 101835
requirement FR941206-1-00134 4 101842 104643 106641 107603
ie FR941206-1-00134 5 101844 102800 103678 107340 107380
claim FR941206-1-00134 5 101857 106999 107011 107305 107317
costs FR941206-1-00134 1 101860
prohibitive FR941206-1-00134 1 101862
initiate FR941206-1-00134 1 101866
continue FR941206-1-00134 2 101868 108311
throughout FR941206-1-00134 1 101873
disqualify FR941206-1-00134 1 101884
notifier FR941206-1-00134 1 101886
receiving FR941206-1-00134 1 101888
an FR941206-1-00134 33 101889 102032 102048 102229 102323 102938 103308 103330 103644 103843 103922 104059 104716 104789 104916 104973 105110 105143 105320 105524 105650 105675 105781 105815 106001 106146 106861 107093 107534 107998 108162 109239 109264
automatic FR941206-1-00134 1 101890
3 FR941206-1-00134 32 101897 103578 103666 103683 103859 105053 105242 105414 105622 105737 105916 106123 106496 106574 106588 106878 107112 107225 107653 107760 107889 108068 108074 108688 108727 108780 108819 108845 108854 108874 108955 109226
extensions FR941206-1-00134 5 101900 101925 102052 102200 103893
request FR941206-1-00134 17 101904 101948 104376 104417 104452 104667 104680 104745 104763 104773 107672 107688 107850 108523 108539 109035 109217
wastes FR941206-1-00134 12 101915 102388 102803 102904 102920 102985 103056 103073 105107 105292 105775 107370
grant FR941206-1-00134 3 101919 108427 108552
beyond FR941206-1-00134 1 101926
authorized FR941206-1-00134 12 101930 102519 103935 104295 105144 105321 105525 105816 106002 107596 109037 109219
requestor FR941206-1-00134 2 101951 101965
supply FR941206-1-00134 1 101953
specific FR941206-1-00134 2 101954 102006
justification FR941206-1-00134 3 101955 102126 103919
indicate FR941206-1-00134 3 101961 101975 103763
what FR941206-1-00134 1 101962
measures FR941206-1-00134 3 101963 104141 106719
taking FR941206-1-00134 1 101967
why FR941206-1-00134 2 101976 104743
could FR941206-1-00134 2 101978 104927
conducted FR941206-1-00134 3 101981 104518 105023
during FR941206-1-00134 2 101982 104620
period FR941206-1-00134 7 101984 103856 103914 106586 107476 107758 108072
prior FR941206-1-00134 6 101987 103381 103905 107566 107586 108034
require FR941206-1-00134 5 101994 102211 104777 104902 106695
condition FR941206-1-00134 2 101997 102070
granting FR941206-1-00134 2 101999 102198
actions FR941206-1-00134 2 102007 105018
including FR941206-1-00134 6 102008 103563 103973 104625 107710 109238
but FR941206-1-00134 9 102010 102158 102630 103380 104932 106992 107299 107939 108321
limited FR941206-1-00134 8 102012 102161 102632 104936 107718 107969 108398 108486
marking FR941206-1-00134 1 102015
recordkeeping FR941206-1-00134 10 102019 104097 104581 105265 105457 105629 105744 105948 106130 106640
financial FR941206-1-00134 6 102022 103325 103332 103340 103509 103541
assurance FR941206-1-00134 6 102023 103326 103333 103341 103510 103542
ensure FR941206-1-00134 3 102025 104703 106721
does FR941206-1-00134 6 102029 103846 106247 106642 106693 109250
pose FR941206-1-00134 1 102031
unreasonable FR941206-1-00134 5 102033 102133 104717 104974 105676
risk FR941206-1-00134 5 102034 102134 104718 104975 105677
injury FR941206-1-00134 6 102036 102136 104720 104860 104977 105679
health FR941206-1-00134 10 102038 102138 103102 103110 103948 104722 104862 104979 105681 106217
environment FR941206-1-00134 9 102041 102141 103105 103951 104725 104865 104982 105684 106736
approved FR941206-1-00134 5 102049 102539 104964 108163 108331
granted FR941206-1-00134 6 102067 108182 108305 108338 108389 108481
approval FR941206-1-00134 49 102076 103446 103480 103532 103562 103876 103942 104072 104209 104263 104285 104350 104372 104378 104408 104419 104429 104454 104669 104682 104710 104747 104775 104795 104807 104811 104832 104879 104899 104911 104922 105000 105009 105064 105073 105078 105111 105125 105302 105506 105692 105782 105796 105983 106698 107618 107851 108428 108553
director FR941206-1-00134 21 102098 102115 102207 102222 103359 103397 103456 105146 105210 105323 105384 105527 105592 105707 105818 105886 106004 106066 107854 108421 108546
chemical FR941206-1-00134 10 102100 103361 103458 104039 105247 107856 107930 108405 108423 108548
management FR941206-1-00134 13 102101 102496 103362 103459 104334 104438 104514 104526 104541 104598 107857 108424 108549
division FR941206-1-00134 6 102102 103363 103460 107858 108425 108550
cmd FR941206-1-00134 6 102104 102117 102209 102224 103365 103399
appropriate FR941206-1-00134 3 102108 102242 103084
determines FR941206-1-00134 2 102118 104874
there FR941206-1-00134 7 102120 103535 106909 107136 107236 108230 108275
demonstrated FR941206-1-00134 1 102123
need FR941206-1-00134 2 102124 102922
such FR941206-1-00134 17 102128 102199 102466 102627 102933 103097 103306 103466 103941 104318 104924 106907 107134 107234 107485 108277 108299
no FR941206-1-00134 14 102132 103000 103348 103406 103538 103663 105218 105392 105600 105715 105894 106723 107906 108232
will FR941206-1-00134 13 102142 103471 103536 104286 104314 104398 104573 104617 104713 105672 107667 108292 108518
result FR941206-1-00134 2 102143 104971
criteria FR941206-1-00134 1 102145
extending FR941206-1-00134 1 102147
include FR941206-1-00134 8 102156 103041 103240 103917 104087 104456 107772 108095
lack FR941206-1-00134 1 102164
capacity FR941206-1-00134 2 102167 103312
absence FR941206-1-00134 1 102170
treatment FR941206-1-00134 3 102173 102189 102243
technology FR941206-1-00134 1 102174
insufficient FR941206-1-00134 1 102177
complete FR941206-1-00134 2 102180 103557
treatment/destruction FR941206-1-00134 1 102182
process FR941206-1-00134 3 102183 104965 107831
demonstration FR941206-1-00134 1 102186
relevant FR941206-1-00134 2 102188 104537
options FR941206-1-00134 2 102192 102246
being FR941206-1-00134 4 102194 102248 103057 105066
pursued FR941206-1-00134 2 102195 102249
information FR941206-1-00134 2 102216 104765
believes FR941206-1-00134 1 102225
necessary FR941206-1-00134 3 102227 103945 104839
evaluation FR941206-1-00134 1 102230
periodic FR941206-1-00134 1 102236
progress FR941206-1-00134 1 102237
reports FR941206-1-00134 1 102238
demonstrate FR941206-1-00134 2 102240 103080
except FR941206-1-00134 3 102254 102739 107366
provided FR941206-1-00134 12 102256 102580 102741 102886 103046 103147 103197 103862 107484 107521 107734 107980
owners FR941206-1-00134 1 102287
operators FR941206-1-00134 1 102289
used FR941206-1-00134 18 102293 102759 102879 102897 102913 102976 103064 104095 104619 105288 105771 106348 106375 106429 106554 107505 107722 107919
designated FR941206-1-00134 2 102302 102485
comply FR941206-1-00134 4 102306 103848 104989 105045
with FR941206-1-00134 53 102307 102330 102599 102706 102726 102772 102825 103013 103054 103656 103849 104688 104856 104945 104990 105046 105182 105234 105245 105261 105359 105406 105417 105453 105563 105614 105625 105729 105740 105854 105908 105919 105944 106040 106106 106126 106237 106396 106444 106480 106540 106557 106813 106971 107012 107034 107191 107281 107729 108154 108993 109060 109174
requirements FR941206-1-00134 36 102312 102774 102889 102944 102970 102994 103263 103711 103977 104215 104322 104582 104627 104690 104815 105022 105189 105224 105250 105266 105361 105397 105420 105458 105570 105605 105630 105720 105745 105861 105899 105922 105949 106047 106131 106398
* FR941206-1-00134 30 102317 102318 102319 102561 102562 102563 103272 103273 103274 104047 104048 104049 104053 104054 104055 108973 108974 108975 108979 108980 108981 109045 109046 109047 109154 109155 109156 109160 109161 109162
adequate FR941206-1-00134 1 102324
floor FR941206-1-00134 3 102325 102339 102404
has FR941206-1-00134 20 102327 102589 103500 103604 103871 104528 104600 105079 105136 105203 105313 105377 105517 105585 105700 105807 105879 105994 106059 107610
continuous FR941206-1-00134 2 102328 102461
curbing FR941206-1-00134 5 102329 102341 102399 102406 102452
minimum FR941206-1-00134 5 102332 102395 106912 107139 107239
inch FR941206-1-00134 2 102334 102397
high FR941206-1-00134 3 102335 102398 105668
curb FR941206-1-00134 1 102336
containment FR941206-1-00134 3 102345 102411 102943
volume FR941206-1-00134 7 102346 102355 102371 102412 102421 102434 107904
equal FR941206-1-00134 5 102347 102413 106780 106825 107333
two FR941206-1-00134 2 102351 102417
times FR941206-1-00134 2 102352 102418
internal FR941206-1-00134 6 102354 102370 102420 102433 109115 109140
largest FR941206-1-00134 2 102358 102424
article FR941206-1-00134 11 102360 103637 103716 103728 103741 103772 103812 103823 103836 103870 103887
container FR941206-1-00134 8 102363 102426 102495 102758 103038 103049 103234 103256
25 FR941206-1-00134 2 102365 102428
percent FR941206-1-00134 4 102366 102429 106352 107059
articles FR941206-1-00134 2 102375 103955
containers FR941206-1-00134 17 102378 102438 102530 102568 102617 102681 102869 102896 102912 102934 102975 103061 103098 103125 103134 103196 107901
therein FR941206-1-00134 2 102380 102440
whichever FR941206-1-00134 3 102382 102442 103697
greater FR941206-1-00134 7 102384 102444 102578 106948 107039 107168 109067
pcb/fissionable FR941206-1-00134 6 102386 102883 102902 102918 102983 103071
radioactive FR941206-1-00134 6 102387 102884 102903 102919 102984 103072
however FR941206-1-00134 1 102401
still FR941206-1-00134 1 102408
floors FR941206-1-00134 1 102450
constructed FR941206-1-00134 2 102453 103651
portland FR941206-1-00134 1 102455
cement FR941206-1-00134 1 102456
concrete FR941206-1-00134 1 102458
smooth FR941206-1-00134 1 102462
nons FR941206-1-00134 6 102464 102837 106300 106774 106809 107030
materials FR941206-1-00134 11 102465 102687 102695 102783 103015 103039 106209 106306 106536 106762 108132
steel FR941206-1-00134 2 102468 103045
prevent FR941206-1-00134 2 102470 102927
minimize FR941206-1-00134 1 102472
penetration FR941206-1-00134 1 102473
hazardous FR941206-1-00134 8 102493 102527 102782 105157 105334 105538 105829 106015
permitted FR941206-1-00134 2 102502 102515
epa FR941206-1-00134 20 102504 104151 104226 104463 104468 105141 105318 105522 105813 105999 106630 107547 107609 107666 108015 108289 108333 108517 109040 109222
3004 FR941206-1-00134 1 102507
rcra FR941206-1-00134 2 102509 102524
state FR941206-1-00134 24 102518 102545 102963 104445 104502 105145 105209 105214 105322 105383 105388 105526 105591 105596 105706 105711 105817 105885 105890 106003 106065 106070 106228 106259
3006 FR941206-1-00134 1 102522
manage FR941206-1-00134 1 102526
otherwise FR941206-1-00134 2 102541 106470
law FR941206-1-00134 1 102548
regulating FR941206-1-00134 1 102549
similar FR941206-1-00134 1 102551
liquid FR941206-1-00134 8 102570 102606 102764 102901 102980 103068 103127 106458
concentrations FR941206-1-00134 2 102573 102805
50 FR941206-1-00134 5 102575 106368 106386 106426 109064
spill FR941206-1-00134 1 102582
prevention FR941206-1-00134 1 102583
control FR941206-1-00134 2 102585 103430
countermeasure FR941206-1-00134 1 102587
plan FR941206-1-00134 6 102588 104061 104085 104192 108614 108630
prepared FR941206-1-00134 2 102591 109282
temporary FR941206-1-00134 1 102594
area FR941206-1-00134 5 102596 102939 103645 103844 106740
accordance FR941206-1-00134 16 102598 102705 102725 102771 102824 106395 106443 106479 106539 106556 106970 107190 107280 107728 108992 109173
40 FR941206-1-00134 12 102600 105171 105191 105348 105366 105552 105572 105843 105863 106029 106049 107663
cfr FR941206-1-00134 14 102601 102790 102827 105172 105192 105349 105367 105553 105573 105844 105864 106030 106050 107664
112 FR941206-1-00134 1 102603
department FR941206-1-00134 2 102610 102779
transportation FR941206-1-00134 2 102612 102781
dot FR941206-1-00134 3 102614 102848 102874
specification FR941206-1-00134 1 102616
stationary FR941206-1-00134 2 102619 103123
bulk FR941206-1-00134 1 102620
tanks FR941206-1-00134 1 102622
excluding FR941206-1-00134 2 102624 109056
rolling FR941206-1-00134 1 102625
stock FR941206-1-00134 1 102626
tanker FR941206-1-00134 1 102635
trucks FR941206-1-00134 1 102636
[ FR941206-1-00134 9 102642 103117 103686 103747 103778 107549 108017 108587 108641
reserved FR941206-1-00134 2 102643 103118
] FR941206-1-00134 9 102644 103119 103695 103756 103787 107562 108030 108589 108643
checked FR941206-1-00134 1 102656
leaks FR941206-1-00134 1 102658
once FR941206-1-00134 1 102661
every FR941206-1-00134 1 102662
leaking FR941206-1-00134 1 102667
contents FR941206-1-00134 1 102672
transferred FR941206-1-00134 3 102675 103545 109100
immediately FR941206-1-00134 2 102676 102690
properly FR941206-1-00134 3 102678 107670 108521
marked FR941206-1-00134 2 102679 109146
nonleaking FR941206-1-00134 1 102680
spilled FR941206-1-00134 1 102684
leaked FR941206-1-00134 1 102686
cleaned FR941206-1-00134 1 102691
up FR941206-1-00134 2 102692 107056
residues FR941206-1-00134 1 102697
761.61 FR941206-1-00134 2 102707 106499
records FR941206-1-00134 11 102712 103732 103761 107013 107751 107770 108089 108965 108985 109166 109272
inspections FR941206-1-00134 3 102714 108987 109168
maintenance FR941206-1-00134 1 102716
cleanup FR941206-1-00134 3 102718 105969 105977
761.180 FR941206-1-00134 6 102727 103265 103979 108647 108889 108964
nond FR941206-1-00134 5 102766 102917 102982 103070 106460
set FR941206-1-00134 1 102775
forth FR941206-1-00134 1 102776
regulations FR941206-1-00134 4 102784 102968 106234 106265
hmr FR941206-1-00134 3 102786 102798 102850
49 FR941206-1-00134 2 102789 102826
parts FR941206-1-00134 9 102791 105173 105350 105554 105574 105845 106031 107345 107385
171180. FR941206-1-00134 1 102792
20 FR941206-1-00134 4 102807 106945 107165 107258
pound FR941206-1-00134 2 102813 108635
regardless FR941206-1-00134 2 102816 105490
concentration FR941206-1-00134 4 102818 105493 106421 109062
packaged FR941206-1-00134 2 102822 107894
173.203 FR941206-1-00134 1 102828
liquids FR941206-1-00134 6 102831 102931 106303 106532 106692 107362
173.213 FR941206-1-00134 1 102834
purposes FR941206-1-00134 5 102841 106334 106658 107713 107922
describing FR941206-1-00134 1 102843
's FR941206-1-00134 3 102849 104853 107510
on FR941206-1-00134 14 102851 103159 103921 104930 105187 105568 105859 106045 107540 107932 108004 109021 109147 109202
manifest FR941206-1-00134 1 102853
one FR941206-1-00134 2 102855 107896
use FR941206-1-00134 12 102857 103095 103383 103676 103745 103776 103809 104118 106213 106680 106746 108401
nont FR941206-1-00134 1 102861
other FR941206-1-00134 18 102870 102961 103060 103966 104219 104330 104432 104442 104523 104596 104842 106207 106255 106305 106423 106457 106535 107021
those FR941206-1-00134 3 102872 104269 104338
meeting FR941206-1-00134 1 102873
performance FR941206-1-00134 1 102875
standards FR941206-1-00134 5 102876 106221 106239 106544 108403
nong FR941206-1-00134 1 102907
designed FR941206-1-00134 3 102925 102988 103649
buildup FR941206-1-00134 1 102929
meets FR941206-1-00134 2 102941 104812
applicable FR941206-1-00134 6 102962 103712 103818 103967 106225 106256
federal FR941206-1-00134 5 102965 104443 104500 106226 106257
radiation FR941206-1-00134 1 102966
protection FR941206-1-00134 2 102967 106252
store FR941206-1-00134 3 102978 103066 105773
both FR941206-1-00134 2 102979 103067
nuclear FR941206-1-00134 3 102991 103008 103089
criticality FR941206-1-00134 2 102992 103009
safety FR941206-1-00134 4 102993 103010 103112 106215
specified FR941206-1-00134 4 102995 103135 103285 104543
ansi FR941206-1-00134 1 102998
standard FR941206-1-00134 7 102999 103006 103021 106772 106798 107324 107359
8.1 FR941206-1-00134 1 103002
american FR941206-1-00134 2 103004 103019
national FR941206-1-00134 4 103005 103020 108612 108628
operations FR941206-1-00134 4 103012 103591 107767 108081
fissile FR941206-1-00134 1 103014
outside FR941206-1-00134 1 103016
reactors FR941206-1-00134 1 103017
institutes FR941206-1-00134 1 103022
11 FR941206-1-00134 1 103024
w. FR941206-1-00134 1 103025
42nd FR941206-1-00134 1 103026
st. FR941206-1-00134 1 103027
york FR941206-1-00134 2 103030 103033
10036 FR941206-1-00134 1 103034
acceptable FR941206-1-00134 1 103037
currently FR941206-1-00134 2 103040 109194
polyethylene FR941206-1-00134 1 103042
stainless FR941206-1-00134 1 103044
material FR941206-1-00134 4 103050 108148 108150 108156
chemically FR941206-1-00134 1 103052
compatible FR941206-1-00134 1 103053
users FR941206-1-00134 1 103076
able FR941206-1-00134 3 103078 107007 107313
and/or FR941206-1-00134 1 103087
regulatory FR941206-1-00134 3 103090 104814 106282
commission FR941206-1-00134 1 103091
protective FR941206-1-00134 2 103100 106747
well FR941206-1-00134 1 103107
public FR941206-1-00134 1 103109
can FR941206-1-00134 2 103129 103181
larger FR941206-1-00134 1 103131
dated FR941206-1-00134 1 103158
item FR941206-1-00134 4 103161 109054 109098 109112
when FR941206-1-00134 4 103162 103302 104592 106645
managed FR941206-1-00134 1 103175
so FR941206-1-00134 2 103176 103533
located FR941206-1-00134 4 103183 103889 104256 109313
were FR941206-1-00134 3 103188 107785 108109
includes FR941206-1-00134 2 103215 104834
each FR941206-1-00134 5 103217 106922 107146 107246 107911
batch FR941206-1-00134 4 103218 103225 103229 103250
quantity FR941206-1-00134 5 103222 103244 107807 107877 108045
was FR941206-1-00134 7 103230 103672 103773 103792 104912 105010 109099
added FR941206-1-00134 2 103231 103618
also FR941206-1-00134 2 103239 103260
disposition FR941206-1-00134 1 103247
see FR941206-1-00134 1 103259
retention FR941206-1-00134 2 103262 103976
none FR941206-1-00134 1 103280
parent FR941206-1-00134 1 103281
guarantee FR941206-1-00134 1 103282
264.143 FR941206-1-00134 1 103287
f FR941206-1-00134 6 103289 105756 106186 107027 107222 108203
10 FR941206-1-00134 4 103292 106782 106789 108618
chapter FR941206-1-00134 1 103296
modification FR941206-1-00134 3 103304 103375 103416
increase FR941206-1-00134 4 103309 108233 108449 108574
commercial FR941206-1-00134 7 103316 103433 103482 104239 105758 105768 109259
occurs FR941206-1-00134 1 103319
warrants FR941206-1-00134 1 103321
establishing FR941206-1-00134 1 103322
mechanism FR941206-1-00134 4 103327 103334 103342 103524
amending FR941206-1-00134 3 103329 108595 108646
existing FR941206-1-00134 3 103331 108308 108329
revised FR941206-1-00134 1 103339
established FR941206-1-00134 4 103345 103501 106581 107863
activated FR941206-1-00134 1 103347
later FR941206-1-00134 3 103349 103407 103699
notified FR941206-1-00134 3 103369 103403 107581
completion FR941206-1-00134 3 103372 103413 105020
modified FR941206-1-00134 1 103386
portion FR941206-1-00134 1 103387
writing FR941206-1-00134 3 103405 104649 107583
changes FR941206-1-00134 1 103425
ownership FR941206-1-00134 1 103427
operational FR941206-1-00134 1 103429
transfer FR941206-1-00134 5 103440 103467 103474 103507 109104
interim FR941206-1-00134 2 103442 103476
status FR941206-1-00134 2 103443 103477
final FR941206-1-00134 10 103445 103479 103531 103560 103693 103754 103785 104610 107560 108028
provides FR941206-1-00134 2 103462 105655
recognize FR941206-1-00134 2 103472 105061
transferee FR941206-1-00134 3 103497 103552 103583
demonstrates FR941206-1-00134 1 103498
closure FR941206-1-00134 2 103512 103593
pursuant FR941206-1-00134 19 103513 105024 105211 105385 105593 105708 105887 106067 106089 106411 106451 106517 107218 107619 107661 108370 108461 108507 109074
using FR941206-1-00134 3 103522 106995 107301
effective FR941206-1-00134 6 103525 103689 103750 103781 107556 108024
lapse FR941206-1-00134 1 103539
submits FR941206-1-00134 1 103553
application FR941206-1-00134 4 103558 103608 104790 104917
elements FR941206-1-00134 1 103566
listed FR941206-1-00134 2 103567 104274
transferor FR941206-1-00134 2 103581 103611
resolves FR941206-1-00134 1 103584
deficiencies FR941206-1-00134 1 103586
eg FR941206-1-00134 1 103588
technical FR941206-1-00134 1 103590
plans FR941206-1-00134 2 103594 104137
cost FR941206-1-00134 1 103596
estimates FR941206-1-00134 1 103597
etc FR941206-1-00134 1 103599
identified FR941206-1-00134 1 103605
13. FR941206-1-00134 1 103614
761.67 FR941206-1-00134 2 103616 103627
reuse FR941206-1-00134 8 103630 103642 103719 103841 103913 103960 106310 109073
operated FR941206-1-00134 1 103653
compliance FR941206-1-00134 9 103655 104687 104944 105181 105358 105562 105853 106039 106236
more FR941206-1-00134 7 103664 106354 107836 107898 107907 108621 108637
originally FR941206-1-00134 1 103673
insert FR941206-1-00134 5 103687 103748 103779 107550 108018
rule FR941206-1-00134 5 103694 103755 103786 107561 108029
followed FR941206-1-00134 1 103721
labelled FR941206-1-00134 1 103730
starting FR941206-1-00134 1 103735
label FR941206-1-00134 1 103759
known FR941206-1-00134 1 103798
projected FR941206-1-00134 1 103804
future FR941206-1-00134 1 103808
scheduled FR941206-1-00134 1 103825
repair FR941206-1-00134 1 103827
servicing FR941206-1-00134 1 103829
longer FR941206-1-00134 1 103857
owner FR941206-1-00134 4 103865 105041 109229 109240
operator FR941206-1-00134 4 103867 105043 109231 109242
requests FR941206-1-00134 2 103891 107655
submitted FR941206-1-00134 4 103896 104066 104636 108287
months FR941206-1-00134 1 103904
itembyitem FR941206-1-00134 1 103923
basis FR941206-1-00134 1 103924
desired FR941206-1-00134 1 103928
attach FR941206-1-00134 1 103937
deemed FR941206-1-00134 2 103944 104341
protect FR941206-1-00134 3 103947 104143 106752
provisions FR941206-1-00134 3 103968 106482 106559
14. FR941206-1-00134 1 103984
761.75 FR941206-1-00134 3 103986 104038 105252
landfills FR941206-1-00134 1 104041
operation FR941206-1-00134 2 104060 104961
developed FR941206-1-00134 1 104064
detailed FR941206-1-00134 1 104088
explanations FR941206-1-00134 1 104089
procedures FR941206-1-00134 6 104092 104102 104129 106241 106291 106542
surface FR941206-1-00134 8 104099 106810 106935 107002 107031 107155 107251 107308
water FR941206-1-00134 2 104100 107326
handling FR941206-1-00134 1 104101
excavation FR941206-1-00134 1 104104
backfilling FR941206-1-00134 1 104106
segregation FR941206-1-00134 1 104109
burial FR941206-1-00134 1 104110
coordinates FR941206-1-00134 1 104111
vehicle FR941206-1-00134 1 104113
equipment FR941206-1-00134 5 104115 106296 106526 106750 109149
movement FR941206-1-00134 1 104116
roadways FR941206-1-00134 1 104120
leachate FR941206-1-00134 1 104122
collection FR941206-1-00134 1 104123
systems FR941206-1-00134 1 104124
sampling FR941206-1-00134 5 104126 106604 106646 106987 107294
monitoring FR941206-1-00134 3 104128 104131 108967
wells FR941206-1-00134 1 104132
environmental FR941206-1-00134 1 104134
emergency FR941206-1-00134 1 104135
contingency FR941206-1-00134 3 104136 108613 108629
security FR941206-1-00134 1 104140
against FR941206-1-00134 2 104144 106753
vandalism FR941206-1-00134 1 104145
unauthorized FR941206-1-00134 1 104147
placements FR941206-1-00134 1 104149
guidelines FR941206-1-00134 1 104152
entitled FR941206-1-00134 1 104153
thermal FR941206-1-00134 1 104155
processing FR941206-1-00134 6 104156 107445 107764 108005 108078 108260
land FR941206-1-00134 3 104158 105089 105100
solid FR941206-1-00134 11 104161 105149 105159 105326 105336 105530 105540 105821 105831 106007 106017
39 FR941206-1-00134 1 104165
fr FR941206-1-00134 1 104166
29337 FR941206-1-00134 1 104167
us FR941206-1-00134 1 104174
government FR941206-1-00134 1 104175
printing FR941206-1-00134 1 104176
office FR941206-1-00134 1 104177
washington FR941206-1-00134 1 104179
dc FR941206-1-00134 1 104181
20401 FR941206-1-00134 1 104182
useful FR941206-1-00134 1 104186
reference FR941206-1-00134 2 104187 108838
preparation FR941206-1-00134 1 104189
15. FR941206-1-00134 1 104195
761.77 FR941206-1-00134 2 104198 104207
coordinated FR941206-1-00134 16 104208 104262 104284 104349 104371 104407 104806 104831 104898 104910 105124 105301 105505 105691 105795 105982
general FR941206-1-00134 1 104214
notwithstanding FR941206-1-00134 1 104217
provision FR941206-1-00134 3 104220 107645 107866
described FR941206-1-00134 4 104242 104267 104300 104336
through FR941206-1-00134 10 104248 104306 104549 104696 104950 105429 106491 108190 108213 108295
issue FR941206-1-00134 5 104258 104736 104800 104825 104888
designate FR941206-1-00134 1 104287
who FR941206-1-00134 9 104290 104293 104491 104563 104780 105095 105283 105764 109243
own FR941206-1-00134 3 104291 107511 109247
operate FR941206-1-00134 3 104297 105294 105686
apply FR941206-1-00134 2 104315 106644
only FR941206-1-00134 2 104316 107920
permit FR941206-1-00134 26 104331 104427 104521 104538 104594 105138 105184 105205 105239 105315 105379 105411 105519 105565 105587 105619 105702 105734 105809 105856 105881 105913 105996 106042 106061 106111
document FR941206-1-00134 8 104335 104527 104542 104599 104615 105036 109133 109275
whose FR941206-1-00134 1 104351
violation FR941206-1-00134 1 104352
prohibited FR941206-1-00134 1 104355
act FR941206-1-00134 6 104356 105152 105329 105533 105824 106010
15 FR941206-1-00134 6 104359 106863 106939 107095 107159 107255
seeking FR941206-1-00134 2 104367 104403
submit FR941206-1-00134 5 104374 104415 104788 104915 109263
certified FR941206-1-00134 1 104380
mail FR941206-1-00134 1 104381
return FR941206-1-00134 1 104383
activity FR941206-1-00134 8 104397 104413 104439 104607 104623 104707 106317 107595
take FR941206-1-00134 2 104399 106718
place FR941206-1-00134 1 104400
same FR941206-1-00134 1 104422
seek FR941206-1-00134 1 104425
authority FR941206-1-00134 2 104446 104507
copy FR941206-1-00134 4 104458 104534 104611 106621
letter FR941206-1-00134 1 104461
announcing FR941206-1-00134 1 104464
confirming FR941206-1-00134 1 104466
id FR941206-1-00134 1 104469
number FR941206-1-00134 8 104470 104487 109091 109109 109117 109122 109138 109142
issued FR941206-1-00134 18 104471 104531 104602 104913 105011 105081 105139 105206 105316 105380 105520 105588 105703 105810 105882 105997 106062 107611
conducting FR941206-1-00134 6 104476 105476 105967 106080 106314 106711
activities FR941206-1-00134 10 104478 104515 106713 107487 107571 107755 107874 108039 108093 108304
name FR941206-1-00134 2 104481 109085
organization FR941206-1-00134 1 104483
telephone FR941206-1-00134 2 104486 109090
individual FR941206-1-00134 1 104490
point FR941206-1-00134 1 104494
contact FR941206-1-00134 5 104496 106756 106812 107033 108153
nona FR941206-1-00134 5 104499 104614 104810 104999 105063
local FR941206-1-00134 3 104505 106231 106262
permitting FR941206-1-00134 1 104506
description FR941206-1-00134 1 104510
relevent FR941206-1-00134 1 104524
certification FR941206-1-00134 1 104559
person FR941206-1-00134 20 104562 104779 104904 105094 105128 105282 105305 105509 105648 105695 105763 105799 105966 105986 106313 106710 106994 107780 107825 109094
owns FR941206-1-00134 5 104564 104781 105096 105284 105765
operates FR941206-1-00134 5 104566 104783 105098 105286 105767
aware FR941206-1-00134 1 104570
adhere FR941206-1-00134 1 104574
reporting FR941206-1-00134 7 104579 105263 105455 105627 105742 105946 106128
subparts FR941206-1-00134 8 104584 105268 105460 105632 105747 105868 105951 106133
waived FR941206-1-00134 2 104646 107606
confirm FR941206-1-00134 1 104663
review FR941206-1-00134 1 104678
completeness FR941206-1-00134 1 104684
present FR941206-1-00134 2 104715 105674
either FR941206-1-00134 2 104731 104758
deficiency FR941206-1-00134 2 104741 104892
explaining FR941206-1-00134 1 104742
deficient FR941206-1-00134 1 104749
addition FR941206-1-00134 1 104752
deny FR941206-1-00134 1 104771
acknowledging FR941206-1-00134 1 104808
implement FR941206-1-00134 1 104841
sections FR941206-1-00134 1 104843
761 FR941206-1-00134 2 104846 108757
address FR941206-1-00134 2 104849 109087
concerns FR941206-1-00134 1 104854
associated FR941206-1-00134 1 104855
potential FR941206-1-00134 1 104857
risks FR941206-1-00134 1 104858
revoke FR941206-1-00134 1 104894
whom FR941206-1-00134 4 104906 107782 108106 109096
determination FR941206-1-00134 1 104926
based FR941206-1-00134 5 104929 105186 105567 105858 106044
would FR941206-1-00134 1 104933
necessarily FR941206-1-00134 1 104935
manner FR941206-1-00134 3 104968 106634 108258
revocation FR941206-1-00134 1 104996
program FR941206-1-00134 7 105004 105217 105391 105599 105714 105893 106073
nontsca FR941206-1-00134 1 105008
cercla FR941206-1-00134 2 105017 106085
decision FR941206-1-00134 4 105029 105035 106095 106115
rod FR941206-1-00134 2 105031 105050
enforcement FR941206-1-00134 1 105034
cease FR941206-1-00134 1 105059
equivalent FR941206-1-00134 2 105068 105658
accepts FR941206-1-00134 1 105105
requires FR941206-1-00134 1 105109
amended FR941206-1-00134 9 105154 105331 105535 105826 106012 106087 108588 108642 108892
amendments FR941206-1-00134 5 105161 105338 105542 105833 106019
1984 FR941206-1-00134 5 105163 105340 105544 105835 106021
3005 FR941206-1-00134 5 105166 105343 105547 105838 106024
270 FR941206-1-00134 5 105174 105351 105555 105846 106032
271 FR941206-1-00134 5 105176 105353 105557 105848 106034
264 FR941206-1-00134 4 105194 105575 105866 106052
n FR941206-1-00134 3 105197 107423 108177
stringent FR941206-1-00134 5 105220 105394 105602 105717 105896
found FR941206-1-00134 1 105225
complies FR941206-1-00134 15 105233 105244 105260 105405 105416 105452 105613 105624 105728 105739 105907 105918 105943 106105 106125
landfill FR941206-1-00134 1 105249
incinerator FR941206-1-00134 2 105279 105664
incinerate FR941206-1-00134 1 105290
o FR941206-1-00134 3 105364 107427 108383
264.340 FR941206-1-00134 1 105368
et FR941206-1-00134 2 105369 106053
seq FR941206-1-00134 1 105370
incineration FR941206-1-00134 1 105419
761.70 FR941206-1-00134 3 105422 105663 107634
research FR941206-1-00134 8 105471 105477 107465 107512 107931 107942 107976 108493
development FR941206-1-00134 7 105473 105479 107467 107515 107947 107978 108495
r FR941206-1-00134 6 105481 105498 107469 107592 107615 107724
& FR941206-1-00134 6 105482 105499 107470 107593 107616 107725
into FR941206-1-00134 2 105485 108152
methods FR941206-1-00134 1 105488
conduct FR941206-1-00134 2 105497 105975
270.65 FR941206-1-00134 1 105577
e FR941206-1-00134 14 105641 106182 106407 106806 107402 107455 107623 108351 108374 108379 108511 108659 108750 108842
alternate FR941206-1-00134 1 105643
technologies FR941206-1-00134 2 105645 107519
operating FR941206-1-00134 1 105649
alternative FR941206-1-00134 1 105651
method FR941206-1-00134 1 105653
destruction FR941206-1-00134 1 105657
761.60 FR941206-1-00134 15 105667 106445 106484 106875 107109 107621 108666 108683 108703 108722 108775 108795 108814 108849 108869
efficiency FR941206-1-00134 1 105669
boiler FR941206-1-00134 1 105670
l FR941206-1-00134 1 105873
site FR941206-1-00134 4 105962 106615 109022 109203
remediation FR941206-1-00134 3 105963 105972 107369
seq. FR941206-1-00134 1 106054
remedial FR941206-1-00134 1 106082
signed FR941206-1-00134 1 106092
consent FR941206-1-00134 2 106097 106117
order FR941206-1-00134 2 106098 106118
decree FR941206-1-00134 2 106100 106120
16. FR941206-1-00134 1 106141
761.79 FR941206-1-00134 2 106143 106202
respectively FR941206-1-00134 4 106168 106513 108740 108832
h FR941206-1-00134 3 106195 107355 108355
decontamination FR941206-1-00134 18 106203 106208 106243 106288 106316 106336 106364 106379 106431 106464 106595 106618 106660 106712 106739 106771 107323 107358
solvents FR941206-1-00134 2 106205 106424
laws FR941206-1-00134 2 106232 106263
relief FR941206-1-00134 1 106250
purpose FR941206-1-00134 1 106271
establish FR941206-1-00134 1 106277
levels FR941206-1-00134 3 106283 106289 106824
selfimplementing FR941206-1-00134 1 106285
standardized FR941206-1-00134 1 106287
structures FR941206-1-00134 2 106298 106528
surfaces FR941206-1-00134 12 106301 106530 106690 106775 106857 106888 106959 107089 107122 107179 107210 107269
allow FR941206-1-00134 3 106308 106854 107086
becomes FR941206-1-00134 1 106321
generator FR941206-1-00134 1 106324
solubility FR941206-1-00134 1 106342
solvent FR941206-1-00134 5 106347 106359 106374 106418 106724
weight FR941206-1-00134 2 106356 108062
reused FR941206-1-00134 2 106362 106377
contains FR941206-1-00134 3 106367 106384 107643
hydrocarbon FR941206-1-00134 1 106373
< FR941206-1-00134 4 106385 106900 107129 107383
burned FR941206-1-00134 1 106391
marketed FR941206-1-00134 1 106393
oil FR941206-1-00134 2 106401 106817
promulgated FR941206-1-00134 1 106403
761.20 FR941206-1-00134 3 106405 106561 109076
decontaminated FR941206-1-00134 8 106410 106450 106516 106537 106841 107004 107071 107310
chlorinated FR941206-1-00134 1 106417
resulting FR941206-1-00134 1 106462
distributed FR941206-1-00134 11 106550 107798 107812 107884 108050 108122 108135 108243 108458 108581 109069
commerce FR941206-1-00134 9 106552 107450 107800 107835 107886 108010 108124 108460 109071
show FR941206-1-00134 1 106603
locations FR941206-1-00134 1 106605
analytical FR941206-1-00134 1 106607
results FR941206-1-00134 1 106608
retained FR941206-1-00134 1 106612
made FR941206-1-00134 3 106627 109030 109211
timely FR941206-1-00134 1 106633
filtering FR941206-1-00134 1 106665
soaking FR941206-1-00134 1 106667
wiping FR941206-1-00134 1 106669
stripping FR941206-1-00134 1 106671
insulation FR941206-1-00134 1 106673
chopping FR941206-1-00134 1 106675
scraping FR941206-1-00134 1 106677
abrasives FR941206-1-00134 1 106682
remove FR941206-1-00134 1 106684
separate FR941206-1-00134 1 106686
contaminated FR941206-1-00134 10 106689 106884 106887 106931 106934 107118 107121 107151 107154 108053
dust FR941206-1-00134 1 106726
particulate FR941206-1-00134 1 106728
emissions FR941206-1-00134 1 106729
released FR941206-1-00134 1 106733
workers FR941206-1-00134 1 106742
wear FR941206-1-00134 1 106744
clothing FR941206-1-00134 1 106748
direct FR941206-1-00134 1 106754
dermal FR941206-1-00134 1 106755
inhalation FR941206-1-00134 1 106758
micrograms FR941206-1-00134 2 106783 107336
pcb/100 FR941206-1-00134 1 106784
square FR941206-1-00134 2 106785 106924
centimeters FR941206-1-00134 2 106786 106925
m FR941206-1-00134 4 106790 108208 108215 108359
g/100cm FR941206-1-00134 1 106791
measured FR941206-1-00134 1 106795
wipe FR941206-1-00134 1 106799
test FR941206-1-00134 1 106800
761.123 FR941206-1-00134 1 106802
free FR941206-1-00134 4 106814 106850 107035 107080
flowing FR941206-1-00134 4 106815 106851 107036 107081
mineral FR941206-1-00134 1 106816
dielectric FR941206-1-00134 1 106818
fluid FR941206-1-00134 1 106819
modef FR941206-1-00134 7 106821 106852 106872 107037 107051 107082 107104
10000 FR941206-1-00134 4 106830 106835 107041 107046
drain FR941206-1-00134 7 106848 106859 106954 107078 107091 107174 107264
residual FR941206-1-00134 2 106856 107088
hours FR941206-1-00134 5 106864 106940 107096 107160 107256
drained FR941206-1-00134 6 106871 106967 107103 107187 107217 107277
according FR941206-1-00134 3 106873 107107 108167
submerge FR941206-1-00134 3 106880 107114 107206
soak FR941206-1-00134 3 106882 107116 107208
potentially FR941206-1-00134 4 106886 106933 107120 107153
sufficient FR941206-1-00134 3 106890 107124 107231
clean FR941206-1-00134 3 106891 107125 107232
kerosene FR941206-1-00134 12 106906 106920 106956 106968 107126 107144 107176 107188 107233 107244 107266 107278
800 FR941206-1-00134 3 106914 107141 107241
milliliters FR941206-1-00134 2 106915 107910
ml FR941206-1-00134 3 106917 107142 107242
100 FR941206-1-00134 6 106923 107147 107247 107817 107838 108058
cm FR941206-1-00134 3 106927 107148 107248
room FR941206-1-00134 2 106942 107162
temperature FR941206-1-00134 2 106943 107163
confirmatory FR941206-1-00134 2 106986 107293
substantiate FR941206-1-00134 2 107009 107315
photographs FR941206-1-00134 1 107015
video FR941206-1-00134 1 107017
recordings FR941206-1-00134 1 107018
forms FR941206-1-00134 1 107022
documentation FR941206-1-00134 1 107024
> FR941206-1-00134 1 107045
askarel FR941206-1-00134 3 107053 107084 107106
70 FR941206-1-00134 1 107058
mixture FR941206-1-00134 1 107063
trichlorobenzenes FR941206-1-00134 1 107065
tetrachlorobenzenes FR941206-1-00134 1 107067
previously FR941206-1-00134 1 107211
submerged FR941206-1-00134 1 107212
soaked FR941206-1-00134 1 107214
anyone FR941206-1-00134 1 107300
0.5 FR941206-1-00134 2 107335 107344
per FR941206-1-00134 4 107337 107346 107377 107386
liter FR941206-1-00134 2 107338 107378
approximately FR941206-1-00134 2 107342 107382
billion FR941206-1-00134 1 107347
ppb FR941206-1-00134 1 107349
organic FR941206-1-00134 1 107361
milligrams FR941206-1-00134 1 107376
million FR941206-1-00134 1 107387
17. FR941206-1-00134 1 107394
761.80 FR941206-1-00134 2 107396 107442
p FR941206-1-00134 2 107435 108475
manufacturing FR941206-1-00134 4 107443 107486 107541 108266
distribution FR941206-1-00134 4 107448 107711 107766 108080
exemptions FR941206-1-00134 1 107451
grants FR941206-1-00134 3 107459 107700 107959
class FR941206-1-00134 9 107461 107684 107692 107702 107961 108387 108479 108535 108543
exemption FR941206-1-00134 15 107462 107535 107678 107703 107962 107999 108181 108283 108309 108330 108337 108388 108480 108529 108584
manufacture FR941206-1-00134 2 107481 107648
do FR941206-1-00134 1 107488
exceed FR941206-1-00134 4 107490 107816 107860 108057
454 FR941206-1-00134 1 107491
grams FR941206-1-00134 4 107492 107818 107839 108059
lb FR941206-1-00134 3 107496 107821 107842
manufactured FR941206-1-00134 2 107502 108247
solely FR941206-1-00134 1 107506
petition FR941206-1-00134 4 107532 107996 108284 108315
prohibition FR941206-1-00134 1 107539
60 FR941206-1-00134 4 107552 107564 108020 108032
engaging FR941206-1-00134 2 107568 108036
these FR941206-1-00134 2 107570 108038
commencement FR941206-1-00134 1 107589
regarding FR941206-1-00134 1 107646
renewal FR941206-1-00134 5 107657 107675 107687 108526 108538
filed FR941206-1-00134 3 107660 107671 108522
750.11. FR941206-1-00134 1 107665
deem FR941206-1-00134 2 107668 108519
member FR941206-1-00134 2 107681 108532
entire FR941206-1-00134 2 107691 108542
processors FR941206-1-00134 6 107706 107746 107965 108084 108392 108484
distributors FR941206-1-00134 5 107708 107748 107967 108086 108394
export FR941206-1-00134 1 107715
quantities FR941206-1-00134 5 107719 107970 108399 108451 108487
761.30 FR941206-1-00134 1 107730
maintain FR941206-1-00134 2 107750 108088
ceasing FR941206-1-00134 2 107763 108077
sources FR941206-1-00134 2 107774 108098
shipped FR941206-1-00134 2 107786 108110
amounts FR941206-1-00134 2 107790 108114
processed FR941206-1-00134 8 107795 107810 107882 108048 108119 108241 108456 108579
annually FR941206-1-00134 4 107801 107813 108051 108125
.22 FR941206-1-00134 2 107820 107841
company FR941206-1-00134 1 107827
expects FR941206-1-00134 1 107829
distribute FR941206-1-00134 1 107833
limitation FR941206-1-00134 1 107862
identify FR941206-1-00134 1 107869
sites FR941206-1-00134 1 107871
hermetically FR941206-1-00134 1 107899
sealed FR941206-1-00134 1 107900
scientific FR941206-1-00134 1 107924
experimentation FR941206-1-00134 1 107925
analysis FR941206-1-00134 4 107927 107935 107944 108406
product FR941206-1-00134 1 107951
media FR941206-1-00134 3 107972 108054 108489
form FR941206-1-00134 1 107993
prohibitions FR941206-1-00134 1 108003
distributing FR941206-1-00134 2 108007 108262
pure FR941206-1-00134 1 108064
dotauthorized FR941206-1-00134 1 108137
packaging FR941206-1-00134 1 108138
treated FR941206-1-00134 1 108144
untreated FR941206-1-00134 1 108146
coming FR941206-1-00134 1 108151
petitioners FR941206-1-00134 2 108184 108340
renewed FR941206-1-00134 3 108225 108417 108506
long FR941206-1-00134 1 108228
amount FR941206-1-00134 2 108236 108576
imported FR941206-1-00134 1 108245
exported FR941206-1-00134 1 108251
nor FR941206-1-00134 1 108253
change FR941206-1-00134 2 108255 108279
importing FR941206-1-00134 1 108264
exporting FR941206-1-00134 1 108270
addressed FR941206-1-00134 2 108294 108317
rulemaking FR941206-1-00134 4 108296 108319 108432 108557
case FR941206-1-00134 1 108301
conform FR941206-1-00134 1 108323
terms FR941206-1-00134 1 108326
750.11 FR941206-1-00134 1 108372
750.31 FR941206-1-00134 2 108377 108509
without FR941206-1-00134 2 108430 108555
further FR941206-1-00134 3 108431 108556 108891
processor FR941206-1-00134 2 108436 108561
distributor FR941206-1-00134 2 108438 108563
761.125 FR941206-1-00134 1 108586
18. FR941206-1-00134 1 108590
761.125 FR941206-1-00134 1 108592
revise FR941206-1-00134 1 108606
phrase FR941206-1-00134 1 108608
spills FR941206-1-00134 2 108616 108632
involving FR941206-1-00134 2 108617 108633
pounds FR941206-1-00134 1 108619
761.180 FR941206-1-00134 1 108640
19. FR941206-1-00134 1 108644
a. FR941206-1-00134 1 108651
changing FR941206-1-00134 3 108653 108744 108836
references FR941206-1-00134 2 108655 108746
b. FR941206-1-00134 1 108742
c. FR941206-1-00134 1 108834
20. FR941206-1-00134 1 108887
ix FR941206-1-00134 2 108923 109049
cleanups FR941206-1-00134 2 108989 109170
performed FR941206-1-00134 2 108990 109171
current FR941206-1-00134 1 109006
recorded FR941206-1-00134 3 109007 109129 109187
inventory FR941206-1-00134 2 109008 109188
representatives FR941206-1-00134 2 109038 109220
whenever FR941206-1-00134 1 109051
small FR941206-1-00134 1 109057
capacitors FR941206-1-00134 1 109058
serial FR941206-1-00134 3 109108 109121 109137
identification FR941206-1-00134 2 109116 109141
annual FR941206-1-00134 3 109132 109265 109274
log FR941206-1-00134 2 109134 109276
permanently FR941206-1-00134 1 109145
disposes FR941206-1-00134 1 109244
its FR941206-1-00134 1 109246
receive FR941206-1-00134 1 109252
generate FR941206-1-00134 1 109254
manifests FR941206-1-00134 1 109255
report FR941206-1-00134 1 109266
briefly FR941206-1-00134 1 109269
summarizes FR941206-1-00134 1 109270
july FR941206-1-00134 1 109315
