that FR940104-0-00032 51 23225 23261 23268 23901 23967 23975 24012 24077 24122 24585 24666 24678 24748 24977 25038 25071 25083 25087 25101 25107 25112 25156 25239 25355 25518 25530 25547 25805 25848 26057 26201 26289 26351 26638 26650 26705 26711 26721 26853 26862 26925 26952 27003 27117 27207 27338 27568 27599 27662 27675 27800
these FR940104-0-00032 5 23226 24670 25339 25508 25922
final FR940104-0-00032 1 23227
rules FR940104-0-00032 2 23228 24691
will FR940104-0-00032 2 23229 27665
not FR940104-0-00032 20 23230 23270 23446 23905 24249 24399 24558 24632 25042 25103 25120 25439 26730 26803 27282 27407 27570 27591 27666 27802
have FR940104-0-00032 12 23231 23274 23303 24078 26863 26889 26926 26942 26953 26968 26993 27649
a FR940104-0-00032 50 23232 23236 23256 23266 23275 23957 24010 24098 24185 24469 24569 24573 24583 24735 24740 24744 24750 24771 24891 24912 24975 25060 25158 25192 25231 25272 25471 25603 25667 25727 25738 25804 25834 25854 25889 26000 26378 26521 26532 26659 26763 26806 26829 26864 26927 27114 27336 27515 27548 27611
significant FR940104-0-00032 2 23233 23276
impact FR940104-0-00032 3 23234 23246 23292
on FR940104-0-00032 30 23235 23278 23306 23380 23396 23652 23907 23925 24263 24544 24551 24856 24911 24939 25028 25205 25227 25369 26177 26255 26334 26338 26399 26658 26923 27004 27032 27514 27610 27637
substantial FR940104-0-00032 1 23237
number FR940104-0-00032 3 23238 23894 25433
of FR940104-0-00032 154 23239 23265 23342 23384 23453 23476 23506 23544 23548 23567 23571 23638 23662 23693 23727 23768 23798 23868 23895 23921 23938 23960 23987 24022 24073 24094 24110 24125 24141 24145 24155 24276 24334 24360 24383 24439 24490 24493 24504 24547 24572 24582 24620 24672 24726 24729 24739 24743 24809 24826 24832 24853 24878 24895 24943 24983 25032 25053 25062 25160 25165 25179 25197 25209 25259 25278 25302 25329 25358 25378 25392 25397 25410 25426 25434 25470 25680 25699 25717 25729 25793 25802 25864 25869 25921 25973 26002 26005 26014 26047 26111 26121 26124 26243 26265 26363 26371 26389 26410 26431 26468 26493 26511 26523 26545 26561 26580 26599 26609 26646 26717 26754 26786 26808 26872 26902 26935 26960 26985 27012 27030 27049 27072 27107 27123 27144 27169 27189 27200 27202 27240 27303 27350 27426 27435 27459 27472 27505 27511 27532 27586 27590 27624 27629 27632 27643 27694 27719 27775 27780 27861 27872 27887 27897
small FR940104-0-00032 2 23240 27819
businesses FR940104-0-00032 1 23241
. FR940104-0-00032 110 23242 23244 23282 23296 23298 23334 23377 23424 23462 23488 23533 23556 23579 23598 23645 23649 23691 23762 23786 23823 23870 23941 24058 24158 24208 24254 24293 24323 24362 24397 24443 24454 24488 24533 24560 24576 24611 24628 24675 24708 24733 24829 24847 24883 24921 24947 25004 25056 25098 25123 25162 25182 25213 25254 25309 25334 25405 25474 25507 25525 25590 25666 25702 25796 25861 25905 25954 25976 25996 26098 26129 26165 26221 26237 26310 26327 26383 26453 26496 26602 26663 26732 26790 26817 26834 26878 26905 26913 27110 27193 27227 27248 27261 27272 27325 27358 27400 27455 27493 27523 27618 27646 27671 27713 27855 27877 27881 27891 27902 27906
vi FR940104-0-00032 3 23243 25978 26666
environmental FR940104-0-00032 3 23245 23287 23291
the FR940104-0-00032 224 23247 23279 23300 23309 23381 23385 23454 23613 23619 23639 23711 23725 23745 23769 23799 23893 23935 23994 24017 24020 24045 24051 24153 24189 24255 24264 24274 24328 24346 24349 24357 24367 24372 24377 24384 24403 24407 24431 24436 24440 24460 24464 24479 24491 24502 24545 24552 24561 24580 24590 24612 24617 24629 24635 24655 24673 24686 24690 24698 24737 24819 24851 24857 24864 24869 24876 24884 24925 24935 24940 24944 24948 24981 24984 25009 25020 25029 25033 25050 25075 25085 25163 25174 25180 25195 25206 25210 25214 25228 25245 25251 25256 25260 25276 25279 25303 25330 25345 25356 25370 25375 25379 25385 25390 25395 25408 25432 25448 25462 25537 25594 25671 25678 25681 25688 25707 25724 25735 25745 25749 25774 25800 25816 25826 25849 25862 25881 25909 25919 25971 26003 26006 26012 26015 26052 26058 26109 26119 26122 26130 26167 26178 26182 26195 26235 26241 26252 26256 26262 26275 26280 26290 26311 26318 26331 26345 26369 26372 26387 26413 26444 26450 26455 26466 26501 26518 26529 26539 26543 26578 26607 26630 26644 26647 26698 26715 26718 26725 26752 26773 26787 26791 26824 26841 26885 26920 27028 27054 27093 27121 27148 27182 27187 27198 27208 27213 27231 27238 27286 27292 27307 27315 27321 27326 27329 27346 27356 27359 27424 27443 27470 27509 27600 27625 27630 27638 27668 27679 27683 27691 27707 27710 27727 27869
agency FR940104-0-00032 1 23248
has FR940104-0-00032 6 23249 24749 25726 26520 27556 27576
determined FR940104-0-00032 4 23250 24701 24953 27382
under FR940104-0-00032 9 23251 23710 23721 24188 24875 24934 25019 25194 26108
21 FR940104-0-00032 6 23252 23696 23732 23749 23809 24482
cfr FR940104-0-00032 5 23253 23697 23733 23750 24483
25.24 FR940104-0-00032 1 23254
( FR940104-0-00032 190 23255 23258 23313 23775 23808 23836 23839 23842 23846 23849 23854 23857 23876 23880 23884 23915 23918 23947 23953 23982 23999 24026 24064 24068 24085 24088 24091 24104 24107 24134 24175 24214 24296 24302 24308 24314 24317 24330 24386 24410 24449 24485 24507 24593 24643 24694 24705 24734 24754 24761 24764 24767 24775 24782 24785 24803 24806 24823 24848 24922 24958 24963 25006 25057 25068 25095 25265 25336 25350 25402 25445 25457 25526 25542 25693 25696 25703 25721 25784 25787 25790 25797 25829 25837 25872 25884 25892 25895 25906 25927 25933 25939 25945 25951 25977 25997 26009 26021 26024 26027 26036 26039 26069 26072 26136 26238 26268 26301 26304 26307 26322 26328 26384 26484 26487 26490 26497 26515 26555 26558 26590 26593 26596 26603 26665 26734 26749 26799 26818 26835 26879 26895 26906 26914 27040 27043 27046 27059 27062 27066 27069 27075 27098 27101 27104 27111 27138 27141 27163 27166 27194 27228 27243 27252 27265 27276 27297 27300 27370 27373 27387 27390 27394 27397 27401 27449 27452 27475 27494 27502 27524 27527 27619 27714 27734 27737 27740 27744 27747 27750 27787 27790 27810 27813 27826 27829 27843 27846 27856 27874
) FR940104-0-00032 190 23257 23260 23316 23783 23822 23838 23841 23844 23848 23851 23856 23859 23878 23882 23886 23917 23920 23949 23955 23992 24001 24028 24066 24070 24087 24090 24093 24106 24109 24139 24177 24216 24298 24304 24310 24316 24320 24333 24396 24429 24453 24487 24509 24610 24650 24696 24707 24736 24756 24763 24766 24769 24777 24784 24787 24805 24808 24825 24850 24924 24960 24965 25008 25059 25070 25097 25270 25338 25352 25404 25459 25473 25528 25544 25695 25698 25705 25747 25786 25789 25792 25799 25843 25845 25874 25898 25902 25904 25908 25930 25936 25942 25947 25953 25979 25999 26023 26026 26029 26038 26041 26042 26071 26074 26138 26240 26273 26303 26306 26309 26326 26330 26386 26486 26489 26492 26499 26541 26557 26560 26592 26595 26598 26605 26667 26736 26751 26810 26820 26837 26881 26904 26908 26916 27042 27045 27048 27061 27064 27068 27071 27089 27100 27103 27106 27113 27140 27143 27165 27168 27196 27230 27245 27254 27267 27278 27299 27302 27372 27375 27389 27392 27396 27399 27403 27451 27454 27477 27496 27504 27526 27529 27621 27716 27736 27739 27742 27746 27749 27752 27789 27792 27812 27815 27828 27831 27845 27848 27858 27876
11 FR940104-0-00032 1 23259
this FR940104-0-00032 33 23262 23902 23922 23930 24095 24111 24156 24796 24810 24827 25039 25591 25700 25758 25794 26099 26192 26211 26494 26562 26600 26741 27050 27073 27108 27145 27170 27304 27364 27378 27427 27506 27539
action FR940104-0-00032 1 23263
is FR940104-0-00032 37 23264 23294 23736 23831 23904 23932 24013 24171 24430 24566 24586 24615 24668 24713 24816 24978 25047 25262 25438 25452 25806 25851 25856 26216 26377 26415 26457 26612 26671 26712 26722 26802 27118 27191 27281 27406 27569
type FR940104-0-00032 9 23267 24905 25987 26764 26832 26943 26969 26994 27017
does FR940104-0-00032 2 23269 24631
individually FR940104-0-00032 2 23271 23973
or FR940104-0-00032 49 23272 23924 23962 23989 24035 24075 24097 24127 24271 24379 24624 24662 24746 24770 24834 24902 24914 25001 25106 25290 25321 25381 25711 25764 25824 26030 26152 26189 26261 26277 26407 26417 26437 26505 26568 26627 26689 27411 27437 27534 27553 27561 27575 27581 27606 27613 27615 27762 27820
cumulatively FR940104-0-00032 1 23273
effect FR940104-0-00032 1 23277
human FR940104-0-00032 2 23280 27900
environment FR940104-0-00032 1 23281
therefore FR940104-0-00032 2 23283 23708
, FR940104-0-00032 345 23284 23330 23340 23346 23350 23355 23358 23360 23364 23369 23371 23373 23375 23389 23394 23399 23403 23408 23411 23414 23416 23418 23422 23427 23429 23433 23438 23450 23458 23460 23465 23468 23473 23478 23480 23486 23487 23491 23494 23498 23503 23514 23523 23525 23527 23529 23531 23538 23542 23546 23550 23554 23555 23561 23565 23569 23573 23577 23578 23582 23585 23590 23594 23596 23597 23603 23605 23609 23612 23617 23622 23630 23632 23634 23643 23647 23648 23655 23660 23665 23669 23674 23678 23680 23683 23685 23689 23702 23707 23709 23714 23716 23731 23764 23766 23779 23781 23788 23790 23792 23794 23796 23802 23804 23812 23814 23816 23818 23820 23827 23829 23830 23845 23852 23899 23984 23993 24120 24136 24140 24143 24167 24169 24170 24178 24181 24259 24262 24272 24278 24281 24283 24285 24287 24289 24291 24299 24305 24311 24321 24371 24388 24392 24402 24412 24423 24425 24451 24510 24518 24523 24528 24530 24554 24595 24599 24603 24645 24648 24658 24661 24682 24788 24798 24812 24867 24874 24897 24906 24966 24986 24991 24995 24999 25036 25105 25118 25126 25128 25131 25133 25135 25137 25139 25141 25147 25237 25244 25267 25271 25282 25295 25314 25318 25320 25323 25353 25362 25367 25388 25414 25422 25447 25460 25478 25480 25488 25490 25494 25496 25498 25516 25548 25551 25574 25576 25578 25580 25582 25584 25604 25607 25610 25613 25616 25618 25620 25622 25625 25627 25630 25632 25635 25637 25639 25641 25643 25645 25647 25649 25651 25653 25655 25657 25659 25661 25663 25684 25723 25748 25814 25820 25831 25846 25886 25931 25937 25943 25948 25965 25989 25991 25993 26011 26043 26046 26055 26083 26086 26088 26090 26092 26094 26096 26139 26144 26150 26199 26270 26287 26324 26349 26425 26433 26436 26440 26465 26517 26542 26617 26620 26623 26626 26629 26675 26678 26680 26682 26684 26686 26688 26691 26777 26780 26851 26897 27001 27016 27035 27052 27077 27090 27158 27172 27185 27204 27224 27306 27317 27410 27418 27429 27476 27478 27483 27488 27490 27508 27550 27552 27596 27598 27627 27641 27657 27682 27697 27705 27755 27760 27782 27840 27880 27885 27895
neither FR940104-0-00032 1 23285
an FR940104-0-00032 7 23286 23290 23979 24079 24814 26636 26692
assessment FR940104-0-00032 1 23288
nor FR940104-0-00032 1 23289
statement FR940104-0-00032 10 23293 23903 24240 24619 24664 24688 25883 25972 26726 27184
required FR940104-0-00032 13 23295 23906 24433 24457 24559 25065 25852 26217 27056 27095 27135 27192 27287
vii FR940104-0-00032 1 23297
references FR940104-0-00032 2 23299 23302
following FR940104-0-00032 11 23301 24689 24865 25416 25595 25880 25910 25918 25970 27232 27360
been FR940104-0-00032 2 23304 27650
placed FR940104-0-00032 10 23305 24933 25018 25249 26176 26190 26209 26226 26696 26713
file FR940104-0-00032 1 23307
in FR940104-0-00032 116 23308 23695 23913 23934 23978 24009 24031 24036 24083 24102 24116 24129 24131 24173 24250 24273 24366 24468 24481 24622 24654 24692 24759 24780 24793 24801 24821 24843 24860 24890 24954 25049 25066 25074 25078 25093 25110 25124 25151 25191 25300 25327 25344 25348 25384 25400 25406 25454 25468 25486 25505 25513 25536 25540 25593 25687 25691 25734 25744 25757 25760 25765 25782 25867 25878 25915 25962 25967 26019 26034 26051 26067 26104 26299 26361 26441 26477 26482 26528 26538 26553 26564 26569 26588 26697 26740 26762 26772 27038 27136 27161 27197 27218 27270 27291 27295 27383 27445 27457 27467 27500 27519 27564 27584 27616 27651 27709 27732 27785 27797 27808 27818 27824 27834 27841 27852
dockets FR940104-0-00032 2 23310 23483
management FR940104-0-00032 2 23311 23484
branch FR940104-0-00032 2 23312 23485
address FR940104-0-00032 1 23314
above FR940104-0-00032 4 23315 25233 26234 27154
and FR940104-0-00032 95 23317 23327 23337 23344 23366 23391 23434 23469 23499 23520 23625 23635 23657 23704 23717 23720 23729 23772 23805 23853 23974 24025 24050 24144 24341 24348 24390 24394 24426 24515 24520 24604 24731 24859 24871 24907 24937 24961 25026 25142 25185 25203 25234 25360 25365 25394 25412 25423 25481 25489 25499 25560 25572 25585 25599 25664 25719 25737 25949 25994 26075 26117 26127 26194 26233 26283 26337 26394 26404 26513 26531 26776 26793 26847 26977 27065 27083 27091 27129 27150 27155 27173 27259 27312 27341 27348 27480 27721 27743 27769 27777 27839 27863 27889 27899
may FR940104-0-00032 20 23318 25297 25324 25419 25428 25465 25520 25752 25811 25875 25912 25959 26062 26157 26358 26548 26857 27024 27309 27431
be FR940104-0-00032 80 23319 23971 24002 24029 24114 24888 24899 24909 24932 24952 24972 25017 25043 25089 25114 25121 25145 25170 25189 25222 25248 25298 25325 25342 25374 25420 25429 25466 25484 25503 25511 25521 25534 25675 25732 25742 25753 25812 25876 25913 25960 25983 26063 26079 26102 26158 26175 26208 26219 26225 26247 26295 26315 26342 26359 26397 26420 26475 26526 26536 26549 26633 26695 26744 26760 26782 26797 26858 27025 27210 27310 27332 27381 27518 27635 27687 27690 27724 27765 27866
seen FR940104-0-00032 1 23320
by FR940104-0-00032 24 23321 23833 24048 24182 24356 24893 25081 25154 25173 25177 25230 26249 26274 26285 26317 26375 26423 26635 26724 27057 27096 27335 27547 27706
interested FR940104-0-00032 1 23322
persons FR940104-0-00032 2 23323 26459
between FR940104-0-00032 3 23324 26899 27120
9 FR940104-0-00032 14 23325 24108 24786 24807 25697 25788 26040 26488 26594 27167 27229 27301 27453 27791
am FR940104-0-00032 2 23326 27912
4 FR940104-0-00032 11 23328 23763 25998 26406 26429 26559 26880 27070 27102 27142 27778
pm FR940104-0-00032 1 23329
monday FR940104-0-00032 1 23331
through FR940104-0-00032 2 23332 27393
friday FR940104-0-00032 1 23333
1. FR940104-0-00032 2 23335 23744
food FR940104-0-00032 29 23336 23390 23518 23656 23700 23713 23728 23801 23869 23927 24008 24057 24130 24232 24252 24335 24352 24505 24513 24519 27473 27479 27587 27601 27695 27754 27794 27836 27888
nutrition FR940104-0-00032 40 23338 23392 23442 23507 23522 23658 23866 23995 24033 24039 24517 24724 24791 24841 24854 24880 24885 24945 25034 25211 25371 25682 25762 25768 26053 26566 26572 26648 26719 26737 26756 26774 26788 26825 26842 26886 26921 27512 27604 27608
board FR940104-0-00032 3 23339 23393 23659
division FR940104-0-00032 1 23341
biology FR940104-0-00032 1 23343
agriculture FR940104-0-00032 2 23345 24361
national FR940104-0-00032 6 23347 23400 23419 23620 23666 23686
research FR940104-0-00032 3 23348 23401 23667
council FR940104-0-00032 3 23349 23402 23668
`` FR940104-0-00032 44 23351 23404 23439 23504 23606 23670 23887 24191 24563 24879 24927 24989 24993 24997 25002 25011 25022 25198 25216 25285 25291 25305 25332 25832 25887 26112 26132 26141 26146 26153 26161 26169 26184 26202 26228 26352 26364 26652 26699 26727 26755 27078 27084 27176
recommended FR940104-0-00032 5 23352 23386 23405 23671 24258
dietary FR940104-0-00032 19 23353 23387 23406 23653 23672 24071 24123 24247 24727 24741 24830 25076 25386 25715 26509 26624 27530 27717 27859
allowances FR940104-0-00032 6 23354 23388 23407 23654 23673 27462
7th FR940104-0-00032 1 23356
ed. FR940104-0-00032 2 23357 23677
1968 FR940104-0-00032 2 23359 23376
'' FR940104-0-00032 44 23361 23412 23451 23515 23618 23681 23891 24194 24565 24882 24930 24992 24996 25000 25005 25015 25025 25202 25220 25289 25296 25310 25335 25844 25903 26116 26140 26145 26151 26156 26166 26173 26188 26206 26232 26357 26367 26664 26703 26733 26758 27082 27088 27180
publication FR940104-0-00032 1 23362
1694 FR940104-0-00032 1 23363
printing FR940104-0-00032 2 23365 26801
publishing FR940104-0-00032 1 23367
office FR940104-0-00032 5 23368 23543 23566 24503 27471
nas FR940104-0-00032 2 23370 23413
washington FR940104-0-00032 6 23372 23415 23526 23682 24529 27489
dc FR940104-0-00032 6 23374 23417 23528 23684 24531 27491
2. FR940104-0-00032 3 23378 23824 24968
subcommittee FR940104-0-00032 1 23379
10th FR940104-0-00032 2 23382 23409
edition FR940104-0-00032 2 23383 23410
commission FR940104-0-00032 1 23395
life FR940104-0-00032 2 23397 23663
sciences FR940104-0-00032 2 23398 23664
academy FR940104-0-00032 2 23420 23687
press FR940104-0-00032 2 23421 23688
1989 FR940104-0-00032 1 23423
3. FR940104-0-00032 2 23425 24164
levy FR940104-0-00032 2 23426 23490
a. FR940104-0-00032 3 23428 23492 27883
s. FR940104-0-00032 4 23430 23467 23493 23495
b. FR940104-0-00032 2 23431 23496
fein FR940104-0-00032 2 23432 23497
r. FR940104-0-00032 2 23435 23500
e. FR940104-0-00032 4 23436 23470 23501 27893
schucker FR940104-0-00032 2 23437 23502
more FR940104-0-00032 11 23440 23448 23963 25712 26408 26461 26506 26980 27007 27571 27592
effective FR940104-0-00032 3 23441 23828 24168
label FR940104-0-00032 33 23443 23508 24040 24265 24465 24535 24553 24618 24663 24687 24738 24858 24946 25035 25212 25229 25372 25683 25769 26054 26257 26573 26649 26720 26775 26789 26826 26843 26887 26922 27362 27516 27612
formats FR940104-0-00032 2 23444 23509
are FR940104-0-00032 19 23445 23968 23976 24375 24456 24499 24537 24557 25072 25102 25108 25242 25531 26656 27235 27323 27536 27543 27801
necessarily FR940104-0-00032 1 23447
preferred FR940104-0-00032 1 23449
journal FR940104-0-00032 1 23452
american FR940104-0-00032 1 23455
dietetic FR940104-0-00032 1 23456
association FR940104-0-00032 1 23457
92:12301234 FR940104-0-00032 1 23459
1992 FR940104-0-00032 2 23461 23532
4. FR940104-0-00032 2 23463 24710
gardner FR940104-0-00032 1 23464
t. FR940104-0-00032 3 23466 23471 23584
guarino FR940104-0-00032 1 23472
grocery FR940104-0-00032 1 23474
manufacturers FR940104-0-00032 4 23475 24543 24577 24683
america FR940104-0-00032 1 23477
inc. FR940104-0-00032 3 23479 23595 23604
letters FR940104-0-00032 3 23481 26850 26909
to FR940104-0-00032 58 23482 23551 23574 23587 23628 23724 23754 23860 23970 24016 24152 24195 24434 24458 24463 24474 24539 24542 24634 24703 24715 24718 25441 25674 25731 25741 25815 25823 26118 26218 26344 26419 26525 26535 26640 26708 26811 26869 26932 26956 26964 26989 27221 27284 27314 27328 27355 27421 27440 27469 27566 27588 27686 27703 27726 27764 27805 27868
5. FR940104-0-00032 1 23489
evaluation FR940104-0-00032 1 23505
: FR940104-0-00032 21 23510 23740 23758 23760 23864 23892 23998 24199 24230 24245 24722 25601 25924 26748 27242 27250 27263 27274 27366 27368 27879
fda FR940104-0-00032 6 23511 23524 23535 23558 27205 27430
study FR940104-0-00032 1 23512
2 FR940104-0-00032 10 23513 23850 23954 24180 25007 26819 27402 27620 27655 27773
center FR940104-0-00032 2 23516 24511
for FR940104-0-00032 59 23517 23748 24006 24044 24055 24266 24376 24406 24447 24495 24512 24589 24597 24601 24606 24616 24641 24669 24676 24818 24980 25450 25476 25492 25523 25597 25777 26060 26081 26160 26258 26279 26292 26320 26392 26402 26421 26458 26471 26583 26614 26673 26860 27027 27053 27092 27237 27257 27419 27545 27622 27672 27753 27767 27793 27803 27816 27832 27849
safety FR940104-0-00032 2 23519 24514
applied FR940104-0-00032 2 23521 24516
march FR940104-0-00032 1 23530
6. FR940104-0-00032 1 23534
opinion FR940104-0-00032 2 23536 23559
letter FR940104-0-00032 3 23537 23560 23586
taylor FR940104-0-00032 2 23539 23562
m. FR940104-0-00032 2 23540 23563
quinn FR940104-0-00032 2 23541 23564
compliance FR940104-0-00032 6 23545 23568 24117 27376 27436 27520
bureau FR940104-0-00032 2 23547 23570
foods FR940104-0-00032 8 23549 23572 23966 23991 27677 27817 27833 27850
stanley FR940104-0-00032 2 23552 23575
skelskie FR940104-0-00032 2 23553 23576
7. FR940104-0-00032 1 23557
8. FR940104-0-00032 1 23580
tanner FR940104-0-00032 1 23581
j. FR940104-0-00032 1 23583
v. FR940104-0-00032 1 23588
srinivasan FR940104-0-00032 1 23589
us FR940104-0-00032 3 23591 23600 24358
pharmacopeial FR940104-0-00032 2 23592 23601
convention FR940104-0-00032 2 23593 23602
9. FR940104-0-00032 1 23599
usp FR940104-0-00032 1 23607
xxii FR940104-0-00032 1 23608
nf FR940104-0-00032 1 23610
xvii FR940104-0-00032 1 23611
united FR940104-0-00032 4 23614 23640 27680 27711
states FR940104-0-00032 5 23615 23641 26651 27681 27712
pharmacopeia FR940104-0-00032 2 23616 23642
formulary FR940104-0-00032 1 23621
general FR940104-0-00032 2 23623 24231
notices FR940104-0-00032 1 23624
requirements FR940104-0-00032 3 23626 23706 27425
applying FR940104-0-00032 1 23627
standards FR940104-0-00032 1 23629
tests FR940104-0-00032 1 23631
assays FR940104-0-00032 1 23633
other FR940104-0-00032 13 23636 23926 24146 24835 24915 25225 25311 26769 26815 27413 27607 27701 27756
specifications FR940104-0-00032 2 23637 27215
pp FR940104-0-00032 1 23644
13 FR940104-0-00032 2 23646 27814
10. FR940104-0-00032 1 23650
committee FR940104-0-00032 1 23651
assembly FR940104-0-00032 1 23661
9th FR940104-0-00032 1 23675
revised FR940104-0-00032 1 23676
1980 FR940104-0-00032 2 23679 23690
list FR940104-0-00032 5 23692 24492 27285 27308 27327
subjects FR940104-0-00032 1 23694
part FR940104-0-00032 5 23698 23734 23741 23751 27222
101 FR940104-0-00032 4 23699 23735 23752 27223
labeling FR940104-0-00032 17 23701 23743 23773 23867 24154 24506 24725 24792 24842 24861 26871 26934 26966 26991 27474 27614 27729
reporting FR940104-0-00032 1 23703
recordkeeping FR940104-0-00032 1 23705
federal FR940104-0-00032 2 23712 23800
drug FR940104-0-00032 4 23715 23803 24521 27481
cosmetic FR940104-0-00032 2 23718 23806
act FR940104-0-00032 3 23719 23774 23807
authority FR940104-0-00032 3 23722 23746 23759
delegated FR940104-0-00032 1 23723
commissioner FR940104-0-00032 2 23726 27886
drugs FR940104-0-00032 2 23730 27890
amended FR940104-0-00032 3 23737 23832 24172
as FR940104-0-00032 43 23738 23756 23862 23911 24081 24100 24197 24260 24568 24720 24757 24778 24799 24988 25091 25116 25284 25316 25685 25755 25780 25808 25840 25899 26017 26032 26065 26181 26297 26480 26551 26586 26746 26805 27036 27159 27225 27289 27318 27320 27498 27698 27700
follows FR940104-0-00032 6 23739 23757 23863 24198 24721 26747
101_food FR940104-0-00032 1 23742
citation FR940104-0-00032 1 23747
continues FR940104-0-00032 1 23753
read FR940104-0-00032 4 23755 23861 24196 24719
secs FR940104-0-00032 2 23761 23785
5 FR940104-0-00032 5 23765 24241 26907 27738 27748
6 FR940104-0-00032 7 23767 23858 23919 24069 26915 26974 27022
fair FR940104-0-00032 1 23770
packaging FR940104-0-00032 1 23771
15 FR940104-0-00032 2 23776 27830
usc FR940104-0-00032 2 23777 23810
1453 FR940104-0-00032 1 23778
1454 FR940104-0-00032 1 23780
1455 FR940104-0-00032 1 23782
; FR940104-0-00032 17 23784 24024 24415 24417 24419 24421 25545 25558 25566 25571 26950 26976 27784 27807 27823 27838 27910
201 FR940104-0-00032 1 23787
301 FR940104-0-00032 1 23789
402 FR940104-0-00032 1 23791
403 FR940104-0-00032 1 23793
409 FR940104-0-00032 1 23795
701 FR940104-0-00032 1 23797
321 FR940104-0-00032 1 23811
331 FR940104-0-00032 1 23813
342 FR940104-0-00032 1 23815
343 FR940104-0-00032 1 23817
348 FR940104-0-00032 1 23819
371 FR940104-0-00032 1 23821
section FR940104-0-00032 25 23825 23923 24096 24112 24157 24165 24711 24811 24828 25701 25795 26495 26563 26601 26742 27051 27074 27109 27146 27171 27305 27379 27428 27507 27540
101.9 FR940104-0-00032 2 23826 24484
revising FR940104-0-00032 1 23834
paragraphs FR940104-0-00032 2 23835 27058
d FR940104-0-00032 4 23837 23877 25609 27371
3 FR940104-0-00032 6 23840 23881 25058 26836 27044 27063
ii FR940104-0-00032 9 23843 23885 24027 25527 26308 26329 26491 27253 27751
h FR940104-0-00032 3 23847 23948 27857
j FR940104-0-00032 8 23855 24065 27735 27745 27788 27811 27827 27844
ยง101.9 FR940104-0-00032 23 23865 24693 24760 24781 24846 24957 25067 25094 25349 25401 25541 26020 26035 26068 26300 27386 27448 27733 27786 27809 27825 27842 27873
* FR940104-0-00032 31 23871 23872 23873 23874 23875 23942 23943 23944 23945 23946 23950 23951 23952 24059 24060 24061 24062 24063 24159 24160 24161 24162 24163 24209 24210 24211 24212 24213 24217 24218 24219
*** FR940104-0-00032 3 23879 23883 24067
servings FR940104-0-00032 3 23888 23896 25012
per FR940104-0-00032 17 23889 23897 24004 24205 24227 24268 24338 25013 25200 25218 25287 25307 25957 26186 26230 27080 27178
container FR940104-0-00032 4 23890 23898 23981 25014
except FR940104-0-00032 16 23900 24121 25037 25148 25238 25354 25517 25546 25847 26056 26200 26288 26350 26852 27002 27497
single FR940104-0-00032 2 23908 26830
serving FR940104-0-00032 19 23909 24005 24466 24548 24928 24949 24969 25023 25201 25219 25257 25280 25308 25333 25958 26187 26231 27081 27179
containers FR940104-0-00032 4 23910 23928 27837 27854
defined FR940104-0-00032 1 23912
paragraph FR940104-0-00032 19 23914 24084 24103 24174 24802 24822 25692 25759 25783 26483 26554 26589 27039 27097 27137 27162 27296 27501 27626
b FR940104-0-00032 15 23916 24176 24215 24486 24695 24849 24959 24964 26556 27041 27060 27067 27099 27139 27220
when FR940104-0-00032 14 23929 25045 25149 25240 25255 25431 25549 25853 26213 26368 26668 27186 27404 27541
information FR940104-0-00032 23 23931 23996 24550 24855 24866 24886 25040 25226 26100 26215 26223 26738 26816 26822 26839 26883 26918 27031 27209 27288 27353 27513 27609
stated FR940104-0-00032 3 23933 24653 25048
net FR940104-0-00032 2 23936 25051
quantity FR940104-0-00032 2 23937 25052
contents FR940104-0-00032 2 23939 25054
declaration FR940104-0-00032 8 23940 24852 25055 25159 25253 25277 25850 26370
if FR940104-0-00032 7 23956 24398 25706 26454 26500 26606 27279
product FR940104-0-00032 15 23958 24385 24477 24497 24592 24656 24674 24820 25261 25708 25725 26414 26456 26502 26519
consists FR940104-0-00032 1 23959
two FR940104-0-00032 4 23961 25710 26504 26900
separately FR940104-0-00032 4 23964 24401 25713 26507
packaged FR940104-0-00032 3 23965 25714 26508
intended FR940104-0-00032 2 23969 26451
eaten FR940104-0-00032 1 23972
enclosed FR940104-0-00032 2 23977 24889
outer FR940104-0-00032 1 23980
eg FR940104-0-00032 13 23983 24135 24282 24411 24450 24594 24644 25266 25446 25722 25830 25885 26516
variety FR940104-0-00032 1 23985
packs FR940104-0-00032 1 23986
cereals FR940104-0-00032 2 23988 24138
snack FR940104-0-00032 1 23990
shall FR940104-0-00032 66 23997 24113 24150 24789 24839 24862 24887 24898 24908 24931 24951 24971 25016 25119 25144 25169 25188 25221 25247 25341 25373 25483 25502 25510 25533 25554 25562 25568 25587 25669 25982 26078 26101 26174 26207 26224 26246 26294 26314 26341 26396 26447 26474 26632 26694 26706 26743 26759 26781 26796 26827 26844 26888 26941 26967 26992 27125 27174 27331 27380 27463 27517 27634 27689 27723 27865
i FR940104-0-00032 5 24000 25337 26239 27244 27741
specified FR940104-0-00032 12 24003 24873 25347 25539 25756 26281 26298 26552 26739 27037 27670 27731
each FR940104-0-00032 11 24007 24056 24496 25166 25292 25778 26259 26266 26472 26584 27127
location FR940104-0-00032 2 24011 27510
clearly FR940104-0-00032 2 24014 26448
visible FR940104-0-00032 1 24015
consumer FR940104-0-00032 1 24018
at FR940104-0-00032 4 24019 26643 26714 26890
point FR940104-0-00032 6 24021 26893 26949 26975 27000 27023
purchase FR940104-0-00032 1 24023
presented FR940104-0-00032 9 24030 25190 25754 26103 26476 26550 26745 27211 27236
separate FR940104-0-00032 8 24032 24042 25670 25771 26478 26575 27126 27175
labels FR940104-0-00032 6 24034 25690 25763 26567 27234 27294
one FR940104-0-00032 9 24037 24903 25263 25268 25766 26105 26463 26570 26892
aggregate FR940104-0-00032 3 24038 25767 26571
with FR940104-0-00032 17 24041 24118 24795 24845 24956 25275 25770 25985 26574 26979 27006 27377 27385 27423 27442 27447 27521
columns FR940104-0-00032 4 24043 25772 26479 26576
quantitative FR940104-0-00032 9 24046 25079 25152 25175 25186 25463 25750 25775 26373
amount FR940104-0-00032 29 24047 24238 24257 24329 24369 24405 24432 24438 24462 24660 24700 25086 25176 25199 25217 25286 25306 25377 25464 25863 26185 26229 26253 26264 26374 27079 27177 27631 27693
weight FR940104-0-00032 5 24049 25082 25155 25178 26376
percent FR940104-0-00032 26 24052 25801 25819 25839 25882 25894 26004 26013 26059 26077 26147 26154 26242 26291 26321 26348 26388 26467 26544 26579 26608 26653 26670 27132 27151 27349
daily FR940104-0-00032 23 24053 24752 24772 26007 26114 26134 26148 26163 26171 26204 26244 26390 26469 26546 26581 26610 26654 26701 26728 27086 27133 27152 27351
value FR940104-0-00032 24 24054 24774 26008 26115 26135 26149 26164 26172 26205 26245 26313 26379 26391 26470 26547 26582 26611 26631 26702 26729 27087 27134 27153 27352
supplements FR940104-0-00032 12 24072 24124 24248 24728 24831 25716 25730 26510 26524 27531 27718 27860
vitamins FR940104-0-00032 13 24074 24126 24730 25359 25411 25598 25718 26393 26512 27269 27533 27720 27862
minerals FR940104-0-00032 11 24076 24128 24732 25361 25413 25600 25720 26395 26514 27535 27864
rdi FR940104-0-00032 7 24080 24755 25449 26016 26276 26335 26400
established FR940104-0-00032 7 24082 24101 24758 24779 26018 26033 26731
c FR940104-0-00032 27 24086 24105 24525 24706 24717 24762 24783 24804 25069 25096 25351 25403 25543 25606 25694 25785 25926 26022 26037 26070 26302 26485 26591 26735 27164 27298 27485
8 FR940104-0-00032 6 24089 24765 26025 26999 27195 27398
iv FR940104-0-00032 6 24092 24768 25798 26028 26498 27047
drv FR940104-0-00032 5 24099 24776 26031 26278 26339
labeled FR940104-0-00032 1 24115
ยง101.36 FR940104-0-00032 2 24119 24723
conventional FR940104-0-00032 2 24132 24251
form FR940104-0-00032 9 24133 24253 24382 24409 24442 24627 24982 26807 27799
breakfast FR940104-0-00032 1 24137
herbs FR940104-0-00032 2 24142 24833
similar FR940104-0-00032 2 24147 24836
nutritional FR940104-0-00032 2 24148 24837
substances FR940104-0-00032 2 24149 24838
conform FR940104-0-00032 1 24151
101.12 FR940104-0-00032 1 24166
table FR940104-0-00032 3 24179 24221 24967
alphabetically FR940104-0-00032 1 24183
adding FR940104-0-00032 1 24184
new FR940104-0-00032 1 24186
entry FR940104-0-00032 1 24187
subheading FR940104-0-00032 4 24190 24926 25010 25021
miscellaneous FR940104-0-00032 2 24192 24243
category FR940104-0-00032 5 24193 24236 24244 24498 24657
ยง101.12 FR940104-0-00032 3 24200 24704 24962
reference FR940104-0-00032 11 24201 24223 24368 24373 24404 24437 24461 24659 24699 24751 24773
amounts FR940104-0-00032 17 24202 24224 24374 25080 25111 25153 25187 25340 25357 25409 25444 25475 25491 25751 25776 26128 27669
customarily FR940104-0-00032 3 24203 24225 24336
consumed FR940104-0-00032 3 24204 24226 24337
eating FR940104-0-00032 4 24206 24228 24269 24339
occasion FR940104-0-00032 4 24207 24229 24270 24340
001 FR940104-0-00032 2 24220 24709
2._ FR940104-0-00032 1 24222
supply FR940104-0-00032 1 24233
1,2,3,4 FR940104-0-00032 1 24234
1product FR940104-0-00032 1 24235
1reference FR940104-0-00032 1 24237
1label FR940104-0-00032 1 24239
******* FR940104-0-00032 3 24242 24246 24324
maximum FR940104-0-00032 1 24256
appropriate FR940104-0-00032 6 24261 24473 24588 24979 25312 26045
consumption FR940104-0-00032 4 24267 24353 24448 24642
absence FR940104-0-00032 1 24275
recommendations FR940104-0-00032 1 24277
1 FR940104-0-00032 7 24279 24923 26355 26750 27374 27391 27528
unit FR940104-0-00032 4 24280 24575 24584 25264
tablet FR940104-0-00032 5 24284 24295 25269 25288 25293
capsule FR940104-0-00032 3 24286 24301 25317
packet FR940104-0-00032 7 24288 24307 25319 25728 25740 26522 26534
teaspoonful FR940104-0-00032 2 24290 25322
etc FR940104-0-00032 2 24292 24322
___ FR940104-0-00032 5 24294 24300 24306 24312 24318
s FR940104-0-00032 4 24297 24303 24309 24315
tsp FR940104-0-00032 1 24313
g FR940104-0-00032 6 24319 27388 27395 27450 27503 27715
1these FR940104-0-00032 1 24325
values FR940104-0-00032 4 24326 25509 26401 26655
represent FR940104-0-00032 1 24327
edible FR940104-0-00032 1 24331
portion FR940104-0-00032 1 24332
were FR940104-0-00032 1 24342
primarily FR940104-0-00032 1 24343
derived FR940104-0-00032 1 24344
from FR940104-0-00032 10 24345 24501 25224 25677 26814 26954 27147 27181 27345 27538
19771978 FR940104-0-00032 1 24347
19871988 FR940104-0-00032 1 24350
nationwide FR940104-0-00032 1 24351
surveys FR940104-0-00032 1 24354
conducted FR940104-0-00032 1 24355
department FR940104-0-00032 1 24359
2unless FR940104-0-00032 1 24363
otherwise FR940104-0-00032 1 24364
noted FR940104-0-00032 1 24365
column FR940104-0-00032 7 24370 24665 25193 26106 26123 26445 26704
readytoserve FR940104-0-00032 4 24378 24381 24623 24626
almost FR940104-0-00032 2 24380 24625
ie FR940104-0-00032 6 24387 26010 26269 26323 26896 27076
heat FR940104-0-00032 1 24389
serve FR940104-0-00032 2 24391 24395
brown FR940104-0-00032 1 24393
listed FR940104-0-00032 6 24400 25168 25243 25535 25676 26050
unprepared FR940104-0-00032 1 24408
dry FR940104-0-00032 3 24413 24422 24646
mixes FR940104-0-00032 2 24414 24647
concentrates FR940104-0-00032 2 24416 24649
dough FR940104-0-00032 1 24418
batter FR940104-0-00032 1 24420
fresh FR940104-0-00032 1 24424
frozen FR940104-0-00032 1 24427
pasta FR940104-0-00032 1 24428
make FR940104-0-00032 2 24435 27464
prepared FR940104-0-00032 3 24441 24444 24446
means FR940104-0-00032 2 24445 27434
cooked FR940104-0-00032 1 24452
3manufacturers FR940104-0-00032 1 24455
convert FR940104-0-00032 1 24459
size FR940104-0-00032 15 24467 24549 24929 24950 24970 25024 25258 25281 25988 26765 26771 26944 26970 26995 27018
household FR940104-0-00032 1 24470
measure FR940104-0-00032 2 24471 25393
most FR940104-0-00032 3 24472 24587 27639
their FR940104-0-00032 2 24475 27465
specific FR940104-0-00032 2 24476 24591
using FR940104-0-00032 6 24478 24697 24868 24974 25389 27212
procedures FR940104-0-00032 1 24480
4copies FR940104-0-00032 1 24489
products FR940104-0-00032 5 24494 24621 24636 24677 27795
available FR940104-0-00032 6 24500 26868 26931 26963 26988 27013
hfs150 FR940104-0-00032 1 24508
administration FR940104-0-00032 2 24522 27482
200 FR940104-0-00032 2 24524 27484
st. FR940104-0-00032 2 24526 27486
sw. FR940104-0-00032 2 24527 27487
20204 FR940104-0-00032 2 24532 27492
5the FR940104-0-00032 1 24534
statements FR940104-0-00032 1 24536
meant FR940104-0-00032 1 24538
provide FR940104-0-00032 1 24540
guidance FR940104-0-00032 3 24541 24613 24630
presentation FR940104-0-00032 2 24546 27203
but FR940104-0-00032 2 24555 25461
they FR940104-0-00032 2 24556 27542
term FR940104-0-00032 3 24562 24976 25331
piece FR940104-0-00032 1 24564
used FR940104-0-00032 7 24567 25299 25326 25430 25522 26360 27026
generic FR940104-0-00032 1 24570
description FR940104-0-00032 2 24571 24581
discrete FR940104-0-00032 1 24574
should FR940104-0-00032 2 24578 26910
use FR940104-0-00032 3 24579 24894 26422
sandwich FR940104-0-00032 1 24596
sandwiches FR940104-0-00032 1 24598
cookie FR940104-0-00032 1 24600
cookies FR940104-0-00032 1 24602
bar FR940104-0-00032 7 24605 25232 25246 25668 26196 26212 26236
ice FR940104-0-00032 1 24607
cream FR940104-0-00032 1 24608
bars FR940104-0-00032 1 24609
provided FR940104-0-00032 6 24614 24817 25044 26066 27499 27597
apply FR940104-0-00032 1 24633
which FR940104-0-00032 2 24637 26442
require FR940104-0-00032 2 24638 24679
further FR940104-0-00032 2 24639 24680
preparation FR940104-0-00032 2 24640 24681
unless FR940104-0-00032 4 24651 24813 26412 26778
specifically FR940104-0-00032 2 24652 27766
it FR940104-0-00032 9 24667 25046 25236 26198 27157 27340 27343 27405 27416
forms FR940104-0-00032 1 24671
must FR940104-0-00032 2 24684 27660
determine FR940104-0-00032 1 24685
according FR940104-0-00032 1 24702
101.36 FR940104-0-00032 1 24712
added FR940104-0-00032 3 24714 25914 25966
subpart FR940104-0-00032 1 24716
supplement FR940104-0-00032 4 24742 24985 25077 25387
vitamin FR940104-0-00032 23 24745 25129 25380 25500 25552 25556 25602 25605 25608 25611 25614 25623 25628 25803 25833 25888 25925 25934 25940 26084 26676 27247 27256
mineral FR940104-0-00032 3 24747 25382 27722
intake FR940104-0-00032 1 24753
bear FR940104-0-00032 6 24790 24840 26870 26933 26965 26990
accordance FR940104-0-00032 5 24794 24844 24955 27384 27446
regulation FR940104-0-00032 1 24797
illustrated FR940104-0-00032 3 24800 25781 26587
exemption FR940104-0-00032 1 24815
f FR940104-0-00032 2 24824 27525
contain FR940104-0-00032 1 24863
headings FR940104-0-00032 5 24870 26131 26795 27055 27322
format FR940104-0-00032 1 24872
heading FR940104-0-00032 11 24877 24936 25196 25215 25273 25304 26110 26168 26183 26193 26446
facts FR940104-0-00032 2 24881 26757
box FR940104-0-00032 1 24892
lines FR940104-0-00032 3 24896 26901 27122
all FR940104-0-00032 11 24900 25063 25980 26048 26768 26794 26821 26838 26854 26882 26917
black FR940104-0-00032 1 24901
color FR940104-0-00032 2 24904 25992
printed FR940104-0-00032 1 24910
white FR940104-0-00032 1 24913
neutral FR940104-0-00032 1 24916
contrasting FR940104-0-00032 1 24917
background FR940104-0-00032 1 24918
whenever FR940104-0-00032 1 24919
practical FR940104-0-00032 1 24920
aligned FR940104-0-00032 4 24938 25027 25204 26107
left FR940104-0-00032 4 24941 25030 25207 27357
side FR940104-0-00032 3 24942 25031 25208
expressed FR940104-0-00032 7 24973 25343 25485 25504 25512 25961 26343
such FR940104-0-00032 4 24987 25283 25315 27460
tablets FR940104-0-00032 1 24990
capsules FR940104-0-00032 1 24994
packets FR940104-0-00032 2 24998 27271
teaspoonfuls FR940104-0-00032 1 25003
need FR940104-0-00032 2 25041 27458
listing FR940104-0-00032 4 25061 26001 27029 27188
nutrients FR940104-0-00032 7 25064 25100 25529 25923 25981 26049 27347
present FR940104-0-00032 7 25073 25104 25109 25150 25532 25550 25807
exceed FR940104-0-00032 2 25084 27667
can FR940104-0-00032 1 25088
declared FR940104-0-00032 10 25090 25115 25122 25146 25368 25467 25813 26220 26254 26613
zero FR940104-0-00032 4 25092 25117 25161 26382
those FR940104-0-00032 1 25099
would FR940104-0-00032 1 25113
addition FR940104-0-00032 1 25125
potassium FR940104-0-00032 4 25127 25366 25586 25665
k FR940104-0-00032 7 25130 25501 25553 25615 26085 26677 27875
chloride FR940104-0-00032 6 25132 25477 25581 25660 26087 26679
chromium FR940104-0-00032 6 25134 25493 25577 25656 26089 26681
fluoride FR940104-0-00032 7 25136 25479 25524 25575 25654 26091 26683
manganese FR940104-0-00032 6 25138 25482 25573 25652 26093 26685
molybdenum FR940104-0-00032 6 25140 25495 25579 25658 26095 26687
selenium FR940104-0-00032 6 25143 25497 25567 25648 26097 26690
allow FR940104-0-00032 1 25157
name FR940104-0-00032 3 25164 25828 25920
nutrient FR940104-0-00032 11 25167 25181 25183 25673 25827 26125 26260 26267 26282 27128 27149
immediately FR940104-0-00032 4 25171 25821 25917 25969
followed FR940104-0-00032 4 25172 26316 26634 26723
names FR940104-0-00032 2 25184 26126
separated FR940104-0-00032 1 25223
beneath FR940104-0-00032 7 25235 25250 25825 26191 26210 26227 27156
calories FR940104-0-00032 3 25241 25950 27190
calorie FR940104-0-00032 5 25252 26214 26222 26661 27183
consistent FR940104-0-00032 1 25274
contains FR940104-0-00032 3 25294 25709 26503
place FR940104-0-00032 3 25301 25328 26362
terms FR940104-0-00032 2 25313 25868
increments FR940104-0-00032 1 25346
excluding FR940104-0-00032 1 25363
sodium FR940104-0-00032 3 25364 25583 25662
actual FR940104-0-00032 2 25376 26263
included FR940104-0-00032 3 25383 25877 27688
units FR940104-0-00032 3 25391 25871 25964
levels FR940104-0-00032 2 25396 25425
significance FR940104-0-00032 2 25398 25427
given FR940104-0-00032 5 25399 25453 26080 26672 27354
declaring FR940104-0-00032 3 25407 25773 26577
zeros FR940104-0-00032 1 25415
decimal FR940104-0-00032 2 25417 25435
points FR940104-0-00032 1 25418
dropped FR940104-0-00032 1 25421
additional FR940104-0-00032 2 25424 27438
places FR940104-0-00032 1 25436
indicated FR940104-0-00032 1 25437
sufficient FR940104-0-00032 1 25440
express FR940104-0-00032 1 25442
lower FR940104-0-00032 2 25443 26848
copper FR940104-0-00032 3 25451 25589 25650
whole FR940104-0-00032 4 25455 25514 25818 26347
milligrams FR940104-0-00032 1 25456
mg FR940104-0-00032 3 25458 25472 25487
tenths FR940104-0-00032 2 25469 25519
micrograms FR940104-0-00032 1 25506
numbers FR940104-0-00032 1 25515
order FR940104-0-00032 2 25538 25596
follow FR940104-0-00032 4 25555 25563 25569 25588
e FR940104-0-00032 7 25557 25612 27249 27262 27273 27367 27495
calcium FR940104-0-00032 2 25559 25636
iron FR940104-0-00032 2 25561 25638
pantothenic FR940104-0-00032 2 25564 25633
acid FR940104-0-00032 3 25565 25634 25929
zinc FR940104-0-00032 2 25570 25646
results FR940104-0-00032 1 25592
thiamin FR940104-0-00032 2 25617 25932
riboflavin FR940104-0-00032 2 25619 25938
niacin FR940104-0-00032 1 25621
b6 FR940104-0-00032 1 25624
folate FR940104-0-00032 2 25626 25944
b12 FR940104-0-00032 1 25629
biotin FR940104-0-00032 1 25631
phosphorus FR940104-0-00032 1 25640
iodine FR940104-0-00032 1 25642
magnesium FR940104-0-00032 1 25644
last FR940104-0-00032 1 25672
bottom FR940104-0-00032 3 25679 26645 26716
shown FR940104-0-00032 4 25686 26481 27160 27290
sample FR940104-0-00032 4 25689 27233 27293 27361
iii FR940104-0-00032 5 25704 25791 26385 26597 27266
taken FR940104-0-00032 4 25733 25743 26527 26537
morning FR940104-0-00032 2 25736 26530
different FR940104-0-00032 2 25739 26533
afternoon FR940104-0-00032 2 25746 26540
individual FR940104-0-00032 2 25761 26565
package FR940104-0-00032 2 25779 26585
beta FR940104-0-00032 6 25809 25841 25859 25865 25900 27033
-carotene FR940104-0-00032 6 25810 25842 25860 25866 25901 27034
nearest FR940104-0-00032 2 25817 26346
adjacent FR940104-0-00032 1 25822
5000 FR940104-0-00032 2 25835 25890
iu FR940104-0-00032 4 25836 25873 25891 25897
90 FR940104-0-00032 2 25838 25893
claim FR940104-0-00032 1 25855
made FR940104-0-00032 3 25857 27560 27580
about FR940104-0-00032 1 25858
international FR940104-0-00032 1 25870
parentheses FR940104-0-00032 2 25879 25968
4500 FR940104-0-00032 1 25896
v FR940104-0-00032 3 25907 26604 27105
synonyms FR940104-0-00032 1 25911
parenthesis FR940104-0-00032 1 25916
ascorbic FR940104-0-00032 1 25928
b1 FR940104-0-00032 1 25935
b2 FR940104-0-00032 1 25941
folacin FR940104-0-00032 1 25946
energy FR940104-0-00032 2 25952 25955
content FR940104-0-00032 2 25956 25975
kilojoules FR940104-0-00032 1 25963
caloric FR940104-0-00032 1 25974
displayed FR940104-0-00032 1 25984
uniform FR940104-0-00032 1 25986
style FR940104-0-00032 2 25990 26833
prominence FR940104-0-00032 1 25995
where FR940104-0-00032 2 26044 27647
protein FR940104-0-00032 3 26061 26293 26628
omitted FR940104-0-00032 1 26064
7 FR940104-0-00032 3 26073 26305 27112
no FR940104-0-00032 7 26076 26669 26945 26971 26996 27019 27603
sugars FR940104-0-00032 2 26082 26674
% FR940104-0-00032 11 26113 26133 26142 26162 26170 26203 26325 26356 26366 26700 27085
right FR940104-0-00032 3 26120 27316 27330
dv FR940104-0-00032 3 26137 26143 26155
substituted FR940104-0-00032 1 26159
same FR940104-0-00032 1 26179
line FR940104-0-00032 2 26180 27337
underneath FR940104-0-00032 1 26197
calculated FR940104-0-00032 2 26248 26296
dividing FR940104-0-00032 1 26250
either FR940104-0-00032 1 26251
before FR940104-0-00032 1 26271
rounding FR940104-0-00032 1 26272
multiplying FR940104-0-00032 1 26284
100 FR940104-0-00032 1 26286
numerical FR940104-0-00032 1 26312
symbol FR940104-0-00032 1 26319
percentages FR940104-0-00032 1 26332
based FR940104-0-00032 4 26333 26398 26657 27636
's FR940104-0-00032 2 26336 26340
less FR940104-0-00032 6 26353 26427 26873 26936 27653 27771
than FR940104-0-00032 18 26354 26381 26428 26462 26767 26874 26937 26947 26973 26981 26998 27008 27021 27572 27593 27654 27757 27772
0 FR940104-0-00032 1 26365
greater FR940104-0-00032 1 26380
adults FR940104-0-00032 2 26403 27260
children FR940104-0-00032 4 26405 26426 27258 27770
years FR940104-0-00032 5 26409 26430 27656 27774 27779
age FR940104-0-00032 4 26411 26432 27776 27781
represented FR940104-0-00032 2 26416 27761
purported FR940104-0-00032 2 26418 27763
infants FR940104-0-00032 2 26424 27768
pregnant FR940104-0-00032 1 26434
women FR940104-0-00032 2 26435 26439
lactating FR940104-0-00032 1 26438
case FR940104-0-00032 2 26443 26849
state FR940104-0-00032 1 26449
group FR940104-0-00032 3 26452 26464 26473
within FR940104-0-00032 5 26460 26823 26840 26884 26919
total FR940104-0-00032 5 26615 26621 26865 26928 27692
fat FR940104-0-00032 2 26616 26619
saturated FR940104-0-00032 1 26618
carbohydrate FR940104-0-00032 1 26622
fiber FR940104-0-00032 1 26625
asterisk FR940104-0-00032 4 26637 26642 26693 26710
refers FR940104-0-00032 1 26639
another FR940104-0-00032 2 26641 26709
2000 FR940104-0-00032 1 26660
diet FR940104-0-00032 1 26662
refer FR940104-0-00032 1 26707
title FR940104-0-00032 2 26753 26792
set FR940104-0-00032 4 26761 26783 27216 27333
larger FR940104-0-00032 1 26766
print FR940104-0-00032 1 26770
impractical FR940104-0-00032 1 26779
full FR940104-0-00032 1 26784
width FR940104-0-00032 1 26785
highlighted FR940104-0-00032 1 26798
reverse FR940104-0-00032 1 26800
permitted FR940104-0-00032 1 26804
highlighting FR940104-0-00032 1 26809
distinguish FR940104-0-00032 1 26812
them FR940104-0-00032 1 26813
utilize FR940104-0-00032 2 26828 26845
easytoread FR940104-0-00032 1 26831
upper FR940104-0-00032 1 26846
uppercase FR940104-0-00032 1 26855
lettering FR940104-0-00032 1 26856
utilized FR940104-0-00032 1 26859
packages FR940104-0-00032 6 26861 26924 26951 26978 27005 27822
surface FR940104-0-00032 5 26866 26929 26961 26986 27014
area FR940104-0-00032 5 26867 26930 26962 26987 27015
12 FR940104-0-00032 3 26875 26938 26955
square FR940104-0-00032 5 26876 26939 26958 26983 27010
inches FR940104-0-00032 5 26877 26940 26959 26984 27011
least FR940104-0-00032 1 26891
leading FR940104-0-00032 1 26894
space FR940104-0-00032 2 26898 27280
text FR940104-0-00032 2 26903 27124
never FR940104-0-00032 1 26911
touch FR940104-0-00032 1 26912
smaller FR940104-0-00032 4 26946 26972 26997 27020
4.5 FR940104-0-00032 1 26948
40 FR940104-0-00032 3 26957 26982 27009
footnote FR940104-0-00032 1 27094
hairline FR940104-0-00032 1 27115
rule FR940104-0-00032 1 27116
centered FR940104-0-00032 1 27119
its FR940104-0-00032 1 27130
corresponding FR940104-0-00032 1 27131
interest FR940104-0-00032 1 27199
uniformity FR940104-0-00032 1 27201
urges FR940104-0-00032 1 27206
graphic FR940104-0-00032 1 27214
forth FR940104-0-00032 1 27217
appendix FR940104-0-00032 1 27219
applicable FR940104-0-00032 1 27226
purpose FR940104-0-00032 1 27239
illustration FR940104-0-00032 1 27241
multiple FR940104-0-00032 3 27246 27255 27268
frfmtr04ja94.000 FR940104-0-00032 1 27251
frfmtr04ja94.001 FR940104-0-00032 1 27264
frfmtr04ja94.002 FR940104-0-00032 1 27275
10 FR940104-0-00032 1 27277
adequate FR940104-0-00032 1 27283
split FR940104-0-00032 1 27311
continued FR940104-0-00032 1 27313
long FR940104-0-00032 1 27319
repeated FR940104-0-00032 1 27324
off FR940104-0-00032 1 27334
distinguishes FR940104-0-00032 1 27339
sets FR940104-0-00032 1 27342
apart FR940104-0-00032 1 27344
illustrates FR940104-0-00032 1 27363
display FR940104-0-00032 1 27365
frfmtr04ja94.003 FR940104-0-00032 1 27369
technologically FR940104-0-00032 1 27408
feasible FR940104-0-00032 1 27409
some FR940104-0-00032 1 27412
circumstance FR940104-0-00032 1 27414
makes FR940104-0-00032 1 27415
impracticable FR940104-0-00032 1 27417
firms FR940104-0-00032 4 27420 27456 27648 27674
comply FR940104-0-00032 1 27422
permit FR940104-0-00032 1 27432
alternative FR940104-0-00032 1 27433
exemptions FR940104-0-00032 1 27439
deal FR940104-0-00032 1 27441
situation FR940104-0-00032 1 27444
special FR940104-0-00032 2 27461 27728
request FR940104-0-00032 1 27466
writing FR940104-0-00032 1 27468
ยง101.2 FR940104-0-00032 1 27522
exempt FR940104-0-00032 1 27537
offered FR940104-0-00032 1 27544
sale FR940104-0-00032 1 27546
manufacturer FR940104-0-00032 1 27549
packer FR940104-0-00032 1 27551
distributor FR940104-0-00032 1 27554
who FR940104-0-00032 1 27555
annual FR940104-0-00032 3 27557 27577 27663
gross FR940104-0-00032 2 27558 27578
sales FR940104-0-00032 8 27559 27565 27579 27585 27633 27664 27696 27702
business FR940104-0-00032 5 27562 27582 27644 27652 27684
done FR940104-0-00032 2 27563 27583
consumers FR940104-0-00032 4 27567 27589 27704 27806
$ FR940104-0-00032 2 27573 27594
500000 FR940104-0-00032 1 27574
50000 FR940104-0-00032 1 27595
bears FR940104-0-00032 1 27602
claims FR940104-0-00032 1 27605
advertising FR940104-0-00032 1 27617
purposes FR940104-0-00032 1 27623
calculation FR940104-0-00032 1 27628
recent FR940104-0-00032 1 27640
average FR940104-0-00032 1 27642
activity FR940104-0-00032 1 27645
reasonable FR940104-0-00032 1 27658
estimates FR940104-0-00032 1 27659
indicate FR940104-0-00032 1 27661
foreign FR940104-0-00032 1 27673
ship FR940104-0-00032 1 27676
into FR940104-0-00032 1 27678
activities FR940104-0-00032 1 27685
well FR940104-0-00032 1 27699
firm FR940104-0-00032 1 27708
subject FR940104-0-00032 2 27725 27867
conditions FR940104-0-00032 1 27730
infant FR940104-0-00032 1 27758
formula FR940104-0-00032 1 27759
respectively FR940104-0-00032 1 27783
shipped FR940104-0-00032 1 27796
bulk FR940104-0-00032 2 27798 27853
distribution FR940104-0-00032 1 27804
intermediatesized FR940104-0-00032 1 27821
multiunit FR940104-0-00032 1 27835
16 FR940104-0-00032 1 27847
sold FR940104-0-00032 1 27851
misbranding FR940104-0-00032 1 27870
provisions FR940104-0-00032 1 27871
dated FR940104-0-00032 1 27878
david FR940104-0-00032 1 27882
kessler FR940104-0-00032 1 27884
donna FR940104-0-00032 1 27892
shalala FR940104-0-00032 1 27894
secretary FR940104-0-00032 1 27896
health FR940104-0-00032 1 27898
services FR940104-0-00032 1 27901
[ FR940104-0-00032 1 27903
fr FR940104-0-00032 1 27904
doc FR940104-0-00032 1 27905
9331813 FR940104-0-00032 1 27907
filed FR940104-0-00032 1 27908
122993 FR940104-0-00032 1 27909
8:45 FR940104-0-00032 1 27911
] FR940104-0-00032 1 27913
billing FR940104-0-00032 1 27914
code FR940104-0-00032 1 27915
416001f FR940104-0-00032 1 27916
department FR940104-0-00033 1 0
of FR940104-0-00033 16 1 33 81 106 122 134 166 174 239 273 278 283 318 354 357 366
health FR940104-0-00033 1 2
and FR940104-0-00033 15 3 7 40 48 63 88 124 138 163 168 195 203 236 263 302
human FR940104-0-00033 1 4
services FR940104-0-00033 1 5
food FR940104-0-00033 9 6 22 47 62 193 202 259 300 304
drug FR940104-0-00033 5 8 49 64 204 261
administration FR940104-0-00033 4 9 50 65 205
21 FR940104-0-00033 1 10
cfr FR940104-0-00033 1 11
part FR940104-0-00033 2 12 365
101 FR940104-0-00033 1 13
[ FR940104-0-00033 1 14
docket FR940104-0-00033 1 15
no FR940104-0-00033 1 16
. FR940104-0-00033 12 17 53 58 152 176 181 218 248 252 276 306 384
91n384d FR940104-0-00033 1 18
] FR940104-0-00033 1 19
rin FR940104-0-00033 1 20
0905ad96 FR940104-0-00033 1 21
labeling FR940104-0-00033 7 23 133 162 235 305 345 368
; FR940104-0-00033 3 24 114 137
requirements FR940104-0-00033 1 25
for FR940104-0-00033 9 26 30 110 119 143 145 149 182 192
nutrient FR940104-0-00033 6 27 111 126 146 296 356
content FR940104-0-00033 5 28 112 127 147 297
claims FR940104-0-00033 5 29 113 128 148 298
dietary FR940104-0-00033 6 31 79 99 135 150 171
supplements FR940104-0-00033 5 32 80 100 136 151
vitamins FR940104-0-00033 2 34 82
, FR940104-0-00033 21 35 37 39 51 83 85 87 180 190 201 206 211 213 216 226 227 260 262 321 329 369
minerals FR940104-0-00033 2 36 84
herbs FR940104-0-00033 2 38 86
other FR940104-0-00033 2 41 89
similar FR940104-0-00033 2 42 90
nutritionnal FR940104-0-00033 1 43
substances FR940104-0-00033 2 44 92
agency FR940104-0-00033 1 45
: FR940104-0-00033 7 46 55 60 74 179 186 221
hhs FR940104-0-00033 1 52
action FR940104-0-00033 1 54
final FR940104-0-00033 2 56 154
rule FR940104-0-00033 2 57 155
summary FR940104-0-00033 1 59
the FR940104-0-00033 19 61 104 107 120 160 170 233 242 253 257 267 279 284 319 326 352 358 385 390
( FR940104-0-00033 13 66 75 93 115 139 198 241 246 266 309 312 315 377
fda FR940104-0-00033 2 67 291
) FR940104-0-00033 13 68 77 102 117 141 200 245 251 269 311 314 317 381
is FR940104-0-00033 4 69 156 287 334
amending FR940104-0-00033 1 70
its FR940104-0-00033 2 71 342
regulations FR940104-0-00033 1 72
to FR940104-0-00033 6 73 96 159 169 294 361
1 FR940104-0-00033 2 76 313
include FR940104-0-00033 1 78
nutritional FR940104-0-00033 1 91
hereinafter FR940104-0-00033 1 94
referred FR940104-0-00033 1 95
as FR940104-0-00033 2 97 364
`` FR940104-0-00033 1 98
'' FR940104-0-00033 1 101
under FR940104-0-00033 1 103
coverage FR940104-0-00033 1 105
general FR940104-0-00033 1 108
principles FR940104-0-00033 1 109
2 FR940104-0-00033 1 116
provide FR940104-0-00033 2 118 142
use FR940104-0-00033 1 121
expressed FR940104-0-00033 1 123
implied FR940104-0-00033 1 125
on FR940104-0-00033 3 129 225 299
labels FR940104-0-00033 2 130 301
or FR940104-0-00033 4 131 344 349 378
in FR940104-0-00033 5 132 157 270 303 341
3 FR940104-0-00033 1 140
petitions FR940104-0-00033 1 144
this FR940104-0-00033 1 153
response FR940104-0-00033 1 158
nutrition FR940104-0-00033 4 161 197 234 367
education FR940104-0-00033 2 164 237
act FR940104-0-00033 6 165 173 238 265 268 320
1990 FR940104-0-00033 7 167 240 243 254 285 327 386
supplement FR940104-0-00033 1 172
1992 FR940104-0-00033 1 175
effective FR940104-0-00033 1 177
date FR940104-0-00033 1 178
further FR940104-0-00033 1 183
information FR940104-0-00033 2 184 220
contact FR940104-0-00033 1 185
camille FR940104-0-00033 1 187
e. FR940104-0-00033 1 188
brewer FR940104-0-00033 1 189
center FR940104-0-00033 1 191
safety FR940104-0-00033 1 194
applied FR940104-0-00033 1 196
hfs165 FR940104-0-00033 1 199
200 FR940104-0-00033 1 207
c FR940104-0-00033 1 208
st. FR940104-0-00033 1 209
sw. FR940104-0-00033 1 210
washington FR940104-0-00033 1 212
dc FR940104-0-00033 1 214
20204 FR940104-0-00033 1 215
2022055483 FR940104-0-00033 1 217
supplementary FR940104-0-00033 1 219
i. FR940104-0-00033 1 222
regulatory FR940104-0-00033 1 223
history FR940104-0-00033 1 224
president FR940104-0-00033 1 228
bush FR940104-0-00033 1 229
signed FR940104-0-00033 1 230
into FR940104-0-00033 1 231
law FR940104-0-00033 1 232
amendments FR940104-0-00033 5 244 255 286 328 387
pub FR940104-0-00033 1 247
l. FR940104-0-00033 1 249
101535 FR940104-0-00033 1 250
revised FR940104-0-00033 1 256
federal FR940104-0-00033 1 258
cosmetic FR940104-0-00033 1 264
a FR940104-0-00033 4 271 316 332 339
number FR940104-0-00033 1 272
important FR940104-0-00033 1 274
ways FR940104-0-00033 1 275
one FR940104-0-00033 1 277
most FR940104-0-00033 1 280
notable FR940104-0-00033 1 281
aspects FR940104-0-00033 1 282
that FR940104-0-00033 3 288 331 346
they FR940104-0-00033 1 289
establish FR940104-0-00033 1 290
's FR940104-0-00033 1 292
authority FR940104-0-00033 1 293
regulate FR940104-0-00033 1 295
section FR940104-0-00033 1 307
403 FR940104-0-00033 1 308
r FR940104-0-00033 1 310
which FR940104-0-00033 1 322
was FR940104-0-00033 1 323
added FR940104-0-00033 1 324
by FR940104-0-00033 2 325 382
provides FR940104-0-00033 1 330
product FR940104-0-00033 1 333
misbranded FR940104-0-00033 1 335
if FR940104-0-00033 1 336
it FR940104-0-00033 1 337
bears FR940104-0-00033 1 338
claim FR940104-0-00033 2 340 372
label FR940104-0-00033 1 343
either FR940104-0-00033 1 347
expressly FR940104-0-00033 1 348
implicitly FR940104-0-00033 1 350
characterizes FR940104-0-00033 1 351
level FR940104-0-00033 1 353
any FR940104-0-00033 1 355
type FR940104-0-00033 1 359
required FR940104-0-00033 1 360
be FR940104-0-00033 1 362
declared FR940104-0-00033 1 363
unless FR940104-0-00033 1 370
such FR940104-0-00033 1 371
has FR940104-0-00033 1 373
been FR940104-0-00033 1 374
specifically FR940104-0-00033 1 375
defined FR940104-0-00033 1 376
otherwise FR940104-0-00033 1 379
exempted FR940104-0-00033 1 380
regulation FR940104-0-00033 1 383
also FR940104-0-00033 1 388
direct FR940104-0-00033 1 389
secretary FR940104-0-00033 1 391
