, FR941206-1-00134 202 36610 36614 36621 36623 36627 36635 36637 36640 36644 36651 36684 36732 36747 36752 36758 36785 36789 36826 36840 36856 36910 36919 36989 37002 37178 37180 37184 37219 37242 37247 37259 37270 37273 37290 37308 37336 37342 37456 37565 37590 37593 37613 37730 37791 37793 37795 37797 37799 37801 37842 37844 37847 37850 37852 37856 37859 37863 37882 37925 37927 37948 37967 37972 37979 38066 38097 38174 38212 38221 38305 38403 38447 38463 38509 38545 38595 38678 38753 38772 38783 38789 38806 38812 38895 38922 38942 38945 38953 38974 38979 39046 39060 39107 39134 39163 39168 39195 39219 39229 39260 39262 39269 39414 39458 39504 39513 39540 39550 39579 39581 39594 39619 39633 39657 39668 39678 39711 39720 39726 39737 39748 39767 39769 39797 39807 39980 39988 40071 40079 40085 40207 40215 40289 40342 40423 40531 40548 40563 40571 40630 40633 40635 40682 40716 40776 40843 40860 40867 40870 40883 40940 40958 41005 41009 41022 41054 41081 41103 41117 41145 41207 41257 41259 41263 41280 41352 41373 41403 41420 41435 41449 41465 41470 41478 41580 41598 41615 41618 41636 41643 41666 41669 41672 41691 41701 41724 41728 41730 41732 41734 41736 41742 41745 41759 41773 41789 41988 42019 42020 42078 42102 42113
etc FR941206-1-00134 2 36611 36624
. FR941206-1-00134 163 36612 36625 36648 36664 36699 36730 36744 36778 36808 36853 36896 36953 36961 36976 37019 37050 37105 37145 37205 37276 37317 37339 37369 37420 37437 37486 37519 37542 37586 37619 37621 37644 37663 37692 37705 37742 37776 37811 37874 37943 37976 38014 38038 38059 38095 38131 38165 38198 38237 38279 38320 38352 38388 38437 38501 38513 38543 38561 38582 38624 38650 38662 38724 38844 38907 38920 38957 38959 39008 39058 39191 39210 39243 39277 39295 39319 39323 39343 39383 39411 39430 39456 39482 39498 39518 39586 39606 39672 39690 39692 39697 39760 39795 39842 39870 39907 39909 39922 39949 40014 40035 40059 40097 40130 40132 40141 40225 40227 40229 40265 40279 40335 40395 40447 40481 40519 40521 40527 40581 40624 40709 40752 40754 40756 40789 40809 40811 40832 40894 40936 40952 40979 40998 41017 41069 41079 41115 41137 41174 41196 41242 41268 41319 41370 41398 41446 41493 41531 41578 41623 41641 41664 41689 41743 41760 41787 41828 41866 41921 41963 42022 42076 42097
) FR941206-1-00134 156 36613 36626 36634 36877 36985 36988 36996 36999 37059 37062 37068 37071 37119 37122 37126 37129 37183 37238 37241 37255 37258 37274 37275 37286 37289 37337 37338 37362 37367 37368 37374 37399 37402 37482 37485 37557 37626 37629 37649 37652 37674 37677 37681 37684 37695 37745 37829 37834 37920 38134 38395 38398 38443 38446 38613 38616 38620 38623 38639 38642 38645 38649 38670 38673 38677 38687 38690 39007 39068 39071 39315 39318 39346 39374 39491 39494 39521 39585 39730 39733 39736 39741 39744 39747 39753 39756 39759 39979 39984 39987 39993 39997 40042 40054 40125 40129 40206 40211 40214 40220 40224 40237 40350 40386 40474 40493 40547 40562 40567 40570 40576 40580 40593 40666 40681 40715 40853 40869 40893 40903 40907 40988 40992 41043 41047 41053 41068 41154 41287 41290 41293 41298 41301 41311 41324 41327 41348 41351 41362 41365 41368 41369 41382 41413 41416 41492 41502 41505 41508 41513 41516 41562 41706 41740 41985 42021
cleanup FR941206-1-00134 6 36615 36628 39366 39438 39571 39651
column FR941206-1-00134 1 36616
packing FR941206-1-00134 3 36617 41638 41661
materials FR941206-1-00134 9 36618 36639 36694 36918 36925 36939 40103 41605 41630
( FR941206-1-00134 155 36619 36630 36874 36983 36986 36994 36997 37057 37060 37066 37069 37117 37120 37124 37127 37173 37236 37239 37253 37256 37266 37272 37284 37287 37331 37335 37356 37360 37365 37372 37397 37400 37480 37483 37555 37624 37627 37647 37650 37672 37675 37679 37682 37693 37743 37827 37832 37905 38132 38393 38396 38441 38444 38611 38614 38618 38621 38637 38640 38643 38647 38668 38671 38675 38685 38688 39002 39066 39069 39313 39316 39344 39360 39489 39492 39519 39565 39728 39731 39734 39739 39742 39745 39751 39754 39757 39977 39982 39985 39991 39995 40040 40050 40123 40127 40204 40209 40212 40218 40222 40235 40348 40384 40470 40491 40545 40560 40565 40568 40574 40578 40591 40655 40672 40713 40841 40865 40881 40901 40905 40986 40990 41041 41045 41051 41066 41152 41285 41288 41291 41296 41299 41309 41322 41325 41346 41349 41358 41360 41363 41366 41380 41411 41414 41485 41500 41503 41506 41511 41514 41560 41702 41722 41978 42015
alumina FR941206-1-00134 1 36620
florisil FR941206-1-00134 1 36622
liquids FR941206-1-00134 3 36629 39814 40892
concentrated FR941206-1-00134 1 36631
sulfuric FR941206-1-00134 1 36632
acid FR941206-1-00134 1 36633
glassware FR941206-1-00134 1 36636
filtering FR941206-1-00134 1 36638
extracted FR941206-1-00134 3 36641 36671 36749
sample FR941206-1-00134 5 36642 36674 36750 36777 40433
material FR941206-1-00134 10 36643 36751 40068 40258 40264 40273 40282 41558 41590 41668
and FR941206-1-00134 103 36645 36656 36685 36722 36832 36841 36920 36950 37063 37092 37123 37134 37213 37263 37302 37328 37352 37363 37379 37383 37516 37566 37601 37678 37778 37802 37818 37830 37973 38047 38153 38222 38464 38487 38528 38533 38617 38775 38813 38827 38866 39039 39131 39157 39169 39179 39263 39361 39403 39463 39551 39620 39749 39789 39798 39821 39833 39847 39852 39914 40019 40048 40086 40100 40179 40187 40413 40475 40502 40509 40523 40610 40614 40815 40850 40854 40871 40904 40972 40989 40995 41013 41044 41094 41142 41260 41264 41294 41317 41378 41387 41429 41436 41444 41471 41509 41527 41542 41673 41737 41810 41835 41911
excess FR941206-1-00134 2 36646 40309
extract FR941206-1-00134 1 36647
in FR941206-1-00134 123 36649 36672 36679 36717 36725 36728 36775 36801 36813 36845 36854 36916 36926 36940 37217 37281 37326 37340 37438 37499 37689 37807 37908 37944 38063 38071 38086 38146 38157 38166 38179 38184 38214 38229 38232 38250 38267 38283 38333 38346 38362 38432 38480 38491 38525 38539 38549 38629 38712 38900 38970 39036 39100 39213 39239 39257 39290 39304 39352 39372 39392 39418 39427 39444 39469 39487 39583 39587 39659 39670 39765 39804 39822 39856 39865 39937 39941 40003 40017 40145 40171 40308 40336 40362 40402 40405 40414 40418 40468 40588 40640 40720 40723 40738 40759 40822 40878 40925 40937 40953 40975 41018 41075 41113 41135 41159 41219 41371 41389 41409 41447 41467 41472 41554 41609 41619 41627 41637 41678 41749 41798 41965 42004
addition FR941206-1-00134 5 36650 36855 38167 40337 41372
analytical FR941206-1-00134 2 36652 38754
instrumentation FR941206-1-00134 1 36653
is FR941206-1-00134 46 36654 36675 36734 36780 36858 36883 37469 37489 37521 37957 37989 38040 38145 38529 38548 38632 38680 39062 39307 39334 39485 39887 40153 40156 40168 40231 40283 40344 40360 40426 40483 40551 40731 40792 41119 41148 41177 41209 41229 41495 41617 41755 41869 41924 41990 42054
contaminated FR941206-1-00134 1 36655
therefore FR941206-1-00134 8 36657 36731 37052 38096 38544 39059 41116 41579
regulated FR941206-1-00134 4 36658 36660 36755 37391
if FR941206-1-00134 13 36659 37470 37591 37933 38471 38583 38884 40280 40321 40693 41421 41873 41931
pcbs FR941206-1-00134 73 36661 36670 36698 36705 36915 36933 36958 36973 37011 37033 37086 37162 37305 37382 37412 37433 37455 37539 37573 37641 37698 37714 37736 38061 38070 38104 38137 38195 38205 38241 38294 38345 38419 38560 38693 38750 38797 38830 38855 38875 38909 38924 39014 39099 39130 39186 39211 39255 39467 39530 39595 39609 39696 39710 39882 39896 40076 40084 40440 40480 40924 41195 41206 41241 41464 41530 41570 41624 41647 41748 41863 41915 42094
are FR941206-1-00134 23 36662 36908 37023 37390 37757 37822 38112 38361 38704 39197 39859 40061 40451 41091 41106 41337 41438 41625 41649 41683 41693 41804 42032
analyzed FR941206-1-00134 1 36663
the FR941206-1-00134 300 36665 36764 36772 36776 36790 36802 36817 36838 36862 36887 36900 36921 36927 37004 37026 37048 37078 37149 37154 37187 37190 37209 37279 37300 37312 37345 37377 37405 37421 37439 37447 37457 37493 37504 37508 37525 37529 37543 37560 37570 37581 37596 37635 37686 37690 37707 37711 37728 37759 37763 37767 37771 37779 37789 37808 37812 37853 37871 37889 37892 37898 37902 37913 37917 37945 37953 37964 37968 37991 37995 38005 38009 38050 38064 38084 38087 38092 38114 38118 38122 38126 38147 38150 38163 38169 38185 38188 38202 38209 38218 38230 38240 38243 38251 38254 38265 38268 38284 38287 38334 38337 38344 38363 38366 38386 38412 38457 38481 38484 38499 38507 38514 38517 38540 38546 38550 38580 38605 38630 38651 38665 38765 38786 38795 38799 38825 38842 38892 38915 38923 38963 38966 38988 38992 39034 39042 39098 39109 39118 39122 39136 39143 39146 39161 39180 39203 39217 39234 39240 39305 39353 39378 39384 39393 39406 39437 39451 39473 39536 39546 39561 39613 39616 39640 39702 39706 39766 39772 39775 39805 39808 39831 39843 39853 39863 39866 39888 39898 39927 39959 39972 40000 40004 40008 40064 40072 40075 40080 40087 40090 40166 40172 40239 40287 40290 40322 40333 40353 40372 40393 40403 40419 40448 40456 40461 40466 40486 40500 40505 40525 40529 40533 40536 40541 40555 40582 40586 40596 40615 40619 40625 40637 40643 40651 40668 40685 40694 40707 40717 40721 40725 40746 40749 40807 40817 40823 40844 40856 40897 40910 40916 40926 40938 40945 40956 40970 40976 41003 41015 41033 41057 41060 41099 41123 41146 41171 41175 41213 41255 41281 41303 41340 41432 41440 41450 41454 41482 41520 41525 41546 41555 41612 41628 41681 41696 41708 41717 41800 41813 41819 41839 41843 41875 41879 41886 41896 41904 41933 41947 41960 41969 41996 41999 42008 42011 42034 42041 42055 42058 42079
relatively FR941206-1-00134 2 36666 36901
small FR941206-1-00134 4 36667 36702 36865 36902
amount FR941206-1-00134 5 36668 39809 40065 40082 40271
of FR941206-1-00134 189 36669 36701 36704 36766 36794 36797 36847 36864 36867 36889 36893 36904 36914 36924 36937 36957 37000 37010 37032 37043 37085 37102 37148 37161 37189 37203 37211 37224 37227 37304 37381 37388 37411 37415 37432 37441 37453 37496 37510 37513 37538 37603 37608 37640 37660 37697 37734 37747 37762 37770 37804 37835 37870 37886 37891 37901 37912 37916 37921 37952 37963 37970 37994 38008 38018 38024 38069 38091 38103 38117 38125 38136 38149 38187 38194 38239 38253 38286 38293 38336 38343 38365 38381 38418 38422 38483 38494 38535 38558 38656 38711 38748 38779 38785 38801 38829 38837 38853 38860 38873 38882 38890 38965 39013 39029 39077 39082 39121 39129 39145 39202 39206 39216 39250 39326 39328 39348 39367 39369 39439 39472 39501 39525 39563 39572 39574 39615 39652 39675 39694 39708 39774 39782 39810 39876 39930 39961 39971 39974 40066 40070 40074 40078 40083 40089 40119 40134 40183 40272 40310 40387 40477 40504 40516 40543 40558 40599 40658 40664 40678 40702 40748 40886 40918 40931 41096 41101 41139 41180 41215 41271 41276 41305 41307 41439 41529 41710 41719 41747 41831 41845 41949 41972 41998 42030 42045 42049 42057 42100
a FR941206-1-00134 67 36673 36718 36941 36948 37111 37142 37442 37500 37575 37980 37984 38032 38299 38314 38370 38435 38592 38719 38740 38931 38937 39027 39088 39248 39293 39357 39400 39496 39722 39729 39740 39779 39793 39877 39975 39992 40043 40105 40124 40162 40193 40219 40269 40302 40315 40339 40363 40432 40443 40472 40532 40575 40689 40785 40793 41224 41374 41572 41832 41846 41867 41870 41922 41928 41938 42072 42083
often FR941206-1-00134 2 36676 41090
diluted FR941206-1-00134 1 36677
significantly FR941206-1-00134 1 36678
most FR941206-1-00134 7 36680 36686 38043 38551 41455 41468 41762
potential FR941206-1-00134 3 36681 40462 40513
laboratory FR941206-1-00134 6 36682 36742 36818 36839 36848 40534
wastes FR941206-1-00134 16 36683 36687 36906 37462 37515 37605 37749 38002 38021 38757 38952 39330 39526 39576 39626 39894
that FR941206-1-00134 64 36688 36695 36827 36881 36899 37222 37297 37349 37376 37445 37460 37713 37756 38111 38143 38271 38328 38360 38474 38575 38586 38691 38703 38817 38824 38871 38980 39011 39040 39097 39152 39254 39298 39388 39441 39527 39531 39552 40238 40359 40424 40428 40434 40585 40983 41085 41155 41182 41223 41250 41336 41587 41616 41648 41695 41777 41859 41878 41895 41945 41958 42027 42066 42082
can FR941206-1-00134 5 36689 38847 38867 39800 39826
not FR941206-1-00134 44 36690 36820 37038 37152 37321 37425 37878 38054 38155 38227 38273 38323 38376 38489 38832 38848 38868 38887 38983 39024 39103 39335 39514 39628 39681 39956 40157 40191 40552 40649 41073 41092 41107 41186 41192 41265 41480 41592 41676 41684 41756 41936 41943 41956
be FR941206-1-00134 75 36691 36712 36761 36830 36886 37139 37230 37465 37533 37740 38030 38177 38183 38201 38249 38274 38282 38324 38479 38504 38566 38577 38627 38654 38709 38759 38869 38877 38888 38898 38912 38928 39020 39104 39231 39270 39302 39338 39397 39421 39448 39461 39510 39597 39629 39636 39686 39801 39817 39828 40027 40114 40117 40252 40268 40736 40769 40830 40993 41110 41168 41202 41233 41333 41385 41396 41418 41458 41481 41593 41607 41657 41687 41927 42068
recycled FR941206-1-00134 2 36692 36834
contain FR941206-1-00134 7 36693 38735 39209 41194 41205 41236 41914
should FR941206-1-00134 6 36696 37532 37685 39049 40267 41244
absorb FR941206-1-00134 2 36697 36932
extraction FR941206-1-00134 1 36700
amounts FR941206-1-00134 2 36703 39205
resulting FR941206-1-00134 5 36706 39364 39435 39569 39649
from FR941206-1-00134 14 36707 36891 36966 37546 37574 37750 38105 38798 39365 39436 39529 39570 39650 40104
pcb FR941206-1-00134 68 36708 37347 37384 37497 37604 37748 37805 38001 38020 38522 38536 38721 38729 38938 39078 39329 39349 39389 39415 39433 39787 39813 39836 39845 39885 39917 39947 39954 40022 40056 40067 40102 40106 40139 40150 40159 40184 40195 40248 40357 40389 40680 40765 40891 41062 41157 41162 41165 41183 41227 41277 41315 41330 41401 41720 41801 41820 41833 41847 41854 41871 41882 41899 41929 41961 42009 42012 42075
analysis FR941206-1-00134 3 36709 36804 36895
would FR941206-1-00134 46 36710 36723 36753 36811 36842 36931 37037 37108 37151 37594 37630 37653 37737 38029 38182 38322 38375 38478 38488 38503 38563 38576 38653 38732 38897 38925 38982 39299 39386 39460 39635 39680 39925 39964 40012 40025 40113 40430 40632 40648 40733 40767 41072 41582 41601 41793
likely FR941206-1-00134 1 36711
more FR941206-1-00134 2 36713 40436
burdensome FR941206-1-00134 1 36714
than FR941206-1-00134 13 36715 37016 37171 37417 37702 37718 38697 39840 40437 40888 41339 41406 41576
disposal FR941206-1-00134 103 36716 36720 36739 36757 36769 36852 36863 36936 36960 36975 37009 37031 37084 37137 37172 37216 37245 37307 37355 37389 37410 37431 37452 37518 37541 37551 37643 37733 37775 37803 38013 38057 38068 38130 38139 38197 38224 38247 38296 38331 38342 38359 38402 38417 38462 38523 38537 38557 38707 38722 38730 38752 38770 38781 38805 38828 38901 39001 39076 39133 39172 39276 39284 39382 39410 39426 39455 39480 39524 39622 39644 39667 39707 39719 39790 39820 39825 39837 39846 39850 39867 39878 39901 39918 39948 39955 40023 40057 40095 40111 40140 40151 40185 40695 40729 40750 40766 40851 40879 41143 41267 41318 42043
controlled FR941206-1-00134 1 36719
facility FR941206-1-00134 7 36721 38716 38726 38766 38894 38934 40394
result FR941206-1-00134 8 36724 36812 36844 36888 38156 38490 39528 41074
less FR941206-1-00134 6 36726 37015 37416 37701 37717 38350
reduction FR941206-1-00134 1 36727
risk FR941206-1-00134 11 36729 37042 37724 38080 38261 38380 38493 38836 39028 40329 40701
epa FR941206-1-00134 64 36733 36779 36857 36897 36962 37020 37051 37207 37291 37319 37343 37471 37520 37664 38098 38141 38321 38353 38404 38428 38452 38465 38584 38657 38679 38714 38778 38818 38846 38961 39009 39061 39092 39151 39244 39278 39505 39679 39698 40005 40032 40036 40230 40343 40399 40482 40773 40783 40797 40941 40964 41023 41082 41118 41208 41494 41532 41568 41581 41766 41778 41795 41989 42023
proposing FR941206-1-00134 12 36735 36782 36859 38682 39063 40232 40345 41120 41149 41210 41496 41991
at FR941206-1-00134 49 36736 36979 37013 37034 37087 37163 37413 37434 37606 37699 37715 37783 37824 38022 38420 38427 38609 38634 38683 38694 38739 38891 39064 39080 39310 39721 39771 39903 40038 40233 40294 40346 40392 40602 40740 40899 40929 41039 41098 41150 41283 41344 41488 41563 41571 41632 41849 41916 41986
761.64 FR941206-1-00134 1 36737
special FR941206-1-00134 2 36738 38947
provisions FR941206-1-00134 10 36740 37202 38790 38859 39703 39762 40598 40840 40874 41997
for FR941206-1-00134 112 36741 36756 36768 36792 36851 36959 36974 37008 37030 37083 37100 37136 37168 37176 37199 37215 37306 37354 37386 37409 37430 37451 37540 37550 37642 37658 37732 37774 37931 38012 38129 38138 38196 38246 38295 38330 38358 38416 38453 38461 38531 38572 38706 38751 38791 38794 38809 38950 38999 39075 39200 39252 39275 39283 39375 39381 39409 39412 39425 39454 39499 39523 39543 39604 39624 39643 39661 39666 39673 39705 39819 39824 39849 39873 39880 39912 39916 39953 40046 40055 40063 40094 40110 40138 40149 40176 40247 40256 40262 40274 40305 40356 40369 40408 40512 40621 40764 40806 40848 40948 40963 41036 41059 41126 41274 41314 41391 41399 41460 41524 41716 42098
waste FR941206-1-00134 30 36743 36849 36869 36929 37498 37806 38769 39053 39079 39162 39183 39350 39371 39390 39416 39434 39724 39788 40160 40358 40390 40420 41278 41331 41402 41477 41491 41671 41675 41721
all FR941206-1-00134 7 36745 37548 38692 40098 41156 41536 41782
samples FR941206-1-00134 2 36746 40251
including FR941206-1-00134 5 36748 37174 38761 38946 39566
remain FR941206-1-00134 1 36754
but FR941206-1-00134 3 36759 37883 38213
could FR941206-1-00134 19 36760 36828 37138 37229 37665 38076 38272 38597 38876 38886 38910 39230 39245 39279 39420 39446 40325 40697 42067
returned FR941206-1-00134 3 36762 38878 39404
to FR941206-1-00134 168 36763 36771 36783 36816 36822 36860 36871 36885 36969 37045 37054 37072 37077 37093 37293 37322 37476 37491 37535 37558 37572 37634 37669 37725 37739 37837 37894 37936 37999 38081 38100 38160 38168 38191 38217 38257 38262 38290 38297 38307 38326 38355 38383 38400 38406 38411 38434 38456 38475 38496 38519 38554 38565 38579 38590 38604 38626 38663 38700 38734 38744 38758 38777 38822 38839 38856 38879 38903 38918 38927 38930 38977 38990 39015 39019 39025 39031 39041 39072 39095 39126 39150 39165 39174 39273 39292 39301 39337 39405 39465 39476 39509 39599 39685 39700 39718 39785 39816 39861 39939 40029 40116 40121 40202 40285 40330 40338 40351 40366 40441 40494 40498 40510 40540 40554 40612 40617 40683 40687 40704 40735 40745 40771 40875 40915 40955 40968 41025 41032 41109 41121 41131 41193 41197 41204 41211 41221 41235 41248 41254 41332 41395 41497 41519 41534 41538 41543 41585 41595 41606 41660 41686 41769 41771 41780 41805 41808 41811 41842 41893 41913 41926 41967 42007 42010 42039 42070 42110
site FR941206-1-00134 1 36765
generation FR941206-1-00134 1 36767
according FR941206-1-00134 4 36770 36870 40120 40201
concentration FR941206-1-00134 12 36773 36878 36882 39812 40073 40355 40449 40479 40671 41228 41575 41962
measured FR941206-1-00134 1 36774
also FR941206-1-00134 11 36781 36843 37109 38681 38911 39447 40452 40484 40768 41178 41583
permit FR941206-1-00134 2 36784 40691
under FR941206-1-00134 25 36786 36991 37114 37130 37232 37250 37392 37527 37552 37941 38035 38313 38389 38438 38914 39236 39555 39897 40244 40488 40528 40710 41048 41064 41644
certain FR941206-1-00134 7 36787 37074 37615 38526 39324 39470 40839
conditions FR941206-1-00134 6 36788 38737 38816 38896 38949 39237
recycling FR941206-1-00134 2 36791 37182
reuse FR941206-1-00134 3 36793 37179 39662
limited FR941206-1-00134 6 36795 37576 39021 39780 39942 40180
quantities FR941206-1-00134 2 36796 36866
organic FR941206-1-00134 1 36798
solvents FR941206-1-00134 2 36799 36850
used FR941206-1-00134 9 36800 36824 40242 40361 41397 41419 41459 42069 42107
chemical FR941206-1-00134 5 36803 36894 37923 38510 39723
process FR941206-1-00134 2 36805 39929
described FR941206-1-00134 2 36806 37617
above FR941206-1-00134 4 36807 38173 38956 42108
this FR941206-1-00134 26 36809 37103 37106 37146 37487 37661 38039 38199 38347 39483 39502 39676 39857 39874 39923 39962 40245 40266 40949 41027 41070 41243 41251 41983 41994 42005
change FR941206-1-00134 3 36810 39924 41078
cost FR941206-1-00134 1 36814
savings FR941206-1-00134 1 36815
by FR941206-1-00134 12 36819 36835 38276 38600 38660 39535 39545 39999 41029 41517 41651 41785
having FR941206-1-00134 2 36821 39883
replace FR941206-1-00134 1 36823
solvent FR941206-1-00134 1 36825
otherwise FR941206-1-00134 3 36829 37309 39457
safely FR941206-1-00134 1 36831
economically FR941206-1-00134 1 36833
distillation FR941206-1-00134 1 36836
within FR941206-1-00134 4 36837 39054 39830 41982
minimization FR941206-1-00134 1 36846
allow FR941206-1-00134 9 36861 37631 38101 38192 38291 38356 38407 39073 39280
nond FR941206-1-00134 4 36868 36917 36928 41400
their FR941206-1-00134 6 36872 36911 37517 38762 38880 39132
existing FR941206-1-00134 4 36873 38036 39832 39844
or FR941206-1-00134 84 36875 36944 36971 37006 37028 37047 37090 37098 37159 37166 37181 37185 37195 37248 37407 37428 37449 37467 37611 37727 37754 37864 37868 37928 37986 38027 38074 38083 38089 38109 38162 38264 38306 38316 38385 38425 38431 38498 38698 38841 38862 39033 39085 39187 39224 39265 39289 39341 39516 39582 39663 39669 39688 39968 39989 39994 40189 40216 40221 40259 40296 40313 40332 40375 40381 40572 40577 40628 40660 40667 40675 40706 40934 41010 41164 41239 41653 41864 41888 41903 41919 41953 42062 42095
presumed FR941206-1-00134 1 36876
even FR941206-1-00134 3 36879 40639 40777
though FR941206-1-00134 2 36880 40778
known FR941206-1-00134 2 36884 37310
dilution FR941206-1-00134 1 36890
performance FR941206-1-00134 1 36892
believes FR941206-1-00134 3 36898 37021 39010
quantity FR941206-1-00134 6 36903 36923 40241 40306 40324 40340
these FR941206-1-00134 17 36905 36938 37225 37324 37735 38408 38810 38905 39608 39625 39683 39761 40833 41140 41392 41604 41750
which FR941206-1-00134 16 36907 36930 37131 37243 37260 37528 37988 38180 38233 38717 38935 38991 39712 40724 41466 41803
generated FR941206-1-00134 5 36909 39351 39391 39417 39468
low FR941206-1-00134 5 36912 39811 39884 41087 41128
concentrations FR941206-1-00134 14 36913 37014 37036 37414 37436 37607 37700 37716 38023 38421 38695 39081 39886 40930
significant FR941206-1-00134 1 36922
present FR941206-1-00134 6 36934 37721 38833 39212 40326 40698
make FR941206-1-00134 2 36935 41245
rcra FR941206-1-00134 2 36942 39899
approved FR941206-1-00134 3 36943 36946 38768
tsca FR941206-1-00134 15 36945 37001 37204 37233 37477 37777 37836 37876 37887 37942 38521 38720 38728 38861 40194
landfill FR941206-1-00134 2 36947 39725
safe FR941206-1-00134 1 36949
economical FR941206-1-00134 1 36951
option FR941206-1-00134 2 36952 39879
h. FR941206-1-00134 1 36954
transboundary FR941206-1-00134 6 36955 37494 37511 37536 39127 39321
movement FR941206-1-00134 4 36956 37495 37512 39327
periodically FR941206-1-00134 1 36963
receives FR941206-1-00134 1 36964
requests FR941206-1-00134 2 36965 40300
individuals FR941206-1-00134 2 36967 40757
wishing FR941206-1-00134 1 36968
import FR941206-1-00134 32 36970 37005 37027 37082 37097 37158 37175 37193 37212 37264 37301 37351 37378 37406 37427 37448 37600 37620 37639 37657 37731 37746 37792 38034 38193 38238 38292 38329 38415 38460 38826 39340
export FR941206-1-00134 22 36972 37007 37029 37099 37160 37197 37214 37303 37353 37380 37408 37429 37450 37602 38958 38993 39012 39074 39241 39253 39274 39342
current FR941206-1-00134 7 36977 37155 37346 37422 37561 41451 41970
regulations FR941206-1-00134 18 36978 37296 37325 37348 37780 38037 39851 40601 40857 40898 40978 41282 41452 41559 41597 41614 41646 41821
40 FR941206-1-00134 4 36980 37357 37784 39904
cfr FR941206-1-00134 7 36981 37358 37785 39905 40604 41565 41634
761.20 FR941206-1-00134 17 36982 37056 37065 37116 37359 37396 37623 37646 37671 38440 38610 38636 38667 38684 39065 39312 39488
b FR941206-1-00134 26 36984 37058 37067 37118 37361 37398 37625 37648 37673 37680 38442 38612 38619 38638 38669 38686 39490 39752 39996 40223 40579 40902 40987 41042 41286 41501
2 FR941206-1-00134 17 36987 37061 37401 37628 37676 37744 37911 38615 38672 39520 39732 39986 40131 40213 40569 41289 41504
promulgated FR941206-1-00134 1 36990
section FR941206-1-00134 14 36992 37147 37234 37251 37282 37370 37393 37395 37478 37553 37884 38391 39963 41320
6 FR941206-1-00134 11 36993 37235 37252 37283 37479 37554 38392 41300 41350 41415 41515
e FR941206-1-00134 15 36995 37237 37254 37285 37481 37556 38394 39978 40128 40205 40561 40906 40991 41046 41067
1 FR941206-1-00134 8 36998 37240 37288 37694 38397 39345 40382 40676
authorize FR941206-1-00134 2 37003 37426
only FR941206-1-00134 4 37012 37404 37458 41656
50 FR941206-1-00134 12 37017 37088 37164 37418 37609 37703 37719 38025 38423 38701 39083 40932
ppm FR941206-1-00134 20 37018 37089 37165 37419 37610 37704 37720 38026 38424 38702 39084 40368 40439 40674 40890 40933 41238 41862 41918 42093
there FR941206-1-00134 4 37022 38175 39777 40791
instances FR941206-1-00134 3 37024 38178 38527
where FR941206-1-00134 9 37025 38140 38204 38373 39108 40007 40642 40827 40858
higher FR941206-1-00134 2 37035 37435
pose FR941206-1-00134 3 37039 38377 39026
an FR941206-1-00134 21 37040 37473 38078 38259 38378 38454 38469 38569 38713 38834 38985 39113 39193 39932 40031 40142 40327 40699 41791 42047 42051
unreasonable FR941206-1-00134 10 37041 37723 38079 38158 38260 38379 38492 38835 40328 40700
injury FR941206-1-00134 6 37044 38382 38495 38838 39030 40703
health FR941206-1-00134 12 37046 37726 38082 38161 38263 38384 38497 38840 39032 40331 40613 40705
environment FR941206-1-00134 13 37049 37729 38065 38085 38164 38266 38387 38500 38843 39035 40334 40616 40708
proposes FR941206-1-00134 8 37053 38099 38354 38405 39699 40037 41024 41533
amend FR941206-1-00134 3 37055 41212 41498
add FR941206-1-00134 2 37064 37666
3 FR941206-1-00134 15 37070 37128 37257 37484 37651 37683 37826 37831 38133 38622 39070 39317 39493 39743 40226
create FR941206-1-00134 3 37073 38077 38591
categorical FR941206-1-00134 5 37075 37667 38170 38593 38606
exceptions FR941206-1-00134 7 37076 37616 37633 37668 38171 38410 38607
general FR941206-1-00134 7 37079 37443 37597 37636 37909 39921 40961
ban FR941206-1-00134 4 37080 37156 38413 42013
on FR941206-1-00134 22 37081 37141 37157 37507 37524 37599 37638 38369 38414 38459 38568 38756 39087 39285 39890 40161 40301 40455 40796 40838 40944 41700
greater FR941206-1-00134 13 37091 37167 37612 38028 38426 38696 39086 40887 40935 41240 41865 41920 42096
clarify FR941206-1-00134 7 37094 37654 39387 40969 41198 41222 41968
what FR941206-1-00134 3 37095 37655 41199
constitutes FR941206-1-00134 2 37096 37656
purposes FR941206-1-00134 7 37101 37169 37387 37659 39500 39674 42099
regulation FR941206-1-00134 5 37104 37223 37662 39503 39677
proposal FR941206-1-00134 6 37107 37150 37589 39385 40530 41021
establish FR941206-1-00134 1 37110
petition FR941206-1-00134 6 37112 38436 38451 38631 39294 39306
procedure FR941206-1-00134 1 37113
proposed FR941206-1-00134 19 37115 37622 37645 37670 38439 38608 38635 38666 38916 39311 39855 40062 40453 40489 40589 40711 40732 41049 41840
4 FR941206-1-00134 5 37121 38445 38641 38676 40520
c FR941206-1-00134 9 37125 39067 39314 41297 41323 41347 41361 41412 41512
other FR941206-1-00134 16 37132 37170 37201 37866 38277 38317 38815 38863 39016 39296 39320 39839 40812 40999 41016 42063
imports FR941206-1-00134 8 37133 37549 37696 37880 38135 38357 39517 39689
exports FR941206-1-00134 6 37135 38978 39141 39282 39515 39687
allowed FR941206-1-00134 3 37140 37741 41685
casebycase FR941206-1-00134 5 37143 38371 38409 39089 40303
basis FR941206-1-00134 5 37144 38372 38571 39090 40304
alter FR941206-1-00134 1 37153
use FR941206-1-00134 12 37177 37798 38784 39544 39578 39605 39656 41114 41136 41160 41258 41304
affect FR941206-1-00134 1 37186
meaning FR941206-1-00134 1 37188
terms FR941206-1-00134 2 37191 37813
`` FR941206-1-00134 15 37192 37196 37313 37814 37819 37839 37949 37960 40786 41216 41853 41973 42000 42035 42103
'' FR941206-1-00134 15 37194 37198 37318 37817 37821 37875 37956 37977 40790 41218 41964 41977 42003 42038 42105
any FR941206-1-00134 16 37200 37840 37865 37922 37939 37961 38015 38448 38814 39362 39431 39567 39647 41076 41857 41891
when FR941206-1-00134 5 37206 37983 38960 40921 41474
addressed FR941206-1-00134 1 37208
issue FR941206-1-00134 3 37210 37294 38520
1979 FR941206-1-00134 1 37218
it FR941206-1-00134 17 37220 37934 38144 38181 38280 38472 38587 38596 38972 38981 39153 39167 39459 40396 40425 40550 41246
noted FR941206-1-00134 2 37221 38955
types FR941206-1-00134 2 37226 39325
activities FR941206-1-00134 7 37228 37246 37265 38538 38811 40058 40152
accomplished FR941206-1-00134 1 37231
governs FR941206-1-00134 2 37244 37261
alternatively FR941206-1-00134 1 37249
manufacture FR941206-1-00134 2 37262 37790
44 FR941206-1-00134 2 37267 42016
fr FR941206-1-00134 5 37268 37333 39005 41704 42017
31514 FR941206-1-00134 1 37269
31526 FR941206-1-00134 1 37271
based FR941206-1-00134 2 37277 40454
upon FR941206-1-00134 1 37278
authority FR941206-1-00134 4 37280 38399 38518 40638
elected FR941206-1-00134 1 37292
comprehensive FR941206-1-00134 1 37295
temporarily FR941206-1-00134 1 37298
authorized FR941206-1-00134 4 37299 41621 41757 41784
as FR941206-1-00134 20 37311 37580 37906 37959 38303 38954 39023 39192 39221 39247 39495 39799 40784 40801 40825 41424 41431 41698 42074 42106
open FR941206-1-00134 2 37314 38967
border FR941206-1-00134 5 37315 37531 37563 37571 38968
policy FR941206-1-00134 2 37316 38969
decided FR941206-1-00134 1 37320
extend FR941206-1-00134 1 37323
1980 FR941206-1-00134 2 37327 38971
they FR941206-1-00134 12 37329 38234 38374 38885 39208 39634 40779 41105 41189 41354 41422 41437
expired FR941206-1-00134 1 37330
45 FR941206-1-00134 2 37332 39004
29115 FR941206-1-00134 2 37334 39006
1984 FR941206-1-00134 1 37341
issued FR941206-1-00134 3 37344 37781 40200
address FR941206-1-00134 2 37350 38904
761.60 FR941206-1-00134 20 37364 37371 39727 39738 39976 39981 40039 40122 40203 40208 40234 40347 40490 40544 40559 40564 40590 40712 41284 41499
h FR941206-1-00134 2 37366 37373
provides FR941206-1-00134 2 37375 41851
items FR941206-1-00134 3 37385 40826 41063
761.20. FR941206-1-00134 1 37394
authorizes FR941206-1-00134 1 37403
rules FR941206-1-00134 2 37423 41802
do FR941206-1-00134 6 37424 38053 38476 38598 41942 41955
absence FR941206-1-00134 1 37440
rule FR941206-1-00134 7 37444 37488 37940 41252 42002 42014 42037
allows FR941206-1-00134 2 37446 41328
such FR941206-1-00134 15 37454 37461 37579 38016 38019 38302 38468 39140 39220 39281 39370 39507 39575 41790 42050
way FR941206-1-00134 1 37459
may FR941206-1-00134 15 37463 38176 38450 38466 39396 39596 40188 40190 40293 40780 40829 41417 41479 41591 42085
currently FR941206-1-00134 3 37464 39796 41279
imported FR941206-1-00134 11 37466 38559 38705 38749 38760 38796 38854 38874 38908 38929 38951
exported FR941206-1-00134 3 37468 39199 39232
grants FR941206-1-00134 1 37472
exemption FR941206-1-00134 3 37474 38986 40246
pursuant FR941206-1-00134 2 37475 41659
designed FR941206-1-00134 1 37490
control FR941206-1-00134 4 37492 37509 39559 41377
manner FR941206-1-00134 1 37501
consistent FR941206-1-00134 2 37502 39116
with FR941206-1-00134 24 37503 37614 37938 38506 38764 38975 39117 39135 39233 39589 39646 39958 40416 40460 40465 40595 40913 40923 41170 41611 41680 41765 41817 42089
basel FR941206-1-00134 1 37505
convention FR941206-1-00134 1 37506
hazardous FR941206-1-00134 4 37514 39893 41557 41629
requesting FR941206-1-00134 1 37522
comment FR941206-1-00134 1 37523
circumstances FR941206-1-00134 1 37526
us FR941206-1-00134 2 37530 39137
opened FR941206-1-00134 1 37534
shipments FR941206-1-00134 7 37537 38747 38872 39322 39508 39512 39684
options FR941206-1-00134 1 37544
range FR941206-1-00134 1 37545
allowing FR941206-1-00134 2 37547 39704
maintaining FR941206-1-00134 1 37559
closed FR941206-1-00134 1 37562
status FR941206-1-00134 1 37564
might FR941206-1-00134 6 37567 38200 38248 38281 39442 39627
include FR941206-1-00134 4 37568 37838 40835 41132
opening FR941206-1-00134 1 37569
geographic FR941206-1-00134 1 37577
area FR941206-1-00134 1 37578
great FR941206-1-00134 1 37582
lakes FR941206-1-00134 1 37583
drainage FR941206-1-00134 1 37584
basin FR941206-1-00134 1 37585
today FR941206-1-00134 2 37587 41019
's FR941206-1-00134 12 37588 38429 38658 38727 38767 40400 40458 40965 41020 41767 41796 42060
finalized FR941206-1-00134 1 37592
retain FR941206-1-00134 1 37595
prohibitions FR941206-1-00134 1 37598
below FR941206-1-00134 1 37618
three FR941206-1-00134 1 37632
prohibition FR941206-1-00134 3 37637 38458 39889
need FR941206-1-00134 4 37687 40431 40620 41655
arise FR941206-1-00134 1 37688
future FR941206-1-00134 3 37691 39806 39835
because FR941206-1-00134 8 37706 38042 38341 39607 39621 41104 41138 41188
administrator FR941206-1-00134 5 37708 40002 40292 40627 40719
has FR941206-1-00134 11 37709 38516 38718 39093 39112 39154 39170 40397 41083 41890 41908
made FR941206-1-00134 1 37710
finding FR941206-1-00134 1 37712
no FR941206-1-00134 1 37722
continue FR941206-1-00134 2 37738 41779
united FR941206-1-00134 41 37751 37764 37772 37809 37815 37872 37903 37918 37954 37965 37996 38010 38044 38093 38106 38119 38127 38151 38189 38210 38219 38244 38255 38269 38288 38310 38338 38367 38485 38541 39123 39354 39379 39394 39407 39452 39474 39478 39600 39617 39641
states FR941206-1-00134 42 37752 37765 37773 37810 37816 37820 37873 37904 37919 37955 37966 37997 38011 38045 38094 38107 38120 38128 38152 38190 38211 38220 38245 38256 38270 38289 38311 38339 38368 38486 38542 39124 39355 39380 39395 39408 39453 39475 39479 39601 39618 39642
territories FR941206-1-00134 4 37753 38046 38073 38108
possessions FR941206-1-00134 4 37755 38048 38075 38110
outside FR941206-1-00134 5 37758 37990 38049 38113 38208
customs FR941206-1-00134 9 37760 37768 37899 37950 37992 38006 38051 38115 38123
territory FR941206-1-00134 12 37761 37769 37867 37900 37951 37985 37993 38007 38052 38088 38116 38124
into FR941206-1-00134 11 37766 37897 38004 38121 38242 39377 39450 39639 39946 40021 41993
thereunder FR941206-1-00134 1 37782
part FR941206-1-00134 3 37786 40605 41599
761 FR941206-1-00134 2 37787 41600
regulate FR941206-1-00134 2 37788 38401
distribution FR941206-1-00134 2 37794 40467
processing FR941206-1-00134 1 37796
storage FR941206-1-00134 13 37800 38933 38940 39580 39660 39823 39848 40849 40885 41275 41316 41526 41718
defined FR941206-1-00134 3 37823 37907 37958
sections FR941206-1-00134 1 37825
13 FR941206-1-00134 2 37828 37885
14 FR941206-1-00134 1 37833
state FR941206-1-00134 2 37841 37962
dc FR941206-1-00134 1 37843
puerto FR941206-1-00134 2 37845 37974
rico FR941206-1-00134 2 37846 37975
virgin FR941206-1-00134 1 37848
islands FR941206-1-00134 2 37849 37862
guam FR941206-1-00134 1 37851
canal FR941206-1-00134 1 37854
zone FR941206-1-00134 1 37855
american FR941206-1-00134 1 37857
samoa FR941206-1-00134 1 37858
northern FR941206-1-00134 1 37860
mariana FR941206-1-00134 1 37861
possession FR941206-1-00134 3 37869 37987 38090
does FR941206-1-00134 2 37877 41935
define FR941206-1-00134 1 37879
specifically FR941206-1-00134 2 37881 41979
requires FR941206-1-00134 1 37888
secretary FR941206-1-00134 1 37890
treasury FR941206-1-00134 1 37893
refuse FR941206-1-00134 1 37895
entry FR941206-1-00134 3 37896 37932 38802
headnote FR941206-1-00134 1 37910
tariff FR941206-1-00134 2 37914 37946
schedules FR941206-1-00134 2 37915 37947
substance FR941206-1-00134 1 37924
mixture FR941206-1-00134 1 37926
article FR941206-1-00134 1 37929
offered FR941206-1-00134 1 37930
fails FR941206-1-00134 1 37935
comply FR941206-1-00134 1 37937
district FR941206-1-00134 1 37969
columbia FR941206-1-00134 1 37971
thus FR941206-1-00134 2 37978 41055
problem FR941206-1-00134 1 37981
arises FR941206-1-00134 1 37982
attempts FR941206-1-00134 1 37998
ship FR941206-1-00134 2 38000 39235
back FR941206-1-00134 2 38003 39638
transfer FR941206-1-00134 2 38017 39267
considered FR941206-1-00134 2 38031 39336
prohibited FR941206-1-00134 1 38033
problematic FR941206-1-00134 1 38041
have FR941206-1-00134 14 38055 38564 38733 38926 39300 39553 39610 39713 40636 40734 40781 41937 42025 42086
adequate FR941206-1-00134 5 38056 38223 38780 39171 40608
facilities FR941206-1-00134 7 38058 38225 38998 39173 39481 39602 39623
since FR941206-1-00134 4 38060 38845 39560 39770
persist FR941206-1-00134 1 38062
improper FR941206-1-00134 1 38067
those FR941206-1-00134 8 38072 39037 40311 40370 40417 41133 41407 41645
transfers FR941206-1-00134 1 38102
determines FR941206-1-00134 1 38142
interests FR941206-1-00134 7 38148 38186 38252 38285 38335 38364 38482
will FR941206-1-00134 2 38154 39102
risks FR941206-1-00134 2 38159 40463
listed FR941206-1-00134 1 38172
case FR941206-1-00134 1 38203
were FR941206-1-00134 9 38206 38226 38235 38820 39532 39763 40820 41185 41190
located FR941206-1-00134 2 38207 38236
close FR941206-1-00134 1 38215
proximity FR941206-1-00134 1 38216
available FR941206-1-00134 2 38228 39631
country FR941206-1-00134 7 38231 38348 38881 39111 39148 39359 39402
mitigate FR941206-1-00134 1 38258
mitigated FR941206-1-00134 1 38275
means FR941206-1-00134 2 38278 41856
implement FR941206-1-00134 2 38298 38664
federal FR941206-1-00134 2 38300 38864
law FR941206-1-00134 1 38301
cercla FR941206-1-00134 1 38304
carry FR941206-1-00134 1 38308
out FR941206-1-00134 2 38309 39309
obligations FR941206-1-00134 2 38312 39120
treaty FR941206-1-00134 1 38315
international FR941206-1-00134 3 38318 39114 39119
agreement FR941206-1-00134 2 38319 39115
inclined FR941206-1-00134 1 38325
find FR941206-1-00134 1 38327
was FR941206-1-00134 6 38332 38349 38588 38994 39778 39792
solely FR941206-1-00134 2 38340 40170
expensive FR941206-1-00134 1 38351
its FR941206-1-00134 6 38390 38742 39051 39055 39286 41826
initiative FR941206-1-00134 2 38430 39288
response FR941206-1-00134 3 38433 39291 40954
person FR941206-1-00134 2 38449 40167
exception FR941206-1-00134 4 38455 38470 38581 38594
grant FR941206-1-00134 3 38467 38984 40299
finds FR941206-1-00134 1 38473
so FR941206-1-00134 3 38477 38599 39022
petitions FR941206-1-00134 2 38502 38562
filed FR941206-1-00134 1 38505
director FR941206-1-00134 4 38508 38515 38547 40629
management FR941206-1-00134 2 38511 39177
division FR941206-1-00134 1 38512
approvals FR941206-1-00134 4 38524 38902 40412 40487
responsible FR941206-1-00134 1 38530
coordination FR941206-1-00134 1 38532
oversight FR941206-1-00134 2 38534 40609
advantageous FR941206-1-00134 1 38552
position FR941206-1-00134 1 38553
require FR941206-1-00134 7 38555 39246 39965 40314 40684 41453 41603
proper FR941206-1-00134 3 38556 38997 39176
submitted FR941206-1-00134 1 38567
individual FR941206-1-00134 3 38570 38574 40143
each FR941206-1-00134 4 38573 38725 39047 41822
subject FR941206-1-00134 3 38578 40553 41594
determined FR941206-1-00134 2 38585 41084
appropriate FR941206-1-00134 4 38589 38807 40831 40859
adding FR941206-1-00134 1 38601
through FR941206-1-00134 6 38602 38646 38674 38803 39356 39399
rulemaking FR941206-1-00134 4 38603 39768 39776 39858
information FR941206-1-00134 4 38625 39159 39297 42065
included FR941206-1-00134 6 38628 38899 39303 39486 40805 41001
specified FR941206-1-00134 6 38633 38746 39238 40312 41343 41408
i FR941206-1-00134 6 38644 39691 39983 40210 40566 41367
vii FR941206-1-00134 1 38648
petitioner FR941206-1-00134 1 38652
notified FR941206-1-00134 2 38655 40782
decision FR941206-1-00134 2 38659 41768
letter FR941206-1-00134 1 38661
5 FR941206-1-00134 3 38689 40753 41727
equal FR941206-1-00134 1 38699
must FR941206-1-00134 4 38708 41201 41232 41384
disposed FR941206-1-00134 6 38710 38889 40069 40077 40118 41095
designated FR941206-1-00134 5 38715 38893 39818 40800 41715
approval FR941206-1-00134 12 38723 38731 38941 38948 39242 39251 39936 39967 39998 40045 40199 40320
specific FR941206-1-00134 2 38736 41539
addressing FR941206-1-00134 1 38738
minimum FR941206-1-00134 1 38741
designation FR941206-1-00134 1 38743
receive FR941206-1-00134 2 38745 39166
data FR941206-1-00134 1 38755
compatibility FR941206-1-00134 1 38763
techniques FR941206-1-00134 1 38771
prior FR941206-1-00134 4 38773 39272 39717 40744
notification FR941206-1-00134 3 38774 40755 40808
certification FR941206-1-00134 1 38776
capacity FR941206-1-00134 3 38782 39791 39868
manifest FR941206-1-00134 2 38787 40473
system FR941206-1-00134 2 38788 39227
financial FR941206-1-00134 1 38792
responsibility FR941206-1-00134 1 38793
port FR941206-1-00134 1 38800
final FR941206-1-00134 1 38804
recordkeeping FR941206-1-00134 2 38808 41261
found FR941206-1-00134 3 38819 39256 41912
necessary FR941206-1-00134 1 38821
ensure FR941206-1-00134 1 38823
did FR941206-1-00134 1 38831
easily FR941206-1-00134 2 38849 39827
reach FR941206-1-00134 1 38850
foreign FR941206-1-00134 3 38851 39358 39401
generators FR941206-1-00134 1 38852
enforce FR941206-1-00134 1 38857
liability FR941206-1-00134 1 38858
statutes FR941206-1-00134 1 38865
assured FR941206-1-00134 1 38870
origin FR941206-1-00134 1 38883
situations FR941206-1-00134 1 38906
decontaminated FR941206-1-00134 1 38913
changes FR941206-1-00134 3 38917 40814 40828
761.79 FR941206-1-00134 1 38919
however FR941206-1-00134 4 38921 40634 41642 41788
commercial FR941206-1-00134 3 38932 38939 40163
had FR941206-1-00134 2 38936 38996
unless FR941206-1-00134 3 38943 38987 39091
exempt FR941206-1-00134 1 38944
announced FR941206-1-00134 1 38962
expiration FR941206-1-00134 1 38964
stated FR941206-1-00134 1 38973
regard FR941206-1-00134 2 38976 40914
nation FR941206-1-00134 2 38989 39048
destined FR941206-1-00134 1 38995
ultimate FR941206-1-00134 1 39000
see FR941206-1-00134 2 39003 41486
countries FR941206-1-00134 2 39017 39038
needs FR941206-1-00134 1 39018
maximum FR941206-1-00134 5 39043 40240 40354 40652 40669
extent FR941206-1-00134 1 39044
practicable FR941206-1-00134 1 39045
manage FR941206-1-00134 1 39050
own FR941206-1-00134 3 39052 39056 39287
borders FR941206-1-00134 2 39057 39333
reason FR941206-1-00134 2 39094 41892
believe FR941206-1-00134 2 39096 41894
question FR941206-1-00134 1 39101
properly FR941206-1-00134 2 39105 41097
managed FR941206-1-00134 1 39106
receiving FR941206-1-00134 2 39110 39147
relating FR941206-1-00134 1 39125
movements FR941206-1-00134 1 39128
government FR941206-1-00134 6 39138 39144 39539 39549 39558 39592
concerning FR941206-1-00134 1 39139
; FR941206-1-00134 7 39142 39178 40165 41885 41902 41940 41952
certifies FR941206-1-00134 1 39149
received FR941206-1-00134 1 39155
accurate FR941206-1-00134 1 39156
complete FR941206-1-00134 1 39158
about FR941206-1-00134 1 39160
consents FR941206-1-00134 1 39164
assure FR941206-1-00134 1 39175
exporter FR941206-1-00134 1 39181
identifies FR941206-1-00134 1 39182
containing FR941206-1-00134 4 39184 39895 41161 42091
liquid FR941206-1-00134 9 39185 39695 39709 39881 39892 40263 40659 40927 41329
pcbcontaining FR941206-1-00134 1 39188
electrical FR941206-1-00134 3 39189 41837 41975
equipment FR941206-1-00134 4 39190 41158 41838 41976
example FR941206-1-00134 3 39194 39413 42048
vessels FR941206-1-00134 1 39196
sometimes FR941206-1-00134 1 39198
salvage FR941206-1-00134 1 39201
considerable FR941206-1-00134 1 39204
metal FR941206-1-00134 1 39207
integral FR941206-1-00134 1 39214
components FR941206-1-00134 1 39215
ships FR941206-1-00134 1 39218
wire FR941206-1-00134 1 39222
cable FR941206-1-00134 1 39223
air FR941206-1-00134 1 39225
handling FR941206-1-00134 2 39226 40476
gaskets FR941206-1-00134 1 39228
condition FR941206-1-00134 1 39249
large FR941206-1-00134 4 39258 41086 41127 41166
capacitors FR941206-1-00134 6 39259 41089 41130 41167 41184 41200
transformers FR941206-1-00134 3 39261 41163 42031
hydraulic FR941206-1-00134 1 39264
heat FR941206-1-00134 1 39266
fluids FR941206-1-00134 1 39268
removed FR941206-1-00134 1 39271
set FR941206-1-00134 2 39308 41552
accross FR941206-1-00134 1 39331
national FR941206-1-00134 1 39332
either FR941206-1-00134 1 39339
transport FR941206-1-00134 4 39347 39466 40919 41037
residuals FR941206-1-00134 3 39363 39568 39648
spills FR941206-1-00134 4 39368 39440 39573 39653
transit FR941206-1-00134 5 39373 39445 39511 39584 39671
reentry FR941206-1-00134 1 39376
transported FR941206-1-00134 4 39398 39422 41650 41688
michigan FR941206-1-00134 1 39419
across FR941206-1-00134 1 39423
canada FR941206-1-00134 1 39424
new FR941206-1-00134 4 39428 40794 40873 41547
york FR941206-1-00134 1 39429
residual FR941206-1-00134 1 39432
occur FR941206-1-00134 2 39443 40013
brought FR941206-1-00134 1 39449
impractical FR941206-1-00134 1 39462
inefficient FR941206-1-00134 1 39464
parts FR941206-1-00134 2 39471 41566
nearby FR941206-1-00134 1 39477
provision FR941206-1-00134 1 39484
clarification FR941206-1-00134 3 39497 40837 42101
considers FR941206-1-00134 1 39506
return FR941206-1-00134 1 39522
procured FR941206-1-00134 1 39533
domestically FR941206-1-00134 1 39534
u. FR941206-1-00134 4 39537 39547 39556 39590
s. FR941206-1-00134 4 39538 39548 39557 39591
taken FR941206-1-00134 2 39541 39598
overseas FR941206-1-00134 2 39542 39632
remained FR941206-1-00134 1 39554
time FR941206-1-00134 5 39562 39773 40846 41100 41823
procurement FR941206-1-00134 1 39564
during FR941206-1-00134 2 39577 39655
conjunction FR941206-1-00134 1 39588
operations FR941206-1-00134 2 39593 40880
abroad FR941206-1-00134 1 39603
always FR941206-1-00134 1 39611
been FR941206-1-00134 5 39612 39714 40398 41909 42087
property FR941206-1-00134 1 39614
readily FR941206-1-00134 1 39630
permitted FR941206-1-00134 3 39637 39784 40787
along FR941206-1-00134 1 39645
occurring FR941206-1-00134 1 39654
while FR941206-1-00134 2 39658 41112
awaiting FR941206-1-00134 1 39664
shipment FR941206-1-00134 1 39665
consider FR941206-1-00134 1 39682
landfilling FR941206-1-00134 3 39693 39841 39891
remove FR941206-1-00134 1 39701
stabilized FR941206-1-00134 1 39715
onsite FR941206-1-00134 1 39716
ii FR941206-1-00134 4 39735 39746 39758 41640
761.75 FR941206-1-00134 1 39750
8 FR941206-1-00134 1 39755
established FR941206-1-00134 1 39764
number FR941206-1-00134 2 39781 40034
incinerators FR941206-1-00134 1 39783
burn FR941206-1-00134 1 39786
concern FR941206-1-00134 2 39794 40459
reasonably FR941206-1-00134 1 39802
expected FR941206-1-00134 2 39803 39860
anticipated FR941206-1-00134 2 39815 39834
accommodated FR941206-1-00134 1 39829
technologies FR941206-1-00134 4 39838 40024 40186 40518
amendments FR941206-1-00134 1 39854
accommodate FR941206-1-00134 1 39862
surplus FR941206-1-00134 1 39864
supply FR941206-1-00134 1 39869
further FR941206-1-00134 3 39871 41080 41744
support FR941206-1-00134 2 39872 40962
deletion FR941206-1-00134 1 39875
land FR941206-1-00134 1 39900
restrictions FR941206-1-00134 1 39902
268.42 FR941206-1-00134 1 39906
j FR941206-1-00134 8 39908 40041 40236 40349 40492 40546 40592 40714
selfimplementing FR941206-1-00134 2 39910 40044
requirements FR941206-1-00134 13 39911 39973 40557 40864 40912 41058 41125 41262 41357 41523 41551 41827 42044
research FR941206-1-00134 3 39913 40018 40047
development FR941206-1-00134 3 39915 40020 40049
activities_ FR941206-1-00134 1 39919
1. FR941206-1-00134 1 39920
eliminate FR941206-1-00134 4 39926 40973 41026 41535
timeconsuming FR941206-1-00134 1 39928
obtaining FR941206-1-00134 1 39931
r FR941206-1-00134 18 39933 39943 39950 40009 40051 40091 40107 40135 40146 40173 40196 40317 40409 40506 40644 40726 40761 40802
& FR941206-1-00134 18 39934 39944 39951 40010 40052 40092 40108 40136 40147 40174 40197 40318 40410 40507 40645 40727 40762 40803
d FR941206-1-00134 18 39935 39945 39952 40011 40053 40093 40109 40137 40148 40175 40198 40319 40411 40508 40646 40728 40763 41052
order FR941206-1-00134 3 39938 41390 41966
engage FR941206-1-00134 1 39940
conforming FR941206-1-00134 1 39957
limitations FR941206-1-00134 4 39960 40060 40228 40526
written FR941206-1-00134 2 39966 39969
waiver FR941206-1-00134 1 39970
761.70 FR941206-1-00134 3 39990 40217 40573
regional FR941206-1-00134 4 40001 40291 40626 40718
region FR941206-1-00134 2 40006 40722
persons FR941206-1-00134 1 40015
engaged FR941206-1-00134 3 40016 40144 40758
now FR941206-1-00134 1 40026
required FR941206-1-00134 4 40028 40115 40770 41108
obtain FR941206-1-00134 1 40030
identification FR941206-1-00134 2 40033 41141
total FR941206-1-00134 1 40081
duration FR941206-1-00134 1 40088
activity FR941206-1-00134 6 40096 40112 40647 40696 40730 40751
treated FR941206-1-00134 1 40099
untreated FR941206-1-00134 1 40101
- FR941206-1-00134 1 40126
definition FR941206-1-00134 6 40133 41214 41830 41844 41984 41995
someone FR941206-1-00134 1 40154
who FR941206-1-00134 1 40155
accepting FR941206-1-00134 1 40158
scale FR941206-1-00134 2 40164 40181
involved FR941206-1-00134 1 40169
preliminary FR941206-1-00134 1 40177
investigation FR941206-1-00134 1 40178
up FR941206-1-00134 1 40182
possess FR941206-1-00134 1 40192
annually FR941206-1-00134 2 40243 40391
treatability FR941206-1-00134 5 40249 40277 40364 40445 40537
study FR941206-1-00134 5 40250 40288 40365 40446 40538
70 FR941206-1-00134 3 40253 40376 40661
cubic FR941206-1-00134 3 40254 40377 40662
feet FR941206-1-00134 3 40255 40378 40663
solid FR941206-1-00134 2 40257 40665
500 FR941206-1-00134 8 40260 40373 40656 40889 41237 41861 41917 42092
gallons FR941206-1-00134 2 40261 40657
sufficient FR941206-1-00134 1 40270
conducting FR941206-1-00134 3 40275 40535 40760
smallscale FR941206-1-00134 2 40276 40444
studies FR941206-1-00134 1 40278
additional FR941206-1-00134 1 40281
needed FR941206-1-00134 1 40284
conduct FR941206-1-00134 2 40286 40442
his FR941206-1-00134 1 40295
her FR941206-1-00134 1 40297
discretion FR941206-1-00134 1 40298
limits FR941206-1-00134 2 40307 40450
formal FR941206-1-00134 4 40316 40514 40622 40690
increased FR941206-1-00134 1 40323
cutoff FR941206-1-00134 1 40341
limit FR941206-1-00134 2 40352 40847
10000 FR941206-1-00134 3 40367 40438 40673
utilizing FR941206-1-00134 1 40371
gallon FR941206-1-00134 1 40374
volume FR941206-1-00134 2 40379 40654
cap FR941206-1-00134 1 40380
kilogram FR941206-1-00134 1 40383
kg FR941206-1-00134 2 40385 40677
pure FR941206-1-00134 2 40388 40679
experience FR941206-1-00134 1 40401
past FR941206-1-00134 1 40404
reviewing FR941206-1-00134 1 40406
applications FR941206-1-00134 1 40407
discussions FR941206-1-00134 1 40415
treatment FR941206-1-00134 1 40421
field FR941206-1-00134 1 40422
rare FR941206-1-00134 1 40427
one FR941206-1-00134 4 40429 40495 41012 41774
contains FR941206-1-00134 4 40435 41860 41881 41898
agency FR941206-1-00134 4 40457 40583 41147 41176
associated FR941206-1-00134 2 40464 41816
commerce FR941206-1-00134 1 40469
without FR941206-1-00134 1 40471
high FR941206-1-00134 1 40478
limiting FR941206-1-00134 1 40485
calendar FR941206-1-00134 1 40496
year FR941206-1-00134 1 40497
evaluate FR941206-1-00134 1 40499
progress FR941206-1-00134 1 40501
scope FR941206-1-00134 1 40503
plan FR941206-1-00134 2 40511 41383
permitting FR941206-1-00134 4 40515 40522 40556 40623
successful FR941206-1-00134 1 40517
exceeding FR941206-1-00134 1 40524
conforms FR941206-1-00134 1 40539
criteria FR941206-1-00134 2 40542 40587
then FR941206-1-00134 1 40549
feels FR941206-1-00134 1 40584
coupled FR941206-1-00134 1 40594
applicable FR941206-1-00134 1 40597
osha FR941206-1-00134 2 40600 41356
29 FR941206-1-00134 1 40603
1910 FR941206-1-00134 1 40606
provide FR941206-1-00134 3 40607 41423 41806
protection FR941206-1-00134 2 40611 41426
forego FR941206-1-00134 1 40618
cmd FR941206-1-00134 1 40631
cases FR941206-1-00134 2 40641 41469
exceed FR941206-1-00134 1 40650
allowable FR941206-1-00134 2 40653 40670
requestor FR941206-1-00134 1 40686
submit FR941206-1-00134 2 40688 40772
application FR941206-1-00134 1 40692
informed FR941206-1-00134 1 40737
writing FR941206-1-00134 1 40739
least FR941206-1-00134 1 40741
30 FR941206-1-00134 1 40742
days FR941206-1-00134 1 40743
commencement FR941206-1-00134 1 40747
form FR941206-1-00134 2 40774 40798
771053 FR941206-1-00134 2 40775 40799
disposer FR941206-1-00134 1 40788
category FR941206-1-00134 1 40795
d/treatability FR941206-1-00134 1 40804
iii FR941206-1-00134 2 40810 41663
regulatory FR941206-1-00134 2 40813 40950
clarifications FR941206-1-00134 1 40816
following FR941206-1-00134 1 40818
issues FR941206-1-00134 1 40819
identified FR941206-1-00134 2 40821 41093
anprm FR941206-1-00134 3 40824 40939 40957
revisions FR941206-1-00134 1 40834
providing FR941206-1-00134 1 40836
eg FR941206-1-00134 3 40842 40866 40882
1year FR941206-1-00134 1 40845
requirement FR941206-1-00134 2 40852 41035
amending FR941206-1-00134 2 40855 41799
eliminating FR941206-1-00134 1 40861
seemingly FR941206-1-00134 1 40862
duplicative FR941206-1-00134 1 40863
marking FR941206-1-00134 7 40868 40896 40917 40977 41034 41124 41256
creating FR941206-1-00134 1 40872
promote FR941206-1-00134 1 40876
efficiency FR941206-1-00134 1 40877
temporary FR941206-1-00134 1 40884
a. FR941206-1-00134 1 40895
761.40 FR941206-1-00134 4 40900 40985 41040 41151
essentially FR941206-1-00134 1 40908
express FR941206-1-00134 1 40909
same FR941206-1-00134 2 40911 41441
vehicles FR941206-1-00134 2 40920 41038
loaded FR941206-1-00134 1 40922
phase FR941206-1-00134 1 40928
solicited FR941206-1-00134 1 40942
comments FR941206-1-00134 1 40943
best FR941206-1-00134 2 40946 41483
remedy FR941206-1-00134 1 40947
duplication FR941206-1-00134 3 40951 40974 41028
commenters FR941206-1-00134 3 40959 40981 41763
expressed FR941206-1-00134 1 40960
overall FR941206-1-00134 1 40966
objective FR941206-1-00134 1 40967
language FR941206-1-00134 1 40971
several FR941206-1-00134 1 40980
suggested FR941206-1-00134 2 40982 41776
both FR941206-1-00134 2 40984 41007
deleted FR941206-1-00134 1 40994
totally FR941206-1-00134 1 40996
rewritten FR941206-1-00134 1 40997
suggestions FR941206-1-00134 1 41000
combining FR941206-1-00134 2 41002 41030
paragraphs FR941206-1-00134 1 41004
rewriting FR941206-1-00134 1 41006
subsections FR941206-1-00134 1 41008
deleting FR941206-1-00134 1 41011
updating FR941206-1-00134 2 41014 41818
references FR941206-1-00134 1 41031
paragraph FR941206-1-00134 2 41050 41065
leaving FR941206-1-00134 1 41056
remaining FR941206-1-00134 1 41061
amendment FR941206-1-00134 2 41071 41841
substantive FR941206-1-00134 1 41077
voltage FR941206-1-00134 2 41088 41129
removal FR941206-1-00134 2 41102 42056
marked FR941206-1-00134 3 41111 41169 41187
strengthen FR941206-1-00134 1 41122
still FR941206-1-00134 2 41134 41602
concerns FR941206-1-00134 1 41144
k FR941206-1-00134 1 41153
mark FR941206-1-00134 1 41172
ml FR941206-1-00134 1 41173
aware FR941206-1-00134 1 41179
reports FR941206-1-00134 1 41181
assumed FR941206-1-00134 4 41191 41203 41234 41925
capacitor FR941206-1-00134 2 41217 41225
761.3 FR941206-1-00134 3 41220 41850 41987
whose FR941206-1-00134 1 41226
unknown FR941206-1-00134 1 41230
generally FR941206-1-00134 1 41231
evident FR941206-1-00134 1 41247
readers FR941206-1-00134 2 41249 41692
applies FR941206-1-00134 1 41253
just FR941206-1-00134 1 41266
b. FR941206-1-00134 1 41269
department FR941206-1-00134 2 41270 41306
transportation FR941206-1-00134 4 41272 41308 41528 41746
containers FR941206-1-00134 12 41273 41313 41335 41342 41394 41404 41434 41457 41622 41739 41754 41783
vi FR941206-1-00134 2 41292 41507
761.65 FR941206-1-00134 6 41295 41321 41345 41359 41410 41510
specify FR941206-1-00134 1 41302
dot FR941206-1-00134 16 41310 41341 41433 41521 41549 41556 41577 41596 41613 41620 41711 41725 41752 41772 41786 41824
specification FR941206-1-00134 4 41312 41712 41726 41753
7 FR941206-1-00134 2 41326 41364
storedin FR941206-1-00134 1 41334
larger FR941206-1-00134 3 41338 41393 41405
provided FR941206-1-00134 1 41353
meet FR941206-1-00134 1 41355
spill FR941206-1-00134 1 41375
prevention FR941206-1-00134 1 41376
countermeasure FR941206-1-00134 1 41379
spcc FR941206-1-00134 1 41381
prepared FR941206-1-00134 1 41386
implemented FR941206-1-00134 1 41388
much FR941206-1-00134 2 41425 41573
against FR941206-1-00134 1 41427
leaks FR941206-1-00134 1 41428
exposure FR941206-1-00134 1 41430
relative FR941206-1-00134 1 41442
strength FR941206-1-00134 1 41443
durability FR941206-1-00134 1 41445
short FR941206-1-00134 1 41448
durable FR941206-1-00134 1 41456
storing FR941206-1-00134 2 41461 41475
and/or FR941206-1-00134 1 41462
transporting FR941206-1-00134 1 41463
particular FR941206-1-00134 1 41473
pcb/radioactive FR941206-1-00134 2 41476 41665
alternative FR941206-1-00134 1 41484
discussion FR941206-1-00134 1 41487
unit FR941206-1-00134 1 41489
iic_pcb/radioactive FR941206-1-00134 1 41490
deferring FR941206-1-00134 1 41518
container FR941206-1-00134 3 41522 41540 41550
citations FR941206-1-00134 1 41537
type FR941206-1-00134 2 41541 41948
cross FR941206-1-00134 1 41544
reference FR941206-1-00134 1 41545
performancebased FR941206-1-00134 1 41548
forth FR941206-1-00134 1 41553
hmr FR941206-1-00134 3 41561 41682 41697
49 FR941206-1-00134 2 41564 41633
171180. FR941206-1-00134 1 41567
regulates FR941206-1-00134 1 41569
lower FR941206-1-00134 1 41574
like FR941206-1-00134 1 41584
emphasize FR941206-1-00134 1 41586
although FR941206-1-00134 2 41588 41761
some FR941206-1-00134 2 41589 42028
packaged FR941206-1-00134 3 41608 41658 41677
accordance FR941206-1-00134 2 41610 41679
shown FR941206-1-00134 1 41626
table FR941206-1-00134 1 41631
172.101 FR941206-1-00134 1 41635
group FR941206-1-00134 2 41639 41662
highway FR941206-1-00134 1 41652
rail FR941206-1-00134 1 41654
pcb/fissionable FR941206-1-00134 1 41667
pcb/mixed FR941206-1-00134 1 41670
pcb/hazardous FR941206-1-00134 1 41674
additionally FR941206-1-00134 2 41690 42077
advised FR941206-1-00134 1 41694
amended FR941206-1-00134 1 41699
55 FR941206-1-00134 1 41703
52402 FR941206-1-00134 1 41705
prohibits FR941206-1-00134 1 41707
construction FR941206-1-00134 1 41709
packaging FR941206-1-00134 1 41713
previously FR941206-1-00134 1 41714
ie FR941206-1-00134 1 41723
5b FR941206-1-00134 1 41729
6d FR941206-1-00134 1 41731
17c FR941206-1-00134 1 41733
17e FR941206-1-00134 1 41735
17h FR941206-1-00134 1 41738
effective FR941206-1-00134 1 41741
outdated FR941206-1-00134 1 41751
beyond FR941206-1-00134 1 41758
agreed FR941206-1-00134 1 41764
defer FR941206-1-00134 1 41770
commenter FR941206-1-00134 1 41775
list FR941206-1-00134 1 41781
approach FR941206-1-00134 1 41792
defeat FR941206-1-00134 1 41794
objectives FR941206-1-00134 1 41797
flexibility FR941206-1-00134 1 41807
industry FR941206-1-00134 1 41809
minimize FR941206-1-00134 1 41812
resource FR941206-1-00134 1 41814
burden FR941206-1-00134 1 41815
modifies FR941206-1-00134 1 41825
c. FR941206-1-00134 1 41829
transformer FR941206-1-00134 15 41834 41848 41855 41858 41868 41872 41880 41897 41905 41923 41930 41934 41981 42073 42084
pcbcontaminated FR941206-1-00134 3 41836 41974 41980
: FR941206-1-00134 3 41852 41874 41932
nameplate FR941206-1-00134 3 41876 41939 42061
indicates FR941206-1-00134 1 41877
dielectric FR941206-1-00134 4 41883 41900 41906 41950
fluid FR941206-1-00134 5 41884 41901 41907 41951 42090
owner FR941206-1-00134 1 41887
operator FR941206-1-00134 1 41889
tested FR941206-1-00134 1 41910
records FR941206-1-00134 4 41941 41954 42104 42112
exist FR941206-1-00134 2 41944 41957
indicate FR941206-1-00134 2 41946 41959
definitions FR941206-1-00134 1 41971
incorporate FR941206-1-00134 1 41992
assumption FR941206-1-00134 2 42001 42036
preamble FR941206-1-00134 1 42006
31517 FR941206-1-00134 1 42018
inspectors FR941206-1-00134 1 42024
suspected FR941206-1-00134 1 42026
owners FR941206-1-00134 1 42029
abusing FR941206-1-00134 1 42033
avoid FR941206-1-00134 1 42040
stricter FR941206-1-00134 1 42042
761.60. FR941206-1-00134 1 42046
avoidance FR941206-1-00134 1 42052
technique FR941206-1-00134 1 42053
manufacturer FR941206-1-00134 1 42059
identifying FR941206-1-00134 1 42064
classify FR941206-1-00134 1 42071
possibility FR941206-1-00134 1 42080
exists FR941206-1-00134 1 42081
serviced FR941206-1-00134 1 42088
refers FR941206-1-00134 1 42109
servicing FR941206-1-00134 1 42111
manufacturers FR941206-1-00134 1 42114
