delegated FR940525-0-00015 1 4810
to FR940525-0-00015 5 4811 4847 4967 5155 5187
the FR940525-0-00015 46 4812 4838 4870 4903 4918 4931 4993 5007 5017 5043 5074 5081 5112 5159 5188 5279 5305 5343 5346 5387 5474 5540 5545 5551 5604 5630 5668 5671 5722 5727 5733 5761 5823 5828 5834 5862 5906 5951 6002 6007 6013 6044 6099 6104 6110 6141
commissioner FR940525-0-00015 2 4813 6185
of FR940525-0-00015 47 4814 4869 4934 5006 5031 5034 5067 5080 5105 5161 5172 5218 5234 5273 5287 5307 5345 5407 5449 5476 5494 5505 5553 5561 5598 5612 5632 5670 5697 5735 5763 5787 5799 5836 5864 5888 5926 5953 5971 5983 6015 6046 6070 6081 6112 6143 6167
food FR940525-0-00015 8 4815 4872 5009 5018 5320 5326 5645 5651
and FR940525-0-00015 41 4816 4876 4924 4943 4957 5013 5019 5057 5095 5144 5184 5205 5221 5236 5244 5267 5309 5312 5322 5327 5409 5427 5451 5469 5507 5512 5533 5563 5592 5634 5637 5647 5652 5702 5756 5857 5928 5946 5988 6039 6136
drugs FR940525-0-00015 1 4817
, FR940525-0-00015 98 4818 4857 4859 4861 4863 4865 4867 4873 4875 4883 4885 4887 4889 4891 4893 4927 4942 5010 5012 5016 5027 5070 5223 5227 5238 5247 5249 5252 5284 5289 5294 5296 5299 5317 5325 5330 5335 5337 5340 5349 5354 5356 5359 5361 5400 5411 5442 5453 5520 5524 5527 5530 5558 5565 5567 5570 5574 5577 5609 5614 5619 5621 5624 5642 5650 5655 5660 5662 5665 5674 5681 5684 5686 5694 5709 5713 5716 5719 5740 5796 5810 5814 5817 5820 5841 5919 5930 5980 5995 5999 6020 6024 6092 6096 6117 6121 6178 6183
21 FR940525-0-00015 3 4819 4842 4880
cfr FR940525-0-00015 11 4820 4843 5269 5429 5471 5594 5758 5859 5948 6041 6138
part FR940525-0-00015 12 4821 4828 4844 5270 5430 5472 5595 5759 5860 5949 6042 6139
103 FR940525-0-00015 2 4822 4845
is FR940525-0-00015 23 4823 4900 5040 5254 5414 5456 5481 5542 5579 5724 5743 5768 5825 5844 5869 5933 5958 6004 6026 6051 6101 6123 6148
amended FR940525-0-00015 2 4824 4901
as FR940525-0-00015 8 4825 4849 4969 5001 5119 5129 5380 5899
follows FR940525-0-00015 4 4826 4850 4970 5120
: FR940525-0-00015 8 4827 4851 4853 4971 5121 5390 5909 6177
103_quality FR940525-0-00015 1 4829
standards FR940525-0-00015 2 4830 4836
for FR940525-0-00015 16 4831 4841 4920 5115 5231 5319 5404 5446 5550 5644 5732 5833 5923 6012 6109 6186
foods FR940525-0-00015 3 4832 5311 5636
with FR940525-0-00015 13 4833 4992 5158 5180 5260 5420 5462 5585 5749 5850 5939 6032 6129
no FR940525-0-00015 1 4834
identity FR940525-0-00015 1 4835
1. FR940525-0-00015 1 4837
authority FR940525-0-00015 2 4839 4852
citation FR940525-0-00015 1 4840
continues FR940525-0-00015 1 4846
read FR940525-0-00015 2 4848 4968
secs FR940525-0-00015 1 4854
. FR940525-0-00015 19 4855 4896 4975 5108 5363 5497 5539 5679 5688 5721 5790 5822 5891 5974 6073 6170 6179 6188 6192
201 FR940525-0-00015 1 4856
401 FR940525-0-00015 1 4858
403 FR940525-0-00015 1 4860
409 FR940525-0-00015 1 4862
410 FR940525-0-00015 2 4864 5005
701 FR940525-0-00015 1 4866
721 FR940525-0-00015 1 4868
federal FR940525-0-00015 4 4871 5008 5347 5672
drug FR940525-0-00015 5 4874 5011 5020 5328 5653
cosmetic FR940525-0-00015 2 4877 5014
act FR940525-0-00015 2 4878 5015
( FR940525-0-00015 94 4879 4907 4910 4913 4936 4939 4948 4951 4954 4958 4961 4964 4981 4987 4998 5048 5051 5054 5058 5061 5064 5086 5089 5092 5096 5099 5102 5109 5127 5141 5145 5151 5163 5166 5169 5193 5196 5199 5202 5206 5209 5212 5215 5264 5314 5364 5367 5373 5391 5424 5433 5466 5485 5488 5491 5498 5536 5571 5589 5639 5689 5753 5772 5775 5778 5781 5784 5791 5854 5873 5876 5879 5882 5885 5892 5910 5943 5962 5965 5968 5975 6036 6055 6058 6061 6064 6067 6074 6133 6152 6155 6158 6161 6164
usc FR940525-0-00015 10 4881 5262 5422 5464 5587 5751 5852 5941 6034 6131
321 FR940525-0-00015 1 4882
341 FR940525-0-00015 1 4884
343 FR940525-0-00015 1 4886
348 FR940525-0-00015 1 4888
349 FR940525-0-00015 1 4890
371 FR940525-0-00015 1 4892
379e FR940525-0-00015 1 4894
) FR940525-0-00015 94 4895 4909 4912 4915 4938 4941 4950 4953 4956 4960 4963 4966 4983 4989 5000 5050 5053 5056 5060 5063 5066 5088 5091 5094 5098 5101 5104 5111 5131 5143 5147 5153 5165 5168 5171 5195 5198 5201 5204 5208 5211 5214 5217 5266 5316 5366 5369 5375 5393 5426 5435 5468 5487 5490 5493 5500 5538 5573 5591 5641 5691 5755 5774 5777 5780 5783 5786 5793 5856 5875 5878 5881 5884 5887 5894 5912 5945 5964 5967 5970 5977 6038 6057 6060 6063 6066 6069 6076 6135 6154 6157 6160 6163 6166
2. FR940525-0-00015 1 4897
section FR940525-0-00015 12 4898 5004 5069 5107 5174 5220 5496 5789 5890 5973 6072 6169
103.35 FR940525-0-00015 1 4899
in FR940525-0-00015 38 4902 4905 5046 5078 5084 5178 5191 5228 5258 5401 5418 5443 5460 5483 5510 5544 5555 5583 5700 5726 5737 5747 5770 5827 5838 5848 5871 5937 5960 5986 6006 6017 6030 6053 6103 6114 6127 6150
table FR940525-0-00015 1 4904
paragraph FR940525-0-00015 9 4906 4935 5162 5484 5771 5872 5961 6054 6151
d FR940525-0-00015 18 4908 4937 4949 4959 4982 5049 5059 5087 5097 5164 5194 5207 5486 5773 5874 5963 6056 6153
1 FR940525-0-00015 13 4911 5133 5268 5392 5428 5470 5593 5757 5858 5911 5947 6040 6137
i FR940525-0-00015 5 4914 4955 5093 5110 5170
by FR940525-0-00015 25 4916 4929 4944 5003 5042 5256 5416 5458 5479 5514 5581 5704 5745 5766 5802 5846 5867 5935 5956 5990 6028 6049 6084 6125 6146
removing FR940525-0-00015 1 4917
entries FR940525-0-00015 1 4919
`` FR940525-0-00015 16 4921 4925 5229 5402 5444 5503 5548 5695 5730 5797 5831 5921 5981 6010 6079 6107
copper FR940525-0-00015 3 4922 5132 5376
'' FR940525-0-00015 16 4923 4928 5239 5412 5454 5521 5559 5710 5741 5811 5842 5931 5996 6021 6093 6118
lead FR940525-0-00015 3 4926 5134 5895
revising FR940525-0-00015 1 4930
introductory FR940525-0-00015 1 4932
text FR940525-0-00015 1 4933
3 FR940525-0-00015 23 4940 4952 4962 4988 5052 5062 5090 5100 5167 5197 5210 5489 5499 5776 5785 5877 5886 5966 6059 6068 6075 6156 6165
adding FR940525-0-00015 1 4945
new FR940525-0-00015 1 4946
paragraphs FR940525-0-00015 4 4947 5047 5085 5192
v FR940525-0-00015 11 4965 5055 5152 5200 5213 5492 5779 5880 5969 6062 6159
ยง103.35 FR940525-0-00015 1 4972
bottled FR940525-0-00015 2 4973 5025
water FR940525-0-00015 9 4974 5026 5235 5408 5450 5511 5701 5927 5987
* FR940525-0-00015 18 4976 4977 4978 4979 4980 4984 4985 4986 5136 5137 5138 5139 5140 6171 6172 6173 6174 6175
having FR940525-0-00015 1 4990
consulted FR940525-0-00015 1 4991
us FR940525-0-00015 7 4994 5240 5285 5528 5610 5717 5818
environmental FR940525-0-00015 8 4995 5242 5531 5556 5738 5839 6018 6115
protection FR940525-0-00015 1 4996
agency FR940525-0-00015 1 4997
epa FR940525-0-00015 5 4999 5241 5529 5718 5819
required FR940525-0-00015 1 5002
administration FR940525-0-00015 3 5021 5329 5654
has FR940525-0-00015 1 5022
determined FR940525-0-00015 1 5023
that FR940525-0-00015 1 5024
when FR940525-0-00015 1 5028
a FR940525-0-00015 12 5029 5038 5265 5365 5425 5467 5590 5754 5855 5944 6037 6134
composite FR940525-0-00015 1 5030
analytical FR940525-0-00015 1 5032
units FR940525-0-00015 1 5033
equal FR940525-0-00015 1 5035
volume FR940525-0-00015 1 5036
from FR940525-0-00015 4 5037 5278 5603 5920
sample FR940525-0-00015 1 5039
examined FR940525-0-00015 3 5041 5303 5628
methods FR940525-0-00015 13 5044 5189 5230 5389 5403 5445 5549 5731 5832 5908 5922 6011 6108
listed FR940525-0-00015 2 5045 5190
vi FR940525-0-00015 1 5065
this FR940525-0-00015 18 5068 5106 5173 5219 5274 5477 5495 5599 5764 5788 5865 5889 5954 5972 6047 6071 6144 6168
shall FR940525-0-00015 4 5071 5175 5377 5896
not FR940525-0-00015 1 5072
contain FR940525-0-00015 1 5073
following FR940525-0-00015 3 5075 5388 5907
chemical FR940525-0-00015 5 5076 5232 5405 5447 5924
contaminants FR940525-0-00015 1 5077
excess FR940525-0-00015 1 5079
concentrations FR940525-0-00015 1 5082
specified FR940525-0-00015 2 5083 5130
ii FR940525-0-00015 1 5103
allowable FR940525-0-00015 1 5113
levels FR940525-0-00015 1 5114
inorganic FR940525-0-00015 1 5116
substances FR940525-0-00015 1 5117
are FR940525-0-00015 3 5118 5276 5601
1contaminant FR940525-0-00015 1 5122
1concentration FR940525-0-00015 1 5123
milligrams FR940525-0-00015 1 5124
per FR940525-0-00015 1 5125
liter FR940525-0-00015 1 5126
or FR940525-0-00015 6 5128 5300 5341 5432 5625 5666
0.005 FR940525-0-00015 1 5135
iii FR940525-0-00015 1 5142
iv FR940525-0-00015 1 5146
[ FR940525-0-00015 3 5148 5370 6189
reserved FR940525-0-00015 2 5149 5371
] FR940525-0-00015 3 5150 5372 6199
analyses FR940525-0-00015 1 5154
determine FR940525-0-00015 1 5156
compliance FR940525-0-00015 1 5157
requirements FR940525-0-00015 1 5160
be FR940525-0-00015 5 5176 5302 5378 5627 5897
conducted FR940525-0-00015 1 5177
accordance FR940525-0-00015 10 5179 5259 5419 5461 5584 5748 5849 5938 6031 6128
an FR940525-0-00015 1 5181
applicable FR940525-0-00015 2 5182 5185
method FR940525-0-00015 9 5183 5394 5436 5501 5692 5794 5913 5978 6077
revisions FR940525-0-00015 1 5186
g FR940525-0-00015 6 5203 5374 5782 5883 6065 6162
h FR940525-0-00015 2 5216 5893
described FR940525-0-00015 1 5222
unless FR940525-0-00015 1 5224
otherwise FR940525-0-00015 1 5225
noted FR940525-0-00015 1 5226
analysis FR940525-0-00015 4 5233 5406 5448 5925
wastes FR940525-0-00015 7 5237 5410 5452 5513 5703 5929 5989
monitoring FR940525-0-00015 2 5243 5532
support FR940525-0-00015 2 5245 5534
laboratory FR940525-0-00015 2 5246 5535
epa600/479020 FR940525-0-00015 1 5248
march FR940525-0-00015 1 5250
1983 FR940525-0-00015 1 5251
which FR940525-0-00015 9 5253 5413 5455 5578 5742 5843 5932 6025 6122
incorporated FR940525-0-00015 9 5255 5415 5457 5580 5744 5845 5934 6027 6124
reference FR940525-0-00015 15 5257 5417 5459 5480 5582 5746 5767 5847 5868 5936 5957 6029 6050 6126 6147
5 FR940525-0-00015 10 5261 5421 5463 5586 5750 5792 5851 5940 6033 6130
552 FR940525-0-00015 9 5263 5423 5465 5588 5752 5853 5942 6035 6132
51. FR940525-0-00015 8 5271 5473 5596 5760 5861 5950 6043 6140
copies FR940525-0-00015 2 5272 5597
publication FR940525-0-00015 2 5275 5600
available FR940525-0-00015 2 5277 5602
national FR940525-0-00015 2 5280 5605
technical FR940525-0-00015 2 5281 5606
information FR940525-0-00015 2 5282 5607
service FR940525-0-00015 2 5283 5608
department FR940525-0-00015 2 5286 5611
commerce FR940525-0-00015 2 5288 5613
5825 FR940525-0-00015 2 5290 5615
port FR940525-0-00015 2 5291 5616
royal FR940525-0-00015 2 5292 5617
rd. FR940525-0-00015 2 5293 5618
springfield FR940525-0-00015 2 5295 5620
va FR940525-0-00015 2 5297 5622
22161 FR940525-0-00015 2 5298 5623
may FR940525-0-00015 2 5301 5626
at FR940525-0-00015 4 5304 5342 5629 5667
office FR940525-0-00015 5 5306 5344 5560 5631 5669
plant FR940525-0-00015 2 5308 5633
dairy FR940525-0-00015 2 5310 5635
beverages FR940525-0-00015 2 5313 5638
hfs305 FR940525-0-00015 2 5315 5640
center FR940525-0-00015 2 5318 5643
safety FR940525-0-00015 2 5321 5646
applied FR940525-0-00015 2 5323 5648
nutrition FR940525-0-00015 2 5324 5649
200 FR940525-0-00015 2 5331 5656
c FR940525-0-00015 2 5332 5657
st. FR940525-0-00015 3 5333 5353 5658
sw. FR940525-0-00015 2 5334 5659
washington FR940525-0-00015 5 5336 5360 5566 5661 5685
dc FR940525-0-00015 5 5338 5362 5568 5663 5687
20204 FR940525-0-00015 2 5339 5664
register FR940525-0-00015 2 5348 5673
800 FR940525-0-00015 2 5350 5675
north FR940525-0-00015 2 5351 5676
capitol FR940525-0-00015 2 5352 5677
nw. FR940525-0-00015 2 5355 5680
suite FR940525-0-00015 2 5357 5682
700 FR940525-0-00015 2 5358 5683
f FR940525-0-00015 1 5368
measured FR940525-0-00015 2 5379 5898
total FR940525-0-00015 2 5381 5900
recoverable FR940525-0-00015 2 5382 5901
metal FR940525-0-00015 2 5383 5902
without FR940525-0-00015 2 5384 5903
filtration FR940525-0-00015 2 5385 5904
using FR940525-0-00015 2 5386 5905
220.2_atomic FR940525-0-00015 1 5395
absorption FR940525-0-00015 5 5396 5438 5808 5915 6090
; FR940525-0-00015 4 5397 5439 5916 6196
furnace FR940525-0-00015 4 5398 5806 5917 6088
technique FR940525-0-00015 2 5399 5918
51 FR940525-0-00015 1 5431
2 FR940525-0-00015 2 5434 5976
220.1_atomic FR940525-0-00015 1 5437
direct FR940525-0-00015 1 5440
aspiration FR940525-0-00015 1 5441
availability FR940525-0-00015 6 5475 5762 5863 5952 6045 6142
incorporation FR940525-0-00015 6 5478 5765 5866 5955 6048 6145
given FR940525-0-00015 6 5482 5769 5870 5959 6052 6149
200.7_entitled FR940525-0-00015 1 5502
determination FR940525-0-00015 10 5504 5552 5696 5734 5798 5835 5982 6014 6080 6111
metals FR940525-0-00015 6 5506 5554 5736 5837 6016 6113
trace FR940525-0-00015 5 5508 5698 5800 5984 6082
elements FR940525-0-00015 5 5509 5699 5801 5985 6083
inductively FR940525-0-00015 3 5515 5705 5991
coupled FR940525-0-00015 3 5516 5706 5992
plasmaatomic FR940525-0-00015 1 5517
emission FR940525-0-00015 1 5518
spectrometry FR940525-0-00015 5 5519 5708 5809 5994 6091
revision FR940525-0-00015 10 5522 5541 5711 5723 5812 5824 5997 6003 6094 6100
3.3 FR940525-0-00015 1 5523
april FR940525-0-00015 5 5525 5714 5815 6000 6097
1991 FR940525-0-00015 6 5526 5576 5715 5816 6023 6120
emsl FR940525-0-00015 3 5537 5720 5821
contained FR940525-0-00015 5 5543 5725 5826 6005 6102
manual FR940525-0-00015 5 5546 5728 5829 6008 6105
entitled FR940525-0-00015 5 5547 5729 5830 6009 6106
samples FR940525-0-00015 5 5557 5739 5840 6019 6116
research FR940525-0-00015 1 5562
development FR940525-0-00015 1 5564
20460 FR940525-0-00015 1 5569
epa/600/491/010 FR940525-0-00015 1 5572
june FR940525-0-00015 3 5575 6022 6119
st FR940525-0-00015 1 5678
4 FR940525-0-00015 1 5690
200.8_entitled FR940525-0-00015 2 5693 5979
plasmamass FR940525-0-00015 2 5707 5993
4.4 FR940525-0-00015 2 5712 5998
200.9_entitled FR940525-0-00015 1 5795
stabilized FR940525-0-00015 2 5803 6085
temperature FR940525-0-00015 2 5804 6086
graphite FR940525-0-00015 2 5805 6087
atomic FR940525-0-00015 2 5807 6089
1.2 FR940525-0-00015 2 5813 6095
239.2_atomic FR940525-0-00015 1 5914
1991. FR940525-0-00015 2 6001 6098
200.9_from FR940525-0-00015 1 6078
dated FR940525-0-00015 1 6176
michael FR940525-0-00015 1 6180
r. FR940525-0-00015 1 6181
taylor FR940525-0-00015 1 6182
deputy FR940525-0-00015 1 6184
policy FR940525-0-00015 1 6187
fr FR940525-0-00015 1 6190
doc FR940525-0-00015 1 6191
9412666 FR940525-0-00015 1 6193
filed FR940525-0-00015 1 6194
52494 FR940525-0-00015 1 6195
8:45 FR940525-0-00015 1 6197
am FR940525-0-00015 1 6198
billing FR940525-0-00015 1 6200
code FR940525-0-00015 1 6201
416001f FR940525-0-00015 1 6202
21 FR940525-0-00016 9 0 273 358 942 1251 1766 1804 1820 1859
cfr FR940525-0-00016 7 1 274 943 1252 1767 1805 1821
part FR940525-0-00016 7 2 944 1375 1768 1806 1813 1822
166 FR940525-0-00016 5 3 945 1769 1807 1823
[ FR940525-0-00016 2 4 2100
docket FR940525-0-00016 1 5
no FR940525-0-00016 9 6 629 789 1130 1147 1161 1611 1632 1740
. FR940525-0-00016 69 7 46 51 104 125 157 162 182 219 314 325 327 380 397 448 477 502 532 534 547 573 618 670 691 725 764 784 807 860 888 918 920 962 966 1016 1033 1074 1088 1117 1127 1143 1168 1225 1276 1328 1356 1406 1433 1501 1520 1559 1605 1693 1722 1747 1761 1779 1834 1875 1948 1953 2021 2050 2061 2074 2083 2090 2099 2103
90p0025 FR940525-0-00016 1 8
] FR940525-0-00016 2 9 2110
margarine FR940525-0-00016 19 10 70 144 269 313 690 745 783 798 846 855 876 911 940 1123 1423 1504 1778 1947
; FR940525-0-00016 2 11 2107
standard FR940525-0-00016 12 12 66 265 379 410 731 741 799 872 907 936 1505
of FR940525-0-00016 76 13 18 21 23 67 75 78 80 140 155 230 266 282 285 343 376 393 422 425 439 445 468 474 491 598 601 615 635 638 686 704 732 742 749 774 777 816 842 854 873 886 893 908 929 937 977 1051 1086 1114 1222 1371 1376 1422 1453 1465 1506 1513 1548 1569 1610 1631 1639 1651 1660 1739 1763 1799 1848 1889 1915 1967 1983 2008 2018 2027 2039
identity FR940525-0-00016 10 14 68 267 426 733 743 874 909 938 1507
to FR940525-0-00016 40 15 71 110 135 261 278 322 460 509 542 565 581 594 608 631 640 651 679 700 738 754 904 933 971 988 1079 1121 1139 1232 1323 1336 1359 1380 1462 1551 1735 1796 1826 1941 2014
permit FR940525-0-00016 3 16 72 279
use FR940525-0-00016 14 17 37 74 103 281 302 597 724 760 833 1080 1393 1558 2003
any FR940525-0-00016 11 19 76 283 371 599 610 663 705 1728 1981 2005
form FR940525-0-00016 6 20 77 284 600 614 1982
oil FR940525-0-00016 20 22 79 120 287 310 603 617 650 653 688 703 710 843 1385 1389 1418 1516 1529 1984 2049
marine FR940525-0-00016 10 24 81 286 602 652 706 750 817 1654 1987
species FR940525-0-00016 6 25 82 707 751 818 1988
affirmed FR940525-0-00016 6 26 86 291 713 822 1992
as FR940525-0-00016 31 27 31 87 90 97 292 296 303 569 571 714 718 800 823 827 914 946 1083 1180 1192 1277 1374 1390 1394 1419 1810 1828 1943 1993 1997 2032
gras FR940525-0-00016 8 28 93 293 715 824 1391 1466 1994
or FR940525-0-00016 19 29 95 167 178 294 309 420 430 716 825 1150 1397 1965 1974 1980 1995 2006 2034 2048
approved FR940525-0-00016 4 30 96 295 717
a FR940525-0-00016 29 32 98 111 240 244 297 377 472 483 719 828 851 1071 1084 1106 1111 1177 1189 1215 1219 1420 1494 1588 1649 1892 1904 1950 1986 1998
food FR940525-0-00016 22 33 40 55 99 194 203 298 346 378 409 423 720 763 829 1543 1687 1770 1775 1785 1800 1851 1999
additive FR940525-0-00016 6 34 100 299 721 830 2000
for FR940525-0-00016 40 35 69 101 170 183 193 268 300 373 415 417 427 558 584 681 702 722 744 759 813 831 845 850 875 910 939 1027 1030 1247 1361 1392 1416 1443 1539 1555 1635 1819 1885 2001 2097
this FR940525-0-00016 23 36 102 105 129 180 301 548 657 723 762 832 901 930 1100 1166 1174 1244 1296 1319 1372 1556 1570 2002
agency FR940525-0-00016 17 38 481 564 672 794 809 864 898 1024 1090 1206 1315 1368 1408 1450 1607 1724
: FR940525-0-00016 11 39 48 53 159 187 222 1812 1830 1832 1945 2088
and FR940525-0-00016 47 41 56 119 145 149 196 204 350 390 406 464 561 612 683 757 847 880 955 975 981 1006 1013 1064 1260 1312 1386 1447 1553 1580 1596 1615 1648 1662 1668 1688 1705 1715 1772 1789 1792 1801 1855 1894 1910 1920 1931 2038
drug FR940525-0-00016 7 42 57 205 348 1689 1787 1853
administration FR940525-0-00016 4 43 58 206 1690
, FR940525-0-00016 118 44 161 191 202 207 212 214 217 231 237 248 252 255 257 260 320 321 347 349 365 382 386 405 413 433 450 479 492 498 520 550 555 624 626 647 654 693 786 792 862 890 896 982 987 1000 1002 1005 1009 1012 1036 1037 1041 1096 1097 1129 1170 1185 1204 1234 1235 1238 1284 1311 1348 1403 1404 1426 1477 1482 1483 1546 1561 1572 1595 1614 1621 1628 1647 1686 1691 1695 1699 1701 1704 1718 1749 1774 1777 1781 1786 1788 1803 1836 1838 1840 1842 1844 1846 1852 1854 1862 1864 1866 1868 1870 1872 1899 1909 1936 1938 1964 1969 1979 2004 2030 2037 2089 2094
hhs FR940525-0-00016 1 45
action FR940525-0-00016 13 47 106 130 372 452 1101 1245 1297 1379 1446 1490 1571 1584
final FR940525-0-00016 13 49 330 485 527 545 805 902 931 1039 1210 1282 1485 1657
rule FR940525-0-00016 19 50 331 486 528 546 560 568 806 903 932 1040 1179 1191 1211 1237 1283 1292 1327 1486
summary FR940525-0-00016 1 52
the FR940525-0-00016 119 54 64 73 115 138 153 224 227 263 280 328 332 344 354 374 387 418 435 446 454 461 475 480 488 512 521 543 553 559 563 567 585 596 620 636 644 667 671 675 726 730 736 740 775 793 797 803 808 840 858 863 867 871 884 894 897 906 926 935 956 1017 1023 1035 1048 1052 1060 1089 1095 1200 1205 1209 1230 1233 1280 1290 1308 1314 1325 1330 1338 1341 1354 1357 1367 1407 1414 1438 1444 1449 1454 1457 1481 1488 1498 1503 1511 1521 1536 1565 1574 1577 1583 1592 1606 1616 1624 1629 1666 1679 1723 1744 1783 1797 1816 1849 1886 1912 1925 2046
( FR940525-0-00016 38 59 92 122 199 232 270 272 340 353 357 361 395 442 471 493 951 960 996 1254 1257 1266 1399 1468 1471 1642 1683 1858 1891 1896 1903 1906 1917 1922 1949 1957 2056 2070 2078
fda FR940525-0-00016 20 60 126 238 536 593 632 694 765 923 1042 1056 1144 1171 1239 1285 1349 1463 1478 1562 1636
) FR940525-0-00016 38 61 94 124 201 236 276 277 342 356 363 364 400 444 473 497 953 965 1015 1256 1259 1268 1405 1475 1476 1646 1685 1874 1893 1898 1905 1908 1919 1924 1951 1959 2058 2072 2080
is FR940525-0-00016 18 62 107 698 795 899 985 1057 1160 1175 1187 1424 1518 1602 1759 1808 1824 1879 1972
amending FR940525-0-00016 2 63 1502
us FR940525-0-00016 2 65 264
that FR940525-0-00016 40 83 128 288 525 577 587 623 656 674 696 768 811 819 866 992 1022 1044 1055 1066 1099 1152 1158 1173 1208 1243 1261 1293 1295 1304 1313 1340 1413 1487 1517 1526 1582 1597 1619 1731 1989
has FR940525-0-00016 8 84 289 711 924 1145 1410 1725 1990
been FR940525-0-00016 8 85 290 506 712 821 1674 1991 2012
generally FR940525-0-00016 1 88
recognized FR940525-0-00016 1 89
safe FR940525-0-00016 4 91 611 682 756
in FR940525-0-00016 41 108 137 143 152 226 312 370 383 487 518 540 662 666 689 729 761 782 802 839 857 870 883 912 941 1034 1094 1105 1134 1165 1197 1229 1279 1300 1437 1480 1535 1665 1678 1765 1911 2045
response FR940525-0-00016 2 109 541
petition FR940525-0-00016 6 112 245 334 456 589 1467
submitted FR940525-0-00016 3 113 551 1442
by FR940525-0-00016 9 114 552 643 948 1182 1194 1709 1881 1900
national FR940525-0-00016 2 116 1653
fish FR940525-0-00016 1 117
meal FR940525-0-00016 1 118
association FR940525-0-00016 1 121
nfmoa FR940525-0-00016 5 123 247 333 455 574
believes FR940525-0-00016 3 127 695 810
will FR940525-0-00016 12 131 146 734 771 834 848 877 1212 1508 1524 1530 1585
provide FR940525-0-00016 5 132 680 701 849 1334
increased FR940525-0-00016 2 133 1301
flexibility FR940525-0-00016 4 134 958 1019 1202
manufacturers FR940525-0-00016 4 136 836 1118 1137
selection FR940525-0-00016 2 139 841
lipid FR940525-0-00016 1 141
ingredients FR940525-0-00016 4 142 844 1929 2060
promote FR940525-0-00016 2 147 878
honesty FR940525-0-00016 2 148 879
fair FR940525-0-00016 2 150 881
dealing FR940525-0-00016 2 151 882
interest FR940525-0-00016 2 154 885
consumers FR940525-0-00016 3 156 773 887
dates FR940525-0-00016 1 158
effective FR940525-0-00016 1 160
all FR940525-0-00016 3 163 973 2007
products FR940525-0-00016 5 164 429 856 1142 1545
initially FR940525-0-00016 2 165 168
introduced FR940525-0-00016 1 166
delivered FR940525-0-00016 1 169
introduction FR940525-0-00016 1 171
into FR940525-0-00016 4 172 403 1365 1542
interstate FR940525-0-00016 1 173
commerce FR940525-0-00016 1 174
shall FR940525-0-00016 1 175
comply FR940525-0-00016 1 176
on FR940525-0-00016 16 177 243 453 511 524 1110 1218 1289 1435 1448 1456 1497 1576 1591 1676 1743
after FR940525-0-00016 2 179 891
date FR940525-0-00016 1 181
further FR940525-0-00016 4 184 451 664 1540
information FR940525-0-00016 6 185 221 1149 1411 1436 1730
contact FR940525-0-00016 1 186
nannie FR940525-0-00016 1 188
h. FR940525-0-00016 1 189
rainey FR940525-0-00016 1 190
center FR940525-0-00016 1 192
safety FR940525-0-00016 2 195 1007
applied FR940525-0-00016 1 197
nutrition FR940525-0-00016 2 198 388
hfs158 FR940525-0-00016 1 200
200 FR940525-0-00016 1 208
c FR940525-0-00016 3 209 1897 2071
st. FR940525-0-00016 1 210
sw. FR940525-0-00016 1 211
washington FR940525-0-00016 1 213
dc FR940525-0-00016 1 215
20204 FR940525-0-00016 1 216
2022055099 FR940525-0-00016 1 218
supplementary FR940525-0-00016 1 220
i. FR940525-0-00016 1 223
proposal FR940525-0-00016 4 225 241 513 1098
federal FR940525-0-00016 5 228 345 489 1784 1850
register FR940525-0-00016 2 229 490
55 FR940525-0-00016 1 233
fr FR940525-0-00016 6 234 495 1401 1473 1644 2101
35439 FR940525-0-00016 1 235
published FR940525-0-00016 3 239 482 517
based FR940525-0-00016 2 242 1434
from FR940525-0-00016 5 246 434 648 1353 1985
1525 FR940525-0-00016 1 249
wilson FR940525-0-00016 1 250
blvd. FR940525-0-00016 1 251
suite FR940525-0-00016 1 253
500 FR940525-0-00016 1 254
arlington FR940525-0-00016 1 256
va FR940525-0-00016 1 258
22209 FR940525-0-00016 1 259
amend FR940525-0-00016 4 262 739 905 934
ยง166.110 FR940525-0-00016 3 271 913 1946
166.110 FR940525-0-00016 2 275 1878
an FR940525-0-00016 10 304 507 1263 1270 1351 1362 1598 1751 1755 2015
additional FR940525-0-00016 2 305 1729
optional FR940525-0-00016 4 306 814 1928 2059
edible FR940525-0-00016 3 307 1395 1960
fat FR940525-0-00016 2 308 2047
ingredient FR940525-0-00016 2 311 769
interested FR940525-0-00016 2 315 1710
persons FR940525-0-00016 2 316 1711
were FR940525-0-00016 1 317
given FR940525-0-00016 1 318
until FR940525-0-00016 1 319
submit FR940525-0-00016 1 323
comments FR940525-0-00016 5 324 535 791 895 1151
ii FR940525-0-00016 1 326
tentative FR940525-0-00016 9 329 484 526 544 804 1038 1156 1281 1484
was FR940525-0-00016 6 335 401 516 529 605 1274
filed FR940525-0-00016 2 336 2105
under FR940525-0-00016 6 337 499 1059 1250 1782 1793
section FR940525-0-00016 4 338 440 469 1877
701 FR940525-0-00016 4 339 441 470 1845
e FR940525-0-00016 3 341 362 443
cosmetic FR940525-0-00016 3 351 1790 1856
act FR940525-0-00016 10 352 355 392 447 476 959 1020 1203 1791 1857
usc FR940525-0-00016 2 359 1860
371 FR940525-0-00016 2 360 1871
which FR940525-0-00016 3 366 1622 2009
requires FR940525-0-00016 2 367 1021
formal FR940525-0-00016 2 368 436
rulemaking FR940525-0-00016 6 369 411 437 466 668 1167
amendment FR940525-0-00016 2 375 419
however FR940525-0-00016 2 381 692
november FR940525-0-00016 1 384
1990 FR940525-0-00016 4 385 394 519 1667
labeling FR940525-0-00016 3 389 770 1776
education FR940525-0-00016 1 391
pub FR940525-0-00016 2 396 961
l. FR940525-0-00016 2 398 963
101535 FR940525-0-00016 1 399
signed FR940525-0-00016 1 402
law FR940525-0-00016 1 404
it FR940525-0-00016 9 407 515 578 627 697 1045 1067 1188 1734
removed FR940525-0-00016 1 408
proceedings FR940525-0-00016 3 412 438 467
except FR940525-0-00016 1 414
actions FR940525-0-00016 1 416
repeal FR940525-0-00016 1 421
standards FR940525-0-00016 2 424 1773
dairy FR940525-0-00016 1 428
maple FR940525-0-00016 1 431
sirup FR940525-0-00016 1 432
therefore FR940525-0-00016 4 449 785 1748 1780
would FR940525-0-00016 9 457 579 1068 1102 1153 1298 1344 1491 1732
be FR940525-0-00016 8 458 641 752 755 1345 1525 1533 1707
subject FR940525-0-00016 1 459
informal FR940525-0-00016 1 462
notice FR940525-0-00016 1 463
comment FR940525-0-00016 8 465 510 522 539 549 621 1288 1331
thus FR940525-0-00016 5 478 861 1128 1169 1560
58 FR940525-0-00016 1 494
43580 FR940525-0-00016 1 496
those FR940525-0-00016 1 500
procedures FR940525-0-00016 1 501
because FR940525-0-00016 1 503
there FR940525-0-00016 2 504 1159
had FR940525-0-00016 4 505 628 1046 1316
opportunity FR940525-0-00016 1 508
when FR940525-0-00016 3 514 780 983
period FR940525-0-00016 1 523
30 FR940525-0-00016 1 530
days FR940525-0-00016 1 531
iii FR940525-0-00016 1 533
received FR940525-0-00016 5 537 788 1146 1286 1727
one FR940525-0-00016 2 538 1287
petitioner FR940525-0-00016 5 554 676 1355 1439 1625
expressed FR940525-0-00016 1 556
support FR940525-0-00016 2 557 1337
urged FR940525-0-00016 1 562
finalize FR940525-0-00016 1 566
soon FR940525-0-00016 1 570
possible FR940525-0-00016 1 572
also FR940525-0-00016 4 575 766 1091 1409
stated FR940525-0-00016 2 576 622
like FR940525-0-00016 1 580
make FR940525-0-00016 1 582
clear FR940525-0-00016 1 583
record FR940525-0-00016 1 586
its FR940525-0-00016 5 588 1155 1241 1377 1737
did FR940525-0-00016 2 590 1332
not FR940525-0-00016 13 591 660 1069 1103 1176 1213 1317 1333 1492 1509 1586 1603 1726
ask FR940525-0-00016 2 592 1360
approve FR940525-0-00016 1 595
but FR940525-0-00016 1 604
instead FR940525-0-00016 2 606 1547
restricted FR940525-0-00016 1 607
`` FR940525-0-00016 4 609 1652 1927 1932
suitable FR940525-0-00016 3 613 684 758
menhaden FR940525-0-00016 14 616 649 687 1309 1342 1384 1388 1417 1458 1499 1515 1528 1578 1664
'' FR940525-0-00016 4 619 1672 1930 1935
nevertheless FR940525-0-00016 1 625
objection FR940525-0-00016 1 630
's FR940525-0-00016 7 633 1369 1440 1451 1608 1626 1637
enlargement FR940525-0-00016 1 634
range FR940525-0-00016 1 637
oils FR940525-0-00016 6 639 748 779 815 1398 1963
permitted FR940525-0-00016 1 642
amended FR940525-0-00016 3 645 1809 1880
regulation FR940525-0-00016 2 646 984
provided FR940525-0-00016 1 655
change FR940525-0-00016 3 658 869 1523
does FR940525-0-00016 1 659
result FR940525-0-00016 3 661 1104 1299
delay FR940525-0-00016 1 665
proceeding FR940525-0-00016 1 669
acknowledges FR940525-0-00016 1 673
only FR940525-0-00016 2 677 1522
sought FR940525-0-00016 1 678
forms FR940525-0-00016 1 685
appropriate FR940525-0-00016 1 699
where FR940525-0-00016 1 708
such FR940525-0-00016 3 709 778 2031
broader FR940525-0-00016 1 727
provision FR940525-0-00016 2 728 1054
eliminate FR940525-0-00016 1 735
need FR940525-0-00016 1 737
should FR940525-0-00016 1 746
other FR940525-0-00016 2 747 2028
found FR940525-0-00016 2 753 1065
notes FR940525-0-00016 1 767
inform FR940525-0-00016 1 772
presence FR940525-0-00016 1 776
used FR940525-0-00016 1 781
having FR940525-0-00016 1 787
adverse FR940525-0-00016 1 790
revising FR940525-0-00016 2 796 1901
proposed FR940525-0-00016 6 801 868 1236 1291 1326 1489
providing FR940525-0-00016 1 812
have FR940525-0-00016 7 820 1070 1214 1493 1587 1673 2011
listed FR940525-0-00016 2 826 1996
increase FR940525-0-00016 2 835 1510
' FR940525-0-00016 1 837
options FR940525-0-00016 2 838 1026
wider FR940525-0-00016 1 852
variety FR940525-0-00016 1 853
marketplace FR940525-0-00016 1 859
concludes FR940525-0-00016 2 865 1172
accordingly FR940525-0-00016 1 889
consideration FR940525-0-00016 2 892 1366
issuing FR940525-0-00016 2 900 1324
set FR940525-0-00016 1 915
forth FR940525-0-00016 1 916
below FR940525-0-00016 1 917
iv FR940525-0-00016 1 919
economic FR940525-0-00016 6 921 927 999 1049 1108 1163
impact FR940525-0-00016 15 922 1050 1073 1109 1217 1228 1272 1321 1496 1590 1600 1613 1634 1742 1757
examined FR940525-0-00016 1 925
implications FR940525-0-00016 1 928
required FR940525-0-00016 5 947 1133 1275 1604 1760
executive FR940525-0-00016 1 949
order FR940525-0-00016 1 950
eo FR940525-0-00016 6 952 967 1062 1075 1183 1195
12866 FR940525-0-00016 2 954 968
regulatory FR940525-0-00016 6 957 979 990 1018 1028 1201
96354 FR940525-0-00016 1 964
directs FR940525-0-00016 1 969
agencies FR940525-0-00016 2 970 1078
assess FR940525-0-00016 1 972
costs FR940525-0-00016 1 974
benefits FR940525-0-00016 2 976 995
available FR940525-0-00016 1 978
alternatives FR940525-0-00016 1 980
necessary FR940525-0-00016 1 986
select FR940525-0-00016 1 989
approaches FR940525-0-00016 1 991
maximize FR940525-0-00016 1 993
net FR940525-0-00016 1 994
including FR940525-0-00016 2 997 1573
potential FR940525-0-00016 3 998 1320 1566
environmental FR940525-0-00016 8 1001 1227 1264 1271 1567 1599 1752 1756
public FR940525-0-00016 1 1003
health FR940525-0-00016 1 1004
effects FR940525-0-00016 3 1008 1568 1575
distributive FR940525-0-00016 1 1010
impacts FR940525-0-00016 1 1011
equity FR940525-0-00016 1 1014
analyze FR940525-0-00016 1 1025
relief FR940525-0-00016 1 1029
small FR940525-0-00016 4 1031 1115 1223 2025
businesses FR940525-0-00016 2 1032 1224
announced FR940525-0-00016 1 1043
analyzed FR940525-0-00016 1 1047
new FR940525-0-00016 3 1053 1148 1883
adopting FR940525-0-00016 1 1058
previous FR940525-0-00016 2 1061 1378
12291 FR940525-0-00016 3 1063 1076 1184
significant FR940525-0-00016 9 1072 1107 1190 1216 1495 1589 1612 1633 1741
compelled FR940525-0-00016 1 1077
costbenefit FR940525-0-00016 1 1081
analysis FR940525-0-00016 2 1082 1452
component FR940525-0-00016 2 1085 1421
decisionmaking FR940525-0-00016 1 1087
tentatively FR940525-0-00016 1 1092
concluded FR940525-0-00016 3 1093 1479 1581
substantial FR940525-0-00016 2 1112 1220
number FR940525-0-00016 2 1113 1221
entities FR940525-0-00016 1 1116
may FR940525-0-00016 4 1119 1706 2010 2023
continue FR940525-0-00016 1 1120
produce FR940525-0-00016 1 1122
using FR940525-0-00016 1 1124
current FR940525-0-00016 2 1125 1445
formulations FR940525-0-00016 2 1126 1135
changes FR940525-0-00016 1 1131
are FR940525-0-00016 2 1132 1939
unless FR940525-0-00016 1 1136
wish FR940525-0-00016 1 1138
reformulate FR940525-0-00016 1 1140
their FR940525-0-00016 1 1141
alter FR940525-0-00016 1 1154
finding FR940525-0-00016 6 1157 1242 1609 1620 1630 1738
substantive FR940525-0-00016 1 1162
issue FR940525-0-00016 2 1164 1373
major FR940525-0-00016 1 1178
defined FR940525-0-00016 2 1181 1193
nor FR940525-0-00016 3 1186 1269 1754
12866. FR940525-0-00016 1 1196
compliance FR940525-0-00016 1 1198
with FR940525-0-00016 1 1199
certifies FR940525-0-00016 1 1207
v. FR940525-0-00016 1 1226
preamble FR940525-0-00016 1 1231
reported FR940525-0-00016 1 1240
qualified FR940525-0-00016 1 1246
categorical FR940525-0-00016 1 1248
exclusion FR940525-0-00016 1 1249
25.24 FR940525-0-00016 1 1253
b FR940525-0-00016 3 1255 1918 2057
1 FR940525-0-00016 3 1258 1907 1958
neither FR940525-0-00016 2 1262 1750
assessment FR940525-0-00016 3 1265 1370 1753
ea FR940525-0-00016 5 1267 1352 1363 1441 1627
statement FR940525-0-00016 3 1273 1601 1758
noted FR940525-0-00016 1 1278
claimed FR940525-0-00016 1 1294
fishing FR940525-0-00016 2 1302 1670
pressure FR940525-0-00016 1 1303
could FR940525-0-00016 1 1305
adversely FR940525-0-00016 2 1306 1346
affect FR940525-0-00016 1 1307
fishery FR940525-0-00016 4 1310 1343 1500 1579
considered FR940525-0-00016 2 1318 1564
prior FR940525-0-00016 1 1322
although FR940525-0-00016 1 1329
evidence FR940525-0-00016 2 1335 1617
contention FR940525-0-00016 1 1339
affected FR940525-0-00016 1 1347
requested FR940525-0-00016 1 1350
decision FR940525-0-00016 1 1358
takes FR940525-0-00016 1 1364
affirm FR940525-0-00016 1 1381
partially FR940525-0-00016 1 1382
hydrogenated FR940525-0-00016 2 1383 1387
fats FR940525-0-00016 3 1396 1961 1978
54 FR940525-0-00016 3 1400 1472 1643
38219 FR940525-0-00016 3 1402 1474 1645
indicating FR940525-0-00016 1 1412
market FR940525-0-00016 1 1415
large FR940525-0-00016 1 1425
approximately FR940525-0-00016 1 1427
40 FR940525-0-00016 1 1428
million FR940525-0-00016 1 1429
pounds FR940525-0-00016 1 1430
per FR940525-0-00016 1 1431
year FR940525-0-00016 1 1432
reports FR940525-0-00016 1 1455
fisheries FR940525-0-00016 2 1459 1655
issued FR940525-0-00016 1 1460
subsequent FR940525-0-00016 1 1461
approval FR940525-0-00016 2 1464 1638
grasp FR940525-0-00016 2 1469 1640
6g0316 FR940525-0-00016 2 1470 1641
volume FR940525-0-00016 1 1512
crude FR940525-0-00016 2 1514 1527
produced FR940525-0-00016 1 1519
more FR940525-0-00016 1 1531
often FR940525-0-00016 1 1532
retained FR940525-0-00016 1 1534
united FR940525-0-00016 1 1537
states FR940525-0-00016 1 1538
processing FR940525-0-00016 1 1541
grade FR940525-0-00016 1 1544
being FR940525-0-00016 1 1549
shipped FR940525-0-00016 1 1550
europe FR940525-0-00016 1 1552
elsewhere FR940525-0-00016 1 1554
same FR940525-0-00016 1 1557
carefully FR940525-0-00016 1 1563
human FR940525-0-00016 2 1593 1745
environment FR940525-0-00016 2 1594 1746
supporting FR940525-0-00016 1 1618
includes FR940525-0-00016 1 1623
copy FR940525-0-00016 1 1650
service FR940525-0-00016 1 1656
purseseine FR940525-0-00016 1 1658
landings FR940525-0-00016 1 1659
gulf FR940525-0-00016 1 1661
atlantic FR940525-0-00016 1 1663
1991 FR940525-0-00016 1 1669
seasons FR940525-0-00016 1 1671
placed FR940525-0-00016 1 1675
file FR940525-0-00016 1 1677
dockets FR940525-0-00016 1 1680
management FR940525-0-00016 1 1681
branch FR940525-0-00016 1 1682
hfa305 FR940525-0-00016 1 1684
rm FR940525-0-00016 1 1692
123 FR940525-0-00016 1 1694
12420 FR940525-0-00016 1 1696
parklawn FR940525-0-00016 1 1697
dr. FR940525-0-00016 1 1698
rockville FR940525-0-00016 1 1700
md FR940525-0-00016 1 1702
20857 FR940525-0-00016 1 1703
seen FR940525-0-00016 1 1708
between FR940525-0-00016 1 1712
9 FR940525-0-00016 1 1713
am FR940525-0-00016 2 1714 2109
4 FR940525-0-00016 1 1716
pm FR940525-0-00016 1 1717
monday FR940525-0-00016 1 1719
through FR940525-0-00016 1 1720
friday FR940525-0-00016 1 1721
cause FR940525-0-00016 1 1733
revise FR940525-0-00016 1 1736
list FR940525-0-00016 1 1762
subjects FR940525-0-00016 1 1764
grades FR940525-0-00016 1 1771
authority FR940525-0-00016 3 1794 1817 1831
delegated FR940525-0-00016 1 1795
commissioner FR940525-0-00016 2 1798 2096
drugs FR940525-0-00016 1 1802
follows FR940525-0-00016 3 1811 1829 1944
166_margarine FR940525-0-00016 1 1814
1. FR940525-0-00016 1 1815
citation FR940525-0-00016 1 1818
revised FR940525-0-00016 1 1825
read FR940525-0-00016 2 1827 1942
secs FR940525-0-00016 1 1833
201 FR940525-0-00016 1 1835
401 FR940525-0-00016 1 1837
403 FR940525-0-00016 1 1839
407 FR940525-0-00016 1 1841
409 FR940525-0-00016 1 1843
721 FR940525-0-00016 1 1847
321 FR940525-0-00016 1 1861
341 FR940525-0-00016 1 1863
343 FR940525-0-00016 1 1865
347 FR940525-0-00016 1 1867
348 FR940525-0-00016 1 1869
379e FR940525-0-00016 1 1873
2. FR940525-0-00016 1 1876
adding FR940525-0-00016 1 1882
headings FR940525-0-00016 2 1884 1926
introductory FR940525-0-00016 2 1887 1913
text FR940525-0-00016 2 1888 1914
paragraph FR940525-0-00016 5 1890 1895 1902 1916 1921
d FR940525-0-00016 2 1923 2079
label FR940525-0-00016 2 1933 2081
declaration FR940525-0-00016 2 1934 2082
respectively FR940525-0-00016 1 1937
italicized FR940525-0-00016 1 1940
description FR940525-0-00016 1 1952
* FR940525-0-00016 22 1954 1955 1956 2051 2052 2053 2054 2055 2062 2063 2064 2065 2066 2067 2068 2069 2075 2076 2077 2084 2085 2086
and/or FR940525-0-00016 1 1962
mixtures FR940525-0-00016 1 1966
these FR940525-0-00016 1 1968
whose FR940525-0-00016 1 1970
origin FR940525-0-00016 1 1971
vegetable FR940525-0-00016 1 1973
rendered FR940525-0-00016 1 1975
animal FR940525-0-00016 1 1976
carcass FR940525-0-00016 1 1977
subjected FR940525-0-00016 1 2013
accepted FR940525-0-00016 1 2016
process FR940525-0-00016 1 2017
physicochemical FR940525-0-00016 1 2019
modification FR940525-0-00016 1 2020
they FR940525-0-00016 1 2022
contain FR940525-0-00016 1 2024
amounts FR940525-0-00016 1 2026
lipids FR940525-0-00016 1 2029
phosphatides FR940525-0-00016 1 2033
unsaponifiable FR940525-0-00016 1 2035
constituents FR940525-0-00016 1 2036
free FR940525-0-00016 1 2040
fatty FR940525-0-00016 1 2041
acids FR940525-0-00016 1 2042
naturally FR940525-0-00016 1 2043
present FR940525-0-00016 1 2044
nomenclature FR940525-0-00016 1 2073
dated FR940525-0-00016 1 2087
michael FR940525-0-00016 1 2091
r. FR940525-0-00016 1 2092
taylor FR940525-0-00016 1 2093
deputy FR940525-0-00016 1 2095
policy FR940525-0-00016 1 2098
doc FR940525-0-00016 1 2102
9412804 FR940525-0-00016 1 2104
52494 FR940525-0-00016 1 2106
8:45 FR940525-0-00016 1 2108
billing FR940525-0-00016 1 2111
code FR940525-0-00016 1 2112
416001f FR940525-0-00016 1 2113
21 FR940525-0-00017 4 0 225 311 334
cfr FR940525-0-00017 3 1 312 335
part FR940525-0-00017 2 2 313
442 FR940525-0-00017 2 3 314
[ FR940525-0-00017 1 4
docket FR940525-0-00017 1 5
no FR940525-0-00017 1 6
. FR940525-0-00017 14 7 26 31 82 97 130 151 162 197 272 326 364 378 402
94n0132 FR940525-0-00017 1 8
] FR940525-0-00017 1 9
antibiotic FR940525-0-00017 4 10 45 286 400
drugs FR940525-0-00017 1 11
; FR940525-0-00017 3 12 102 117
cefotetan FR940525-0-00017 10 13 15 62 64 76 79 249 251 266 269
and FR940525-0-00017 18 14 21 36 66 89 95 110 122 146 176 183 221 253 294 303 381 410 427
sodium FR940525-0-00017 5 16 77 80 267 270
injection FR940525-0-00017 3 17 81 271
agency FR940525-0-00017 3 18 274 330
: FR940525-0-00017 7 19 28 33 99 132 167 200
food FR940525-0-00017 5 20 35 145 182 217
drug FR940525-0-00017 9 22 37 46 147 174 184 219 287 401
administration FR940525-0-00017 4 23 38 148 185
, FR940525-0-00017 33 24 63 65 78 101 105 109 116 119 121 129 144 149 153 157 159 171 181 186 190 192 195 218 220 229 232 250 252 268 366 412 415 422
hhs FR940525-0-00017 1 25
action FR940525-0-00017 2 27 345
final FR940525-0-00017 3 29 385 405
rule FR940525-0-00017 3 30 386 406
summary FR940525-0-00017 1 32
the FR940525-0-00017 14 34 44 51 83 137 215 273 278 282 301 305 318 329 361
( FR940525-0-00017 8 39 141 178 224 241 254 337 340
fda FR940525-0-00017 4 40 201 390 423
) FR940525-0-00017 8 41 143 180 228 243 256 339 342
is FR940525-0-00017 5 42 346 376 407 430
amending FR940525-0-00017 1 43
regulations FR940525-0-00017 3 47 209 306
to FR940525-0-00017 7 48 91 124 136 235 290 315
provide FR940525-0-00017 2 49 316
for FR940525-0-00017 11 50 56 67 112 163 173 238 257 317 323 396
inclusion FR940525-0-00017 2 52 319
of FR940525-0-00017 12 53 61 75 107 214 240 248 265 320 347 398 419
accepted FR940525-0-00017 4 54 321 392 420
standards FR940525-0-00017 4 55 322 388 421
a FR940525-0-00017 10 57 71 113 126 236 244 261 348 357 394
new FR940525-0-00017 4 58 72 245 262
bulk FR940525-0-00017 2 59 246
form FR940525-0-00017 4 60 74 247 264
its FR940525-0-00017 4 68 93 258 292
use FR940525-0-00017 2 69 259
in FR940525-0-00017 6 70 206 260 300 310 393
dosage FR940525-0-00017 2 73 263
manufacturer FR940525-0-00017 2 84 283
has FR940525-0-00017 5 85 202 275 331 391
supplied FR940525-0-00017 2 86 280
sufficient FR940525-0-00017 1 87
data FR940525-0-00017 4 88 118 204 279
information FR940525-0-00017 4 90 120 165 199
establish FR940525-0-00017 2 92 291
safety FR940525-0-00017 2 94 293
efficacy FR940525-0-00017 2 96 295
dates FR940525-0-00017 1 98
effective FR940525-0-00017 2 100 414
written FR940525-0-00017 2 103 134
comments FR940525-0-00017 3 104 135 380
notice FR940525-0-00017 3 106 418 426
participation FR940525-0-00017 1 108
requests FR940525-0-00017 1 111
hearing FR940525-0-00017 2 114 127
by FR940525-0-00017 3 115 128 281
analyses FR940525-0-00017 1 123
justify FR940525-0-00017 1 125
addresses FR940525-0-00017 1 131
submit FR940525-0-00017 1 133
dockets FR940525-0-00017 1 138
management FR940525-0-00017 1 139
branch FR940525-0-00017 1 140
hfa305 FR940525-0-00017 1 142
rm FR940525-0-00017 1 150
123 FR940525-0-00017 1 152
12420 FR940525-0-00017 1 154
parklawn FR940525-0-00017 1 155
dr. FR940525-0-00017 1 156
rockville FR940525-0-00017 2 158 191
md FR940525-0-00017 2 160 193
20857 FR940525-0-00017 2 161 194
further FR940525-0-00017 1 164
contact FR940525-0-00017 1 166
peter FR940525-0-00017 1 168
a. FR940525-0-00017 1 169
dionne FR940525-0-00017 1 170
center FR940525-0-00017 1 172
evaluation FR940525-0-00017 1 175
research FR940525-0-00017 1 177
hfd520 FR940525-0-00017 1 179
5600 FR940525-0-00017 1 187
fishers FR940525-0-00017 1 188
lane FR940525-0-00017 1 189
3014430335 FR940525-0-00017 1 196
supplementary FR940525-0-00017 1 198
evaluated FR940525-0-00017 1 203
submitted FR940525-0-00017 1 205
accordance FR940525-0-00017 1 207
with FR940525-0-00017 2 208 233
promulgated FR940525-0-00017 1 210
under FR940525-0-00017 2 211 333
section FR940525-0-00017 1 212
507 FR940525-0-00017 1 213
federal FR940525-0-00017 1 216
cosmetic FR940525-0-00017 1 222
act FR940525-0-00017 1 223
usc FR940525-0-00017 1 226
357 FR940525-0-00017 1 227
as FR940525-0-00017 2 230 298
amended FR940525-0-00017 2 231 309
respect FR940525-0-00017 1 234
request FR940525-0-00017 2 237 395
approval FR940525-0-00017 2 239 397
1 FR940525-0-00017 1 242
2 FR940525-0-00017 1 255
concluded FR940525-0-00017 1 276
that FR940525-0-00017 6 277 304 343 350 389 425
concerning FR940525-0-00017 1 284
this FR940525-0-00017 5 285 324 344 384 404
are FR940525-0-00017 1 288
adequate FR940525-0-00017 1 289
when FR940525-0-00017 2 296 413
used FR940525-0-00017 1 297
directed FR940525-0-00017 1 299
labeling FR940525-0-00017 1 302
should FR940525-0-00017 1 307
be FR940525-0-00017 1 308
product FR940525-0-00017 1 325
environmental FR940525-0-00017 3 327 369 373
impact FR940525-0-00017 2 328 374
determined FR940525-0-00017 1 332
25.24 FR940525-0-00017 1 336
c FR940525-0-00017 1 338
6 FR940525-0-00017 1 341
type FR940525-0-00017 1 349
does FR940525-0-00017 1 351
not FR940525-0-00017 2 352 408
individually FR940525-0-00017 1 353
or FR940525-0-00017 1 354
cumulatively FR940525-0-00017 1 355
have FR940525-0-00017 1 356
significant FR940525-0-00017 1 358
effect FR940525-0-00017 1 359
on FR940525-0-00017 1 360
human FR940525-0-00017 1 362
environment FR940525-0-00017 1 363
therefore FR940525-0-00017 1 365
neither FR940525-0-00017 1 367
an FR940525-0-00017 3 368 372 399
assessment FR940525-0-00017 1 370
nor FR940525-0-00017 1 371
statement FR940525-0-00017 1 375
required FR940525-0-00017 1 377
submitting FR940525-0-00017 1 379
filing FR940525-0-00017 1 382
objections FR940525-0-00017 1 383
announces FR940525-0-00017 1 387
because FR940525-0-00017 2 403 411
controversial FR940525-0-00017 1 409
it FR940525-0-00017 1 416
provides FR940525-0-00017 1 417
finds FR940525-0-00017 1 424
comment FR940525-0-00017 1 428
procedure FR940525-0-00017 1 429
unnecessary FR940525-0-00017 1 431
