substantiation FR940104-0-00034 3 13931 13949 14121
standard FR940104-0-00034 6 13932 14180 14188 14219 14435 14473
used FR940104-0-00034 5 13933 14780 16654 16889 18377
by FR940104-0-00034 28 13934 14115 14295 14885 15051 15753 15815 15934 16123 16186 16353 16662 16802 17109 17191 17428 17433 17452 17532 17557 17680 18297 18316 18385 18545 18834 18875 19026
the FR940104-0-00034 347 13935 13960 13977 13980 13987 13996 14004 14014 14018 14090 14118 14127 14132 14136 14153 14179 14206 14210 14217 14256 14259 14291 14296 14304 14309 14314 14323 14329 14332 14373 14397 14416 14423 14448 14456 14462 14471 14485 14492 14496 14511 14516 14520 14525 14530 14545 14580 14583 14592 14608 14614 14629 14640 14656 14684 14689 14695 14700 14733 14767 14777 14782 14791 14798 14806 14816 14823 14826 14843 14847 14850 14863 14877 14882 14886 14891 14902 14929 14934 14971 14975 14980 15010 15014 15049 15053 15062 15071 15094 15117 15136 15141 15174 15202 15206 15215 15223 15228 15235 15248 15285 15303 15313 15326 15329 15340 15353 15367 15375 15384 15407 15454 15471 15478 15492 15499 15502 15513 15521 15530 15552 15575 15583 15598 15608 15612 15615 15619 15639 15651 15682 15710 15721 15724 15750 15756 15760 15765 15769 15772 15782 15785 15788 15799 15816 15821 15840 15846 15851 15878 15910 15959 15967 15979 15987 16002 16006 16034 16074 16101 16116 16121 16137 16140 16163 16167 16193 16202 16229 16239 16243 16249 16260 16266 16279 16293 16321 16341 16348 16360 16373 16376 16383 16387 16408 16416 16431 16453 16464 16477 16491 16497 16512 16532 16536 16547 16573 16607 16618 16628 16635 16643 16651 16669 16672 16683 16691 16734 16738 16743 16750 16763 16777 16831 16853 16858 16861 16891 16926 16954 16975 16991 17016 17019 17025 17088 17094 17165 17291 17308 17326 17338 17366 17384 17404 17423 17431 17450 17465 17477 17492 17499 17503 17510 17526 17535 17542 17554 17571 17579 17629 17653 17718 17729 17783 17798 17809 17842 17853 17863 17871 17902 17907 17921 17934 17956 17969 17972 18016 18021 18032 18041 18053 18072 18080 18114 18127 18149 18163 18167 18182 18230 18266 18289 18295 18299 18302 18311 18314 18337 18343 18348 18353 18362 18366 18372 18397 18401 18435 18440 18457 18526 18535 18539 18543 18547 18559 18571 18581 18592 18616 18622 18630 18671 18687 18698 18706 18720 18752 18776 18785 18788 18807 18817 18837 18848 18860 18869 18892 18896 18915 18937 18943 18950 18970 18986 19009 19067 19099 19112 19120 19147 19196 19237 19256 19264 19275
federal FR940104-0-00034 2 13936 15341
trade FR940104-0-00034 2 13937 14341
commission FR940104-0-00034 1 13938
( FR940104-0-00034 89 13939 13942 13951 14264 14348 14384 14387 14390 14393 14598 14601 14604 14667 14671 14674 14677 14680 14736 14739 14742 14746 14750 14755 14830 14833 14836 15020 15023 15026 15098 15107 15110 15113 15164 15281 15287 15291 15299 15417 15563 15604 15686 15691 15728 15774 15896 15992 15995 15998 16028 16052 16059 16330 16333 16365 16469 16705 16719 16866 16912 16916 16919 16922 16930 16933 16936 16940 16943 17034 17054 17079 17280 17723 18171 18174 18177 18369 18461 18464 18467 18477 18765 18930 18995 18998 19038 19055 19179 19207
ftc FR940104-0-00034 13 13940 13944 14015 14072 14091 14119 14182 14218 14250 14275 14336 14427 14452
) FR940104-0-00034 89 13941 13957 13958 14270 14361 14386 14389 14392 14395 14600 14603 14606 14673 14676 14679 14682 14686 14741 14744 14748 14752 14757 14758 14835 14838 14839 15025 15028 15029 15100 15109 15112 15115 15168 15283 15293 15294 15301 15428 15573 15606 15688 15697 15734 15778 15904 15994 15997 16000 16030 16061 16096 16332 16335 16371 16475 16726 16728 16874 16918 16921 16924 16932 16935 16942 16945 16946 16947 17038 17060 17086 17284 17726 18173 18176 18179 18392 18463 18466 18469 18483 18774 18934 18997 19000 19052 19061 19192 19228
see FR940104-0-00034 8 13943 14349 14668 14737 14831 15564 16720 16913
policy FR940104-0-00034 4 13945 13966 14009 17744
statement FR940104-0-00034 4 13946 15569 16358 17905
regarding FR940104-0-00034 1 13947
advertising FR940104-0-00034 6 13948 14025 14077 14120 14254 14346
program FR940104-0-00034 1 13950
49 FR940104-0-00034 1 13952
fr FR940104-0-00034 7 13953 14266 15730 16367 16471 16722 16868
30999 FR940104-0-00034 1 13954
, FR940104-0-00034 203 13955 13956 13967 13986 13994 14026 14035 14037 14042 14113 14140 14144 14189 14199 14216 14230 14280 14321 14343 14350 14353 14364 14376 14399 14438 14464 14502 14505 14509 14514 14529 14549 14557 14561 14566 14613 14654 14694 14705 14709 14714 14721 14745 14749 14753 14761 14788 14805 14846 14897 14928 14979 14989 15036 15042 15064 15087 15124 15135 15246 15251 15295 15343 15345 15352 15419 15421 15423 15425 15436 15440 15442 15444 15446 15476 15481 15558 15568 15574 15595 15624 15693 15735 15820 15831 15867 15898 15915 15940 15946 15973 16014 16016 16020 16031 16129 16134 16150 16155 16173 16176 16201 16212 16216 16220 16316 16476 16553 16561 16596 16598 16627 16668 16681 16786 16789 16797 16852 16893 16895 16897 16899 17024 17042 17056 17061 17081 17101 17103 17105 17112 17114 17143 17188 17195 17237 17239 17253 17275 17469 17476 17489 17508 17627 17652 17707 17777 17791 17988 18148 18152 18154 18158 18180 18201 18205 18210 18229 18270 18329 18335 18346 18371 18400 18452 18479 18500 18502 18515 18520 18558 18591 18719 18798 18854 18898 18905 18910 18914 18955 18976 19017 19022 19028 19035 19040 19053 19057 19062 19065 19085 19087 19089 19097 19106 19130 19181 19201 19203 19209 19218 19270 19277
. FR940104-0-00034 157 13959 14003 14063 14088 14138 14169 14185 14214 14226 14299 14334 14347 14360 14380 14422 14436 14453 14455 14484 14527 14541 14610 14687 14759 14774 14815 14840 14862 14889 14922 14964 14977 14987 15003 15060 15085 15132 15166 15169 15201 15219 15242 15264 15305 15349 15377 15400 15449 15463 15498 15549 15566 15614 15626 15645 15698 15716 15759 15776 15804 15829 15864 15905 15950 16051 16080 16095 16111 16161 16199 16236 16284 16314 16347 16407 16428 16459 16490 16528 16566 16592 16624 16649 16696 16704 16727 16749 16783 16807 16822 16948 16974 17011 17036 17087 17126 17140 17164 17181 17215 17248 17279 17282 17285 17316 17371 17419 17464 17525 17584 17611 17648 17687 17731 17756 17785 17823 17852 17896 17933 17971 18012 18056 18086 18117 18142 18197 18226 18256 18262 18327 18391 18419 18495 18528 18556 18589 18603 18615 18647 18682 18751 18809 18823 18844 18879 18903 18918 18932 18935 18965 19078 19128 19138 19158 19236 19251
comments FR940104-0-00034 41 13961 14005 14240 14730 14969 14994 15381 15404 15975 16099 16114 16164 16203 16240 16287 16739 16976 17288 17320 17373 17424 17466 17527 17586 17616 17690 17734 17759 17795 17827 18014 18058 18090 18145 18267 18786 19134 19141 19163 19238 19253
asserted FR940104-0-00034 10 13962 15204 15405 15650 16288 17374 17691 17974 19142 19254
that FR940104-0-00034 159 13963 13976 14007 14058 14065 14159 14181 14187 14242 14286 14412 14476 14488 14587 14635 14723 14912 14943 15043 15058 15070 15126 15140 15154 15185 15187 15205 15222 15227 15256 15260 15316 15358 15383 15406 15475 15515 15554 15560 15665 15703 15781 15834 15873 16001 16004 16033 16038 16044 16062 16120 16166 16206 16222 16242 16264 16274 16289 16320 16372 16386 16410 16455 16502 16531 16543 16572 16599 16634 16708 16731 16827 16857 16881 16884 16970 16990 17041 17135 17154 17161 17257 17290 17303 17332 17334 17347 17358 17375 17412 17430 17468 17491 17534 17549 17561 17588 17601 17635 17657 17692 17713 17736 17745 17761 17765 17819 17832 17856 17870 17891 17906 17920 17937 17942 17975 17997 18018 18092 18100 18122 18132 18233 18240 18249 18274 18276 18288 18352 18404 18429 18470 18488 18503 18507 18562 18568 18580 18621 18643 18652 18663 18674 18691 18726 18749 18816 18828 18859 18873 19023 19095 19107 19143 19151 19167 19169 19194 19255
under FR940104-0-00034 12 13964 14178 14186 14381 14425 14595 15278 15339 15371 15477 15551 18198
this FR940104-0-00034 32 13965 14008 14228 14489 14819 14925 15102 15464 15739 15982 16093 16424 16494 16567 16600 16877 16951 16996 17426 17474 17529 17789 17897 17993 18199 18430 18601 18609 18761 18959 19136 19249
fda FR940104-0-00034 62 13968 14047 14066 14093 14116 14126 14236 14326 14365 14400 14445 14465 14550 14762 14898 14966 14990 15008 15065 15088 15220 15451 15555 15699 15736 15832 15916 15952 16226 16290 16356 16412 16429 16461 16500 16529 16593 16729 16828 16949 16987 17013 17381 17589 17737 17762 17829 17989 18062 18118 18202 18241 18257 18496 18604 18648 18684 18810 18977 19131 19144 19241
could FR940104-0-00034 9 13969 14648 15148 15190 15482 15490 16988 18374 18802
allow FR940104-0-00034 4 13970 14028 14046 14112
manufacturers FR940104-0-00034 1 13971
to FR940104-0-00034 125 13972 14030 14033 14048 14097 14105 14157 14195 14205 14234 14239 14246 14284 14371 14446 14470 14478 14518 14537 14573 14591 14625 14638 14662 14729 14732 14794 14821 14853 14859 14900 14923 14932 14940 14956 15047 15079 15092 15159 15197 15324 15366 15394 15469 15511 15519 15528 15536 15539 15542 15578 15611 15673 15723 15741 15748 15793 15827 15857 15876 15886 16047 16064 16072 16103 16118 16178 16227 16259 16272 16300 16339 16435 16486 16586 16655 16791 16825 16838 16963 17066 17171 17226 17351 17382 17394 17396 17449 17514 17517 17604 17646 17782 17797 17881 17945 17995 18043 18065 18098 18129 18189 18221 18247 18342 18350 18378 18396 18491 18525 18537 18566 18578 18696 18724 18768 18781 18814 18847 18981 19072 19188 19232 19240 19244
make FR940104-0-00034 3 13973 14941 18982
claims FR940104-0-00034 34 13974 14022 14057 14087 14107 14137 14161 14225 14261 14404 14414 14547 14586 14691 14895 14908 15823 15912 15971 16283 16303 16362 16466 16591 16709 16718 16841 16863 17021 17482 18273 19081 19157 19235
provided FR940104-0-00034 5 13975 14177 15308 17490 17679
nature FR940104-0-00034 3 13978 17932 18007
of FR940104-0-00034 204 13979 13989 14020 14117 14135 14146 14173 14208 14253 14258 14306 14316 14325 14331 14396 14461 14582 14585 14607 14642 14683 14784 14797 14801 14825 14842 14871 14881 14936 14974 14999 15057 15082 15116 15122 15152 15180 15214 15234 15268 15284 15302 15312 15328 15331 15355 15374 15387 15402 15433 15456 15473 15494 15501 15504 15523 15570 15585 15641 15653 15676 15681 15712 15787 15801 15842 15850 15865 15881 15943 15961 15981 16008 16076 16084 16092 16107 16142 16153 16157 16170 16195 16238 16253 16262 16269 16281 16295 16308 16323 16343 16375 16393 16415 16438 16452 16479 16514 16526 16549 16621 16646 16671 16733 16746 16755 16766 16771 16780 16817 16819 16833 16846 16860 16902 16925 16956 16971 17018 17051 17093 17167 17173 17185 17219 17250 17293 17301 17310 17318 17330 17340 17368 17388 17408 17422 17538 17581 17598 17607 17614 17632 17668 17701 17753 17774 17788 17794 17800 17816 17825 17865 17873 17909 17915 17923 17965 17968 17984 18000 18029 18034 18074 18082 18088 18139 18169 18192 18252 18265 18279 18304 18365 18414 18416 18437 18517 18541 18633 18638 18679 18693 18705 18763 18778 18784 18795 18863 18891 18895 18928 18946 18953 18958 18988 19014 19069 19093 19116 19149 19161 19199 19260 19263
scientific FR940104-0-00034 7 13981 14133 14174 14368 14420 17255 17696
finding FR940104-0-00034 1 13982
is FR940104-0-00034 69 13983 13991 14176 14220 14232 14282 14327 14366 14466 14532 14779 14982 15239 15252 15270 15276 15452 15466 15509 15556 15589 16005 16336 16426 16484 16544 16640 16653 16674 16907 16966 17121 17177 17196 17229 17268 17447 17494 17506 17512 17544 17602 17636 17678 17694 17820 17928 17939 17954 18077 18124 18159 18235 18310 18359 18442 18550 18564 18576 18584 18644 18654 18667 18711 18735 18790 18825 18842 19213
accurately FR940104-0-00034 1 13984
represented FR940104-0-00034 1 13985
degree FR940104-0-00034 1 13988
evidence FR940104-0-00034 4 13990 14194 15609 16633
not FR940104-0-00034 55 13992 14060 14079 14124 14203 14221 14430 14441 14809 14867 15037 15090 15156 15240 15275 15296 15321 15510 15636 15701 15743 15797 15813 15859 15954 16209 16581 16688 16716 16981 17137 17271 17565 17575 17821 17835 17888 17929 17991 18120 18204 18259 18375 18498 18531 18587 18595 18627 18645 18668 18743 18812 18866 18922 18979
misrepresented FR940104-0-00034 1 13993
and FR940104-0-00034 60 13995 14038 14043 14092 14318 14340 14358 14474 14506 14515 14535 14568 14655 14716 14754 14790 14952 14955 15333 15346 15426 15447 15489 15559 15607 15634 15771 15900 16032 16135 16152 16191 16234 16518 16579 16682 16770 16879 16928 17032 17058 17074 17084 17115 17203 17221 17236 17362 17393 17509 17559 17868 18008 18039 18106 18586 18799 19122 19204 19278
claim FR940104-0-00034 28 13997 14198 14211 14556 14666 14704 14787 14804 14828 15497 15526 15588 16011 16050 16079 16552 16559 16883 17401 17405 18085 18494 18555 18968 18974 18991 19003 19006
passes FR940104-0-00034 1 13998
a FR940104-0-00034 125 13999 14197 14367 14432 14617 14643 14652 14664 14678 14740 14764 14802 14811 14834 14869 14958 15024 15034 15045 15068 15099 15150 15178 15243 15253 15266 15271 15379 15486 15495 15524 15545 15586 15592 15669 15674 15928 16009 16049 16068 16077 16125 16270 16285 16309 16331 16395 16440 16507 16524 16541 16550 16557 16563 16612 16622 16663 16677 16698 16702 16747 16847 16882 16885 16903 16910 16957 16960 16964 16972 17178 17216 17241 17354 17399 17409 17415 17420 17523 17595 17599 17633 17639 17658 17666 17688 17702 17732 17743 17754 17757 17770 17792 17850 18068 18075 18083 18140 18207 18217 18321 18386 18471 18493 18512 18612 18639 18664 18732 18736 18793 18796 18996 19015 19019 19041 19045 19058 19073 19108 19123 19159 19170 19212 19224
rough FR940104-0-00034 1 14000
cost/benefit FR940104-0-00034 1 14001
test FR940104-0-00034 2 14002 14418
argued FR940104-0-00034 4 14006 17289 17587 17936
would FR940104-0-00034 19 14010 14027 14044 14123 14440 14588 14658 14857 15209 16686 16700 17377 18024 18051 18096 18219 18242 18455 18530
facilitate FR940104-0-00034 1 14011
harmonization FR940104-0-00034 1 14012
with FR940104-0-00034 29 14013 14081 14522 15618 15668 15986 16355 16642 16823 17131 17198 17231 17240 17709 17846 17884 17901 18061 18162 18184 18187 18361 18676 18792 18850 18889 18924 18942 18949
regulations FR940104-0-00034 8 14016 14593 15824 15844 17742 18023 18116 19265
governing FR940104-0-00034 1 14017
use FR940104-0-00034 9 14019 16414 17309 17367 17484 17580 17799 17992 18243
health FR940104-0-00034 57 14021 14056 14086 14106 14160 14224 14260 14330 14403 14504 14546 14555 14665 14690 14703 14786 14803 14827 14894 14907 15332 15496 15525 15587 15822 15911 15970 16010 16078 16128 16282 16361 16465 16551 16558 16590 16684 16717 16862 17020 17033 17400 17481 17519 17536 18055 18084 18101 18967 18973 18990 19002 19080 19156 19178 19190 19234
in FR940104-0-00034 102 14023 14102 14151 14163 14227 14255 14362 14459 14480 14544 14611 14651 14688 14726 14781 14876 14890 14918 14948 15038 15061 15096 15101 15133 15309 15485 15532 15602 15621 15630 15661 15709 15720 15744 15755 15798 15808 15860 15869 15890 15909 15930 15958 15966 15984 15990 16026 16057 16089 16151 16182 16328 16359 16382 16423 16463 16496 16510 16556 16625 16737 16762 16890 16995 17007 17015 17133 17141 17212 17224 17325 17414 17470 17622 17638 17740 17769 17786 17808 17931 17981 18006 18020 18047 18166 18194 18340 18393 18459 18511 18686 18703 18782 18845 18969 18985 18993 19012 19101 19119 19175 19248
food FR940104-0-00034 38 14024 14164 14345 14374 14479 14482 14653 14657 14920 14947 14950 15035 15040 15216 15236 15255 15262 15269 15272 15342 15360 15368 15629 15632 15663 15746 15803 15810 15862 15871 16271 16911 16958 16961 17009 18475 19016 19121
consumers FR940104-0-00034 1 14029
have FR940104-0-00034 9 14031 15155 15191 16063 17946 18222 18284 18628 18962
access FR940104-0-00034 1 14032
truthful FR940104-0-00034 1 14034
nonmisleading FR940104-0-00034 1 14036
reliable FR940104-0-00034 1 14039
labeling FR940104-0-00034 3 14040 14165 19013
information FR940104-0-00034 3 14041 14523 18102
still FR940104-0-00034 4 14045 14659 15363 18332
take FR940104-0-00034 1 14049
action FR940104-0-00034 2 14050 16670
against FR940104-0-00034 3 14051 17438 17456
those FR940104-0-00034 4 14052 14413 18001 19083
dietary FR940104-0-00034 58 14053 14070 14468 14539 14570 14860 14873 14892 14910 14953 14962 15001 15006 15017 15031 15055 15074 15120 15182 15231 15244 15356 15389 15458 15487 15506 15547 15643 15655 15714 15725 15794 15854 15879 15968 16345 16784 17002 17049 17072 17082 17168 17259 17314 17369 17445 17487 17582 17810 18107 18195 18325 18450 18623 18688 18887 18971 19020
supplements FR940104-0-00034 24 14054 14071 14469 14540 14861 14911 14954 15080 15121 15212 15232 15357 15715 15795 15855 16346 17003 17315 17370 17488 17583 17686 18108 18196
bearing FR940104-0-00034 1 14055
are FR940104-0-00034 35 14059 14078 14094 14166 14636 15261 15359 15362 15535 15581 15628 15666 15874 16045 16055 16149 16391 16715 17136 17146 17162 17261 17304 17348 17704 17917 18003 18009 18254 18422 18489 18660 18701 18856 19104
properly FR940104-0-00034 1 14061
substantiated FR940104-0-00034 1 14062
arguments FR940104-0-00034 1 14064
should FR940104-0-00034 20 14067 15409 15658 15706 16291 16534 16602 16829 16998 17298 17479 17564 17590 17763 17990 18283 18505 18626 18961 19145
adopt FR940104-0-00034 2 14068 14901
for FR940104-0-00034 51 14069 14075 14085 14223 14351 14419 14444 14499 14553 14577 14619 14699 14766 14813 14906 14909 14916 14960 15013 15176 15764 16174 16302 16540 16588 16632 16776 16787 16840 16909 17001 17005 17208 17244 17263 17380 17483 17962 18126 18238 18272 18347 18534 18552 18573 18670 18714 18727 18748 19215 19274
's FR940104-0-00034 23 14073 14212 14237 14251 15225 15762 16357 16413 16693 16752 16993 17028 17802 17830 17858 17904 17958 18063 18355 18716 18729 19242 19258
approach FR940104-0-00034 10 14074 14122 14490 15751 16568 17531 17620 18095 18151 18200
regulating FR940104-0-00034 1 14076
consistent FR940104-0-00034 1 14080
congress FR940104-0-00034 8 14082 14129 14147 14300 15306 15561 15754 16223
' FR940104-0-00034 2 14083 14148
expectations FR940104-0-00034 1 14084
while FR940104-0-00034 2 14089 17976
working FR940104-0-00034 1 14095
together FR940104-0-00034 1 14096
achieve FR940104-0-00034 2 14098 17352
as FR940104-0-00034 47 14099 14108 14141 14575 14852 14985 15247 15429 15431 15438 15461 15544 15577 15718 15922 15937 16380 16403 16421 16448 16460 16546 16554 17012 17157 17159 17391 17473 17522 17649 17813 17849 18079 18143 18155 18206 18263 18313 18320 18336 18635 18731 18769 18872 18948 19048 19155
much FR940104-0-00034 3 14100 17695 17715
consistency FR940104-0-00034 1 14101
their FR940104-0-00034 7 14103 14109 15888 15891 16521 17775 18518
approaches FR940104-0-00034 1 14104
respective FR940104-0-00034 1 14110
statutes FR940104-0-00034 1 14111
adoption FR940104-0-00034 1 14114
provide FR940104-0-00034 11 14125 14519 16218 16301 16456 16603 16839 16982 18570 18744 19245
confidence FR940104-0-00034 1 14128
intended FR940104-0-00034 5 14130 16430 16485 16577 17513
concerning FR940104-0-00034 2 14131 16605
validity FR940104-0-00034 4 14134 14175 14213 14421
specifically FR940104-0-00034 3 14139 15307 16224
explained FR940104-0-00034 4 14142 16462 17014 18339
above FR940104-0-00034 3 14143 17411 18157
one FR940104-0-00034 14 14145 14512 14796 15171 15401 15622 15648 16317 17475 17613 17644 17824 18087 18783
main FR940104-0-00034 1 14149
purposes FR940104-0-00034 1 14150
passing FR940104-0-00034 1 14152
1990 FR940104-0-00034 3 14154 15314 15789
amendments FR940104-0-00034 4 14155 15315 15318 15790
was FR940104-0-00034 5 14156 14244 18722 18811 18820
ensure FR940104-0-00034 4 14158 16273 16571 18099
made FR940104-0-00034 3 14162 15590 19007
scientifically FR940104-0-00034 1 14167
valid FR940104-0-00034 1 14168
no FR940104-0-00034 5 14170 14968 18236 18285 18826
such FR940104-0-00034 15 14171 15704 15935 16275 16379 16419 16457 16697 17472 17618 18045 18093 18453 18919 19047
assurance FR940104-0-00034 1 14172
must FR940104-0-00034 3 14183 14191 16036
employ FR940104-0-00034 1 14184
there FR940104-0-00034 9 14190 17693 18234 18421 18659 18710 18734 18824 18855
be FR940104-0-00034 49 14192 14278 14442 14589 14649 14660 15160 15198 15322 15392 15483 15491 15517 15520 15537 15540 15707 15884 16065 16073 16257 16278 16436 16487 16701 16888 16999 17272 17360 17378 17515 17551 17566 17576 17605 17882 18110 18281 18333 18376 18427 18532 18832 18884 19153 19173 19186 19230 19233
some FR940104-0-00034 8 14193 14993 16098 16237 17152 18144 18264 19140
support FR940104-0-00034 2 14196 17787
but FR940104-0-00034 5 14200 15527 16221 17357 17952
it FR940104-0-00034 26 14201 14231 14243 14281 14409 14439 14724 14814 14913 14944 14984 15835 17062 17376 17454 17779 17938 18123 18318 18330 18425 18504 18522 18529 18563 18575
need FR940104-0-00034 1 14202
rise FR940104-0-00034 1 14204
level FR940104-0-00034 13 14207 15675 17500 17597 17631 17776 17864 18214 18519 18737 18841 18926 19115
establishing FR940104-0-00034 3 14209 14579 17594
thus FR940104-0-00034 6 14215 14437 14528 15351 15635 18557
adequate FR940104-0-00034 1 14222
context FR940104-0-00034 2 14229 19100
appropriate FR940104-0-00034 6 14233 14443 14493 18078 18565 18656
reiterate FR940104-0-00034 1 14235
response FR940104-0-00034 4 14238 14727 18341 18395
asserting FR940104-0-00034 1 14241
bound FR940104-0-00034 1 14245
follow FR940104-0-00034 2 14247 14447
cases FR940104-0-00034 4 14248 14273 17471 17983
involving FR940104-0-00034 3 14249 14274 14451
regulation FR940104-0-00034 3 14252 14458 15543
preamble FR940104-0-00034 5 14257 15722 16601 16859 17017
final FR940104-0-00034 9 14262 14457 14692 14878 15913 16363 16467 16864 17022
rule FR940104-0-00034 9 14263 14693 14879 15914 16364 16468 16865 17023 18209
58 FR940104-0-00034 6 14265 15729 16366 16470 16721 16867
2478 FR940104-0-00034 5 14267 16368 16472 16723 16869
at FR940104-0-00034 26 14268 14631 15732 16042 16369 16473 16724 16870 17345 17443 17461 17498 17501 17546 17591 17841 17877 17925 17949 18215 18306 18323 18444 18486 18708 18911
2528 FR940104-0-00034 1 14269
: FR940104-0-00034 5 14271 15030 15924 17091 19001
although FR940104-0-00034 3 14272 14776 15951
may FR940104-0-00034 15 14276 14401 15257 15516 16397 16442 16519 16740 17150 17270 17748 18758 18883 19172 19185
sometimes FR940104-0-00034 2 14277 18766
relevant FR940104-0-00034 1 14279
important FR940104-0-00034 1 14283
note FR940104-0-00034 2 14285 16706
fundamental FR940104-0-00034 1 14287
differences FR940104-0-00034 1 14288
exist FR940104-0-00034 2 14289 17980
between FR940104-0-00034 6 14290 14308 14495 16231 17070 19111
regulatory FR940104-0-00034 3 14292 14904 17530
schemes FR940104-0-00034 1 14293
administered FR940104-0-00034 1 14294
two FR940104-0-00034 3 14297 14310 18893
agencies FR940104-0-00034 1 14298
has FR940104-0-00034 12 14301 14410 15066 15737 17063 17780 17894 18203 18291 18523 18618 18649
long FR940104-0-00034 1 14302
recognized FR940104-0-00034 2 14303 15186
division FR940104-0-00034 1 14305
roles FR940104-0-00034 1 14307
agencies_ftc FR940104-0-00034 1 14311
concentrates FR940104-0-00034 1 14312
on FR940104-0-00034 22 14313 14405 14510 14524 14628 14970 14995 15591 15597 15784 16562 16638 17030 17486 17804 18067 18357 18600 18608 18611 19008 19135
interests FR940104-0-00034 1 14315
commerce FR940104-0-00034 1 14317
economic FR940104-0-00034 1 14319
needs FR940104-0-00034 1 14320
whereas FR940104-0-00034 1 14322
objective FR940104-0-00034 1 14324
`` FR940104-0-00034 58 14328 14554 14559 14563 14569 14620 14702 14707 14711 14717 14769 14785 14872 14937 14961 15000 15016 15073 15143 15181 15319 15388 15411 15457 15505 15546 15642 15654 15713 15796 15853 15918 15962 16108 16158 16245 16296 16305 16324 16378 16418 16480 16756 16834 16843 17294 17608 17705 18035 18223 18754 18770 18989 19030 19049 19182 19210 19220
people FR940104-0-00034 1 14333
'' FR940104-0-00034 58 14335 14558 14562 14567 14572 14624 14706 14710 14715 14722 14775 14789 14875 14939 14965 15004 15019 15076 15147 15184 15350 15391 15450 15460 15508 15550 15646 15657 15717 15805 15856 15921 15965 16112 16162 16256 16299 16307 16327 16381 16422 16483 16759 16837 16845 17297 17612 17708 18038 18227 18757 18773 18992 19033 19051 19191 19219 19227
regulates FR940104-0-00034 1 14337
unfair FR940104-0-00034 1 14338
competition FR940104-0-00034 1 14339
practices FR940104-0-00034 1 14342
including FR940104-0-00034 4 14344 19018 19029 19044
example FR940104-0-00034 8 14352 16175 16788 17180 17651 17815 18637 18657
15 FR940104-0-00034 1 14354
usc FR940104-0-00034 3 14355 15289 16938
sections FR940104-0-00034 1 14356
45 FR940104-0-00034 1 14357
52 FR940104-0-00034 1 14359
contrast FR940104-0-00034 1 14363
agency FR940104-0-00034 38 14369 14486 14531 14615 14696 14807 14817 14848 14864 14930 14981 15175 15613 15616 15847 16102 16117 16492 16533 16608 16629 16751 16854 16992 17478 17903 18042 18183 18231 18338 18402 18536 18560 18593 18617 18721 19257 19276
empowered FR940104-0-00034 1 14370
regulate FR940104-0-00034 1 14372
label FR940104-0-00034 2 14375 19010
among FR940104-0-00034 2 14377 17118
other FR940104-0-00034 12 14378 14526 15144 15193 16146 16772 17077 17128 18013 18857 19091 19205
things FR940104-0-00034 1 14379
section FR940104-0-00034 10 14382 14596 14669 15105 15279 15297 15310 15372 16090 16914
403 FR940104-0-00034 5 14383 14597 14670 15106 15298
r FR940104-0-00034 5 14385 14599 14672 15108 15300
3 FR940104-0-00034 8 14388 14675 14751 15777 15996 16334 18175 18465
b FR940104-0-00034 8 14391 14605 15605 15993 16060 16923 18172 18462
i FR940104-0-00034 4 14394 15999 18178 18468
act FR940104-0-00034 15 14398 14609 14685 14735 14845 14888 15118 15286 15304 15348 15376 15758 15767 15818 16927
permit FR940104-0-00034 1 14402
foods FR940104-0-00034 13 14406 14917 15189 15660 15705 15742 15807 15858 15868 17006 17144 17312 18105
only FR940104-0-00034 6 14407 15078 15792 17122 17306 18906
if FR940104-0-00034 7 14408 15845 16611 16650 17189 18420 18936
determined FR940104-0-00034 2 14411 15277
meet FR940104-0-00034 1 14415
statutory FR940104-0-00034 2 14417 14434
laws FR940104-0-00034 1 14424
which FR940104-0-00034 17 14426 14632 15533 16124 16986 17119 17434 17453 17502 18153 18216 18298 18317 18546 18709 18739 19102
operates FR940104-0-00034 1 14428
do FR940104-0-00034 4 14429 18260 18865 18921
include FR940104-0-00034 12 14431 14538 14868 15149 15258 15396 15410 15659 16340 17299 18044 19082
comparable FR940104-0-00034 1 14433
case FR940104-0-00034 1 14449
law FR940104-0-00034 1 14450
iii FR940104-0-00034 1 14454
light FR940104-0-00034 1 14460
foregoing FR940104-0-00034 1 14463
subjecting FR940104-0-00034 1 14467
same FR940104-0-00034 6 14472 14903 18312 18431 18870 18938
procedure FR940104-0-00034 1 14475
applies FR940104-0-00034 2 14477 15791
conventional FR940104-0-00034 13 14481 14919 14949 15039 15631 15662 15745 15802 15809 15861 15870 17008 17355
form FR940104-0-00034 13 14483 14921 14951 15041 15531 15633 15664 15747 15800 15811 15863 15872 17010
believes FR940104-0-00034 3 14487 15833 16530
strikes FR940104-0-00034 1 14491
balance FR940104-0-00034 1 14494
congressional FR940104-0-00034 1 14497
concern FR940104-0-00034 2 14498 15977
consumer FR940104-0-00034 2 14500 14521
fraud FR940104-0-00034 1 14501
public FR940104-0-00034 2 14503 18054
sound FR940104-0-00034 1 14507
science FR940104-0-00034 1 14508
hand FR940104-0-00034 1 14513
desire FR940104-0-00034 1 14517
revising FR940104-0-00034 1 14533
§§101.14 FR940104-0-00034 1 14534
101.70 FR940104-0-00034 1 14536
a. FR940104-0-00034 1 14542
definitions FR940104-0-00034 4 14543 14552 14698 14856
proposal FR940104-0-00034 9 14548 14896 14976 15727 15972 17812 18625 18690 18975
proposed FR940104-0-00034 14 14551 14616 14810 14899 14931 14986 14997 15009 15021 15207 15385 15462 16545 18022
substance FR940104-0-00034 27 14560 14708 14938 16003 16035 16069 16396 16441 16542 16623 16652 16673 16692 16699 16748 16886 18076 18290 18300 18354 18373 18472 18797 18801 19071 19118 19183
nutritive FR940104-0-00034 38 14564 14712 15907 15919 15925 15963 16018 16109 16159 16267 16297 16325 16399 16444 16481 16537 16619 16694 16757 16811 16835 17295 17609 17706 17746 17771 17822 17930 17947 18036 18133 18224 18292 18408 18481 18513 18646 18665
value FR940104-0-00034 34 14565 14713 15908 15920 15926 15929 15964 16019 16110 16160 16268 16298 16326 16400 16445 16458 16482 16538 16620 16695 16745 16758 16801 16812 16836 17296 17610 17747 18037 18134 18225 18293 18409 18482
supplement FR940104-0-00034 29 14571 14874 14893 14963 15002 15007 15018 15032 15048 15075 15183 15245 15390 15459 15488 15507 15548 15644 15656 15726 15877 15902 15969 17511 17811 18624 18689 18972 19021
serve FR940104-0-00034 1 14574
tools FR940104-0-00034 1 14576
clearly FR940104-0-00034 3 14578 15779 16675
scope FR940104-0-00034 1 14581
types FR940104-0-00034 2 14584 19148
subject FR940104-0-00034 11 14590 15365 15493 15522 15541 15584 16007 16075 16280 16548 18081
promulgated FR940104-0-00034 1 14594
1 FR940104-0-00034 6 14602 14743 16920 16934 16944 18999
addition FR940104-0-00034 4 14612 15134 17142 18846
definition FR940104-0-00034 41 14618 14765 14783 14812 14820 14870 14935 14959 14998 15012 15095 15179 15208 15229 15249 15386 15408 15455 15465 15503 15640 15652 15711 15740 15960 15983 16106 16294 16322 16384 16425 16478 16498 16574 16754 16832 17292 17730 18033 18987 19137
disqualifying FR940104-0-00034 2 14621 14718
nutrient FR940104-0-00034 17 14622 14719 16126 16712 17386 17410 17493 17543 17600 17634 17703 17755 17970 17986 18141 18218 18322
levels FR940104-0-00034 41 14623 14630 14720 16043 17202 17235 17300 17346 17387 17407 17446 17463 17548 17573 17700 17714 17752 17807 17843 17879 17914 17927 17951 17967 17999 18028 18046 18138 18191 18251 18278 18309 18326 18445 18451 18454 18487 18678 18692 18707 18913
establish FR940104-0-00034 2 14626 14957
limits FR940104-0-00034 2 14627 15848
certain FR940104-0-00034 3 14633 16503 16515
nutrients FR940104-0-00034 16 14634 15084 15131 15163 15200 15882 15945 16215 17053 17302 17767 18002 18030 18253 18509 19206
known FR940104-0-00034 3 14637 15196 17880
increase FR940104-0-00034 1 14639
risk FR940104-0-00034 7 14641 16513 17207 17243 17339 18303 18436
disease FR940104-0-00034 24 14644 14770 16144 16310 16639 16664 16848 16904 16965 17097 17100 17156 17176 17211 17247 17266 17342 17458 18305 18358 18387 18438 19074 19124
or FR940104-0-00034 37 14645 14731 14771 15162 15274 15413 15671 15679 15893 15947 16017 16021 16145 16217 16247 16311 16665 16849 16900 16905 16959 17076 17106 17313 17556 17664 18388 18775 18901 19011 19025 19063 19075 19090 19114 19125 19193
healthrelated FR940104-0-00034 9 14646 14772 16147 16312 16666 16850 18389 19076 19126
condition FR940104-0-00034 8 14647 14773 16313 16667 16851 18390 19077 19127
present FR940104-0-00034 1 14650
eligible FR940104-0-00034 2 14661 15518
bear FR940104-0-00034 2 14663 18538
ii FR940104-0-00034 1 14681
adopted FR940104-0-00034 2 14697 14763
terms FR940104-0-00034 1 14701
revised FR940104-0-00034 1 14725
either FR940104-0-00034 3 14728 18760 18890
ds FR940104-0-00034 6 14734 14844 14887 15757 15766 15817
§101.14 FR940104-0-00034 11 14738 14832 15022 15097 15603 15991 16058 16329 18170 18460 18994
2 FR940104-0-00034 1 14747
5 FR940104-0-00034 4 14756 15111 17037 17283
also FR940104-0-00034 6 14760 14865 16200 16707 17899 18059
term FR940104-0-00034 9 14768 14778 14792 15015 15072 15142 15852 18753 19046
serves FR940104-0-00034 1 14793
identify FR940104-0-00034 1 14795
basic FR940104-0-00034 2 14799 16168
elements FR940104-0-00034 1 14800
had FR940104-0-00034 2 14808 14914
added FR940104-0-00034 2 14818 16258
clarify FR940104-0-00034 2 14822 19146
coverage FR940104-0-00034 2 14824 15849
provisions FR940104-0-00034 2 14829 18168
6 FR940104-0-00034 2 14837 18933
because FR940104-0-00034 11 14841 14880 15104 15806 16499 16953 17249 17403 17570 17628 18658
reserved FR940104-0-00034 1 14849
question FR940104-0-00034 2 14851 18827
whether FR940104-0-00034 4 14854 15265 18071 19165
these FR940104-0-00034 20 14855 15188 15317 15403 15843 16113 16978 17127 17251 17319 17372 17615 17826 17926 17950 18057 18089 18307 19162 19252
apply FR940104-0-00034 2 14858 15826
did FR940104-0-00034 6 14866 14991 15089 15953 16980 18978
moratorium FR940104-0-00034 3 14883 15783 15819
imposed FR940104-0-00034 1 14884
scheme FR940104-0-00034 2 14905 15553
established FR940104-0-00034 3 14915 18211 18428
effect FR940104-0-00034 14 14924 16024 16637 17505 17803 17818 17860 17922 18356 18549 18583 18642 18673 18700
tentative FR940104-0-00034 1 14926
decision FR940104-0-00034 2 14927 18064
revise FR940104-0-00034 3 14933 16292 16830
clear FR940104-0-00034 2 14942 19246
covers FR940104-0-00034 1 14945
both FR940104-0-00034 2 14946 18956
received FR940104-0-00034 2 14967 19132
former FR940104-0-00034 1 14972
aspect FR940104-0-00034 1 14973
therefore FR940104-0-00034 4 14978 16687 17204 17238
adopting FR940104-0-00034 3 14983 15453 15557
however FR940104-0-00034 9 14988 15086 15625 16315 16597 18328 18501 18590 18904
receive FR940104-0-00034 1 14992
its FR940104-0-00034 13 14996 16105 16179 16351 16576 16814 17741 17847 18394 18411 18474 18480 18876
1. FR940104-0-00034 1 15005
following FR940104-0-00034 1 15011
4 FR940104-0-00034 3 15027 15167 15567
means FR940104-0-00034 3 15033 15927 19004
supplies FR940104-0-00034 1 15044
component FR940104-0-00034 4 15046 15059 15267 16962
diet FR940104-0-00034 7 15050 17120 17132 17356 17418 17555 17640
increasing FR940104-0-00034 1 15052
total FR940104-0-00034 2 15054 17186
intake FR940104-0-00034 7 15056 15685 15880 17170 17184 17987 18681
past FR940104-0-00034 1 15063
taken FR940104-0-00034 2 15067 15752
position FR940104-0-00034 4 15069 16352 16994 17790
applied FR940104-0-00034 1 15077
composed FR940104-0-00034 1 15081
essential FR940104-0-00034 8 15083 15130 15161 15199 15434 15944 16214 17052
propose FR940104-0-00034 3 15091 15955 18980
limit FR940104-0-00034 1 15093
way FR940104-0-00034 1 15103
d FR940104-0-00034 1 15114
includes FR940104-0-00034 3 15119 16760 18135
herbs FR940104-0-00034 1 15123
substances FR940104-0-00034 10 15125 15146 15153 15195 15474 15514 15580 16504 18193 18280
generally FR940104-0-00034 1 15127
contain FR940104-0-00034 2 15128 17151
few FR940104-0-00034 8 15129 15380 16286 17421 17689 17733 17758 19160
legislative FR940104-0-00034 2 15137 15479
history FR940104-0-00034 2 15138 15480
indicates FR940104-0-00034 2 15139 17919
nutritional FR940104-0-00034 5 15145 16744 16768 16800 18585
number FR940104-0-00034 3 15151 16525 17793
been FR940104-0-00034 1 15157
shown FR940104-0-00034 1 15158
ref FR940104-0-00034 6 15165 15565 15775 17035 17281 18931
7. FR940104-0-00034 1 15170
comment FR940104-0-00034 15 15172 15203 15224 15620 15649 16318 16349 16409 17654 17854 17898 17935 17973 18345 18399
commended FR940104-0-00034 1 15173
proposing FR940104-0-00034 1 15177
components FR940104-0-00034 3 15192 15354 16276
than FR940104-0-00034 8 15194 16402 16447 17004 17521 17677 17717 18448
appropriately FR940104-0-00034 2 15210 15582
move FR940104-0-00034 1 15211
out FR940104-0-00034 10 15213 15233 15601 16205 16856 17040 17656 18147 18269 18805
additive FR940104-0-00034 4 15217 15237 15273 15369
category FR940104-0-00034 2 15218 15238
advises FR940104-0-00034 2 15221 18232
assertion FR940104-0-00034 3 15226 17427 17831
moves FR940104-0-00034 1 15230
correct FR940104-0-00034 4 15241 16427 16656 18379
recognizes FR940104-0-00034 3 15250 16501 16730
compounded FR940104-0-00034 1 15254
compounds FR940104-0-00034 1 15259
additives FR940104-0-00034 2 15263 15361
201 FR940104-0-00034 2 15280 16915
s FR940104-0-00034 2 15282 15292
21 FR940104-0-00034 2 15288 16937
321 FR940104-0-00034 1 15290
9 FR940104-0-00034 1 15311
shall FR940104-0-00034 1 15320
construed FR940104-0-00034 1 15323
alter FR940104-0-00034 1 15325
authority FR940104-0-00034 1 15327
secretary FR940104-0-00034 1 15330
human FR940104-0-00034 5 15334 15932 16647 16781 18367
services FR940104-0-00034 1 15335
* FR940104-0-00034 3 15336 15337 15338
drug FR940104-0-00034 5 15344 16703 16973 17524 18115
cosmetic FR940104-0-00034 1 15347
fully FR940104-0-00034 2 15364 16875
requirements FR940104-0-00034 3 15370 16054 16087
409 FR940104-0-00034 1 15373
8. FR940104-0-00034 1 15378
requested FR940104-0-00034 2 15382 17735
modified FR940104-0-00034 1 15393
explicitly FR940104-0-00034 3 15395 17738 18130
all FR940104-0-00034 4 15397 16085 17766 18508
herbal FR940104-0-00034 1 15398
extracts FR940104-0-00034 2 15399 15432
processed FR940104-0-00034 1 15412
unprocessed FR940104-0-00034 1 15414
plant FR940104-0-00034 1 15415
parts FR940104-0-00034 1 15416
bark FR940104-0-00034 1 15418
leaves FR940104-0-00034 1 15420
flowers FR940104-0-00034 1 15422
fruits FR940104-0-00034 1 15424
stems FR940104-0-00034 1 15427
well FR940104-0-00034 2 15430 17158
oils FR940104-0-00034 1 15435
marketed FR940104-0-00034 2 15437 17683
teas FR940104-0-00034 2 15439 15627
powders FR940104-0-00034 1 15441
tablets FR940104-0-00034 1 15443
capsules FR940104-0-00034 1 15445
elixirs FR940104-0-00034 1 15448
intentionally FR940104-0-00034 1 15467
broad FR940104-0-00034 3 15468 16337 16753
cover FR940104-0-00034 1 15470
range FR940104-0-00034 1 15472
included FR940104-0-00034 3 15484 15637 15708
purpose FR940104-0-00034 1 15500
define FR940104-0-00034 2 15512 15529
they FR940104-0-00034 4 15534 17149 18050 19103
sold FR940104-0-00034 1 15538
envisioned FR940104-0-00034 1 15562
senator FR940104-0-00034 1 15571
metzenbaum FR940104-0-00034 1 15572
determination FR940104-0-00034 1 15576
what FR940104-0-00034 2 15579 17699
casebycase FR940104-0-00034 6 15593 16564 18069 18150 18613 19261
basis FR940104-0-00034 7 15594 16565 16984 18070 18237 18572 18614
based FR940104-0-00034 1 15596
factors FR940104-0-00034 6 15599 17073 17117 17129 17153 17260
set FR940104-0-00034 1 15600
presented FR940104-0-00034 3 15610 18874 19105
disagrees FR940104-0-00034 1 15617
respect FR940104-0-00034 3 15623 16824 18188
within FR940104-0-00034 3 15638 17728 19098
9. FR940104-0-00034 1 15647
fortified FR940104-0-00034 3 15667 17311 18104
vitamin FR940104-0-00034 25 15670 15899 16171 16808 17335 17389 17435 17562 17675 17684 17851 17859 18405 18441 18717 18733 18750 18838 18851 18877 18880 18897 18944 18960 19211
mineral FR940104-0-00034 2 15672 15901
50 FR940104-0-00034 1 15677
percent FR940104-0-00034 1 15678
more FR940104-0-00034 3 15680 17674 18800
reference FR940104-0-00034 1 15683
daily FR940104-0-00034 3 15684 17417 17721
rdi FR940104-0-00034 1 15687
per FR940104-0-00034 2 15689 17671
serving FR940104-0-00034 1 15690
eg FR940104-0-00034 9 15692 15897 17055 17080 18370 19039 19056 19180 19208
many FR940104-0-00034 5 15694 15974 16732 17213 17710
breakfast FR940104-0-00034 1 15695
cereals FR940104-0-00034 1 15696
does FR940104-0-00034 9 15700 16208 16580 16594 17834 17887 18119 18497 18594
agree FR940104-0-00034 2 15702 18499
discussed FR940104-0-00034 1 15719
33700 FR940104-0-00034 1 15731
33707 FR940104-0-00034 1 15733
limited FR940104-0-00034 1 15738
reflect FR940104-0-00034 2 15749 15887
manager FR940104-0-00034 1 15761
statements FR940104-0-00034 5 15763 19037 19084 19150 19166
from FR940104-0-00034 11 15768 16139 16617 16690 16742 16969 17044 17048 17643 18031 18868
senate FR940104-0-00034 1 15770
house FR940104-0-00034 1 15773
state FR940104-0-00034 2 15780 18131
implementation FR940104-0-00034 1 15786
were FR940104-0-00034 2 15812 18940
covered FR940104-0-00034 1 15814
already FR940104-0-00034 1 15825
them FR940104-0-00034 1 15828
consequently FR940104-0-00034 1 15830
will FR940104-0-00034 14 15836 15883 16070 16569 16609 16630 18258 18331 18605 18742 18831 19152 19229 19266
reduce FR940104-0-00034 1 15837
confusion FR940104-0-00034 1 15838
about FR940104-0-00034 6 15839 15978 16304 16710 16842 18103
impact FR940104-0-00034 2 15841 15980
course FR940104-0-00034 1 15866
formulated FR940104-0-00034 1 15875
free FR940104-0-00034 2 15885 16189
characteristics FR940104-0-00034 1 15889
common FR940104-0-00034 1 15892
usual FR940104-0-00034 1 15894
name FR940104-0-00034 2 15895 19043
cereal FR940104-0-00034 1 15903
2. FR940104-0-00034 1 15906
defined FR940104-0-00034 1 15917
follows FR940104-0-00034 2 15923 16088
sustaining FR940104-0-00034 1 15931
existence FR940104-0-00034 3 15933 16648 16782
processes FR940104-0-00034 10 15936 16122 16255 16263 16390 16420 16434 16527 16769 16774
promoting FR940104-0-00034 2 15938 16803
growth FR940104-0-00034 2 15939 16211
replacing FR940104-0-00034 1 15941
loss FR940104-0-00034 1 15942
providing FR940104-0-00034 2 15948 16799
energy FR940104-0-00034 2 15949 16219
any FR940104-0-00034 8 15956 16022 16983 18212 18983 19005 19070 19117
changes FR940104-0-00034 1 15957
expressed FR940104-0-00034 2 15976 18015
conjunction FR940104-0-00034 1 15985
preliminary FR940104-0-00034 4 15988 16053 16086 18164
requirement FR940104-0-00034 3 15989 18165 18458
contribute FR940104-0-00034 1 16012
taste FR940104-0-00034 1 16013
aroma FR940104-0-00034 1 16015
technical FR940104-0-00034 1 16023
listed FR940104-0-00034 1 16025
§170 FR940104-0-00034 1 16027
o FR940104-0-00034 1 16029
retain FR940104-0-00034 2 16037 18473
attribute FR940104-0-00034 2 16039 18476
when FR940104-0-00034 13 16040 17343 17441 17459 17496 17541 17839 17875 17912 18439 18484 18683 18836
consumed FR940104-0-00034 11 16041 17344 17442 17460 17497 17516 17545 17876 17918 18443 18485
necessary FR940104-0-00034 7 16046 16775 18125 18334 18490 18695 19214
justify FR940104-0-00034 2 16048 18492
criteria FR940104-0-00034 1 16056
met FR940104-0-00034 1 16066
before FR940104-0-00034 1 16067
qualify FR940104-0-00034 1 16071
an FR940104-0-00034 17 16081 16404 16449 16583 16657 17124 17182 17205 17619 17623 17650 17814 17817 18094 18380 18636 18655
indepth FR940104-0-00034 1 16082
discussion FR940104-0-00034 1 16083
iiib FR940104-0-00034 1 16091
document FR940104-0-00034 1 16094
10. FR940104-0-00034 1 16097
urged FR940104-0-00034 3 16100 16115 18040
broaden FR940104-0-00034 1 16104
recognize FR940104-0-00034 1 16119
promotes FR940104-0-00034 1 16127
maintains FR940104-0-00034 1 16130
proper FR940104-0-00034 1 16131
bodily FR940104-0-00034 1 16132
functioning FR940104-0-00034 3 16133 16765 18364
protects FR940104-0-00034 3 16136 17437 17455
body FR940104-0-00034 4 16138 17957 18368 19226
development FR940104-0-00034 2 16141 17092
chronic FR940104-0-00034 5 16143 16516 17075 17096 17265
conditions FR940104-0-00034 2 16148 17267
themselves FR940104-0-00034 2 16154 17145
characteristic FR940104-0-00034 2 16156 17606
noted FR940104-0-00034 2 16165 17617
function FR940104-0-00034 18 16169 16660 16680 16806 16816 17768 17848 18383 18413 18510 18718 18730 18771 18839 18852 18878 18881 18945
e FR940104-0-00034 7 16172 16809 17336 17390 17436 17563 18406
relates FR940104-0-00034 1 16177
antioxidant FR940104-0-00034 4 16180 16815 18412 18432
properties FR940104-0-00034 6 16181 17838 18632 18862 18952 18964
preventing FR940104-0-00034 2 16183 16246
cell FR940104-0-00034 4 16184 16820 17439 18417
damage FR940104-0-00034 5 16185 16821 17440 17911 18418
trapping FR940104-0-00034 1 16187
peroxyl FR940104-0-00034 1 16188
radicals FR940104-0-00034 1 16190
inhibiting FR940104-0-00034 1 16192
oxidation FR940104-0-00034 1 16194
unsaturated FR940104-0-00034 1 16196
fatty FR940104-0-00034 1 16197
acids FR940104-0-00034 1 16198
pointed FR940104-0-00034 4 16204 17655 18146 18268
fiber FR940104-0-00034 4 16207 16235 16785 17083
promote FR940104-0-00034 2 16210 17155
replace FR940104-0-00034 1 16213
required FR940104-0-00034 1 16225
study FR940104-0-00034 1 16228
relationship FR940104-0-00034 6 16230 16615 16955 17166 19068 19109
various FR940104-0-00034 1 16232
diseases FR940104-0-00034 4 16233 16517 16714 17078
asked FR940104-0-00034 2 16241 19164
phrase FR940104-0-00034 3 16244 16377 16417
repairing FR940104-0-00034 1 16248
negative FR940104-0-00034 1 16250
metabolic FR940104-0-00034 3 16251 16773 17960
consequences FR940104-0-00034 1 16252
life FR940104-0-00034 1 16254
list FR940104-0-00034 3 16261 16406 16451
characterize FR940104-0-00034 1 16265
can FR940104-0-00034 8 16277 16505 16887 17359 17550 17574 18109 18426
prevention FR940104-0-00034 3 16306 16844 16892
maintained FR940104-0-00034 4 16319 17467 17760 17869
enough FR940104-0-00034 1 16338
functions FR940104-0-00034 4 16342 16454 18319 19198
most FR940104-0-00034 2 16344 17681
supported FR940104-0-00034 3 16350 17425 17528
agreeing FR940104-0-00034 1 16354
2488 FR940104-0-00034 2 16370 16474
inclusion FR940104-0-00034 1 16374
ensures FR940104-0-00034 1 16385
three FR940104-0-00034 2 16388 16432
referenced FR940104-0-00034 3 16389 16433 17321
examples FR940104-0-00034 2 16392 16437
how FR940104-0-00034 3 16394 16439 16606
confer FR940104-0-00034 3 16398 16443 16520
rather FR940104-0-00034 3 16401 16446 17520
allinclusive FR940104-0-00034 2 16405 16450
highlighted FR940104-0-00034 1 16411
very FR940104-0-00034 1 16488
flexible FR940104-0-00034 1 16489
incorporated FR940104-0-00034 1 16493
flexibility FR940104-0-00034 3 16495 16578 18186
play FR940104-0-00034 1 16506
major FR940104-0-00034 2 16508 17095
role FR940104-0-00034 1 16509
reducing FR940104-0-00034 1 16511
benefits FR940104-0-00034 3 16522 16735 17537
through FR940104-0-00034 9 16523 16813 16872 17307 17353 17365 17553 18410 18886
evaluate FR940104-0-00034 2 16535 18606
claimed FR940104-0-00034 6 16539 16613 16636 17504 18548 18582
described FR940104-0-00034 1 16555
petition FR940104-0-00034 2 16560 18349
best FR940104-0-00034 1 16570
retains FR940104-0-00034 1 16575
become FR940104-0-00034 1 16582
unintentional FR940104-0-00034 1 16584
barrier FR940104-0-00034 1 16585
authorization FR940104-0-00034 1 16587
legitimate FR940104-0-00034 2 16589 17977
believe FR940104-0-00034 2 16595 18121
guidance FR940104-0-00034 1 16604
determine FR940104-0-00034 1 16610
nutrientdisease FR940104-0-00034 1 16614
derives FR940104-0-00034 1 16616
general FR940104-0-00034 3 16626 17027 18208
look FR940104-0-00034 1 16631
associated FR940104-0-00034 6 16641 17197 17230 17845 17883 18360
normal FR940104-0-00034 10 16644 16678 16778 16793 17416 17444 17959 18324 18363 18449
maintenance FR940104-0-00034 3 16645 16679 16779
abnormal FR940104-0-00034 2 16658 18381
physiological FR940104-0-00034 2 16659 18382
caused FR940104-0-00034 2 16661 18384
beyond FR940104-0-00034 2 16676 18738
benefit FR940104-0-00034 2 16685 18052
derive FR940104-0-00034 2 16689 16741
classical FR940104-0-00034 2 16711 16767
deficiency FR940104-0-00034 1 16713
2481 FR940104-0-00034 1 16725
mentioned FR940104-0-00034 1 16736
assisting FR940104-0-00034 1 16761
efficient FR940104-0-00034 2 16764 16804
helps FR940104-0-00034 2 16790 19222
assure FR940104-0-00034 1 16792
intestinal FR940104-0-00034 1 16794
transit FR940104-0-00034 1 16795
time FR940104-0-00034 1 16796
thereby FR940104-0-00034 1 16798
bowel FR940104-0-00034 1 16805
provides FR940104-0-00034 4 16810 18181 18407 18909
reduction FR940104-0-00034 2 16818 18415
assertions FR940104-0-00034 3 16826 16979 18620
points FR940104-0-00034 2 16855 17039
2501 FR940104-0-00034 1 16871
2502 FR940104-0-00034 1 16873
addressed FR940104-0-00034 1 16876
matter FR940104-0-00034 2 16878 16997
concluded FR940104-0-00034 2 16880 18651
diagnosis FR940104-0-00034 1 16894
cure FR940104-0-00034 1 16896
mitigation FR940104-0-00034 1 16898
treatment FR940104-0-00034 1 16901
symptom FR940104-0-00034 1 16906
inappropriate FR940104-0-00034 2 16908 17379
g FR940104-0-00034 1 16917
§101.9 FR940104-0-00034 1 16929
k FR940104-0-00034 2 16931 16941
101.9 FR940104-0-00034 1 16939
reached FR940104-0-00034 3 16950 17577 18843
conclusion FR940104-0-00034 1 16952
quite FR940104-0-00034 2 16967 17940
different FR940104-0-00034 2 16968 17000
making FR940104-0-00034 1 16977
upon FR940104-0-00034 1 16985
conclude FR940104-0-00034 4 16989 17996 18248 18579
surgeon FR940104-0-00034 1 17026
report FR940104-0-00034 2 17029 17089
nutrition FR940104-0-00034 1 17031
apart FR940104-0-00034 1 17043
classic FR940104-0-00034 1 17045
disorders FR940104-0-00034 1 17046
resulting FR940104-0-00034 1 17047
deficiencies FR940104-0-00034 1 17050
pellagra FR940104-0-00034 1 17057
niacin FR940104-0-00034 19 17059 17801 17833 17857 17874 17916 17924 17943 18634 18653 18680 18694 18715 18728 18741 18830 18864 18947 18954
proved FR940104-0-00034 1 17064
difficult FR940104-0-00034 1 17065
demonstrate FR940104-0-00034 1 17067
causal FR940104-0-00034 1 17068
associations FR940104-0-00034 1 17069
specific FR940104-0-00034 3 17071 17258 17264
cancer FR940104-0-00034 1 17085
states FR940104-0-00034 1 17090
conditions_coronary FR940104-0-00034 1 17098
heart FR940104-0-00034 8 17099 17175 17210 17246 17341 17457 19050 19059
stroke FR940104-0-00034 1 17102
diabetes FR940104-0-00034 1 17104
cancer_is FR940104-0-00034 1 17107
affected FR940104-0-00034 1 17108
multiple FR940104-0-00034 1 17110
genetic FR940104-0-00034 1 17111
environmental FR940104-0-00034 1 17113
behavioral FR940104-0-00034 1 17116
one_albeit FR940104-0-00034 1 17123
important_component FR940104-0-00034 1 17125
interact FR940104-0-00034 1 17130
ways FR940104-0-00034 1 17134
completely FR940104-0-00034 1 17138
understood FR940104-0-00034 1 17139
complex FR940104-0-00034 1 17147
; FR940104-0-00034 1 17148
others FR940104-0-00034 1 17160
protective FR940104-0-00034 1 17163
fat FR940104-0-00034 3 17169 17187 17194
causation FR940104-0-00034 1 17172
atherosclerotic FR940104-0-00034 1 17174
prominent FR940104-0-00034 1 17179
excess FR940104-0-00034 2 17183 18704
characterized FR940104-0-00034 1 17190
high FR940104-0-00034 15 17192 17199 17751 17913 17998 18027 18137 18190 18250 18277 18308 18640 18677 18912 18925
saturated FR940104-0-00034 4 17193 17227 18791 18822
blood FR940104-0-00034 3 17200 17233 17805
cholesterol FR940104-0-00034 3 17201 17234 17806
increased FR940104-0-00034 2 17206 17547
coronary FR940104-0-00034 2 17209 17245
populations FR940104-0-00034 1 17214
higher FR940104-0-00034 5 17217 17462 17716 17878 18447
proportion FR940104-0-00034 1 17218
mono- FR940104-0-00034 1 17220
polyunsaturated FR940104-0-00034 1 17222
fats FR940104-0-00034 2 17223 17228
relation FR940104-0-00034 1 17225
lower FR940104-0-00034 1 17232
reduced FR940104-0-00034 1 17242
complexities FR940104-0-00034 1 17252
definitive FR940104-0-00034 1 17254
proof FR940104-0-00034 4 17256 17781 18524 18599
responsible FR940104-0-00034 2 17262 18669
difficult_and FR940104-0-00034 1 17269
possible_to FR940104-0-00034 1 17273
obtain FR940104-0-00034 1 17274
given FR940104-0-00034 1 17276
available FR940104-0-00034 1 17277
technology FR940104-0-00034 1 17278
11. FR940104-0-00034 1 17286
several FR940104-0-00034 3 17287 17317 19133
achievable FR940104-0-00034 3 17305 17413 17637
studies FR940104-0-00034 1 17322
recently FR940104-0-00034 1 17323
reported FR940104-0-00034 1 17324
new FR940104-0-00034 1 17327
england FR940104-0-00034 1 17328
journal FR940104-0-00034 1 17329
medicine FR940104-0-00034 1 17331
indicate FR940104-0-00034 3 17333 17890 19168
reduces FR940104-0-00034 1 17337
almost FR940104-0-00034 1 17349
impossible FR940104-0-00034 1 17350
easily FR940104-0-00034 1 17361
safely FR940104-0-00034 1 17363
attained FR940104-0-00034 1 17364
categorize FR940104-0-00034 1 17383
involved FR940104-0-00034 2 17385 18941
therapeutic FR940104-0-00034 1 17392
refuse FR940104-0-00034 1 17395
consider FR940104-0-00034 1 17397
approving FR940104-0-00034 1 17398
simply FR940104-0-00034 3 17402 17569 17953
concerns FR940104-0-00034 4 17406 17979 18239 18245
noting FR940104-0-00034 2 17429 17533
mechanism FR940104-0-00034 9 17432 17451 18296 18315 18433 18544 18666 18871 18939
identical FR940104-0-00034 1 17448
approve FR940104-0-00034 1 17480
strictly FR940104-0-00034 1 17485
safe FR940104-0-00034 1 17495
achieved FR940104-0-00034 3 17507 17552 18885
optimize FR940104-0-00034 1 17518
calcium FR940104-0-00034 1 17539
occur FR940104-0-00034 1 17540
supplementation FR940104-0-00034 2 17558 18888
stating FR940104-0-00034 1 17560
treated FR940104-0-00034 1 17567
differently FR940104-0-00034 1 17568
beneficial FR940104-0-00034 2 17572 19187
without FR940104-0-00034 2 17578 18112
similar FR940104-0-00034 1 17585
least FR940104-0-00034 1 17592
avoid FR940104-0-00034 1 17593
maximum FR940104-0-00034 3 17596 17630 18213
considered FR940104-0-00034 3 17603 18619 19231
results FR940104-0-00034 2 17621 18747
extremely FR940104-0-00034 1 17624
fuzzy FR940104-0-00034 1 17625
line FR940104-0-00034 1 17626
varies FR940104-0-00034 1 17641
widely FR940104-0-00034 1 17642
individual FR940104-0-00034 1 17645
another FR940104-0-00034 1 17647
person FR940104-0-00034 1 17659
who FR940104-0-00034 1 17660
eats FR940104-0-00034 1 17661
ten FR940104-0-00034 1 17662
oranges FR940104-0-00034 1 17663
drinks FR940104-0-00034 1 17665
quart FR940104-0-00034 1 17667
orange FR940104-0-00034 1 17669
juice FR940104-0-00034 1 17670
day FR940104-0-00034 1 17672
gets FR940104-0-00034 1 17673
c FR940104-0-00034 2 17676 17685
currently FR940104-0-00034 1 17682
disagreement FR940104-0-00034 1 17697
over FR940104-0-00034 1 17698
scientists FR940104-0-00034 1 17711
contending FR940104-0-00034 1 17712
us FR940104-0-00034 2 17719 17724
recommended FR940104-0-00034 1 17720
allowances FR940104-0-00034 1 17722
rda FR940104-0-00034 1 17725
fall FR940104-0-00034 1 17727
express FR940104-0-00034 1 17739
involve FR940104-0-00034 1 17749
relatively FR940104-0-00034 2 17750 18136
presume FR940104-0-00034 2 17764 18506
manner FR940104-0-00034 2 17772 18514
regardless FR940104-0-00034 2 17773 18516
unless FR940104-0-00034 2 17778 18521
contrary FR940104-0-00034 2 17784 18527
objected FR940104-0-00034 2 17796 19239
questioned FR940104-0-00034 1 17828
exhibit FR940104-0-00034 1 17836
cholesterolreducing FR940104-0-00034 6 17837 18631 18861 18916 18951 18963
ingested FR940104-0-00034 2 17840 18282
conventionally FR940104-0-00034 1 17844
stated FR940104-0-00034 4 17855 18091 18156 18685
occurs FR940104-0-00034 2 17861 18675
below FR940104-0-00034 1 17862
tissue FR940104-0-00034 6 17866 17892 18712 18755 18789 18818
saturation FR940104-0-00034 8 17867 17893 18713 18756 18772 18840 18853 18882
excretion FR940104-0-00034 1 17872
cholesterollowering FR940104-0-00034 3 17885 18672 18699
effects FR940104-0-00034 4 17886 17948 18917 18920
necessarily FR940104-0-00034 2 17889 18596
occurred FR940104-0-00034 1 17895
disagreed FR940104-0-00034 1 17900
occurrence FR940104-0-00034 1 17908
liver FR940104-0-00034 1 17910
possible FR940104-0-00034 1 17941
continues FR940104-0-00034 1 17944
overloading FR940104-0-00034 1 17955
pathways FR940104-0-00034 1 17961
ridding FR940104-0-00034 1 17963
itself FR940104-0-00034 2 17964 18819
excessive FR940104-0-00034 2 17966 17985
safety FR940104-0-00034 2 17978 18244
particular FR940104-0-00034 1 17982
fact FR940104-0-00034 1 17994
inherently FR940104-0-00034 1 18004
nonnutritive FR940104-0-00034 1 18005
instead FR940104-0-00034 1 18010
pharmacological FR940104-0-00034 3 18011 18255 18588
belief FR940104-0-00034 1 18017
nothing FR940104-0-00034 1 18019
automatically FR940104-0-00034 1 18025
exclude FR940104-0-00034 1 18026
instances FR940104-0-00034 1 18048
where FR940104-0-00034 3 18049 18294 18424
agreed FR940104-0-00034 1 18060
review FR940104-0-00034 1 18066
amount FR940104-0-00034 1 18073
help FR940104-0-00034 1 18097
conveyed FR940104-0-00034 1 18111
triggering FR940104-0-00034 1 18113
rules FR940104-0-00034 1 18128
intrinsically FR940104-0-00034 1 18160
linked FR940104-0-00034 1 18161
considerable FR940104-0-00034 1 18185
cease FR940104-0-00034 1 18220
furthermore FR940104-0-00034 1 18228
alone FR940104-0-00034 1 18246
so FR940104-0-00034 1 18261
petitions FR940104-0-00034 2 18271 18607
require FR940104-0-00034 2 18275 18567
problem FR940104-0-00034 1 18286
demonstrating FR940104-0-00034 1 18287
affects FR940104-0-00034 2 18301 18434
previous FR940104-0-00034 2 18344 18398
show FR940104-0-00034 1 18351
acknowledged FR940104-0-00034 1 18403
situations FR940104-0-00034 1 18423
significantly FR940104-0-00034 1 18446
satisfy FR940104-0-00034 1 18456
ie FR940104-0-00034 1 18478
practicable FR940104-0-00034 1 18533
burden FR940104-0-00034 1 18540
determining FR940104-0-00034 1 18542
occurring FR940104-0-00034 1 18551
each FR940104-0-00034 1 18553
petitioned FR940104-0-00034 1 18554
finds FR940104-0-00034 1 18561
petitioners FR940104-0-00034 1 18569
why FR940104-0-00034 1 18574
reasonable FR940104-0-00034 1 18577
expect FR940104-0-00034 1 18597
absolute FR940104-0-00034 1 18598
issue FR940104-0-00034 2 18602 18610
cited FR940104-0-00034 1 18629
dose FR940104-0-00034 1 18641
again FR940104-0-00034 1 18650
significant FR940104-0-00034 1 18661
indications FR940104-0-00034 2 18662 18858
produce FR940104-0-00034 1 18697
far FR940104-0-00034 1 18702
attempting FR940104-0-00034 2 18723 18813
explain FR940104-0-00034 1 18725
additional FR940104-0-00034 3 18740 18745 18829
functional FR940104-0-00034 1 18746
imply FR940104-0-00034 1 18759
type FR940104-0-00034 2 18762 18777
situation FR940104-0-00034 3 18764 18779 18849
referred FR940104-0-00034 2 18767 18780
wherein FR940104-0-00034 1 18787
concentration FR940104-0-00034 1 18794
immediately FR940104-0-00034 1 18803
spill FR940104-0-00034 1 18804
into FR940104-0-00034 1 18806
urine FR940104-0-00034 1 18808
assert FR940104-0-00034 1 18815
actually FR940104-0-00034 1 18821
absorbed FR940104-0-00034 1 18833
cells FR940104-0-00034 1 18835
result FR940104-0-00034 1 18867
forms FR940104-0-00034 3 18894 18957 19092
nicotinic FR940104-0-00034 2 18899 18907
acid FR940104-0-00034 2 18900 18908
nicotinamide FR940104-0-00034 2 18902 18929
appear FR940104-0-00034 1 18923
consumption FR940104-0-00034 1 18927
3. FR940104-0-00034 1 18966
modifications FR940104-0-00034 1 18984
expressly FR940104-0-00034 1 19024
implication FR940104-0-00034 1 19027
third FR940104-0-00034 1 19031
party FR940104-0-00034 1 19032
references FR940104-0-00034 1 19034
written FR940104-0-00034 1 19036
brand FR940104-0-00034 1 19042
symbols FR940104-0-00034 2 19054 19086
symbol FR940104-0-00034 1 19060
vignettes FR940104-0-00034 2 19064 19088
characterizes FR940104-0-00034 1 19066
implied FR940104-0-00034 1 19079
communication FR940104-0-00034 1 19094
suggest FR940104-0-00034 1 19096
exists FR940104-0-00034 1 19110
presence FR940104-0-00034 1 19113
nonetheless FR940104-0-00034 1 19129
12. FR940104-0-00034 1 19139
regulated FR940104-0-00034 1 19154
product FR940104-0-00034 1 19171
useful FR940104-0-00034 1 19174
maintaining FR940104-0-00034 1 19176
good FR940104-0-00034 3 19177 19189 19216
x FR940104-0-00034 1 19184
describe FR940104-0-00034 1 19195
biochemical FR940104-0-00034 1 19197
vitamins FR940104-0-00034 1 19200
minerals FR940104-0-00034 1 19202
eyesight FR940104-0-00034 1 19217
protein FR940104-0-00034 1 19221
build FR940104-0-00034 1 19223
strong FR940104-0-00034 1 19225
failure FR940104-0-00034 1 19243
instruction FR940104-0-00034 1 19247
regard FR940104-0-00034 1 19250
allowance FR940104-0-00034 1 19259
interpretation FR940104-0-00034 1 19262
hinder FR940104-0-00034 1 19267
industry FR940104-0-00034 1 19268
compliance FR940104-0-00034 1 19269
create FR940104-0-00034 1 19271
enforcement FR940104-0-00034 1 19272
problems FR940104-0-00034 1 19273
cause FR940104-0-00034 1 19279
