( FR940810-0-00017 18 211 226 244 251 277 389 448 455 480 554 570 586 595 677 728 733 759 838
14 FR940810-0-00017 6 212 386 666 696 763 777
cfr FR940810-0-00017 7 213 387 667 697 747 764 778
part FR940810-0-00017 6 214 418 668 698 703 713
71 FR940810-0-00017 5 215 419 669 699 714
) FR940810-0-00017 18 216 230 246 253 279 395 450 457 482 556 572 592 597 679 730 735 761 858
to FR940810-0-00017 8 217 272 296 322 475 499 544 716
establish FR940810-0-00017 1 218
class FR940810-0-00017 7 219 299 347 398 427 502 891
e FR940810-0-00017 7 220 300 348 399 428 503 808
airspace FR940810-0-00017 14 221 264 301 349 352 400 429 467 504 670 788 809 860 881
at FR940810-0-00017 6 222 285 313 430 488 516
claremont FR940810-0-00017 9 223 255 314 431 459 517 830 836 876
, FR940810-0-00017 42 224 257 315 374 375 378 379 393 394 432 518 552 590 591 632 671 675 690 731 736 741 745 748 750 752 787 793 795 796 799 800 831 848 872 885 889 903 905 907 912 914 918
nh FR940810-0-00017 7 225 316 433 519 828 832 890
59 FR940810-0-00017 1 227
fr FR940810-0-00017 5 228 391 588 743 924
11564 FR940810-0-00017 1 229
. FR940810-0-00017 23 231 288 317 338 346 396 412 434 491 520 550 615 661 680 726 766 821 840 850 894 908 922 926
the FR940810-0-00017 32 232 270 286 289 309 333 336 342 397 410 413 421 426 473 489 492 512 521 607 633 654 657 683 688 691 709 772 781 819 867 875 883
proposal FR940810-0-00017 3 233 334 343
was FR940810-0-00017 1 234
prompted FR940810-0-00017 1 235
by FR940810-0-00017 5 236 328 383 673 774
a FR940810-0-00017 16 237 240 260 438 441 444 463 559 575 603 619 642 647 729 734 870
review FR940810-0-00017 2 238 442
of FR940810-0-00017 18 239 292 335 369 417 420 440 443 495 533 602 650 656 663 682 687 780 874
proposed FR940810-0-00017 4 241 310 445 513
nondirectional FR940810-0-00017 2 242 446
beacon FR940810-0-00017 2 243 447
ndb FR940810-0-00017 8 245 283 311 449 486 514 837 877
standard FR940810-0-00017 2 247 451
instrument FR940810-0-00017 4 248 274 452 477
approach FR940810-0-00017 2 249 453
procedure FR940810-0-00017 2 250 454
siap FR940810-0-00017 6 252 284 312 456 487 515
for FR940810-0-00017 9 254 262 302 351 458 465 505 536 712
airport FR940810-0-00017 4 256 287 460 490
which FR940810-0-00017 4 258 380 461 537
showed FR940810-0-00017 2 259 462
need FR940810-0-00017 2 261 464
controlled FR940810-0-00017 2 263 466
upward FR940810-0-00017 5 265 355 468 812 862
from FR940810-0-00017 5 266 356 469 813 863
700 FR940810-0-00017 5 267 357 470 814 864
feet FR940810-0-00017 5 268 358 471 815 865
above FR940810-0-00017 5 269 361 472 818 866
surface FR940810-0-00017 4 271 474 820 868
contain FR940810-0-00017 2 273 476
flight FR940810-0-00017 2 275 478
rules FR940810-0-00017 2 276 479
ifr FR940810-0-00017 4 278 303 481 506
operations FR940810-0-00017 2 280 483
executing FR940810-0-00017 4 281 308 484 511
that FR940810-0-00017 7 282 485 525 622 636 859 880
intended FR940810-0-00017 2 290 493
effect FR940810-0-00017 2 291 494
this FR940810-0-00017 9 293 325 404 415 435 496 526 617 637
action FR940810-0-00017 4 294 436 497 563
is FR940810-0-00017 8 295 381 437 498 557 573 618 801
provide FR940810-0-00017 2 297 500
adequate FR940810-0-00017 2 298 501
operators FR940810-0-00017 2 304 507
who FR940810-0-00017 2 305 508
will FR940810-0-00017 6 306 406 509 611 623 639
be FR940810-0-00017 4 307 407 510 612
interested FR940810-0-00017 1 318
parties FR940810-0-00017 1 319
were FR940810-0-00017 2 320 344
invited FR940810-0-00017 1 321
participate FR940810-0-00017 1 323
in FR940810-0-00017 9 324 366 385 403 409 665 685 776 901
rulemaking FR940810-0-00017 1 326
proceeding FR940810-0-00017 1 327
submitting FR940810-0-00017 1 329
written FR940810-0-00017 1 330
comments FR940810-0-00017 2 331 340
on FR940810-0-00017 4 332 341 646 906
faa FR940810-0-00017 4 337 370 522 634
no FR940810-0-00017 1 339
received FR940810-0-00017 1 345
designations FR940810-0-00017 2 350 789
areas FR940810-0-00017 3 353 810 893
extending FR940810-0-00017 3 354 811 861
or FR940810-0-00017 2 359 816
more FR940810-0-00017 2 360 817
ground FR940810-0-00017 1 362
level FR940810-0-00017 1 363
are FR940810-0-00017 2 364 542
published FR940810-0-00017 2 365 408
paragraph FR940810-0-00017 2 367 806
6005 FR940810-0-00017 1 368
order FR940810-0-00017 4 371 411 567 785
7400.9a FR940810-0-00017 2 372 786
dated FR940810-0-00017 2 373 794
and FR940810-0-00017 8 376 539 584 594 629 790 797 887
effective FR940810-0-00017 2 377 798
incorporated FR940810-0-00017 1 382
reference FR940810-0-00017 3 384 674 775
71.1 FR940810-0-00017 2 388 779
58 FR940810-0-00017 1 390
36298 FR940810-0-00017 1 392
establishment FR940810-0-00017 1 401
listed FR940810-0-00017 1 402
document FR940810-0-00017 1 405
rule FR940810-0-00017 3 414 578 638
amendment FR940810-0-00017 2 416 684
federal FR940810-0-00017 3 422 692 782
aviation FR940810-0-00017 3 423 693 783
regulations FR940810-0-00017 3 424 535 547
establishes FR940810-0-00017 1 425
result FR940810-0-00017 1 439
has FR940810-0-00017 1 523
determined FR940810-0-00017 1 524
regulation FR940810-0-00017 1 527
involves FR940810-0-00017 1 528
only FR940810-0-00017 2 529 624
an FR940810-0-00017 1 530
established FR940810-0-00017 1 531
body FR940810-0-00017 1 532
technical FR940810-0-00017 1 534
frequent FR940810-0-00017 1 538
routine FR940810-0-00017 2 540 620
amendments FR940810-0-00017 1 541
necessary FR940810-0-00017 1 543
keep FR940810-0-00017 1 545
these FR940810-0-00017 1 546
operationally FR940810-0-00017 1 548
current FR940810-0-00017 1 549
it FR940810-0-00017 1 551
therefore_ FR940810-0-00017 1 553
1 FR940810-0-00017 1 555
not FR940810-0-00017 4 558 574 599 640
`` FR940810-0-00017 2 560 576
significant FR940810-0-00017 3 561 577 643
regulatory FR940810-0-00017 4 562 582 604 658
'' FR940810-0-00017 2 564 579
under FR940810-0-00017 3 565 580 653
executive FR940810-0-00017 1 566
12866 FR940810-0-00017 1 568
; FR940810-0-00017 7 569 593 738 755 762 878 930
2 FR940810-0-00017 1 571
dot FR940810-0-00017 1 581
policies FR940810-0-00017 1 583
procedures FR940810-0-00017 2 585 628
44 FR940810-0-00017 1 587
11034 FR940810-0-00017 1 589
3 FR940810-0-00017 2 596 746
does FR940810-0-00017 1 598
warrant FR940810-0-00017 1 600
preparation FR940810-0-00017 1 601
evaluation FR940810-0-00017 1 605
as FR940810-0-00017 4 606 700 718 803
anticipated FR940810-0-00017 1 608
economic FR940810-0-00017 2 609 644
cost FR940810-0-00017 1 610
so FR940810-0-00017 1 613
minimal FR940810-0-00017 1 614
since FR940810-0-00017 1 616
matter FR940810-0-00017 1 621
affect FR940810-0-00017 1 625
air FR940810-0-00017 4 626 630 678 915
traffic FR940810-0-00017 2 627 916
navigation FR940810-0-00017 2 631 676
certifies FR940810-0-00017 1 635
have FR940810-0-00017 1 641
impact FR940810-0-00017 1 645
substantial FR940810-0-00017 1 648
number FR940810-0-00017 1 649
small FR940810-0-00017 1 651
entities FR940810-0-00017 1 652
criteria FR940810-0-00017 1 655
flexibility FR940810-0-00017 1 659
act FR940810-0-00017 1 660
list FR940810-0-00017 1 662
subjects FR940810-0-00017 1 664
incorporation FR940810-0-00017 2 672 773
adoption FR940810-0-00017 1 681
consideration FR940810-0-00017 1 686
foregoing FR940810-0-00017 1 689
administration FR940810-0-00017 2 694 784
amends FR940810-0-00017 1 695
follows FR940810-0-00017 3 701 719 804
: FR940810-0-00017 4 702 720 722 805
71_ FR940810-0-00017 1 704
[ FR940810-0-00017 4 705 768 833 923
amended FR940810-0-00017 3 706 769 802
] FR940810-0-00017 4 707 770 835 933
1. FR940810-0-00017 1 708
authority FR940810-0-00017 2 710 721
citation FR940810-0-00017 1 711
continues FR940810-0-00017 1 715
read FR940810-0-00017 1 717
49 FR940810-0-00017 2 723 756
usc FR940810-0-00017 2 724 757
app FR940810-0-00017 1 725
1348 FR940810-0-00017 1 727
1354 FR940810-0-00017 1 732
1510 FR940810-0-00017 1 737
eo FR940810-0-00017 1 739
10854 FR940810-0-00017 1 740
24 FR940810-0-00017 1 742
9565 FR940810-0-00017 1 744
19591963 FR940810-0-00017 1 749
comp. FR940810-0-00017 1 751
p. FR940810-0-00017 1 753
389 FR940810-0-00017 1 754
106 FR940810-0-00017 1 758
g FR940810-0-00017 1 760
11.69 FR940810-0-00017 1 765
§71.1 FR940810-0-00017 1 767
2. FR940810-0-00017 1 771
reporting FR940810-0-00017 1 791
points FR940810-0-00017 1 792
6005class FR940810-0-00017 1 807
* FR940810-0-00017 10 822 823 824 825 826 895 896 897 898 899
ane FR940810-0-00017 1 827
e5 FR940810-0-00017 2 829 892
new FR940810-0-00017 2 834 919
lat FR940810-0-00017 1 839
43 FR940810-0-00017 1 841
22 FR940810-0-00017 2 842 852
’ FR940810-0-00017 6 843 845 846 853 855 856
10 FR940810-0-00017 1 844
n FR940810-0-00017 1 847
long FR940810-0-00017 1 849
72 FR940810-0-00017 1 851
16 FR940810-0-00017 1 854
w FR940810-0-00017 1 857
within FR940810-0-00017 2 869 882
5. FR940810-0-00017 1 871
radius FR940810-0-00017 1 873
excluding FR940810-0-00017 1 879
springfield FR940810-0-00017 1 884
vt FR940810-0-00017 1 886
lebanon FR940810-0-00017 1 888
issued FR940810-0-00017 1 900
burlington FR940810-0-00017 1 902
massachusetts FR940810-0-00017 1 904
francis FR940810-0-00017 1 909
j. FR940810-0-00017 1 910
johns FR940810-0-00017 1 911
manager FR940810-0-00017 1 913
division FR940810-0-00017 1 917
england FR940810-0-00017 1 920
region FR940810-0-00017 1 921
doc FR940810-0-00017 1 925
9419403 FR940810-0-00017 1 927
filed FR940810-0-00017 1 928
8994 FR940810-0-00017 1 929
8:45 FR940810-0-00017 1 931
am FR940810-0-00017 1 932
billing FR940810-0-00017 1 934
code FR940810-0-00017 1 935
491013m FR940810-0-00017 1 936
department FR940810-0-00018 1 0
of FR940810-0-00018 126 1 21 71 90 133 229 291 310 326 359 380 414 455 467 495 512 531 542 556 564 601 622 652 665 705 741 746 752 779 797 804 857 867 880 911 917 928 969 1018 1029 1046 1076 1110 1166 1189 1193 1230 1250 1272 1318 1343 1357 1363 1370 1381 1389 1415 1439 1450 1460 1469 1480 1503 1521 1546 1613 1629 1643 1665 1679 1689 1704 1748 1760 1775 1803 1833 1869 1890 1905 1924 1931 1934 1938 1959 1970 2061 2079 2085 2090 2092 2128 2182 2204 2215 2256 2266 2284 2316 2339 2386 2395 2420 2427 2527 2562 2654 2696 2722 2733 2761 2773 2793 2828 2892 2907 2961 2963 2977 2986 3023 3056 3072 3120 3224 3303
health FR940810-0-00018 1 2
and FR940810-0-00018 75 3 7 38 53 82 109 139 162 192 200 302 333 407 471 488 492 502 595 786 903 1060 1106 1202 1222 1252 1290 1334 1349 1464 1513 1575 1598 1657 1720 1815 1916 1984 1996 2011 2015 2071 2120 2159 2196 2228 2251 2276 2309 2360 2366 2390 2412 2441 2447 2468 2548 2566 2594 2644 2662 2720 2751 2779 2816 2864 2874 2910 2935 2943 3012 3046 3049 3058 3127 3276
human FR940810-0-00018 3 4 1631 2545
services FR940810-0-00018 1 5
food FR940810-0-00018 12 6 37 52 161 190 199 329 2466 2925 3042 3057 3123
drug FR940810-0-00018 9 8 39 54 163 201 331 594 3044 3125
administration FR940810-0-00018 5 9 40 55 164 202
21 FR940810-0-00018 13 10 341 347 443 518 932 2330 2363 2434 3026 3061 3083 3131
cfr FR940810-0-00018 9 11 444 519 2331 2364 2435 3027 3062 3084
part FR940810-0-00018 6 12 2332 3028 3063 3070 3085
74 FR940810-0-00018 4 13 3029 3064 3086
[ FR940810-0-00018 4 14 624 637 3334
docket FR940810-0-00018 2 15 2785
no FR940810-0-00018 48 16 32 76 280 296 364 400 527 587 614 645 657 670 683 710 724 731 840 896 1010 1158 1214 1323 1375 1379 1508 1648 1709 1765 1808 1891 1910 1964 1975 2032 2066 2137 2175 2187 2271 2294 2355 2563 2998 3182 3204 3263 3283
. FR940810-0-00018 146 17 33 43 48 77 93 115 146 167 178 215 257 281 297 313 351 353 365 387 401 417 433 435 516 573 588 604 606 615 644 646 649 658 671 677 684 711 725 732 749 760 773 776 801 816 834 841 864 897 914 985 1022 1093 1113 1172 1181 1185 1187 1215 1256 1286 1299 1324 1366 1376 1383 1402 1435 1485 1509 1537 1578 1621 1649 1670 1673 1710 1734 1737 1766 1798 1809 1825 1862 1878 1911 1927 1965 1976 2019 2033 2042 2067 2082 2095 2111 2123 2147 2149 2188 2207 2236 2272 2287 2295 2356 2423 2425 2484 2513 2515 2530 2557 2601 2636 2668 2682 2705 2744 2770 2796 2823 2843 2845 2881 2916 2954 2958 2974 2999 3021 3036 3096 3157 3183 3185 3205 3236 3264 3266 3278 3284 3315 3324 3333 3337
92c0294 FR940810-0-00018 1 18
] FR940810-0-00018 4 19 635 640 3344
listing FR940810-0-00018 4 20 528 561 891
color FR940810-0-00018 31 22 62 241 272 426 533 545 566 608 799 814 951 955 978 988 1020 1031 1054 1345 1548 1653 1714 2007 2192 2220 2258 2303 2388 2406 3030 3073
additives FR940810-0-00018 6 23 800 815 952 3031 3074
subject FR940810-0-00018 3 24 1940 3075
to FR940810-0-00018 54 25 65 99 123 152 285 424 538 592 813 848 973 1086 1102 1108 1125 1149 1209 1265 1268 1410 1453 1477 1483 1494 1624 1635 1697 1753 1779 1787 1849 1854 1895 1952 2005 2056 2261 2341 2381 2391 2454 2657 2684 2699 2728 2746 2764 2802 3053 3076 3088 3172 3253
certification FR940810-0-00018 4 26 530 563 3077
; FR940810-0-00018 3 27 136 3341
d FR940810-0-00018 38 28 72 276 292 360 396 583 610 653 666 679 706 720 727 836 892 1210 1319 1371 1504 1644 1705 1761 1804 1906 1960 1971 2028 2062 2183 2267 2290 2351 2994 3178 3200 3259 3279
& FR940810-0-00018 38 29 73 277 293 361 397 584 611 654 667 680 707 721 728 837 893 1211 1320 1372 1505 1645 1706 1762 1805 1907 1961 1972 2029 2063 2184 2268 2291 2352 2995 3179 3201 3260 3280
c FR940810-0-00018 42 30 74 205 278 294 362 398 585 612 655 668 681 708 722 729 838 894 1212 1321 1373 1506 1646 1707 1763 1806 1908 1962 1973 2030 2064 2185 2246 2269 2292 2353 2996 3167 3180 3192 3202 3261 3281
green FR940810-0-00018 38 31 75 279 295 363 399 586 613 656 669 682 709 723 730 839 895 1213 1322 1374 1507 1647 1708 1764 1807 1909 1963 1974 2031 2065 2186 2270 2293 2354 2997 3181 3203 3262 3282
5 FR940810-0-00018 33 34 78 282 298 366 402 589 616 659 842 898 1041 1216 1325 1377 1510 1650 1711 1767 1810 1912 1977 2034 2068 2189 2273 2296 2357 3000 3184 3206 3265 3285
agency FR940810-0-00018 16 35 1292 1302 1330 1404 1580 1770 1827 1882 2209 2238 2371 2491 2519 2559 2833
: FR940810-0-00018 14 36 45 50 117 148 183 218 1445 3069 3092 3094 3176 3257 3322
, FR940810-0-00018 167 41 106 108 119 120 145 160 165 169 173 175 187 198 203 208 210 213 230 236 253 259 262 264 330 332 381 392 475 479 485 491 498 501 627 629 631 632 638 694 781 790 807 809 826 851 861 876 883 889 905 942 953 1066 1082 1095 1097 1116 1128 1134 1174 1233 1244 1289 1309 1333 1397 1421 1463 1553 1555 1558 1561 1565 1567 1570 1574 1608 1682 1739 1768 1800 1844 1864 1880 1942 1978 1981 1983 1986 1992 1995 2014 2045 2131 2165 2239 2241 2369 2438 2489 2547 2572 2578 2597 2621 2622 2643 2819 2877 2884 2889 2904 2912 2914 2919 2922 2928 2937 2947 2950 2952 2956 2968 2971 2973 2983 3007 3009 3011 3015 3019 3032 3034 3038 3043 3045 3060 3098 3100 3102 3104 3106 3108 3110 3112 3114 3116 3118 3124 3126 3134 3136 3138 3140 3142 3144 3146 3148 3150 3152 3154 3215 3227 3294 3306 3323 3328
hhs FR940810-0-00018 1 42
action FR940810-0-00018 4 44 95 2529 2536
final FR940810-0-00018 4 46 371 390 874
rule FR940810-0-00018 4 47 372 391 875
summary FR940810-0-00018 1 49
the FR940810-0-00018 220 51 61 68 88 91 104 131 153 226 267 271 288 308 311 314 327 337 356 377 412 415 451 456 461 465 468 472 477 480 483 486 489 496 499 503 510 513 540 554 557 575 580 599 602 607 619 650 663 687 695 699 703 750 795 802 865 873 879 909 912 929 943 970 977 1015 1019 1024 1030 1047 1074 1077 1098 1103 1111 1135 1141 1163 1167 1190 1194 1199 1207 1228 1231 1270 1291 1301 1316 1329 1340 1344 1355 1358 1387 1393 1403 1412 1422 1433 1436 1451 1454 1457 1461 1470 1474 1478 1489 1501 1519 1522 1527 1544 1579 1585 1626 1640 1663 1666 1686 1694 1701 1749 1769 1772 1782 1801 1826 1834 1841 1859 1865 1881 1902 1922 1925 1932 1935 1939 1957 2006 2039 2048 2053 2058 2077 2080 2086 2096 2143 2155 2180 2202 2205 2208 2213 2219 2233 2237 2257 2264 2282 2285 2314 2317 2336 2347 2370 2374 2383 2393 2405 2418 2421 2439 2442 2456 2463 2478 2490 2495 2508 2518 2523 2535 2544 2558 2567 2583 2625 2652 2655 2663 2666 2697 2723 2734 2737 2762 2768 2784 2791 2803 2809 2829 2832 2840 2847 2856 2964 2978 2987 3040 3054 3079 3121 3222 3225 3301 3304
( FR940810-0-00018 60 56 112 157 195 231 244 321 336 340 345 382 429 439 442 446 521 625 641 771 884 922 925 931 935 938 991 993 1034 1037 1040 1043 1169 1178 1241 1284 1446 1465 1533 1603 1615 1619 1668 1732 1793 2245 2248 2253 2362 2433 2471 2587 2629 2860 3130 3166 3169 3191 3197 3250 3272
fda FR940810-0-00018 20 57 237 393 974 986 1173 1196 1257 1335 1384 1486 1683 1740 1943 2046 2132 2166 2445 2531 2824
) FR940810-0-00018 60 58 114 159 197 235 247 325 339 344 350 386 432 441 448 449 523 633 648 775 888 924 927 937 940 941 995 996 1039 1042 1045 1049 1183 1184 1243 1288 1448 1467 1535 1606 1618 1623 1672 1736 1797 2247 2250 2255 2368 2437 2474 2590 2632 2863 3156 3168 3171 3193 3199 3252 3274
is FR940810-0-00018 32 59 96 367 617 660 686 734 755 766 810 980 1084 1115 1137 1153 1234 1530 1722 1852 1886 2170 2230 2242 2297 2554 2660 2676 2713 2742 3065 3161 3245
amending FR940810-0-00018 2 60 2243
additive FR940810-0-00018 38 63 242 273 427 534 546 567 609 956 979 989 1021 1032 1055 1078 1104 1112 1119 1136 1168 1195 1274 1346 1391 1434 1462 1549 1654 1715 1941 2008 2193 2221 2259 2304 2389 2407 2926
regulations FR940810-0-00018 4 64 274 990 2260
provide FR940810-0-00018 3 66 286 2262
for FR940810-0-00018 55 67 79 85 141 179 189 275 287 299 305 403 551 570 582 899 950 961 982 1072 1079 1225 1315 1339 1352 1516 1596 1660 1913 1919 1956 2038 2074 2199 2232 2263 2279 2305 2350 2415 2460 2465 2503 2511 2665 2688 2709 2753 2899 3001 3082 3211 3219 3290 3298 3331
safe FR940810-0-00018 5 69 289 981 998 2384
use FR940810-0-00018 47 70 86 290 306 404 410 541 552 572 900 907 964 984 1017 1081 1165 1192 1219 1226 1276 1317 1342 1353 1459 1502 1517 1545 1642 1661 1703 1802 1904 1920 1937 1958 2060 2075 2181 2200 2265 2280 2306 2312 2385 2416 3220 3299
coloring FR940810-0-00018 5 80 300 1914 3212 3291
drugs FR940810-0-00018 20 81 301 406 902 1221 1348 1512 1656 1719 1814 1915 2070 2195 2275 2308 2411 3035 3059 3213 3217
cosmetics FR940810-0-00018 19 83 303 408 904 1223 1350 1514 1658 1721 1816 1917 2072 2197 2277 2310 2413 3033 3292 3296
intended FR940810-0-00018 17 84 304 550 1016 1224 1351 1515 1659 1918 2073 2198 2225 2278 2414 2727 3218 3297
in FR940810-0-00018 91 87 97 221 225 307 369 376 388 405 411 422 547 553 598 690 702 716 719 769 822 828 872 878 901 908 1089 1220 1227 1279 1328 1347 1354 1432 1473 1511 1518 1550 1655 1662 1716 1729 1744 1781 1784 1789 1811 1822 1839 1921 1928 2000 2043 2069 2076 2099 2117 2142 2194 2201 2274 2281 2307 2313 2319 2327 2358 2377 2404 2410 2417 2429 2450 2487 2574 2582 2731 2736 2788 2790 2800 2808 2839 2855 2930 2993 3004 3025 3221 3228 3300 3307
area FR940810-0-00018 22 89 309 413 454 462 555 600 910 1229 1356 1520 1664 1718 1813 1923 2078 2203 2283 2315 2419 3223 3302
eye FR940810-0-00018 28 92 312 416 457 497 558 603 913 1232 1359 1523 1556 1559 1562 1568 1571 1576 1667 1717 1812 1926 2081 2206 2286 2318 2422 3226 3305
this FR940810-0-00018 12 94 691 1390 1440 1538 1547 1636 1820 2387 2528 2612 2794
response FR940810-0-00018 3 98 423 2801
a FR940810-0-00018 37 100 142 222 240 370 425 522 532 767 858 954 962 966 1006 1052 1131 1154 1247 1361 1652 1676 1713 1887 2171 2191 2301 2540 2674 2686 2694 2700 2711 2717 2740 2749 2759 2765
petition FR940810-0-00018 7 101 243 268 315 428 2440 2457
filed FR940810-0-00018 4 102 250 317 3339
by FR940810-0-00018 14 103 130 144 251 662 736 1418 1584 2475 2611 2868 2940 3163 3247
cosmetic FR940810-0-00018 6 105 334 596 3008 3047 3128
toiletry FR940810-0-00018 2 107 3010
fragrance FR940810-0-00018 2 110 3013
association FR940810-0-00018 2 111 3014
ctfa FR940810-0-00018 2 113 252
dates FR940810-0-00018 1 116
effective FR940810-0-00018 1 118
except FR940810-0-00018 1 121
as FR940810-0-00018 15 122 459 783 999 1429 1651 1712 2190 2300 2401 2485 3067 3090 3174 3255
any FR940810-0-00018 11 124 543 548 1823 2025 2497 2604 2616 2689 2754 2797
provisions FR940810-0-00018 2 125 2653
that FR940810-0-00018 49 126 239 270 373 389 507 525 579 698 756 763 976 983 1003 1009 1051 1069 1114 1157 1206 1425 1488 1497 1524 1591 1685 1743 1831 1875 1884 1898 2027 2052 2102 2134 2168 2174 2218 2344 2373 2398 2444 2499 2534 2549 2570 2703 2739 2831
may FR940810-0-00018 10 127 713 1426 2399 2579 2614 2805 2865 3207 3286
be FR940810-0-00018 24 128 283 536 590 714 959 1057 1063 1266 1427 1780 1855 1872 2036 2580 2608 2640 2729 2777 2781 2806 2866 3208 3287
stayed FR940810-0-00018 1 129
filing FR940810-0-00018 1 132
proper FR940810-0-00018 1 134
objections FR940810-0-00018 7 135 138 151 2603 2634 2798 2830
written FR940810-0-00018 3 137 150 2633
requests FR940810-0-00018 1 140
hearing FR940810-0-00018 7 143 2675 2687 2701 2712 2741 2766
addresses FR940810-0-00018 1 147
submit FR940810-0-00018 1 149
dockets FR940810-0-00018 5 154 2584 2626 2810 2857
management FR940810-0-00018 5 155 2585 2627 2811 2858
branch FR940810-0-00018 5 156 2586 2628 2812 2859
hfa305 FR940810-0-00018 1 158
rm FR940810-0-00018 1 166
123 FR940810-0-00018 1 168
12420 FR940810-0-00018 1 170
parklawn FR940810-0-00018 1 171
dr. FR940810-0-00018 1 172
rockville FR940810-0-00018 1 174
md FR940810-0-00018 1 176
20857 FR940810-0-00018 1 177
further FR940810-0-00018 1 180
information FR940810-0-00018 5 181 217 1205 2479 2726
contact FR940810-0-00018 2 182 2480
robert FR940810-0-00018 1 184
l. FR940810-0-00018 1 185
martin FR940810-0-00018 1 186
center FR940810-0-00018 2 188 2464
safety FR940810-0-00018 15 191 918 947 1075 1143 1188 1271 1337 1388 1395 1933 1948 2152 2467 2933
applied FR940810-0-00018 3 193 1255 2469
nutrition FR940810-0-00018 2 194 2470
hfs217 FR940810-0-00018 1 196
200 FR940810-0-00018 1 204
st. FR940810-0-00018 1 206
sw. FR940810-0-00018 1 207
washington FR940810-0-00018 2 209 263
dc FR940810-0-00018 2 211 265
20204 FR940810-0-00018 1 212
2022549519 FR940810-0-00018 1 214
supplementary FR940810-0-00018 1 216
i. FR940810-0-00018 1 219
introduction FR940810-0-00018 1 220
notice FR940810-0-00018 2 223 2827
published FR940810-0-00018 3 224 375 877
federal FR940810-0-00018 7 227 328 378 881 2841 3041 3122
register FR940810-0-00018 4 228 379 882 2842
57 FR940810-0-00018 1 232
fr FR940810-0-00018 5 233 384 886 1795 3335
35833 FR940810-0-00018 1 234
announced FR940810-0-00018 1 238
cap FR940810-0-00018 3 245 430 3005
6c0204 FR940810-0-00018 2 246 3006
had FR940810-0-00018 1 248
been FR940810-0-00018 4 249 846 1123 2851
1101 FR940810-0-00018 1 254
17th FR940810-0-00018 1 255
st FR940810-0-00018 1 256
nw. FR940810-0-00018 1 258
suite FR940810-0-00018 1 260
300 FR940810-0-00018 2 261 1790
20036. FR940810-0-00018 1 266
proposed FR940810-0-00018 9 269 1164 1341 1458 1641 1702 1903 1936 2059
amended FR940810-0-00018 4 284 3066 3162 3246
was FR940810-0-00018 5 316 374 870 1541 1594
under FR940810-0-00018 7 318 919 1140 1392 2346 3039 3050
section FR940810-0-00018 7 319 323 437 920 1035 3159 3243
706 FR940810-0-00018 1 320
currently FR940810-0-00018 3 322 346 2298
721 FR940810-0-00018 4 324 921 1036 3119
act FR940810-0-00018 6 335 338 930 1048 3048 3129
usc FR940810-0-00018 4 342 348 933 3132
376 FR940810-0-00018 1 343
379e FR940810-0-00018 3 349 934 3155
ii FR940810-0-00018 1 352
regulatory FR940810-0-00018 3 354 357 2924
history FR940810-0-00018 2 355 358
summarized FR940810-0-00018 1 368
47 FR940810-0-00018 3 383 885 1794
24278 FR940810-0-00018 3 385 887 1796
permanently FR940810-0-00018 2 394 890
listed FR940810-0-00018 5 395 960 1064 2376 2482
excluding FR940810-0-00018 3 409 906 2311
these FR940810-0-00018 7 418 753 1364 1967 2020 2112 2129
actions FR940810-0-00018 1 419
were FR940810-0-00018 6 420 2003 2088 2105 2114 2136
taken FR940810-0-00018 1 421
8c0084 FR940810-0-00018 1 431
iii FR940810-0-00018 1 434
definitions FR940810-0-00018 1 436
70.3 FR940810-0-00018 2 438 445
s FR940810-0-00018 2 440 447
defines FR940810-0-00018 1 450
term FR940810-0-00018 1 452
`` FR940810-0-00018 10 453 460 526 945 1000 2890 2923 2931 2969 2984
'' FR940810-0-00018 10 458 517 574 949 1023 2905 2929 2938 2972 3016
enclosed FR940810-0-00018 1 463
within FR940810-0-00018 2 464 509
circumference FR940810-0-00018 1 466
supraorbital FR940810-0-00018 1 469
ridge FR940810-0-00018 3 470 474 515
infraorbital FR940810-0-00018 2 473 514
including FR940810-0-00018 3 476 3216 3295
eyebrow FR940810-0-00018 3 478 484 1551
skin FR940810-0-00018 2 481 2012
below FR940810-0-00018 1 482
eyelids FR940810-0-00018 1 487
eyelashes FR940810-0-00018 1 490
conjunctival FR940810-0-00018 2 493 2107
sac FR940810-0-00018 1 494
eyeball FR940810-0-00018 1 500
soft FR940810-0-00018 1 504
areolar FR940810-0-00018 1 505
tissue FR940810-0-00018 1 506
lies FR940810-0-00018 1 508
perimeter FR940810-0-00018 1 511
70.5 FR940810-0-00018 1 520
states FR940810-0-00018 1 524
or FR940810-0-00018 10 529 562 1026 1091 1727 2109 2619 2836 2897 2902
shall FR940810-0-00018 11 535 1056 1061 2639 2648 2678 2692 2715 2757 2776 2780
considered FR940810-0-00018 4 537 1946 2446 2522
authorize FR940810-0-00018 1 539
such FR940810-0-00018 11 544 560 565 571 782 805 1080 1280 1296 1307 2748
article FR940810-0-00018 1 549
unless FR940810-0-00018 2 559 965
specifically FR940810-0-00018 2 568 2679
provides FR940810-0-00018 2 569 1050
petitioner FR940810-0-00018 2 576 2054
has FR940810-0-00018 11 577 843 1121 1293 1385 1405 1442 1944 2520 2532 2834
requested FR940810-0-00018 4 578 2677 2714 3003
uses FR940810-0-00018 7 581 597 1759 2041 2235 3002 3275
expanded FR940810-0-00018 1 591
include FR940810-0-00018 3 593 2716 2747
iv FR940810-0-00018 1 605
principally FR940810-0-00018 1 618
disodium FR940810-0-00018 1 620
salt FR940810-0-00018 1 621
2,2'- FR940810-0-00018 1 623
9 FR940810-0-00018 4 626 2592 2814 2872
,-9 FR940810-0-00018 1 628
,-1 FR940810-0-00018 1 630
diimino FR940810-0-00018 1 634
bis- FR940810-0-00018 1 636
acid FR940810-0-00018 2 639 676
cas FR940810-0-00018 1 642
reg FR940810-0-00018 1 643
4403901 FR940810-0-00018 1 647
manufacture FR940810-0-00018 1 651
accomplished FR940810-0-00018 1 661
sulfonation FR940810-0-00018 1 664
6 FR940810-0-00018 4 672 685 712 733
with FR940810-0-00018 13 673 743 1005 1526 2322 2329 2431 2477 2624 2650 2783 3231 3310
fuming FR940810-0-00018 1 674
sulfuric FR940810-0-00018 1 675
because FR940810-0-00018 2 678 1832
starting FR940810-0-00018 1 688
material FR940810-0-00018 1 689
manufacturing FR940810-0-00018 5 692 788 2325 3234 3313
process FR940810-0-00018 1 693
possibility FR940810-0-00018 1 696
exists FR940810-0-00018 1 697
chemicals FR940810-0-00018 2 700 833
used FR940810-0-00018 7 701 1406 1581 1838 2409 3210 3289
synthesis FR940810-0-00018 1 704
present FR940810-0-00018 3 715 821 1428
minor FR940810-0-00018 2 717 855
amounts FR940810-0-00018 6 718 778 856 2320 3229 3308
5. FR940810-0-00018 2 726 1966
formed FR940810-0-00018 1 735
chemically FR940810-0-00018 1 737
reacting FR940810-0-00018 1 738
one FR940810-0-00018 1 739
molecule FR940810-0-00018 1 740
quinizarin FR940810-0-00018 1 742
two FR940810-0-00018 2 744 1443
molecules FR940810-0-00018 1 745
p FR940810-0-00018 14 747 764 784 862 868 1419 1495 1592 1698 1754 1850 1896 2342 2396
-toluidine FR940810-0-00018 14 748 765 785 863 869 1420 1496 1593 1699 1755 1851 1897 2343 2397
significance FR940810-0-00018 1 751
components FR940810-0-00018 1 754
weisburger FR940810-0-00018 2 757 2883
et FR940810-0-00018 2 758 2887
al FR940810-0-00018 1 759
have FR940810-0-00018 3 761 2539 2850
demonstrated FR940810-0-00018 2 762 1590
carcinogen FR940810-0-00018 1 768
mice FR940810-0-00018 3 770 1607 1985
ref FR940810-0-00018 5 772 1285 1620 1669 1733
1 FR940810-0-00018 6 774 1447 1622 1730 1783 1788
residual FR940810-0-00018 1 777
reactants FR940810-0-00018 1 780
related FR940810-0-00018 1 787
aids FR940810-0-00018 1 789
are FR940810-0-00018 7 791 819 1070 1326 2379 2458 2500
commonly FR940810-0-00018 1 792
found FR940810-0-00018 3 793 1085 2787
among FR940810-0-00018 1 794
constituents FR940810-0-00018 3 796 806 1109
many FR940810-0-00018 1 798
presence FR940810-0-00018 1 803
however FR940810-0-00018 2 808 1096
not FR940810-0-00018 14 811 845 958 1062 1107 1122 1259 1294 1304 1818 2023 2501 2538 2555
unique FR940810-0-00018 1 812
numerous FR940810-0-00018 2 817 1835
contaminants FR940810-0-00018 1 818
unavoidably FR940810-0-00018 1 820
all FR940810-0-00018 5 823 1399 1757 2084 2774
chemical FR940810-0-00018 5 824 1424 1441 1637 2932
products FR940810-0-00018 1 825
even FR940810-0-00018 1 827
highly FR940810-0-00018 1 829
purified FR940810-0-00018 1 830
reagent FR940810-0-00018 1 831
grade FR940810-0-00018 1 832
although FR940810-0-00018 2 835 1300
itself FR940810-0-00018 3 844 1105 1120
shown FR940810-0-00018 2 847 1124
cause FR940810-0-00018 2 849 1126
cancer FR940810-0-00018 5 850 1088 1127 1587 2965
it FR940810-0-00018 2 852 1083
does FR940810-0-00018 4 853 1258 1303 1817
contain FR940810-0-00018 1 854
carcinogenic FR940810-0-00018 4 859 1132 1423 1595
impurity FR940810-0-00018 5 860 1133 1431 1455 2403
carcinogenicity FR940810-0-00018 4 866 1368 1382 2903
discussed FR940810-0-00018 2 871 2163
v. FR940810-0-00018 1 915
determination FR940810-0-00018 2 916 1747
b FR940810-0-00018 7 923 936 1038 1044 2254 3251 3273
4 FR940810-0-00018 6 926 939 1735 2595 2817 2875
socalled FR940810-0-00018 1 944
general FR940810-0-00018 3 946 1142 1394
clause FR940810-0-00018 5 948 1028 1100 1144 1396
can FR940810-0-00018 1 957
particular FR940810-0-00018 3 963 2690 2755
fair FR940810-0-00018 1 967
evaluation FR940810-0-00018 4 968 1338 1438 1930
data FR940810-0-00018 7 971 1200 1401 1582 1949 2158 2217
available FR940810-0-00018 8 972 1327 1400 2156 2216 2459 2502 2510
establishes FR940810-0-00018 2 975 1004
's FR940810-0-00018 4 987 1331 1336 2560
§70.3 FR940810-0-00018 1 992
i FR940810-0-00018 1 994
define FR940810-0-00018 1 997
convincing FR940810-0-00018 1 1001
evidence FR940810-0-00018 3 1002 2026 2568
reasonable FR940810-0-00018 4 1007 1155 1888 2172
certainty FR940810-0-00018 4 1008 1156 1889 2173
harm FR940810-0-00018 4 1011 1159 1892 2176
will FR940810-0-00018 10 1012 1160 1277 1498 2177 2222 2492 2537 2607 2825
result FR940810-0-00018 6 1013 1161 1278 1499 1900 2178
from FR940810-0-00018 17 1014 1162 1198 1217 1456 1500 1633 1639 1693 1700 1751 1756 1893 1901 2179 2494 2991
anticancer FR940810-0-00018 1 1025
delaney FR940810-0-00018 2 1027 1099
amendments FR940810-0-00018 1 1033
noningested FR940810-0-00018 1 1053
deemed FR940810-0-00018 1 1058
unsafe FR940810-0-00018 2 1059 2037
if FR940810-0-00018 1 1065
after FR940810-0-00018 1 1067
tests FR940810-0-00018 1 1068
appropriate FR940810-0-00018 1 1071
evaluating FR940810-0-00018 1 1073
induce FR940810-0-00018 1 1087
man FR940810-0-00018 1 1090
animal FR940810-0-00018 2 1092 1475
importantly FR940810-0-00018 1 1094
applies FR940810-0-00018 1 1101
where FR940810-0-00018 1 1117
an FR940810-0-00018 8 1118 1273 1430 1610 1745 2402 2550 2575
but FR940810-0-00018 1 1129
contains FR940810-0-00018 1 1130
properly FR940810-0-00018 1 1138
evaluated FR940810-0-00018 3 1139 1386 2047
using FR940810-0-00018 1 1145
risk FR940810-0-00018 13 1146 1407 1416 1437 1471 1632 1692 1750 1778 1821 1870 2980 2990
assessment FR940810-0-00018 6 1147 1408 1449 2577 2966 2981
procedures FR940810-0-00018 2 1148 1409
determine FR940810-0-00018 2 1150 1269
whether FR940810-0-00018 1 1151
there FR940810-0-00018 4 1152 1885 2135 2169
scott FR940810-0-00018 1 1170
v FR940810-0-00018 1 1171
728 FR940810-0-00018 1 1175
f.2d FR940810-0-00018 1 1176
322 FR940810-0-00018 1 1177
6th FR940810-0-00018 1 1179
cir FR940810-0-00018 1 1180
1984 FR940810-0-00018 1 1182
vi FR940810-0-00018 1 1186
petitioned FR940810-0-00018 3 1191 2040 2234
estimates FR940810-0-00018 3 1197 1487 1684
submitted FR940810-0-00018 3 1201 1950 2778
other FR940810-0-00018 4 1203 1758 1947 2160
relevant FR940810-0-00018 2 1204 2161
exposure FR940810-0-00018 15 1208 1282 1452 1482 1493 1539 1634 1678 1696 1752 1842 1848 1861 1894 2340
its FR940810-0-00018 5 1218 1929 2126 2224 2452
0.56 FR940810-0-00018 1 1235
milligrams FR940810-0-00018 1 1236
per FR940810-0-00018 2 1237 1239
person FR940810-0-00018 3 1238 2481 2605
day FR940810-0-00018 1 1240
mg/p/d FR940810-0-00018 1 1242
based FR940810-0-00018 6 1245 1542 1674 2124 2153 2334
upon FR940810-0-00018 4 1246 2154 2335 2449
maximum FR940810-0-00018 3 1248 1253 1490
frequency FR940810-0-00018 1 1249
application FR940810-0-00018 1 1251
quantity FR940810-0-00018 1 1254
ordinarily FR940810-0-00018 1 1260
consider FR940810-0-00018 1 1261
chronic FR940810-0-00018 3 1262 1310 1997
toxicological FR940810-0-00018 1 1263
testing FR940810-0-00018 4 1264 1297 1308 2891
necessary FR940810-0-00018 1 1267
whose FR940810-0-00018 1 1275
low FR940810-0-00018 2 1281 2337
levels FR940810-0-00018 1 1283
2 FR940810-0-00018 7 1287 1466 1723 1728 2249 3170 3198
required FR940810-0-00018 2 1295 2556
here FR940810-0-00018 1 1298
normally FR940810-0-00018 1 1305
require FR940810-0-00018 1 1306
studies FR940810-0-00018 12 1311 1365 1369 1969 1991 1994 1999 2018 2021 2051 2130 2146
supporting FR940810-0-00018 2 1312 2569
current FR940810-0-00018 6 1313 1954 2323 2348 3232 3311
listings FR940810-0-00018 2 1314 1955
files FR940810-0-00018 1 1332
included FR940810-0-00018 2 1360 1987
consideration FR940810-0-00018 1 1362
twoyear FR940810-0-00018 1 1367
showed FR940810-0-00018 1 1378
indication FR940810-0-00018 1 1380
considering FR940810-0-00018 1 1398
estimate FR940810-0-00018 4 1411 1540 1625 1843
upperbound FR940810-0-00018 6 1413 1627 1687 1773 1867 2988
limit FR940810-0-00018 2 1414 1628
presented FR940810-0-00018 2 1417 2730
aspects FR940810-0-00018 1 1444
extrapolation FR940810-0-00018 1 1468
observed FR940810-0-00018 1 1472
bioassays FR940810-0-00018 1 1476
conditions FR940810-0-00018 1 1479
probable FR940810-0-00018 1 1481
humans FR940810-0-00018 1 1484
total FR940810-0-00018 1 1491
lifetime FR940810-0-00018 5 1492 1630 1691 1777 2989
complies FR940810-0-00018 1 1525
applicable FR940810-0-00018 1 1528
specifications FR940810-0-00018 4 1529 2289 2349 2375
8.4 FR940810-0-00018 2 1531 1680
nanograms FR940810-0-00018 1 1532
ng FR940810-0-00018 1 1534
/p/d FR940810-0-00018 1 1536
on FR940810-0-00018 10 1543 1675 2125 2212 2543 2618 2672 2702 2767 2853
pencil FR940810-0-00018 1 1552
eyeliner FR940810-0-00018 1 1554
shadow FR940810-0-00018 2 1557 1572
lotion FR940810-0-00018 1 1560
makeup FR940810-0-00018 1 1563
remover FR940810-0-00018 1 1564
mascara FR940810-0-00018 1 1566
cream FR940810-0-00018 1 1569
base FR940810-0-00018 1 1573
stick FR940810-0-00018 1 1577
reported FR940810-0-00018 1 1583
national FR940810-0-00018 1 1586
institute FR940810-0-00018 1 1588
which FR940810-0-00018 5 1589 2001 2658 2673 2710
male FR940810-0-00018 1 1597
female FR940810-0-00018 1 1599
charles FR940810-0-00018 1 1600
river FR940810-0-00018 1 1601
cd1 FR940810-0-00018 1 1602
ham/icr FR940810-0-00018 1 1604
derived FR940810-0-00018 1 1605
causing FR940810-0-00018 1 1609
increased FR940810-0-00018 1 1611
incidence FR940810-0-00018 1 1612
hepatomas FR940810-0-00018 1 1614
liver FR940810-0-00018 1 1616
tumors FR940810-0-00018 1 1617
stemming FR940810-0-00018 1 1638
3 FR940810-0-00018 1 1671
potential FR940810-0-00018 3 1677 1695 2524
ng/p/d FR940810-0-00018 1 1681
limits FR940810-0-00018 3 1688 1774 1868
individual FR940810-0-00018 3 1690 1776 1847
x FR940810-0-00018 1 1724
10 FR940810-0-00018 1 1725
-9 FR940810-0-00018 1 1726
billion FR940810-0-00018 1 1731
moreover FR940810-0-00018 1 1738
points FR940810-0-00018 2 1741 1829
out FR940810-0-00018 2 1742 1830
earlier FR940810-0-00018 1 1746
calculated FR940810-0-00018 1 1771
30 FR940810-0-00018 1 1785
million FR940810-0-00018 2 1786 1791
range FR940810-0-00018 1 1792
thus FR940810-0-00018 3 1799 1879 2229
increase FR940810-0-00018 1 1819
way FR940810-0-00018 1 1824
also FR940810-0-00018 3 1828 1945 2210
conservative FR940810-0-00018 1 1836
assumptions FR940810-0-00018 1 1837
calculating FR940810-0-00018 1 1840
actual FR940810-0-00018 2 1845 1866
lifetimeaveraged FR940810-0-00018 1 1846
expected FR940810-0-00018 1 1853
substantially FR940810-0-00018 1 1856
less FR940810-0-00018 2 1857 1873
than FR940810-0-00018 2 1858 1874
worstcase FR940810-0-00018 1 1860
therefore FR940810-0-00018 3 1863 2240 3037
would FR940810-0-00018 2 1871 2035
cited FR940810-0-00018 1 1876
above FR940810-0-00018 7 1877 2164 2473 2483 2589 2631 2862
concludes FR940810-0-00018 4 1883 2167 2211 2372
might FR940810-0-00018 1 1899
previously FR940810-0-00018 1 1951
support FR940810-0-00018 3 1953 2057 2732
toxicity FR940810-0-00018 7 1968 1990 1998 2017 2050 2157 2901
involving FR940810-0-00018 1 1979
dogs FR940810-0-00018 1 1980
rats FR940810-0-00018 1 1982
acute FR940810-0-00018 1 1988
oral FR940810-0-00018 1 1989
subchronic FR940810-0-00018 1 1993
animals FR940810-0-00018 4 2002 2087 2101 2122
exposed FR940810-0-00018 1 2004
through FR940810-0-00018 4 2009 2599 2821 2879
diet FR940810-0-00018 1 2010
applications FR940810-0-00018 1 2013
reproductive FR940810-0-00018 1 2016
did FR940810-0-00018 1 2022
produce FR940810-0-00018 1 2024
addition FR940810-0-00018 1 2044
ocular FR940810-0-00018 3 2049 2093 2144
provided FR940810-0-00018 2 2055 2486
almost FR940810-0-00018 1 2083
free FR940810-0-00018 1 2089
signs FR940810-0-00018 1 2091
irritation FR940810-0-00018 3 2094 2104 2145
effects FR940810-0-00018 2 2097 2526
noted FR940810-0-00018 1 2098
most FR940810-0-00018 1 2100
exhibited FR940810-0-00018 1 2103
slight FR940810-0-00018 1 2106
redness FR940810-0-00018 1 2108
discharge FR940810-0-00018 1 2110
irritations FR940810-0-00018 1 2113
seen FR940810-0-00018 4 2115 2581 2807 2867
sporadically FR940810-0-00018 1 2116
both FR940810-0-00018 1 2118
control FR940810-0-00018 2 2119 2392
test FR940810-0-00018 1 2121
review FR940810-0-00018 1 2127
finds FR940810-0-00018 1 2133
significant FR940810-0-00018 3 2138 2541 2564
adverse FR940810-0-00018 1 2139
clinical FR940810-0-00018 1 2140
findings FR940810-0-00018 1 2141
vii FR940810-0-00018 1 2148
conclusions FR940810-0-00018 1 2150
a. FR940810-0-00018 1 2151
considerations FR940810-0-00018 1 2162
basis FR940810-0-00018 1 2214
perform FR940810-0-00018 1 2223
technical FR940810-0-00018 1 2226
effect FR940810-0-00018 1 2227
suitable FR940810-0-00018 1 2231
§§74.1205 FR940810-0-00018 2 2244 2359
74.2205 FR940810-0-00018 4 2252 2361 2367 3244
b. FR940810-0-00018 1 2288
produced FR940810-0-00018 1 2299
certifiable FR940810-0-00018 1 2302
consistent FR940810-0-00018 3 2321 3230 3309
good FR940810-0-00018 3 2324 3233 3312
practices FR940810-0-00018 1 2326
accordance FR940810-0-00018 2 2328 2430
80. FR940810-0-00018 1 2333
level FR940810-0-00018 1 2338
results FR940810-0-00018 1 2345
74.1205 FR940810-0-00018 2 2365 3160
§74.1205 FR940810-0-00018 2 2378 3177
adequate FR940810-0-00018 1 2380
ensure FR940810-0-00018 1 2382
amount FR940810-0-00018 1 2394
exist FR940810-0-00018 1 2400
when FR940810-0-00018 1 2408
viii FR940810-0-00018 1 2424
inspection FR940810-0-00018 3 2426 2461 2512
documents FR940810-0-00018 5 2428 2443 2496 2509 2775
§71.15 FR940810-0-00018 2 2432 2488
71.15 FR940810-0-00018 1 2436
relied FR940810-0-00018 1 2448
reaching FR940810-0-00018 1 2451
decision FR940810-0-00018 1 2453
approve FR940810-0-00018 1 2455
at FR940810-0-00018 2 2462 2615
address FR940810-0-00018 4 2472 2588 2630 2861
appointment FR940810-0-00018 1 2476
delete FR940810-0-00018 1 2493
materials FR940810-0-00018 1 2498
public FR940810-0-00018 1 2504
disclosure FR940810-0-00018 1 2505
before FR940810-0-00018 2 2506 2620
making FR940810-0-00018 1 2507
ix FR940810-0-00018 1 2514
environmental FR940810-0-00018 6 2516 2525 2551 2576 2894 2908
impact FR940810-0-00018 4 2517 2542 2552 2565
carefully FR940810-0-00018 1 2521
concluded FR940810-0-00018 1 2533
environment FR940810-0-00018 1 2546
statement FR940810-0-00018 1 2553
finding FR940810-0-00018 2 2561 2571
contained FR940810-0-00018 1 2573
between FR940810-0-00018 3 2591 2813 2871
am FR940810-0-00018 4 2593 2815 2873 3343
pm FR940810-0-00018 3 2596 2818 2876
monday FR940810-0-00018 3 2598 2820 2878
friday FR940810-0-00018 3 2600 2822 2880
x. FR940810-0-00018 1 2602
who FR940810-0-00018 1 2606
adversely FR940810-0-00018 1 2609
affected FR940810-0-00018 1 2610
regulation FR940810-0-00018 4 2613 2656 2804 2934
time FR940810-0-00018 1 2617
file FR940810-0-00018 1 2623
thereto FR940810-0-00018 1 2635
each FR940810-0-00018 4 2637 2645 2669 2706
objection FR940810-0-00018 11 2638 2647 2659 2667 2671 2691 2704 2708 2735 2756 2769
separately FR940810-0-00018 1 2641
numbered FR940810-0-00018 4 2642 2646 2670 2707
specify FR940810-0-00018 1 2649
particularity FR940810-0-00018 1 2651
made FR940810-0-00018 1 2661
grounds FR940810-0-00018 1 2664
so FR940810-0-00018 1 2680
state FR940810-0-00018 1 2681
failure FR940810-0-00018 2 2683 2745
request FR940810-0-00018 1 2685
constitute FR940810-0-00018 2 2693 2758
waiver FR940810-0-00018 2 2695 2760
right FR940810-0-00018 2 2698 2763
detailed FR940810-0-00018 1 2718
description FR940810-0-00018 2 2719 2750
analysis FR940810-0-00018 2 2721 2752
specific FR940810-0-00018 1 2724
factual FR940810-0-00018 1 2725
event FR940810-0-00018 1 2738
held FR940810-0-00018 1 2743
three FR940810-0-00018 1 2771
copies FR940810-0-00018 1 2772
identified FR940810-0-00018 1 2782
number FR940810-0-00018 1 2786
brackets FR940810-0-00018 1 2789
heading FR940810-0-00018 1 2792
document FR940810-0-00018 1 2795
received FR940810-0-00018 2 2799 2835
publish FR940810-0-00018 1 2826
lack FR940810-0-00018 1 2837
thereof FR940810-0-00018 1 2838
xi FR940810-0-00018 1 2844
references FR940810-0-00018 2 2846 2849
following FR940810-0-00018 1 2848
placed FR940810-0-00018 1 2852
display FR940810-0-00018 1 2854
interested FR940810-0-00018 1 2869
persons FR940810-0-00018 1 2870
1. FR940810-0-00018 2 2882 3078
e. FR940810-0-00018 1 2885
k. FR940810-0-00018 2 2886 2945
al. FR940810-0-00018 1 2888
twentyone FR940810-0-00018 1 2893
aromatic FR940810-0-00018 1 2895
amines FR940810-0-00018 1 2896
derivatives FR940810-0-00018 1 2898
longterm FR940810-0-00018 1 2900
journal FR940810-0-00018 1 2906
pathology FR940810-0-00018 1 2909
toxicology FR940810-0-00018 2 2911 2927
2:325356 FR940810-0-00018 1 2913
1978 FR940810-0-00018 1 2915
2. FR940810-0-00018 2 2917 3158
kokoski FR940810-0-00018 1 2918
c. FR940810-0-00018 1 2920
j. FR940810-0-00018 2 2921 2944
compliance FR940810-0-00018 1 2936
edited FR940810-0-00018 1 2939
f. FR940810-0-00018 1 2941
homburger FR940810-0-00018 1 2942
marquis FR940810-0-00018 1 2946
s. FR940810-0-00018 1 2948
karger FR940810-0-00018 1 2949
ny FR940810-0-00018 1 2951
pp FR940810-0-00018 1 2953
2433 FR940810-0-00018 1 2955
1985 FR940810-0-00018 1 2957
3. FR940810-0-00018 2 2959 3242
memorandum FR940810-0-00018 1 2960
conference FR940810-0-00018 1 2962
committee FR940810-0-00018 2 2967 2982
paratoluidine FR940810-0-00018 2 2970 2992
4. FR940810-0-00018 1 2975
report FR940810-0-00018 1 2976
quantitative FR940810-0-00018 1 2979
estimation FR940810-0-00018 1 2985
september FR940810-0-00018 1 3017
28 FR940810-0-00018 1 3018
1993 FR940810-0-00018 1 3020
list FR940810-0-00018 1 3022
subjects FR940810-0-00018 1 3024
authority FR940810-0-00018 3 3051 3080 3093
delegated FR940810-0-00018 1 3052
commissioner FR940810-0-00018 2 3055 3330
follows FR940810-0-00018 4 3068 3091 3175 3256
74_listing FR940810-0-00018 1 3071
citation FR940810-0-00018 1 3081
continues FR940810-0-00018 1 3087
read FR940810-0-00018 3 3089 3173 3254
secs FR940810-0-00018 1 3095
201 FR940810-0-00018 1 3097
401 FR940810-0-00018 1 3099
402 FR940810-0-00018 1 3101
403 FR940810-0-00018 1 3103
409 FR940810-0-00018 1 3105
501 FR940810-0-00018 1 3107
502 FR940810-0-00018 1 3109
505 FR940810-0-00018 1 3111
601 FR940810-0-00018 1 3113
602 FR940810-0-00018 1 3115
701 FR940810-0-00018 1 3117
321 FR940810-0-00018 1 3133
341 FR940810-0-00018 1 3135
342 FR940810-0-00018 1 3137
343 FR940810-0-00018 1 3139
348 FR940810-0-00018 1 3141
351 FR940810-0-00018 1 3143
352 FR940810-0-00018 1 3145
355 FR940810-0-00018 1 3147
361 FR940810-0-00018 1 3149
362 FR940810-0-00018 1 3151
371 FR940810-0-00018 1 3153
revising FR940810-0-00018 2 3164 3248
paragraph FR940810-0-00018 2 3165 3249
* FR940810-0-00018 23 3186 3187 3188 3189 3190 3194 3195 3196 3237 3238 3239 3240 3241 3267 3268 3269 3270 3271 3316 3317 3318 3319 3320
safely FR940810-0-00018 2 3209 3288
generally FR940810-0-00018 2 3214 3293
practice FR940810-0-00018 2 3235 3314
§74.2205 FR940810-0-00018 1 3258
restrictions FR940810-0-00018 1 3277
dated FR940810-0-00018 1 3321
michael FR940810-0-00018 1 3325
r. FR940810-0-00018 1 3326
taylor FR940810-0-00018 1 3327
deputy FR940810-0-00018 1 3329
policy FR940810-0-00018 1 3332
doc FR940810-0-00018 1 3336
9419483 FR940810-0-00018 1 3338
8994 FR940810-0-00018 1 3340
8:45 FR940810-0-00018 1 3342
billing FR940810-0-00018 1 3345
code FR940810-0-00018 1 3346
416001f FR940810-0-00018 1 3347
21 FR940810-0-00019 1 0
cfr FR940810-0-00019 1 1
