to FR941206-1-00134 161 121195 121201 121206 121304 121328 121565 121579 121655 121691 121697 121719 121783 121792 121808 121849 121890 121949 121999 122043 122079 122094 122132 122162 122210 122214 122230 122245 122321 122357 122363 122385 122449 122458 122477 122506 122536 122546 122569 122688 122774 122790 122892 122896 122906 122935 123083 123121 123169 123190 123210 123219 123242 123249 123274 123282 123293 123307 123431 123439 123480 123482 123502 123511 123514 123521 123549 123574 123594 123605 123731 123765 123773 123848 123892 123902 123918 123931 123957 123964 123989 123998 124009 124023 124092 124133 124136 124141 124183 124185 124205 124214 124222 124249 124259 124347 124514 124559 124603 124617 124624 124649 124657 124668 124682 124792 124800 124841 124843 124863 124872 124875 124882 124902 124926 124958 124992 125002 125048 125060 125132 125234 125249 125264 125462 125501 125509 125518 125521 125531 125533 125541 125577 125581 125593 125612 125634 125666 125735 125756 125762 125782 125900 125908 125955 125957 126029 126032 126037 126078 126080 126090 126101 126110 126118 126140 126161 126171 126178 126198 126213 126286
test FR941206-1-00134 7 121196 121214 123603 123621 123626 123701 123706
for FR941206-1-00134 84 121197 121216 121267 121306 121465 121480 121495 121724 121766 121789 121801 121812 121826 121859 121898 122065 122390 122432 122455 122467 122542 122551 122584 122599 122904 122909 122929 122944 122947 122999 123048 123095 123216 123225 123240 123287 123332 123376 123555 123561 123578 123584 123628 123928 123937 123955 124003 124048 124255 124264 124283 124311 124463 124468 124541 124615 124662 124707 124747 125072 125089 125111 125198 125303 125347 125389 125393 125482 125583 125618 125640 125725 125823 125841 125865 125905 125914 125963 125981 126146 126246 126251 126256 126278
pcbs FR941206-1-00134 91 121198 121217 121327 121417 121424 121637 121648 121696 121770 121791 122115 122303 122314 122362 122436 122457 122508 122541 122583 122596 122773 122807 122819 122903 122925 122946 122980 123138 123154 123224 123244 123251 123262 123303 123328 123349 123359 123396 123453 123560 123583 123632 123654 123674 123724 123854 123860 123872 123959 123966 123977 124019 124044 124060 124071 124097 124115 124155 124254 124363 124376 124453 124573 124619 124626 124637 124678 124703 124722 124732 124767 124814 124911 125196 125205 125263 125285 125595 125617 125639 125734 125755 125773 125803 125913 125962 126011 126051 126142 126236 126273
, FR941206-1-00134 206 121199 121226 121274 121322 121364 121387 121430 121436 121437 121453 121503 121515 121671 121672 121710 121738 121739 121743 121771 121799 121819 121841 121875 121882 121883 121959 121962 121964 121966 121978 121982 121985 121988 122035 122046 122071 122088 122152 122165 122183 122337 122338 122376 122404 122405 122409 122437 122465 122529 122530 122563 122564 122683 122732 122735 122808 122836 122842 122886 122887 122902 122924 122979 123044 123050 123061 123106 123109 123131 123152 123267 123281 123291 123316 123340 123342 123344 123350 123380 123410 123426 123496 123500 123508 123534 123538 123539 123544 123590 123598 123635 123637 123688 123759 123805 123807 123809 123855 123924 123950 123982 123997 124007 124032 124062 124082 124098 124128 124199 124203 124211 124242 124243 124303 124333 124374 124411 124472 124504 124531 124534 124563 124575 124642 124656 124666 124691 124715 124717 124723 124751 124781 124787 124857 124861 124869 124918 124919 124951 125022 125024 125026 125028 125033 125046 125055 125064 125066 125070 125075 125078 125081 125083 125086 125093 125095 125100 125103 125106 125109 125113 125117 125121 125178 125197 125222 125229 125258 125272 125298 125351 125356 125365 125367 125417 125426 125431 125436 125495 125606 125607 125679 125698 125704 125706 125709 125767 125814 125817 125820 125832 125844 125860 125880 125942 125979 125994 126024 126095 126099 126107 126134 126135 126176 126190 126230
and FR941206-1-00134 125 121200 121231 121294 121408 121445 121459 121544 121642 121657 121665 121669 121727 121836 121916 121942 122092 122217 122308 122323 122331 122335 122393 122544 122556 122609 122685 122711 122750 122916 122931 123023 123031 123052 123070 123078 123161 123227 123278 123334 123345 123368 123402 123418 123427 123434 123470 123532 123542 123551 123563 123576 123586 123639 123647 123691 123715 123798 123810 123829 123899 123922 123939 123993 124050 124056 124121 124129 124172 124235 124257 124269 124314 124329 124336 124387 124403 124424 124493 124522 124536 124570 124587 124653 124709 124718 124773 124788 124795 124831 124891 124906 124928 125029 125036 125091 125097 125224 125239 125253 125279 125332 125353 125398 125412 125440 125444 125511 125654 125677 125696 125700 125768 125827 125835 125846 125873 125930 125936 125990 126017 126025 126068 126150 126244 126253
return FR941206-1-00134 1 121202
( FR941206-1-00134 43 121203 121356 121399 121539 121593 121596 121599 121633 121660 121733 121816 121830 121877 121976 122024 122137 122259 122262 122265 122299 122326 122399 122524 122692 122967 123231 123408 123663 123675 123943 124237 124288 124355 124779 124969 125326 125329 125333 125387 125601 126129 126174 126228
export FR941206-1-00134 21 121204 122501 122507 122537 122897 123220 123243 123326 123485 123556 123579 123595 123932 123958 124042 124188 124250 124618 124701 124846 126083
) FR941206-1-00134 43 121205 121360 121401 121543 121595 121598 121601 121635 121673 121740 121818 121843 121879 121991 122034 122139 122261 122264 122267 122301 122339 122406 122526 122694 122972 123233 123425 123665 123678 123945 124239 124290 124357 124786 124974 125328 125331 125335 125391 125603 126131 126181 126233
the FR941206-1-00134 308 121207 121249 121323 121349 121353 121391 121396 121405 121409 121419 121423 121426 121431 121442 121448 121457 121471 121475 121478 121487 121496 121535 121545 121575 121603 121609 121618 121631 121639 121643 121658 121686 121693 121698 121701 121748 121753 121767 121772 121790 121796 121802 121809 121851 121893 121907 121911 121945 121969 121973 122005 122013 122054 122072 122081 122090 122098 122102 122114 122127 122144 122153 122171 122184 122199 122204 122218 122241 122269 122275 122284 122297 122305 122309 122324 122352 122359 122364 122367 122414 122419 122433 122438 122456 122462 122468 122479 122488 122517 122547 122554 122617 122634 122651 122662 122716 122725 122738 122751 122758 122769 122792 122810 122856 122912 122952 122960 122974 123015 123034 123040 123062 123068 123093 123112 123116 123142 123153 123172 123175 123212 123235 123253 123261 123268 123276 123284 123297 123325 123338 123348 123354 123358 123366 123381 123400 123443 123449 123455 123472 123488 123492 123503 123522 123525 123571 123591 123599 123613 123617 123629 123643 123656 123667 123670 123697 123721 123726 123783 123787 123851 123865 123874 123878 123896 123968 123976 123983 123991 123994 124000 124013 124041 124054 124059 124066 124070 124078 124094 124099 124108 124119 124145 124151 124157 124174 124180 124191 124195 124206 124223 124226 124260 124267 124317 124324 124348 124362 124385 124392 124396 124407 124412 124416 124425 124440 124445 124450 124455 124459 124488 124491 124495 124499 124505 124517 124523 124545 124550 124566 124576 124605 124610 124628 124636 124643 124651 124659 124672 124700 124713 124721 124727 124731 124739 124752 124771 124804 124810 124816 124833 124849 124853 124864 124883 124886 124904 124949 124987 125044 125140 125153 125158 125172 125212 125217 125235 125244 125250 125254 125265 125273 125277 125299 125320 125337 125372 125394 125408 125413 125418 125442 125464 125486 125490 125512 125529 125551 125561 125648 125658 125712 125716 125731 125742 125747 125751 125769 125795 125799 125807 125858 125922 125971 126015 126041 126047 126053 126070 126086 126091 126102 126119 126122 126192 126235 126241 126270
canadian FR941206-1-00134 4 121208 121497 121507 121810
utilities FR941206-1-00134 4 121209 121498 121508 122002
any FR941206-1-00134 13 121210 121779 122445 123288 123462 124004 124164 124663 124823 125260 125287 125348 126060
unused FR941206-1-00134 1 121211
samples FR941206-1-00134 16 121212 121262 121319 121350 121895 121913 121931 121994 122029 122082 122128 123379 123816 123819 123822 124750
that FR941206-1-00134 87 121213 121234 121311 121338 121343 121367 121390 121438 121486 121506 121528 121574 121581 121630 121679 121715 121747 121910 121972 122016 122057 122101 122156 122187 122240 122247 122296 122345 122381 122413 122580 122660 122679 122700 122768 122799 122823 122846 122864 122977 123027 123038 123064 123115 123146 123178 123304 123319 123616 123708 123729 123786 123867 123877 124020 124035 124088 124291 124320 124361 124395 124415 124458 124486 124508 124548 124679 124694 124955 124962 125015 125182 125211 125247 125259 125276 125340 125375 125421 125475 125573 125652 125715 125750 125798 125945 126195
positive FR941206-1-00134 4 121215 123683 123818 123821
following FR941206-1-00134 3 121218 121271 124435
their FR941206-1-00134 21 121219 121272 121368 121501 121531 121721 121938 122009 122066 122148 122387 122890 122936 123596 123608 124125 124380 124469 124511 124555 126021
analysis FR941206-1-00134 13 121220 121273 121386 121768 121805 121829 121900 122434 122471 123071 123630 124408 124582
. FR941206-1-00134 212 121221 121243 121245 121248 121260 121270 121308 121335 121361 121384 121428 121467 121483 121499 121525 121555 121557 121562 121570 121602 121626 121674 121704 121707 121732 121741 121758 121806 121844 121869 121871 121880 121901 121903 121906 121929 121968 121990 122012 122053 122068 122097 122124 122141 122181 122220 122222 122227 122236 122268 122292 122340 122370 122373 122398 122407 122424 122472 122499 122509 122519 122521 122527 122561 122572 122574 122577 122594 122616 122633 122650 122696 122715 122737 122765 122788 122820 122861 122881 122920 122939 122973 122997 123014 123033 123058 123092 123111 123141 123174 123200 123202 123207 123234 123256 123314 123370 123389 123458 123476 123527 123529 123536 123565 123567 123570 123588 123612 123642 123666 123696 123725 123740 123782 123820 123838 123873 123908 123910 123915 123946 123971 124030 124080 124107 124160 124178 124228 124230 124240 124274 124276 124279 124306 124316 124358 124371 124391 124405 124439 124454 124478 124501 124544 124561 124593 124595 124600 124609 124631 124689 124741 124760 124819 124837 124888 124912 124916 124942 124944 124947 124986 125010 125012 125040 125128 125169 125185 125206 125243 125269 125336 125371 125406 125452 125454 125459 125471 125526 125550 125586 125596 125598 125604 125626 125628 125631 125646 125687 125711 125746 125794 125830 125854 125890 125892 125897 125920 125970 126004 126056 126074 126124 126126 126132 126152 126154 126157 126217 126234 126266 126285
on FR941206-1-00134 21 121222 121313 121560 121881 122225 122528 122562 123075 123205 123537 123742 123913 124241 124598 124917 125171 125447 125457 125605 125895 126133
may FR941206-1-00134 3 121223 122189 126000
13 FR941206-1-00134 1 121224
1994 FR941206-1-00134 2 121225 121842
jaco FR941206-1-00134 11 121227 121242 121309 121336 121365 121388 121484 121504 121517 121526 121538
amended FR941206-1-00134 6 121228 122889 123504 124207 124865 126103
its FR941206-1-00134 14 121229 122570 122840 123272 123406 123484 123987 124187 124542 124647 124777 124845 126082 126184
petition FR941206-1-00134 60 121230 121247 121502 121532 121561 121569 121888 121905 122149 122226 122235 122535 122571 122576 122841 122868 122891 123041 123097 123182 123206 123367 123407 123416 123432 123469 123569 123884 123914 124079 124127 124134 124171 124248 124278 124556 124599 124608 124740 124778 124793 124830 124898 124946 124950 125045 125379 125458 125465 125549 125611 125630 125649 125859 125896 126023 126030 126067 126139 126156
notified FR941206-1-00134 1 121232
epa FR941206-1-00134 47 121233 121563 121571 121627 121675 121711 121744 121845 122228 122237 122293 122341 122377 122410 122473 122502 122593 123208 123317 123433 123459 123493 123515 123916 123951 124033 124135 124161 124196 124305 124601 124692 124794 124820 124854 124876 124895 125460 125473 125496 125527 125589 125898 125943 126031 126057 126092
national FR941206-1-00134 2 121235 124231
chem FR941206-1-00134 1 121236
lab FR941206-1-00134 1 121237
has FR941206-1-00134 23 121238 121572 121577 121605 121628 121676 121745 121750 121774 122238 122243 122271 122294 122342 122411 122416 122440 122680 123386 124104 124757 125166 125976
been FR941206-1-00134 8 121239 122681 123387 124105 124758 125167 125558 125977
acquired FR941206-1-00134 1 121240
by FR941206-1-00134 25 121241 121380 122516 122592 122602 122858 122983 123158 123360 123474 123711 123801 124072 124176 124379 124400 124432 124483 124733 124835 125467 125741 125806 125927 126072
a FR941206-1-00134 73 121244 121285 121314 121462 121713 121787 121902 122017 122037 122379 122453 122573 122668 122677 122797 122801 122872 122883 122993 123024 123125 123148 123165 123186 123446 123466 123497 123566 123761 123780 123803 123887 124148 124168 124200 124275 124484 124527 124807 124827 124858 124943 124960 124976 124982 124995 125003 125191 125199 125345 125362 125382 125399 125428 125433 125448 125503 125524 125564 125610 125627 125667 125674 125783 125883 125997 126044 126064 126096 126138 126153 126196 126211
current FR941206-1-00134 8 121246 121904 122575 123568 124277 124945 125629 126155
sample FR941206-1-00134 5 121250 121257 121450 121514 121524
sizes FR941206-1-00134 1 121251
would FR941206-1-00134 46 121252 121263 121281 121301 121331 121377 121492 121533 121616 121920 121932 122047 122062 122074 122107 122116 122129 122206 122282 123155 123183 123391 123428 123460 123509 123747 124110 124130 124162 124212 124762 124789 124821 124870 125380 125423 125497 125556 125690 125886 126006 126026 126108 126209 126237 126274
be FR941206-1-00134 67 121253 121265 121282 121302 121329 121332 121493 121764 121793 121921 121933 122048 122063 122108 122130 122163 122176 122190 122208 122430 122459 122637 122654 122674 122704 122722 122775 122827 123056 123073 123099 123122 123156 123392 123429 123512 123735 123846 123862 124090 124111 124131 124215 124763 124790 124873 125019 125049 125187 125291 125317 125499 125691 125720 125736 125739 125757 125760 125780 125839 125888 126002 126007 126027 126111 126238 126275
2.5 FR941206-1-00134 3 121254 122804 123421
milliliters FR941206-1-00134 7 121255 121433 122033 122764 123011 123756 123775
per FR941206-1-00134 11 121256 121320 121513 121523 122628 122879 123139 123193 123738 125765 125792
of FR941206-1-00134 171 121258 121317 121326 121348 121370 121434 121470 121490 121530 121537 121547 121623 121636 121647 121653 121689 121695 121700 121729 121769 121804 121834 121853 121896 121924 121937 121992 122008 122019 122022 122113 122120 122126 122170 122289 122302 122313 122319 122355 122361 122366 122395 122435 122470 122481 122511 122540 122558 122641 122690 122708 122718 122742 122772 122803 122806 122818 122855 122866 122876 122900 122914 122954 122963 122969 123003 123012 123119 123137 123167 123180 123188 123223 123301 123327 123347 123357 123399 123451 123524 123559 123582 123607 123631 123653 123669 123723 123751 123757 123763 123768 123776 123813 123832 123853 123859 123871 123880 123882 123935 124017 124043 124058 124069 124096 124118 124153 124225 124233 124253 124271 124326 124452 124490 124498 124510 124526 124553 124568 124589 124676 124702 124720 124730 124770 124812 124885 124910 125152 125163 125175 125193 125201 125204 125219 125237 125262 125282 125306 125311 125322 125377 125396 125477 125492 125505 125547 125563 125616 125638 125660 125669 125673 125733 125754 125772 125787 125802 125809 125848 125882 125912 125961 125985 125996 126014 126049 126121 126169 126203 126272
oil FR941206-1-00134 9 121259 121276 121296 121372 121411 121427 121897 121912 123638
these FR941206-1-00134 17 121261 121614 121930 121993 122280 122512 122595 122719 122824 122948 122978 123000 123743 124307 124321 124375 125016
then FR941206-1-00134 2 121264 122610
analyzed FR941206-1-00134 6 121266 122598 122982 124378 124467 125840
pcb FR941206-1-00134 47 121268 121354 121624 121730 121828 121854 121857 121899 122038 122058 122290 122396 122482 122485 122618 122743 122754 123309 123377 123602 123620 123682 123700 123936 124025 124085 124460 124581 124684 124748 124935 125213 125227 125309 125363 125671 125717 125842 125861 125870 125875 125884 125987 125991 125998 126165 126207
content FR941206-1-00134 3 121269 124470 125843
waste FR941206-1-00134 12 121275 121295 121371 121625 121731 122291 122397 124939 124966 125430 125836 126267
499 FR941206-1-00134 2 121277 121375
ppm FR941206-1-00134 11 121278 121298 121359 121376 123687 123690 123693 124973 125195 125295 125315
or FR941206-1-00134 29 121279 121299 121777 121856 121927 122027 122443 122484 122785 123171 123292 123296 123445 124008 124012 124147 124667 124671 124806 124940 124967 125124 125226 125301 125369 125790 125821 126043 126262
less FR941206-1-00134 13 121280 121344 121928 122030 123008 123133 123411 123419 124782 124970 125312 125791 126224
recycled FR941206-1-00134 1 121283
in FR941206-1-00134 137 121284 121352 121362 121404 121441 121461 121474 121500 121551 121589 121621 121645 121708 121867 121922 121996 122003 122050 122069 122083 122142 122203 122255 122287 122311 122374 122487 122497 122553 122622 122630 122639 122644 122665 122676 122706 122757 122777 122829 122839 122871 122874 122882 122911 122926 122951 122992 123059 123080 123085 123124 123185 123195 123311 123324 123329 123365 123397 123405 123442 123448 123553 123633 123649 123694 123720 123754 123771 123779 123833 123864 123889 123905 124027 124040 124045 124077 124116 124124 124144 124150 124266 124323 124337 124341 124420 124429 124502 124591 124686 124699 124704 124738 124768 124776 124803 124809 124893 124908 124930 124948 124984 125000 125007 125043 125157 125241 125270 125286 125404 125489 125514 125536 125539 125545 125569 125572 125621 125643 125647 125849 125857 125917 125966 125983 126012 126020 126040 126046 126143 126148 126167 126188 126240 126248 126258 126280
high FR941206-1-00134 2 121286 122988
efficiency FR941206-1-00134 1 121287
boiler FR941206-1-00134 1 121288
at FR941206-1-00134 18 121289 121954 122178 122724 122728 123101 123132 123516 123659 123685 124217 124351 124877 125190 125693 126113 126183 126223
big FR941206-1-00134 1 121290
stone FR941206-1-00134 1 121291
utility FR941206-1-00134 1 121292
; FR941206-1-00134 3 121293 125296 125878
500 FR941206-1-00134 4 121297 123130 123732 124784
greater FR941206-1-00134 3 121300 121373 121494
sent FR941206-1-00134 1 121303
aptus FR941206-1-00134 1 121305
incineration FR941206-1-00134 2 121307 126279
estimates FR941206-1-00134 8 121310 121366 122767 122863 123177 125181 125749 126194
based FR941206-1-00134 3 121312 123741 125170
submittal FR941206-1-00134 1 121315
rate FR941206-1-00134 1 121316
50000 FR941206-1-00134 3 121318 125161 125173
year FR941206-1-00134 14 121321 122052 122779 122880 123126 123194 123218 123739 123781 123898 123930 125766 125907 126215
total FR941206-1-00134 10 121324 122740 122753 122770 123117 123762 125200 125752 125770 126218
volume FR941206-1-00134 4 121325 121369 122741 122755
imported FR941206-1-00134 4 121330 121794 122049 122460
6 FR941206-1-00134 8 121333 121592 122258 123518 124219 124879 125325 126115
gallons FR941206-1-00134 2 121334 121382
maintains FR941206-1-00134 7 121337 121527 123114 124394 125014 125246 125797
historical FR941206-1-00134 1 121339
laboratory FR941206-1-00134 6 121340 122123 122956 122996 124521 125777
data FR941206-1-00134 3 121341 125520 125544
indicates FR941206-1-00134 4 121342 121505 124449 124494
than FR941206-1-00134 14 121345 121374 122031 123009 123134 123247 123412 123420 123962 124622 124783 124971 125313 126225
5 FR941206-1-00134 10 121346 121925 122032 122748 122763 122816 123135 123906 126214 126260
percent FR941206-1-00134 2 121347 122045
are FR941206-1-00134 26 121351 121821 121863 122493 122597 122620 122981 123322 123373 123679 123718 123823 123830 123840 124038 124339 124366 124377 124418 124442 124466 124697 124744 125057 125863 125940
classification FR941206-1-00134 1 121355
over FR941206-1-00134 1 121357
50 FR941206-1-00134 5 121358 122028 124972 125314 125402
addition FR941206-1-00134 7 121363 121694 122070 122360 123060 124503 125271
only FR941206-1-00134 4 121378 124471 125722 125937
increase FR941206-1-00134 5 121379 123441 124143 124802 126039
3 FR941206-1-00134 7 121381 121597 122020 122263 124229 125334 126212
annually FR941206-1-00134 1 121383
during FR941206-1-00134 2 121385 123067
states FR941206-1-00134 41 121389 121485 121641 121703 121798 121909 121971 122056 122100 122155 122307 122369 122464 122490 122579 122699 122822 122845 122976 123037 123145 123255 123270 123970 123985 124319 124360 124414 124457 124507 124547 124630 124645 124954 125148 125275 125339 125374 125420 125651 125714
1 FR941206-1-00134 12 121392 122051 122520 122642 122778 123217 123417 123929 125597 125906 126226 126263
microliter FR941206-1-00134 1 121393
injected FR941206-1-00134 1 121394
into FR941206-1-00134 8 121395 121638 121795 122304 122461 124975 125479 125867
gas FR941206-1-00134 4 121397 122607 123796 124386
chromatograph FR941206-1-00134 1 121398
gc FR941206-1-00134 2 121400 121449
is FR941206-1-00134 45 121402 121439 121451 121454 121520 121583 121685 121786 121995 122158 122195 122249 122351 122452 122950 122958 123018 123028 123042 123065 123258 123623 123703 123709 123973 124398 124409 124427 124476 124481 124557 124633 124994 125149 125215 125231 125267 125359 125410 125415 125566 125681 125804 125924 126221
destroyed FR941206-1-00134 1 121403
destructive FR941206-1-00134 1 121406
detector FR941206-1-00134 1 121407
residual FR941206-1-00134 2 121410 124474
from FR941206-1-00134 26 121412 121425 121456 121612 121892 121914 121935 122041 122278 122588 123197 123299 123394 123817 124015 124113 124299 124368 124674 124765 124934 125139 125319 125951 126009 126269
this FR941206-1-00134 23 121413 121468 121567 122179 122193 122867 123096 123181 123257 123312 123883 123972 124028 124632 124687 125052 125378 125515 125537 125548 125570 125574 125688
process FR941206-1-00134 12 121414 121421 121444 121464 122091 123550 123575 124927 124988 124997 125053 125414
contains FR941206-1-00134 2 121415 122800
no FR941206-1-00134 14 121416 121584 121760 122103 122111 122250 122426 123374 123841 124084 124473 124745 125506 125946
since FR941206-1-00134 6 121418 123371 123856 124083 124742 125357
extraction FR941206-1-00134 3 121420 121443 121476
removes FR941206-1-00134 1 121422
further FR941206-1-00134 4 121429 121742 122408 124081
9.4 FR941206-1-00134 1 121432
2,2 FR941206-1-00134 1 121435
used FR941206-1-00134 9 121440 121473 121765 122431 123710 123847 123863 124091 124310
remaining FR941206-1-00134 1 121446
after FR941206-1-00134 1 121447
run FR941206-1-00134 1 121452
separated FR941206-1-00134 1 121455
acid FR941206-1-00134 2 121458 121983
reclaimed FR941206-1-00134 1 121460
distillation FR941206-1-00134 1 121463
reuse FR941206-1-00134 1 121466
recycling FR941206-1-00134 1 121469
solvent FR941206-1-00134 4 121472 121481 122632 123013
eliminates FR941206-1-00134 1 121477
need FR941206-1-00134 2 121479 125346
disposal FR941206-1-00134 6 121482 122096 125352 125390 125487 125582
economic FR941206-1-00134 6 121488 122145 122160 122172 123808 124551
consequences FR941206-1-00134 3 121489 122146 124552
denial FR941206-1-00134 6 121491 121529 122865 123179 123881 125376
currently FR941206-1-00134 4 121509 123645 124281 125682
pay FR941206-1-00134 1 121510
$ FR941206-1-00134 8 121511 121521 122877 123191 123893 123900 125384 125401
100 FR941206-1-00134 4 121512 122044 122783 123413
while FR941206-1-00134 3 121516 122809 125730
's FR941206-1-00134 6 121518 122201 122233 122941 124519 124607
cost FR941206-1-00134 4 121519 123879 124584 125388
15 FR941206-1-00134 1 121522
limit FR941206-1-00134 1 121534
growth FR941206-1-00134 1 121536
4 FR941206-1-00134 3 121540 121870 123903
additional FR941206-1-00134 4 121541 123308 124024 124683
jobs FR941206-1-00134 2 121542 121549
number FR941206-1-00134 3 121546 121984 123118
nonm FR941206-1-00134 1 121548
available FR941206-1-00134 3 121550 123843 125685
eastern FR941206-1-00134 1 121552
washington FR941206-1-00134 1 121553
state FR941206-1-00134 4 121554 123615 123785 125395
b FR941206-1-00134 9 121556 121600 122221 122266 123201 123909 124594 125453 125891
proposed FR941206-1-00134 7 121558 122223 123203 123911 124596 125455 125893
decision FR941206-1-00134 7 121559 122224 123204 123912 124597 125456 125894
proposes FR941206-1-00134 9 121564 122229 123209 123917 124602 124991 125131 125461 125899
deny FR941206-1-00134 3 121566 122231 125463
exemption FR941206-1-00134 43 121568 121887 122234 122534 122895 122938 122943 123215 123241 123437 123457 123468 123495 123526 123548 123658 123927 123956 124126 124139 124159 124170 124198 124227 124247 124350 124616 124798 124818 124829 124856 124887 124901 124925 125409 125904 125954 126022 126035 126055 126066 126094 126123
determined FR941206-1-00134 7 121573 121629 121746 122239 122295 122412 125740
petitioner FR941206-1-00134 41 121576 121604 121749 121773 121908 121970 122014 122055 122073 122099 122154 122185 122200 122242 122270 122415 122439 122518 122975 123035 123113 123143 123176 123644 124318 124393 124413 124456 124506 124546 124577 125245 125274 125338 125373 125419 125530 125713 125748 125796 126193
failed FR941206-1-00134 2 121578 122244
establish FR941206-1-00134 2 121580 122246
there FR941206-1-00134 11 121582 121785 121820 121862 122157 122248 122451 122492 123372 123839 124743
unreasonable FR941206-1-00134 7 121585 121651 122104 122251 122317 125507 125947
risk FR941206-1-00134 8 121586 121652 122105 122252 122318 123166 125508 125948
as FR941206-1-00134 26 121587 121782 122253 122448 122612 123351 123353 123363 123465 123795 123947 124063 124065 124075 124167 124330 124516 124724 124726 124736 124826 125041 125723 125812 125855 126063
required FR941206-1-00134 6 121588 122254 123430 124132 124791 126028
tsca FR941206-1-00134 6 121590 121690 122256 122356 125323 126283
section FR941206-1-00134 3 121591 122257 125324
e FR941206-1-00134 3 121594 122260 125327
not FR941206-1-00134 27 121606 121751 121775 121847 122175 122196 122207 122272 122417 122441 122475 122624 122746 122761 122781 122814 123128 123163 125058 125216 125343 125360 125498 125567 125683 125887 126001
demonstrated FR941206-1-00134 4 121607 121776 122273 122442
how FR941206-1-00134 2 121608 122274
benefits FR941206-1-00134 2 121610 122276
accruing FR941206-1-00134 2 121611 122277
granting FR941206-1-00134 3 121613 122279 125952
petitions FR941206-1-00134 11 121615 122281 122505 122513 123239 123248 123954 123963 124614 124623 125592
outweigh FR941206-1-00134 2 121617 122283
risks FR941206-1-00134 3 121619 122213 122285
inherent FR941206-1-00134 2 121620 122286
importation FR941206-1-00134 2 121622 122288
import FR941206-1-00134 4 121632 121891 122298 124567
manufacture FR941206-1-00134 10 121634 122300 125588 125594 125613 125909 125958 126141 126162 126271
united FR941206-1-00134 13 121640 121702 121797 122306 122368 122463 122489 123254 123269 123969 123984 124629 124644
distribution FR941206-1-00134 9 121644 122310 123279 123610 123995 124654 124892 124907 126247
commerce FR941206-1-00134 7 121646 122312 123554 123650 124894 124909 124931
present FR941206-1-00134 3 121649 122315 123164
an FR941206-1-00134 31 121650 121886 121997 122084 122121 122167 122316 122533 122567 122894 123214 123436 123440 123547 123624 123704 123926 124138 124142 124246 124579 124797 124801 124900 124924 125579 125903 125953 126034 126038 126204
injury FR941206-1-00134 3 121654 122320 123168
health FR941206-1-00134 7 121656 122322 123170 123295 124011 124670 125510
environment FR941206-1-00134 12 121659 121699 122219 122325 122365 123173 123298 124014 124673 125266 125443 125513
see FR941206-1-00134 6 121661 121734 121831 122327 122400 125344
40 FR941206-1-00134 5 121662 122328 122832 123660 124352
cfr FR941206-1-00134 5 121663 122329 122833 123661 124353
761.20 FR941206-1-00134 2 121664 122330
44 FR941206-1-00134 2 121666 122332
fr FR941206-1-00134 4 121667 121736 122333 122402
31514 FR941206-1-00134 2 121668 122334
31537 FR941206-1-00134 2 121670 122336
also FR941206-1-00134 8 121677 122343 122698 122844 123036 123144 125209 125831
stated FR941206-1-00134 3 121678 122344 123948
`` FR941206-1-00134 2 121680 122346
[ FR941206-1-00134 2 121681 122347
i FR941206-1-00134 2 121682 122348
] FR941206-1-00134 2 121683 122349
t FR941206-1-00134 2 121684 122350
clear FR941206-1-00134 2 121687 122353
intent FR941206-1-00134 2 121688 122354
minimize FR941206-1-00134 2 121692 122358
'' FR941206-1-00134 2 121705 122371
id FR941206-1-00134 2 121706 122372
1980 FR941206-1-00134 2 121709 122375
issued FR941206-1-00134 2 121712 122378
policy FR941206-1-00134 2 121714 122380
encouraged FR941206-1-00134 2 121716 122382
foreign FR941206-1-00134 6 121717 122383 122712 122907 123046 123198
countries FR941206-1-00134 2 121718 122384
develop FR941206-1-00134 2 121720 122386
own FR941206-1-00134 2 121722 122388
capacity FR941206-1-00134 2 121723 122389
properly FR941206-1-00134 3 121725 122211 122391
handling FR941206-1-00134 14 121726 122112 122392 122854 123277 123356 123452 123992 124068 124154 124652 124729 124813 126050
disposing FR941206-1-00134 2 121728 122394
45 FR941206-1-00134 3 121735 122401 123692
29115 FR941206-1-00134 2 121737 122403
met FR941206-1-00134 8 121752 122109 122418 123388 124106 124759 125559 125978
good FR941206-1-00134 7 121754 122420 123382 124100 124753 125552 125972
faith FR941206-1-00134 7 121755 122421 123383 124101 124754 125553 125973
efforts FR941206-1-00134 6 121756 122422 123384 124102 124755 125554
criterion FR941206-1-00134 5 121757 122423 124103 125555 125975
although FR941206-1-00134 3 121759 122425 125472
nonb FR941206-1-00134 2 121761 122427
substitutes FR941206-1-00134 6 121762 122428 123375 123842 124086 124746
can FR941206-1-00134 6 121763 122174 122429 123845 124089 125018
provided FR941206-1-00134 2 121778 122444
convincing FR941206-1-00134 2 121780 122446
rationale FR941206-1-00134 2 121781 122447
why FR941206-1-00134 2 121784 122450
necessity FR941206-1-00134 2 121788 122454
solely FR941206-1-00134 2 121800 122466
purpose FR941206-1-00134 2 121803 122469
according FR941206-1-00134 6 121807 122131 122687 122789 122934 126089
association FR941206-1-00134 1 121811
environmental FR941206-1-00134 8 121813 121873 122559 122585 122917 122932 124272 124312
analytical FR941206-1-00134 10 121814 121822 121950 121974 122613 122793 123378 123705 124382 124749
laboratories FR941206-1-00134 3 121815 121823 122078
cael FR941206-1-00134 2 121817 121832
within FR941206-1-00134 4 121824 123252 123967 124627
canada FR941206-1-00134 1 121825
conducting FR941206-1-00134 1 121827
lists FR941206-1-00134 1 121833
accredited FR941206-1-00134 1 121835
certified FR941206-1-00134 7 121837 122684 123498 124201 124528 124859 126097
labs FR941206-1-00134 1 121838
- FR941206-1-00134 3 121839 123415 123423
january FR941206-1-00134 1 121840
does FR941206-1-00134 3 121846 122474 125342
want FR941206-1-00134 2 121848 122476
encourage FR941206-1-00134 2 121850 122478
expansion FR941206-1-00134 2 121852 122480
products FR941206-1-00134 9 121855 122483 122949 124932 125242 125307 125481 125829 125834
services FR941206-1-00134 2 121858 122486
companies FR941206-1-00134 2 121860 122589
when FR941206-1-00134 3 121861 122491 124564
feasible FR941206-1-00134 3 121864 122494 125889
alternatives FR941206-1-00134 2 121865 122495
already FR941206-1-00134 3 121866 122496 122590
place FR941206-1-00134 4 121868 122118 122498 122666
erthco FR941206-1-00134 4 121872 121878 121884 122232
service FR941206-1-00134 1 121874
inc. FR941206-1-00134 5 121876 121952 123545 123925 126128
submitted FR941206-1-00134 12 121885 121943 122532 122566 123513 124216 124245 124874 125466 125609 126112 126137
requesting FR941206-1-00134 2 121889 124899
philippines FR941206-1-00134 2 121894 122205
transformers FR941206-1-00134 2 121915 125225
other FR941206-1-00134 3 121917 123640 124532
electrical FR941206-1-00134 2 121918 122010
equipment FR941206-1-00134 3 121919 122011 125368
vials FR941206-1-00134 2 121923 126250
milliliter FR941206-1-00134 6 121926 122629 122643 124344 126261 126264
collected FR941206-1-00134 1 121934
clients FR941206-1-00134 1 121936
manila FR941206-1-00134 1 121939
branch FR941206-1-00134 1 121940
office FR941206-1-00134 2 121941 121948
through FR941206-1-00134 3 121944 122847 123147
rancho FR941206-1-00134 1 121946
cordova/sacramento FR941206-1-00134 1 121947
associates FR941206-1-00134 1 121951
located FR941206-1-00134 1 121953
4011 FR941206-1-00134 1 121955
power FR941206-1-00134 2 121956 122001
inn FR941206-1-00134 1 121957
road FR941206-1-00134 1 121958
suite FR941206-1-00134 1 121960
g FR941206-1-00134 3 121961 123664 124356
sacramento FR941206-1-00134 1 121963
ca FR941206-1-00134 1 121965
95826 FR941206-1-00134 1 121967
evaluations FR941206-1-00134 1 121975
eg FR941206-1-00134 1 121977
dielectric FR941206-1-00134 1 121979
breakdown FR941206-1-00134 1 121980
voltage FR941206-1-00134 1 121981
dissipation FR941206-1-00134 1 121986
factor FR941206-1-00134 1 121987
etc FR941206-1-00134 1 121989
effort FR941206-1-00134 2 121998 125974
assist FR941206-1-00134 1 122000
understanding FR941206-1-00134 1 122004
inner FR941206-1-00134 1 122006
performance FR941206-1-00134 2 122007 122913
expects FR941206-1-00134 1 122015
maximum FR941206-1-00134 5 122018 122739 122752 122802 125784
liters FR941206-1-00134 2 122021 122749
fluid FR941206-1-00134 1 122023
250 FR941206-1-00134 2 122025 123730
ml FR941206-1-00134 1 122026
with FR941206-1-00134 10 122036 122831 123087 123826 123835 124296 125308 125775 125851 126282
concentration FR941206-1-00134 2 122039 125192
range FR941206-1-00134 2 122040 126243
0 FR941206-1-00134 1 122042
release FR941206-1-00134 3 122059 125261 125801
prevention FR941206-1-00134 1 122060
measures FR941206-1-00134 1 122061
implemented FR941206-1-00134 1 122064
shipments FR941206-1-00134 1 122067
require FR941206-1-00134 1 122075
all FR941206-1-00134 4 122076 122701 122709 125825
contracting FR941206-1-00134 1 122077
handle FR941206-1-00134 1 122080
environmentally FR941206-1-00134 1 122085
sound FR941206-1-00134 3 122086 125031 125107
manner FR941206-1-00134 5 122087 123450 124152 124811 126048
throughout FR941206-1-00134 1 122089
up FR941206-1-00134 2 122093 123189
final FR941206-1-00134 1 122095
criteria FR941206-1-00134 1 122106
because FR941206-1-00134 9 122110 122198 123259 123974 124509 124634 125560 125921 125980
take FR941206-1-00134 1 122117
outside FR941206-1-00134 1 122119
experienced FR941206-1-00134 2 122122 125931
transportation FR941206-1-00134 5 122125 122135 122691 122713 123054
international FR941206-1-00134 4 122133 122548 123609 124261
air FR941206-1-00134 2 122134 123049
authority FR941206-1-00134 1 122136
iata FR941206-1-00134 1 122138
guidelines FR941206-1-00134 1 122140
quantifying FR941206-1-00134 1 122143
if FR941206-1-00134 8 122147 122192 123039 123477 124179 124838 125407 126075
were FR941206-1-00134 7 122150 123479 124182 124292 124309 124840 126077
denied FR941206-1-00134 1 122151
major FR941206-1-00134 1 122159
benefit FR941206-1-00134 1 122161
realized FR941206-1-00134 1 122164
but FR941206-1-00134 3 122166 125056 125230
accurate FR941206-1-00134 1 122168
estimate FR941206-1-00134 2 122169 123876
impact FR941206-1-00134 1 122173
given FR941206-1-00134 4 122177 123337 124053 124712
time FR941206-1-00134 1 122180
moreover FR941206-1-00134 1 122182
believes FR941206-1-00134 5 122186 123318 124034 124578 124693
it FR941206-1-00134 2 122188 125422
liable FR941206-1-00134 1 122191
activity FR941206-1-00134 3 122194 123094 125689
allowed FR941206-1-00134 1 122197
operation FR941206-1-00134 1 122202
able FR941206-1-00134 2 122209 125500
determine FR941206-1-00134 3 122212 123850 124093
personnel FR941206-1-00134 6 122215 122860 123160 123362 124074 124735
safety FR941206-1-00134 4 122216 124437 125104 125446
c. FR941206-1-00134 4 122500 124914 124921 125469
received FR941206-1-00134 5 122503 124373 124462 124896 125590
four FR941206-1-00134 1 122504
one FR941206-1-00134 3 122510 124897 125151
was FR941206-1-00134 1 122514
withdrawn FR941206-1-00134 1 122515
sigmaaldrich FR941206-1-00134 20 122522 122525 122531 122565 122578 122697 122726 122766 122791 122821 122843 122862 122888 122921 122940 122970 123213 123390 123456 123478
corporation FR941206-1-00134 5 122523 122971 123531 123541 123921
small FR941206-1-00134 18 122538 122898 122927 123221 123330 123557 123580 123651 123933 124046 124251 124705 125614 125636 125910 125938 125959 126144
quantities FR941206-1-00134 24 122539 122899 122928 123222 123331 123403 123558 123581 123652 123934 124047 124122 124252 124706 124774 125615 125637 125911 125939 125960 126018 126145 126168 126265
research FR941206-1-00134 21 122543 122933 123226 123333 123562 123585 123938 124049 124256 124315 124708 125535 125624 125656 125695 125728 125866 125923 125968 125982 126149
development FR941206-1-00134 13 122545 123228 123335 123564 123587 123940 124051 124258 124465 124710 125697 125984 126151
monitoring FR941206-1-00134 5 122549 122586 124262 124313 124565
community FR941206-1-00134 2 122550 124263
use FR941206-1-00134 16 122552 122910 124265 124497 124959 124993 125236 125562 125619 125641 125808 125881 125915 125964 125995 126147
identification FR941206-1-00134 2 122555 124268
quantification FR941206-1-00134 2 122557 124270
contaminants FR941206-1-00134 2 122560 124273
amendment FR941206-1-00134 3 122568 123369 123424
they FR941206-1-00134 3 122581 122850 124364
obtain FR941206-1-00134 5 122582 123435 124137 124796 126033
purposes FR941206-1-00134 2 122587 125305
exempted FR941206-1-00134 1 122591
quality FR941206-1-00134 3 122600 122994 125676
control FR941206-1-00134 2 122601 122995
highly FR941206-1-00134 3 122603 122984 125928
trained FR941206-1-00134 8 122604 122985 123361 123712 124073 124433 124734 125929
chemists FR941206-1-00134 3 122605 122986 123714
using FR941206-1-00134 7 122606 122656 122987 123020 124444 125051 125137
chromatography FR941206-1-00134 3 122608 122991 123797
prepared FR941206-1-00134 2 122611 122621
reference FR941206-1-00134 2 122614 124286
standards FR941206-1-00134 5 122615 122619 122635 122720 124234
concentrations FR941206-1-00134 5 122623 123858 123870 125252 125310
exceeding FR941206-1-00134 1 122625
1000 FR941206-1-00134 1 122626
micrograms FR941206-1-00134 2 122627 123750
organic FR941206-1-00134 2 122631 124381
will FR941206-1-00134 29 122636 122653 122673 122703 122721 122745 122760 122780 122795 122813 122826 122851 122869 123055 123072 123098 123127 123734 123789 124980 125186 125290 125719 125738 125759 125779 125838 125949 126058
packaged FR941206-1-00134 5 122638 122655 124419 124443 126245
volumes FR941206-1-00134 1 122640
flame FR941206-1-00134 2 122645 125020
sealed FR941206-1-00134 4 122646 124342 124422 126249
amber FR941206-1-00134 3 122647 124430 126254
glass FR941206-1-00134 2 122648 123005
ampules FR941206-1-00134 8 122649 122652 122663 123006 123120 124345 124423 126255
diecut FR941206-1-00134 1 122657
cardboard FR941206-1-00134 2 122658 122670
inserts FR941206-1-00134 1 122659
hold FR941206-1-00134 1 122661
securely FR941206-1-00134 1 122664
inside FR941206-1-00134 1 122667
rigid FR941206-1-00134 1 122669
box FR941206-1-00134 3 122671 122678 123026
which FR941206-1-00134 9 122672 122957 123672 123844 124448 124979 124998 125146 125680
overpacked FR941206-1-00134 2 122675 123019
tested FR941206-1-00134 1 122682
labelled FR941206-1-00134 1 122686
department FR941206-1-00134 2 122689 122962
dot FR941206-1-00134 2 122693 123029
specifications FR941206-1-00134 1 122695
shipping FR941206-1-00134 1 122702
done FR941206-1-00134 1 122705
observance FR941206-1-00134 1 122707
domestic FR941206-1-00134 1 122710
requirements FR941206-1-00134 5 122714 123047 123091 125355 125745
processing FR941206-1-00134 5 122717 122811 124890 124905 125302
performed FR941206-1-00134 1 122723
facility FR941206-1-00134 2 122727 126187
3500 FR941206-1-00134 1 122729
dekalb FR941206-1-00134 1 122730
street FR941206-1-00134 1 122731
st. FR941206-1-00134 2 122733 123107
louis FR941206-1-00134 2 122734 123108
missouri FR941206-1-00134 2 122736 123110
solution FR941206-1-00134 3 122744 122759 124338
exceed FR941206-1-00134 5 122747 122762 122782 122815 123129
contained FR941206-1-00134 2 122756 124428
amount FR941206-1-00134 4 122771 125732 125753 125771
exported FR941206-1-00134 2 122776 123778
grams FR941206-1-00134 5 122784 123767 125789 126180 126232
0.220 FR941206-1-00134 1 122786
pounds FR941206-1-00134 2 122787 126173
work FR941206-1-00134 2 122794 125136
generate FR941206-1-00134 3 122796 125424 125542
wastestream FR941206-1-00134 3 122798 122812 123063
milligrams FR941206-1-00134 3 122805 122817 123136
wastestreams FR941206-1-00134 1 122825
handled FR941206-1-00134 4 122828 123157 124399 125845
accordance FR941206-1-00134 4 122830 123834 125850 126281
part FR941206-1-00134 2 122834 122968
761 FR941206-1-00134 1 122835
subpart FR941206-1-00134 1 122837
k. FR941206-1-00134 1 122838
customer FR941206-1-00134 2 122848 123149
screening FR941206-1-00134 3 122849 123150 123814
ensure FR941206-1-00134 1 122852
proper FR941206-1-00134 2 122853 124436
materials FR941206-1-00134 6 122857 124287 124441 124461 125837 126268
qualified FR941206-1-00134 2 122859 123159
result FR941206-1-00134 4 122870 123184 125218 125950
loss FR941206-1-00134 3 122873 123187 123888
revenue FR941206-1-00134 2 122875 123890
60000 FR941206-1-00134 1 122878
letter FR941206-1-00134 5 122884 123499 124202 124860 126098
dated FR941206-1-00134 1 122885
include FR941206-1-00134 2 122893 125054
carbon FR941206-1-00134 2 122901 122923
sale FR941206-1-00134 2 122905 124284
customers FR941206-1-00134 1 122908
metabolic FR941206-1-00134 1 122915
fate FR941206-1-00134 1 122918
studies FR941206-1-00134 1 122919
synthesizes FR941206-1-00134 1 122922
metabolism FR941206-1-00134 1 122930
existing FR941206-1-00134 3 122937 122942 123791
manufacturing FR941206-1-00134 3 122945 125300 126010
name FR941206-1-00134 1 122953
pathfinder FR941206-1-00134 1 122955
now FR941206-1-00134 1 122959
radiochemicals FR941206-1-00134 1 122961
sigma FR941206-1-00134 1 122964
chemical FR941206-1-00134 1 122965
company FR941206-1-00134 2 122966 125145
pressure FR941206-1-00134 1 122989
liquid FR941206-1-00134 1 122990
packaging FR941206-1-00134 4 122998 123346 124719 125094
items FR941206-1-00134 3 123001 125047 125228
consists FR941206-1-00134 1 123002
flamesealed FR941206-1-00134 1 123004
containing FR941206-1-00134 3 123007 124572 124936
0.5 FR941206-1-00134 1 123010
primary FR941206-1-00134 1 123016
container FR941206-1-00134 2 123017 125370
packing FR941206-1-00134 1 123021
material FR941206-1-00134 9 123022 124397 124475 124500 125009 125138 125165 125177 125435
second FR941206-1-00134 1 123025
specified FR941206-1-00134 5 123030 123404 124123 124775 126019
labeled FR941206-1-00134 1 123032
granted FR941206-1-00134 2 123043 125411
applicable FR941206-1-00134 4 123045 123836 125568 125852
land FR941206-1-00134 1 123051
water FR941206-1-00134 2 123053 123636
followed FR941206-1-00134 1 123057
produced FR941206-1-00134 3 123066 124293 124477
synthesis FR941206-1-00134 1 123069
absorbed FR941206-1-00134 1 123074
silica FR941206-1-00134 1 123076
gel FR941206-1-00134 1 123077
solidified FR941206-1-00134 1 123079
concrete FR941206-1-00134 3 123081 125073 125084
prior FR941206-1-00134 9 123082 123438 123520 124140 124221 124799 124881 126036 126117
storage FR941206-1-00134 1 123084
compliance FR941206-1-00134 1 123086
nuclear FR941206-1-00134 1 123088
regulatory FR941206-1-00134 4 123089 123289 124005 124664
commission FR941206-1-00134 1 123090
conducted FR941206-1-00134 3 123100 125692 125926
11542 FR941206-1-00134 1 123102
fort FR941206-1-00134 1 123103
mims FR941206-1-00134 1 123104
drive FR941206-1-00134 1 123105
distributed FR941206-1-00134 2 123123 124340
ampule FR941206-1-00134 1 123140
procedure FR941206-1-00134 2 123151 124961
should FR941206-1-00134 2 123162 125316
100000 FR941206-1-00134 1 123192
sales FR941206-1-00134 1 123196
distributors FR941206-1-00134 1 123199
grant FR941206-1-00134 4 123211 123919 124604 125901
under FR941206-1-00134 12 123229 123454 123491 123655 123941 124156 124194 124815 124852 125293 125933 126052
761.80 FR941206-1-00134 4 123230 123662 123942 124354
c FR941206-1-00134 2 123232 123944
agency FR941206-1-00134 2 123236 124611
generally FR941206-1-00134 3 123237 123952 124612
treats FR941206-1-00134 3 123238 123953 124613
more FR941206-1-00134 4 123245 123960 124620 125543
stringently FR941206-1-00134 3 123246 123961 124621
distribute FR941206-1-00134 6 123250 123552 123577 123965 124625 124929
once FR941206-1-00134 5 123260 123975 124372 124406 124635
cross FR941206-1-00134 3 123263 123978 124638
beyond FR941206-1-00134 7 123264 123487 123979 124190 124639 124848 126085
our FR941206-1-00134 3 123265 123980 124640
borders FR941206-1-00134 3 123266 123981 124641
loses FR941206-1-00134 3 123271 123986 124646
ability FR941206-1-00134 3 123273 123988 124648
monitor FR941206-1-00134 3 123275 123990 124650
activities FR941206-1-00134 11 123280 123486 123996 124189 124655 124847 125625 125645 125919 125969 126084
inspect FR941206-1-00134 3 123283 123999 124658
receiving FR941206-1-00134 3 123285 124001 124660
facilities FR941206-1-00134 3 123286 124002 124661
violations FR941206-1-00134 3 123290 124006 124665
protect FR941206-1-00134 4 123294 124010 124669 125441
releases FR941206-1-00134 3 123300 124016 124675
those FR941206-1-00134 6 123302 123320 124018 124036 124677 124695
might FR941206-1-00134 4 123305 124021 124680 125484
lead FR941206-1-00134 3 123306 124022 124681
contamination FR941206-1-00134 4 123310 124026 124685 125214
country FR941206-1-00134 4 123313 124029 124688 125159
however FR941206-1-00134 4 123315 124031 124562 124690
concerns FR941206-1-00134 3 123321 124037 124696
mitigated FR941206-1-00134 3 123323 124039 124698
particularly FR941206-1-00134 3 123336 124052 124711
viscosity FR941206-1-00134 3 123339 124055 124714
quantity FR941206-1-00134 8 123341 123444 124057 124146 124716 124805 125678 126042
marking FR941206-1-00134 1 123343
well FR941206-1-00134 3 123352 124064 124725
careful FR941206-1-00134 3 123355 124067 124728
described FR941206-1-00134 5 123364 124076 124737 125042 125856
finding FR941206-1-00134 4 123385 124756 125504 125525
prohibited FR941206-1-00134 4 123393 124112 124764 126008
exporting FR941206-1-00134 3 123395 124114 124766
excess FR941206-1-00134 4 123398 124117 124769 126013
amounts FR941206-1-00134 4 123401 124120 124772 126016
ie FR941206-1-00134 4 123409 124780 126175 126229
grams/year FR941206-1-00134 3 123414 123422 124785
change FR941206-1-00134 8 123447 123464 124149 124166 124808 124825 126045 126062
consider FR941206-1-00134 4 123461 124163 124822 126059
such FR941206-1-00134 7 123463 123794 124165 124824 125523 125811 126061
new FR941206-1-00134 5 123467 124169 124828 125707 126065
address FR941206-1-00134 4 123471 124173 124832 126069
request FR941206-1-00134 4 123473 124175 124834 126071
rulemaking FR941206-1-00134 4 123475 124177 124836 126073
wish FR941206-1-00134 4 123481 124184 124842 126079
continue FR941206-1-00134 5 123483 124186 124844 125532 126081
1year FR941206-1-00134 4 123489 124192 124850 126087
timeframe FR941206-1-00134 4 123490 124193 124851 126088
approved FR941206-1-00134 4 123494 124197 124855 126093
pursuant FR941206-1-00134 5 123501 124204 124346 124862 126100
interim FR941206-1-00134 4 123505 124208 124866 126104
procedural FR941206-1-00134 4 123506 124209 124867 126105
rules FR941206-1-00134 4 123507 124210 124868 126106
have FR941206-1-00134 6 123510 124213 124871 125030 125557 126109
least FR941206-1-00134 4 123517 124218 124878 126114
months FR941206-1-00134 4 123519 124220 124880 126116
expiration FR941206-1-00134 4 123523 124224 124884 126120
2 FR941206-1-00134 6 123528 123901 124343 125330 125763 126125
millipore FR941206-1-00134 3 123530 123540 123920
immunosystems FR941206-1-00134 3 123533 123543 123923
inc FR941206-1-00134 1 123535
requested FR941206-1-00134 2 123546 124923
petitioners FR941206-1-00134 8 123572 123592 123614 123727 123784 123875 124109 124181
seek FR941206-1-00134 3 123573 123593 124538
specifically FR941206-1-00134 1 123589
product FR941206-1-00134 4 123597 124977 125062 125289
envirogard FR941206-1-00134 4 123600 123618 123680 123698
® FR941206-1-00134 4 123601 123619 123681 123699
kit FR941206-1-00134 6 123604 123622 123627 123702 123707 123746
42 FR941206-1-00134 1 123606
subsidiaries FR941206-1-00134 1 123611
immunoassaybased FR941206-1-00134 1 123625
soils FR941206-1-00134 1 123634
liquids FR941206-1-00134 3 123641 124417 126257
processes FR941206-1-00134 1 123646
distributes FR941206-1-00134 1 123648
class FR941206-1-00134 2 123657 124349
components FR941206-1-00134 1 123668
kits FR941206-1-00134 3 123671 123733 123788
contain FR941206-1-00134 3 123673 123748 123868
aroclor FR941206-1-00134 4 123676 123752 123769 124327
1248 FR941206-1-00134 3 123677 123753 123770
calibrators FR941206-1-00134 2 123684 123866
7 FR941206-1-00134 1 123686
10 FR941206-1-00134 3 123689 126177 126197
methanol FR941206-1-00134 3 123695 123758 123777
professional FR941206-1-00134 2 123713 124401
engineers FR941206-1-00134 1 123716
who FR941206-1-00134 1 123717
involved FR941206-1-00134 3 123719 124061 125941
remediation FR941206-1-00134 4 123722 125659 125871 125988
predict FR941206-1-00134 1 123728
sold FR941206-1-00134 1 123736
overseas FR941206-1-00134 1 123737
numbers FR941206-1-00134 1 123744
each FR941206-1-00134 3 123745 124479 126182
6.7 FR941206-1-00134 1 123749
0.3 FR941206-1-00134 1 123755
yielding FR941206-1-00134 1 123760
0.0017 FR941206-1-00134 1 123764
0.00335 FR941206-1-00134 1 123766
75 FR941206-1-00134 1 123772
150 FR941206-1-00134 2 123774 125788
expand FR941206-1-00134 1 123790
conventional FR941206-1-00134 2 123792 123827
technologies FR941206-1-00134 1 123793
mass FR941206-1-00134 1 123799
spectroscopy FR941206-1-00134 1 123800
offering FR941206-1-00134 1 123802
safe FR941206-1-00134 1 123804
reliable FR941206-1-00134 1 123806
expedient FR941206-1-00134 1 123811
way FR941206-1-00134 1 123812
negative FR941206-1-00134 1 123815
later FR941206-1-00134 1 123824
confirmed FR941206-1-00134 1 123825
techniques FR941206-1-00134 1 123828
disposed FR941206-1-00134 2 123831 125847
regulations FR941206-1-00134 3 123837 125853 126284
accurately FR941206-1-00134 1 123849
presence FR941206-1-00134 3 123852 124095 124451
known FR941206-1-00134 3 123857 123869 125675
must FR941206-1-00134 1 123861
could FR941206-1-00134 2 123885 124583
cause FR941206-1-00134 1 123886
amounting FR941206-1-00134 1 123891
0.25 FR941206-1-00134 1 123894
million FR941206-1-00134 4 123895 123904 125386 125403
first FR941206-1-00134 1 123897
years FR941206-1-00134 1 123907
above FR941206-1-00134 1 123949
exist FR941206-1-00134 1 124087
millipore/immunosystems FR941206-1-00134 1 124158
institute FR941206-1-00134 1 124232
technology FR941206-1-00134 1 124236
nist FR941206-1-00134 11 124238 124244 124280 124359 124446 124529 124540 124606 124761 124817 124839
offers FR941206-1-00134 1 124282
standard FR941206-1-00134 1 124285
srms FR941206-1-00134 4 124289 124308 124322 124543
and/or FR941206-1-00134 2 124294 124384
characterized FR941206-1-00134 1 124295
financial FR941206-1-00134 1 124297
support FR941206-1-00134 3 124298 125522 125546
us FR941206-1-00134 1 124300
government FR941206-1-00134 1 124301
agencies FR941206-1-00134 1 124302
including FR941206-1-00134 1 124304
form FR941206-1-00134 1 124325
mixtures FR941206-1-00134 1 124328
individual FR941206-1-00134 4 124331 125670 126163 126205
isomers FR941206-1-00134 2 124332 126166
both FR941206-1-00134 1 124334
neat FR941206-1-00134 1 124335
analyze FR941206-1-00134 1 124365
obtained FR941206-1-00134 1 124367
commercial FR941206-1-00134 2 124369 125304
sources FR941206-1-00134 1 124370
division FR941206-1-00134 2 124383 124390
particulate FR941206-1-00134 1 124388
science FR941206-1-00134 1 124389
scientists FR941206-1-00134 1 124402
technicians FR941206-1-00134 1 124404
complete FR941206-1-00134 1 124410
hermetically FR941206-1-00134 1 124421
sediment FR941206-1-00134 1 124426
bottles FR941206-1-00134 1 124431
staff FR941206-1-00134 1 124434
precautions FR941206-1-00134 1 124438
logo FR941206-1-00134 1 124447
srm FR941206-1-00134 3 124464 124480 124530
accompanied FR941206-1-00134 1 124482
certificate FR941206-1-00134 1 124485
provides FR941206-1-00134 1 124487
results FR941206-1-00134 1 124489
characterization FR941206-1-00134 1 124492
intended FR941206-1-00134 1 124496
congressional FR941206-1-00134 1 124512
mandate FR941206-1-00134 1 124513
serve FR941206-1-00134 1 124515
nation FR941206-1-00134 1 124518
physical FR941206-1-00134 1 124520
legal FR941206-1-00134 1 124524
ramifications FR941206-1-00134 1 124525
governments FR941206-1-00134 1 124533
industry FR941206-1-00134 1 124535
others FR941206-1-00134 1 124537
out FR941206-1-00134 1 124539
estimating FR941206-1-00134 1 124549
denying FR941206-1-00134 1 124554
difficult FR941206-1-00134 1 124558
quantify FR941206-1-00134 1 124560
goods FR941206-1-00134 1 124569
produce FR941206-1-00134 3 124571 124592 126287
residues FR941206-1-00134 1 124574
inaccurate FR941206-1-00134 1 124580
human FR941206-1-00134 1 124585
lives FR941206-1-00134 1 124586
billions FR941206-1-00134 1 124588
dollars FR941206-1-00134 1 124590
d. FR941206-1-00134 1 124889
allow FR941206-1-00134 1 124903
edwin FR941206-1-00134 4 124913 124920 124952 125468
kraemer FR941206-1-00134 9 124915 124922 124953 124990 125013 125130 125180 125208 125470
made FR941206-1-00134 1 124933
car FR941206-1-00134 2 124937 124964
shredder FR941206-1-00134 2 124938 124965
fluff FR941206-1-00134 5 124941 124968 125478 125494 125585
he FR941206-1-00134 4 124956 125147 125341 125358
seeks FR941206-1-00134 4 124957 125576 125633 126159
converts FR941206-1-00134 1 124963
filler FR941206-1-00134 6 124978 125008 125063 125069 125116 125127
constitute FR941206-1-00134 1 124981
commodity FR941206-1-00134 1 124983
trade FR941206-1-00134 2 124985 125483
mr. FR941206-1-00134 4 124989 125129 125179 125207
mechanical FR941206-1-00134 1 124996
specializes FR941206-1-00134 1 124999
grinding FR941206-1-00134 1 125001
microstructure FR941206-1-00134 1 125004
size FR941206-1-00134 1 125005
resulting FR941206-1-00134 1 125006
mr FR941206-1-00134 1 125011
fillers FR941206-1-00134 1 125017
retarding FR941206-1-00134 1 125021
lightweight FR941206-1-00134 1 125023
compressible FR941206-1-00134 1 125025
absorbent FR941206-1-00134 2 125027 125065
proofing FR941206-1-00134 1 125032
thermal FR941206-1-00134 1 125034
insulating FR941206-1-00134 1 125035
energy FR941206-1-00134 1 125037
absorbing FR941206-1-00134 1 125038
characteristics FR941206-1-00134 1 125039
manufactured FR941206-1-00134 1 125050
limited FR941206-1-00134 3 125059 125761 125781
: FR941206-1-00134 1 125061
solid FR941206-1-00134 1 125067
bulk FR941206-1-00134 1 125068
substitute FR941206-1-00134 4 125071 125565 125885 125999
fill FR941206-1-00134 1 125074
ceiling FR941206-1-00134 1 125076
tile FR941206-1-00134 1 125077
adobe FR941206-1-00134 1 125079
block FR941206-1-00134 2 125080 125085
brick FR941206-1-00134 1 125082
insulation FR941206-1-00134 2 125087 125108
panels FR941206-1-00134 1 125088
walls FR941206-1-00134 1 125090
ceilings FR941206-1-00134 1 125092
furniture FR941206-1-00134 1 125096
mattress FR941206-1-00134 1 125098
stuffing FR941206-1-00134 1 125099
gymnastics FR941206-1-00134 1 125101
mats FR941206-1-00134 1 125102
barriers FR941206-1-00134 1 125105
replacement FR941206-1-00134 1 125110
asbestos FR941206-1-00134 1 125112
injection FR941206-1-00134 1 125114
moulding FR941206-1-00134 1 125115
fire FR941206-1-00134 1 125118
retardant FR941206-1-00134 1 125119
coating FR941206-1-00134 1 125120
plaster FR941206-1-00134 1 125122
board FR941206-1-00134 1 125123
building FR941206-1-00134 1 125125
panel FR941206-1-00134 1 125126
conduct FR941206-1-00134 1 125133
his FR941206-1-00134 1 125134
initial FR941206-1-00134 1 125135
orange FR941206-1-00134 1 125141
county FR941206-1-00134 1 125142
steel FR941206-1-00134 1 125143
salvage FR941206-1-00134 1 125144
considered FR941206-1-00134 1 125150
most FR941206-1-00134 1 125154
contaminated FR941206-1-00134 3 125155 125164 125176
sites FR941206-1-00134 1 125156
where FR941206-1-00134 1 125160
tons FR941206-1-00134 2 125162 125174
stockpiled FR941206-1-00134 1 125168
10000000 FR941206-1-00134 1 125183
lbs FR941206-1-00134 2 125184 125203
processed FR941206-1-00134 1 125188
onsite FR941206-1-00134 5 125189 125620 125642 125916 125965
30 FR941206-1-00134 1 125194
300 FR941206-1-00134 1 125202
asserts FR941206-1-00134 1 125210
shredding FR941206-1-00134 1 125220
appliances FR941206-1-00134 1 125221
motors FR941206-1-00134 1 125223
actually FR941206-1-00134 1 125232
attributable FR941206-1-00134 1 125233
plastics FR941206-1-00134 1 125238
finishes FR941206-1-00134 1 125240
due FR941206-1-00134 2 125248 125517
low FR941206-1-00134 1 125251
anticipated FR941206-1-00134 2 125255 125280
nonfriable FR941206-1-00134 1 125256
uses FR941206-1-00134 1 125257
unlikely FR941206-1-00134 1 125268
predictable FR941206-1-00134 1 125278
level FR941206-1-00134 1 125281
inadvertently FR941206-1-00134 1 125283
generated FR941206-1-00134 1 125284
end FR941206-1-00134 1 125288
kept FR941206-1-00134 1 125292
25 FR941206-1-00134 1 125294
therefore FR941206-1-00134 2 125297 125879
excluded FR941206-1-00134 1 125318
prohibitions FR941206-1-00134 1 125321
special FR941206-1-00134 1 125349
labelling FR941206-1-00134 1 125350
recordkeeping FR941206-1-00134 1 125354
producing FR941206-1-00134 1 125361
item FR941206-1-00134 1 125364
article FR941206-1-00134 1 125366
eliminate FR941206-1-00134 2 125381 125427
potential FR941206-1-00134 2 125383 125400
18.5 FR941206-1-00134 1 125385
savings FR941206-1-00134 1 125392
california FR941206-1-00134 1 125397
profit FR941206-1-00134 1 125405
successful FR941206-1-00134 1 125416
employment FR941206-1-00134 1 125425
hazardous FR941206-1-00134 1 125429
recycle FR941206-1-00134 1 125432
strategic FR941206-1-00134 1 125434
conserve FR941206-1-00134 1 125437
landfill FR941206-1-00134 1 125438
space FR941206-1-00134 1 125439
public FR941206-1-00134 1 125445
long FR941206-1-00134 1 125449
term FR941206-1-00134 1 125450
basis FR941206-1-00134 1 125451
agrees FR941206-1-00134 1 125474
conversion FR941206-1-00134 1 125476
viable FR941206-1-00134 1 125480
ameliorate FR941206-1-00134 1 125485
problem FR941206-1-00134 1 125488
area FR941206-1-00134 2 125491 125538
pcbcontaminated FR941206-1-00134 3 125493 125584 125661
make FR941206-1-00134 1 125502
instance FR941206-1-00134 2 125516 125571
insufficient FR941206-1-00134 1 125519
encourages FR941206-1-00134 1 125528
pursue FR941206-1-00134 1 125534
order FR941206-1-00134 1 125540
proposal FR941206-1-00134 1 125575
provide FR941206-1-00134 1 125578
alternative FR941206-1-00134 3 125580 125869 125986
e. FR941206-1-00134 1 125587
two FR941206-1-00134 1 125591
general FR941206-1-00134 1 125599
electric FR941206-1-00134 1 125600
ge FR941206-1-00134 9 125602 125608 125632 125650 125902 125956 126005 126054 126076
epa- FR941206-1-00134 1 125622
authorized FR941206-1-00134 1 125623
synthesize FR941206-1-00134 1 125635
epaauthorized FR941206-1-00134 4 125644 125727 125918 125967
ongoing FR941206-1-00134 1 125653
future FR941206-1-00134 1 125655
involving FR941206-1-00134 1 125657
media FR941206-1-00134 1 125662
requires FR941206-1-00134 1 125663
ready FR941206-1-00134 1 125664
access FR941206-1-00134 1 125665
supply FR941206-1-00134 2 125668 126216
congeners FR941206-1-00134 3 125672 125718 125862
readily FR941206-1-00134 1 125684
commercially FR941206-1-00134 1 125686
gecorporate FR941206-1-00134 1 125694
river FR941206-1-00134 1 125699
van FR941206-1-00134 1 125701
antwerp FR941206-1-00134 1 125702
roads FR941206-1-00134 1 125703
niskayuna FR941206-1-00134 1 125705
york FR941206-1-00134 1 125708
12309 FR941206-1-00134 1 125710
synthesized FR941206-1-00134 4 125721 125737 125758 125774
necessary FR941206-1-00134 1 125724
specific FR941206-1-00134 2 125726 125744
experiments FR941206-1-00134 1 125729
project FR941206-1-00134 1 125743
kilograms FR941206-1-00134 1 125764
benchscale FR941206-1-00134 1 125776
procedures FR941206-1-00134 1 125778
theoretical FR941206-1-00134 1 125785
yield FR941206-1-00134 1 125786
experiment FR941206-1-00134 1 125793
accidental FR941206-1-00134 1 125800
prevented FR941206-1-00134 1 125805
apparatus FR941206-1-00134 1 125810
condensers FR941206-1-00134 1 125813
cold FR941206-1-00134 1 125815
traps FR941206-1-00134 1 125816
molecular FR941206-1-00134 1 125818
sieves FR941206-1-00134 1 125819
filters FR941206-1-00134 1 125822
retaining FR941206-1-00134 1 125824
reactants FR941206-1-00134 1 125826
reaction FR941206-1-00134 2 125828 125833
needed FR941206-1-00134 1 125864
developing FR941206-1-00134 1 125868
methods FR941206-1-00134 4 125872 125877 125989 125993
innovative FR941206-1-00134 1 125874
destruction FR941206-1-00134 2 125876 125992
being FR941206-1-00134 1 125925
professionals FR941206-1-00134 1 125932
controlled FR941206-1-00134 1 125934
conditions FR941206-1-00134 1 125935
finds FR941206-1-00134 1 125944
possible FR941206-1-00134 1 126003
supelco FR941206-1-00134 5 126127 126130 126136 126158 126185
approval FR941206-1-00134 1 126160
pure FR941206-1-00134 2 126164 126206
0.02 FR941206-1-00134 1 126170
0.04 FR941206-1-00134 1 126172
20 FR941206-1-00134 2 126179 126199
park FR941206-1-00134 1 126186
bellefonte FR941206-1-00134 1 126189
pa. FR941206-1-00134 1 126191
gram FR941206-1-00134 1 126200
production FR941206-1-00134 2 126201 126220
lot FR941206-1-00134 1 126202
isomer FR941206-1-00134 1 126208
represent FR941206-1-00134 1 126210
annual FR941206-1-00134 1 126219
projected FR941206-1-00134 1 126222
pound FR941206-1-00134 1 126227
454 FR941206-1-00134 1 126231
diluted FR941206-1-00134 1 126239
microgram FR941206-1-00134 1 126242
solids FR941206-1-00134 1 126252
either FR941206-1-00134 1 126259
manifested FR941206-1-00134 1 126276
offsite FR941206-1-00134 1 126277
unsymmetrical FR941206-1-00134 1 126288
