in FR940810-2-00123 29 308 318 342 436 605 650 685 713 766 792 826 894 978 1011 1030 1061 1086 1092 1105 1205 1209 1269 1288 1301 1313 1328 1435 1549 1701
excess FR940810-2-00123 2 309 1087
of FR940810-2-00123 49 310 320 334 345 363 391 401 431 439 449 458 479 487 538 543 560 589 603 628 655 711 736 758 949 1018 1058 1088 1141 1152 1167 1223 1266 1285 1310 1337 1351 1365 1379 1393 1451 1459 1468 1474 1476 1498 1508 1514 1555 1581
one FR940810-2-00123 3 311 1066 1089
year FR940810-2-00123 20 312 353 1026 1063 1095 1262 1271 1281 1303 1330 1333 1343 1347 1357 1361 1371 1375 1385 1389 1399
's FR940810-2-00123 5 313 461 575 581 1427
base FR940810-2-00123 7 314 1224 1276 1297 1324 1415 1461
policy FR940810-2-00123 34 315 324 347 352 1032 1094 1109 1202 1225 1261 1270 1277 1280 1289 1298 1305 1314 1325 1332 1342 1346 1356 1360 1370 1374 1384 1388 1398 1402 1416 1421 1426 1462 1478
target FR940810-2-00123 10 316 1068 1090 1226 1229 1278 1299 1326 1417 1463
premium FR940810-2-00123 22 317 635 642 671 748 780 783 786 813 991 1050 1069 1091 1162 1300 1327 1418 1431 1464 1488 1500 1626
any FR940810-2-00123 7 319 1093 1153 1181 1232 1658 1666
the FR940810-2-00123 88 321 335 343 350 369 375 389 392 397 402 416 434 437 456 459 464 467 471 485 488 561 564 573 601 614 656 677 694 709 722 755 798 819 835 840 845 859 867 874 877 906 945 957 967 987 1015 1031 1041 1097 1106 1113 1116 1147 1165 1175 1185 1246 1338 1352 1366 1380 1394 1410 1414 1425 1449 1452 1457 1460 1466 1469 1472 1477 1481 1505 1509 1515 1524 1550 1556 1564 1571 1574 1579 1677 1681 1691 1702
first FR940810-2-00123 2 322 1107
three FR940810-2-00123 1 323
years FR940810-2-00123 6 325 1110 1290 1306 1315 1403
; FR940810-2-00123 2 326 774
and FR940810-2-00123 26 327 395 425 470 640 661 775 784 804 844 852 884 900 924 955 966 999 1036 1174 1292 1319 1405 1600 1618 1651 1670
( FR940810-2-00123 27 328 548 676 690 744 771 776 818 831 839 902 917 920 926 929 983 1038 1135 1194 1228 1438 1441 1444 1593 1596 1602 1605
iv FR940810-2-00123 1 329
) FR940810-2-00123 27 330 550 683 692 746 773 778 824 833 865 904 919 922 928 931 985 1045 1140 1198 1242 1440 1443 1446 1595 1598 1604 1607
a FR940810-2-00123 34 331 346 378 385 447 480 558 570 586 594 618 624 702 726 732 942 952 996 1000 1052 1123 1131 1189 1201 1221 1420 1490 1624 1639 1647 1655 1663 1671 1685
partial FR940810-2-00123 2 332 1674
waiver FR940810-2-00123 2 333 1169
otherwise FR940810-2-00123 2 336 1157
applicable FR940810-2-00123 1 337
contingent FR940810-2-00123 3 338 1190 1257
deferred FR940810-2-00123 5 339 1191 1258 1518 1559
sales FR940810-2-00123 6 340 1074 1078 1154 1192 1259
charge FR940810-2-00123 21 341 1053 1079 1121 1155 1193 1217 1260 1491 1534 1628 1633 1637 1641 1645 1648 1656 1664 1672 1686 1694
case FR940810-2-00123 1 344
surrender FR940810-2-00123 3 348 1001 1632
during FR940810-2-00123 2 349 1255
second FR940810-2-00123 1 351
. FR940810-2-00123 48 354 359 380 409 451 474 490 517 552 563 579 630 659 697 739 801 838 862 909 915 935 937 969 1023 1076 1096 1126 1164 1183 1215 1304 1331 1345 1359 1373 1387 1401 1408 1447 1479 1528 1562 1585 1591 1611 1613 1676 1704
filing FR940810-2-00123 1 355
date FR940810-2-00123 1 356
: FR940810-2-00123 7 357 365 492 522 555 743 1249
, FR940810-2-00123 71 358 394 404 421 423 424 443 446 463 469 494 496 500 502 504 508 512 514 526 528 533 536 541 546 585 592 609 622 684 717 730 761 781 825 918 923 927 932 954 963 986 993 1010 1013 1027 1033 1040 1071 1111 1137 1146 1173 1243 1317 1492 1502 1538 1544 1594 1599 1603 1608 1622 1629 1634 1638 1642 1646 1654 1662 1695
hearing FR940810-2-00123 7 360 364 379 386 410 452 481
or FR940810-2-00123 7 361 406 442 529 1006 1207 1252
notification FR940810-2-00123 2 362 478
an FR940810-2-00123 6 366 440 1019 1630 1635 1643
order FR940810-2-00123 3 367 921 1597
granting FR940810-2-00123 1 368
application FR940810-2-00123 3 370 562 566
will FR940810-2-00123 7 371 1046 1080 1149 1187 1422 1484
be FR940810-2-00123 6 372 413 427 1081 1159 1536
granted FR940810-2-00123 1 373
unless FR940810-2-00123 1 374
commission FR940810-2-00123 7 376 393 417 489 574 875 1572
orders FR940810-2-00123 1 377
interested FR940810-2-00123 1 381
persons FR940810-2-00123 2 382 475
may FR940810-2-00123 5 383 476 1004 1177 1535
request FR940810-2-00123 4 384 403 468 477
by FR940810-2-00123 9 387 407 415 418 429 482 648 763 789
writing FR940810-2-00123 2 388 483
secretary FR940810-2-00123 3 390 486 493
serving FR940810-2-00123 1 396
applicants FR940810-2-00123 6 398 435 507 868 1411 1565
with FR940810-2-00123 3 399 995 1547
copies FR940810-2-00123 1 400
personally FR940810-2-00123 1 405
mail FR940810-2-00123 1 408
requests FR940810-2-00123 2 411 453
should FR940810-2-00123 3 412 426 454
received FR940810-2-00123 4 414 1268 1287 1312
5:30 FR940810-2-00123 1 419
pm FR940810-2-00123 1 420
on FR940810-2-00123 12 422 433 652 687 754 768 794 828 896 980 1014 1456
accompanied FR940810-2-00123 1 428
proof FR940810-2-00123 1 430
service FR940810-2-00123 2 432 450
form FR940810-2-00123 1 438
affidavit FR940810-2-00123 1 441
for FR940810-2-00123 21 444 466 518 569 960 990 1122 1128 1341 1355 1369 1383 1397 1419 1465 1539 1649 1657 1665 1673 1687
lawyers FR940810-2-00123 1 445
certificate FR940810-2-00123 1 448
state FR940810-2-00123 2 455 1625
nature FR940810-2-00123 1 457
writer FR940810-2-00123 1 460
interest FR940810-2-00123 1 462
reason FR940810-2-00123 1 465
issues FR940810-2-00123 1 472
contested FR940810-2-00123 1 473
to FR940810-2-00123 24 484 667 809 855 876 880 887 1055 1065 1072 1100 1118 1238 1245 1274 1295 1322 1495 1503 1522 1545 1573 1577 1683
addresses FR940810-2-00123 1 491
sec FR940810-2-00123 1 495
450 FR940810-2-00123 1 497
fifth FR940810-2-00123 1 498
street FR940810-2-00123 1 499
nw FR940810-2-00123 1 501
washington FR940810-2-00123 1 503
dc FR940810-2-00123 1 505
20549. FR940810-2-00123 1 506
john FR940810-2-00123 9 509 590 699 737 764 790 802 939 1034
hancock FR940810-2-00123 9 510 591 700 738 765 791 803 940 1035
place FR940810-2-00123 1 511
boston FR940810-2-00123 1 513
ma FR940810-2-00123 1 515
02117 FR940810-2-00123 1 516
further FR940810-2-00123 1 519
information FR940810-2-00123 2 520 554
contact FR940810-2-00123 1 521
patrice FR940810-2-00123 1 523
m. FR940810-2-00123 1 524
pitts FR940810-2-00123 1 525
attorney FR940810-2-00123 1 527
michael FR940810-2-00123 1 530
v. FR940810-2-00123 1 531
wible FR940810-2-00123 1 532
special FR940810-2-00123 1 534
counsel FR940810-2-00123 1 535
division FR940810-2-00123 1 537
investment FR940810-2-00123 8 539 620 626 728 734 910 1016 1586
management FR940810-2-00123 1 540
office FR940810-2-00123 1 542
insurance FR940810-2-00123 11 544 597 638 645 674 705 751 816 891 975 1644
products FR940810-2-00123 1 545
at FR940810-2-00123 4 547 1142 1180 1471
202 FR940810-2-00123 1 549
9420670 FR940810-2-00123 1 551
supplementary FR940810-2-00123 1 553
following FR940810-2-00123 2 556 1247
is FR940810-2-00123 15 557 567 593 611 623 701 719 731 941 956 1170 1203 1218 1236 1454
summary FR940810-2-00123 1 559
complete FR940810-2-00123 1 565
available FR940810-2-00123 1 568
fee FR940810-2-00123 1 571
from FR940810-2-00123 7 572 873 1048 1083 1161 1486 1570
public FR940810-2-00123 1 576
reference FR940810-2-00123 1 577
branch FR940810-2-00123 1 578
applicant FR940810-2-00123 1 580
representations FR940810-2-00123 1 582
1. FR940810-2-00123 1 583
jhvlico FR940810-2-00123 5 584 629 649 660 1037
whollyowned FR940810-2-00123 1 587
subsidiary FR940810-2-00123 1 588
stock FR940810-2-00123 1 595
life FR940810-2-00123 9 596 637 644 673 704 750 815 890 974
company FR940810-2-00123 4 598 706 911 1587
chartered FR940810-2-00123 2 599 707
under FR940810-2-00123 9 600 613 693 708 721 797 834 905 944
laws FR940810-2-00123 2 602 710
massachusetts FR940810-2-00123 2 604 712
1979. FR940810-2-00123 1 606
account FR940810-2-00123 16 607 627 631 663 679 715 735 740 806 821 841 846 882 885 961 964
u FR940810-2-00123 7 608 632 664 680 842 883 962
which FR940810-2-00123 2 610 718
registered FR940810-2-00123 3 612 720 943
1940 FR940810-2-00123 7 615 657 695 723 799 836 907
act FR940810-2-00123 10 616 658 696 724 800 837 908 912 948 1588
as FR940810-2-00123 8 617 725 858 951 1028 1220 1433 1523
unit FR940810-2-00123 2 619 727
trust FR940810-2-00123 2 621 729
separate FR940810-2-00123 2 625 733
funds FR940810-2-00123 2 633 742
scheduled FR940810-2-00123 2 634 779
variable FR940810-2-00123 7 636 643 672 749 814 889 973
policies FR940810-2-00123 19 639 646 675 681 752 787 817 823 843 848 861 892 968 976 988 1129 1516 1540 1557
single FR940810-2-00123 2 641 785
issued FR940810-2-00123 6 647 762 788 893 977 1543
reliance FR940810-2-00123 7 651 686 767 793 827 895 979
rule FR940810-2-00123 7 653 688 769 795 829 981 1436
6e2 FR940810-2-00123 3 654 796 899
its FR940810-2-00123 3 662 805 1212
also FR940810-2-00123 3 665 1483 1679
intend FR940810-2-00123 3 666 808 1099
issue FR940810-2-00123 4 668 810 1475 1636
certain FR940810-2-00123 3 669 811 1615
flexible FR940810-2-00123 3 670 747 812
`` FR940810-2-00123 8 678 820 860 1042 1067 1195 1428 1525
'' FR940810-2-00123 7 682 863 1044 1070 1197 1432 1529
6e3 FR940810-2-00123 6 689 770 830 901 982 1437
t FR940810-2-00123 6 691 772 832 903 984 1439
2. FR940810-2-00123 1 698
mutual FR940810-2-00123 2 703 1021
1862. FR940810-2-00123 1 714
uv FR940810-2-00123 7 716 741 807 822 847 886 965
i FR940810-2-00123 1 745
based FR940810-2-00123 1 753
joint FR940810-2-00123 1 756
lives FR940810-2-00123 1 757
two FR940810-2-00123 1 759
insureds FR940810-2-00123 1 760
ii FR940810-2-00123 1 777
annual FR940810-2-00123 2 782 1430
are FR940810-2-00123 4 849 853 1620 1699
substantially FR940810-2-00123 1 850
identical FR940810-2-00123 1 851
referred FR940810-2-00123 2 854 1521
herein FR940810-2-00123 1 856
collectively FR940810-2-00123 2 857 1039
1 FR940810-2-00123 9 864 866 1263 1272 1275 1291 1296 1316 1323
have FR940810-2-00123 2 869 1566
obtained FR940810-2-00123 2 870 1567
exemptive FR940810-2-00123 2 871 1568
relief FR940810-2-00123 2 872 1569
extent FR940810-2-00123 2 878 1575
necessary FR940810-2-00123 2 879 1576
permit FR940810-2-00123 2 881 1578
support FR940810-2-00123 1 888
both FR940810-2-00123 1 897
rules FR940810-2-00123 1 898
release FR940810-2-00123 2 913 1589
nos FR940810-2-00123 2 914 1590
19898 FR940810-2-00123 2 916 1592
19817 FR940810-2-00123 2 925 1601
notice FR940810-2-00123 2 930 1606
file FR940810-2-00123 2 933 1609
no FR940810-2-00123 3 934 1077 1610
8128446 FR940810-2-00123 2 936 1612
3. FR940810-2-00123 1 938
securities FR940810-2-00123 1 946
exchange FR940810-2-00123 1 947
1934 FR940810-2-00123 1 950
brokerdealer FR940810-2-00123 1 953
principal FR940810-2-00123 1 958
underwriter FR940810-2-00123 1 959
4. FR940810-2-00123 1 970
like FR940810-2-00123 1 971
other FR940810-2-00123 3 972 1616 1689
provide FR940810-2-00123 1 989
flexibility FR940810-2-00123 1 992
together FR940810-2-00123 1 994
death FR940810-2-00123 1 997
benefit FR940810-2-00123 1 998
value FR940810-2-00123 1 1002
that FR940810-2-00123 4 1003 1156 1235 1413
increase FR940810-2-00123 1 1005
decrease FR940810-2-00123 1 1007
daily FR940810-2-00123 1 1008
depending FR940810-2-00123 1 1009
part FR940810-2-00123 1 1012
performance FR940810-2-00123 1 1017
underlying FR940810-2-00123 1 1020
fund FR940810-2-00123 1 1022
5. FR940810-2-00123 1 1024
each FR940810-2-00123 6 1025 1049 1302 1329 1487 1499
specified FR940810-2-00123 1 1029
companies FR940810-2-00123 8 1043 1098 1114 1148 1176 1186 1482 1678
deduct FR940810-2-00123 4 1047 1119 1188 1485
payment FR940810-2-00123 3 1051 1489 1501
equal FR940810-2-00123 2 1054 1494
4 FR940810-2-00123 1 1056
% FR940810-2-00123 10 1057 1265 1284 1309 1336 1350 1364 1378 1392 1497
premiums FR940810-2-00123 7 1059 1084 1227 1230 1267 1286 1311
paid FR940810-2-00123 2 1060 1085
such FR940810-2-00123 2 1062 1697
up FR940810-2-00123 4 1064 1273 1294 1321
cover FR940810-2-00123 2 1073 1504
expenses FR940810-2-00123 1 1075
deducted FR940810-2-00123 2 1082 1160
make FR940810-2-00123 1 1101
this FR940810-2-00123 5 1102 1120 1168 1216 1531
deduction FR940810-2-00123 2 1103 1580
only FR940810-2-00123 2 1104 1199
ten FR940810-2-00123 1 1108
but FR940810-2-00123 1 1112
reserve FR940810-2-00123 2 1115 1680
right FR940810-2-00123 2 1117 1682
longer FR940810-2-00123 1 1124
period FR940810-2-00123 2 1125 1214
6. FR940810-2-00123 1 1127
having FR940810-2-00123 1 1130
current FR940810-2-00123 1 1132
sum FR940810-2-00123 1 1133
insured FR940810-2-00123 2 1134 1470
ie FR940810-2-00123 1 1136
face FR940810-2-00123 1 1138
amount FR940810-2-00123 2 1139 1450
least FR940810-2-00123 1 1143
$ FR940810-2-00123 1 1144
250000 FR940810-2-00123 1 1145
waive FR940810-2-00123 1 1150
onehalf FR940810-2-00123 1 1151
would FR940810-2-00123 1 1158
payments FR940810-2-00123 1 1163
continuation FR940810-2-00123 1 1166
not FR940810-2-00123 2 1171 1541
guaranteed FR940810-2-00123 1 1172
withdraw FR940810-2-00123 1 1178
it FR940810-2-00123 1 1179
time FR940810-2-00123 2 1182 1473
7. FR940810-2-00123 1 1184
cdsc FR940810-2-00123 7 1196 1340 1354 1368 1382 1396 1453
if FR940810-2-00123 2 1200 1696
surrendered FR940810-2-00123 1 1204
full FR940810-2-00123 1 1206
stays FR940810-2-00123 1 1208
default FR940810-2-00123 1 1210
past FR940810-2-00123 1 1211
grace FR940810-2-00123 1 1213
computed FR940810-2-00123 1 1219
percentage FR940810-2-00123 1 1222
less FR940810-2-00123 1 1231
component FR940810-2-00123 1 1233
thereof FR940810-2-00123 1 1234
attributable FR940810-2-00123 1 1237
additional FR940810-2-00123 1 1239
rider FR940810-2-00123 2 1240 1668
benefits FR940810-2-00123 2 1241 1669
according FR940810-2-00123 1 1244
schedule FR940810-2-00123 1 1248
1for FR940810-2-00123 1 1250
surrenders FR940810-2-00123 1 1251
lapses FR940810-2-00123 1 1253
effective FR940810-2-00123 1 1254
1maximum FR940810-2-00123 1 1256
26 FR940810-2-00123 3 1264 1283 1308
premium.2 FR940810-2-00123 1 1279
2 FR940810-2-00123 4 1282 1293 1318 1448
37 FR940810-2-00123 1 1307
3 FR940810-2-00123 3 1320 1530 1563
8 FR940810-2-00123 2 1334 1445
83.33 FR940810-2-00123 1 1335
maximum FR940810-2-00123 5 1339 1353 1367 1381 1395
7 FR940810-2-00123 5 1344 1358 1372 1386 1400
9 FR940810-2-00123 1 1348
66.66 FR940810-2-00123 1 1349
10 FR940810-2-00123 1 1362
50 FR940810-2-00123 1 1363
11 FR940810-2-00123 1 1376
33.33 FR940810-2-00123 1 1377
12 FR940810-2-00123 1 1390
16.67 FR940810-2-00123 1 1391
13 FR940810-2-00123 1 1404
later FR940810-2-00123 1 1406
0 FR940810-2-00123 1 1407
8. FR940810-2-00123 1 1409
represent FR940810-2-00123 1 1412
never FR940810-2-00123 1 1423
exceed FR940810-2-00123 1 1424
guideline FR940810-2-00123 1 1429
defined FR940810-2-00123 1 1434
c FR940810-2-00123 1 1442
calculated FR940810-2-00123 1 1455
basis FR940810-2-00123 1 1458
age FR940810-2-00123 1 1467
9. FR940810-2-00123 1 1480
currently FR940810-2-00123 1 1493
1.25 FR940810-2-00123 1 1496
estimated FR940810-2-00123 1 1506
cost FR940810-2-00123 1 1507
federal FR940810-2-00123 2 1510 1551
income FR940810-2-00123 2 1511 1552
tax FR940810-2-00123 7 1512 1527 1533 1553 1583 1627 1693
treatment FR940810-2-00123 2 1513 1554
' FR940810-2-00123 2 1517 1558
acquisition FR940810-2-00123 2 1519 1560
costs_commonly FR940810-2-00123 1 1520
dac FR940810-2-00123 4 1526 1532 1582 1692
increased FR940810-2-00123 1 1537
yet FR940810-2-00123 1 1542
correspond FR940810-2-00123 1 1546
changes FR940810-2-00123 1 1548
costs FR940810-2-00123 1 1561
charges FR940810-2-00123 2 1584 1617
10. FR940810-2-00123 1 1614
deductions FR940810-2-00123 1 1619
made FR940810-2-00123 1 1621
including FR940810-2-00123 1 1623
administrative FR940810-2-00123 1 1631
maintenance FR940810-2-00123 1 1640
mortality FR940810-2-00123 2 1650 1660
expense FR940810-2-00123 1 1652
risks FR940810-2-00123 2 1653 1661
extra FR940810-2-00123 1 1659
optional FR940810-2-00123 1 1667
withdrawals FR940810-2-00123 1 1675
impose FR940810-2-00123 1 1684
taxes FR940810-2-00123 2 1688 1698
than FR940810-2-00123 1 1690
incurred FR940810-2-00123 1 1700
future FR940810-2-00123 1 1703
11. FR940810-2-00124 1 0
the FR940810-2-00124 151 1 8 17 32 39 49 53 59 63 67 71 77 83 104 108 113 140 146 155 170 181 192 235 246 252 316 339 350 360 365 372 388 397 412 455 462 476 481 497 513 538 541 550 569 573 576 581 605 615 622 635 641 645 648 662 670 676 679 688 704 736 743 747 764 767 774 831 835 840 866 877 882 887 890 908 912 917 920 945 953 966 1027 1038 1057 1082 1092 1099 1108 1114 1121 1133 1143 1164 1168 1205 1216 1228 1236 1239 1248 1252 1255 1259 1279 1283 1294 1326 1340 1350 1401 1431 1445 1449 1457 1484 1504 1510 1514 1518 1528 1542 1557 1567 1571 1576 1585 1594 1618 1643 1659 1681 1687 1693 1696 1714 1717 1733 1739 1748 1756 1759 1769 1776 1788 1793 1801 1807 1827 1836 1842 1891
applicants FR940810-2-00124 23 2 126 413 473 570 606 636 642 663 744 832 867 909 1169 1217 1256 1402 1432 1511 1568 1644 1682 1740
represent FR940810-2-00124 10 3 474 745 833 869 1234 1403 1434 1569 1754
that FR940810-2-00124 44 4 10 107 145 180 234 294 383 392 475 515 572 609 631 644 666 733 746 769 834 852 860 870 886 911 916 959 1005 1063 1142 1219 1235 1258 1299 1404 1435 1437 1513 1570 1620 1646 1684 1742 1755
, FR940810-2-00124 54 5 28 42 44 70 97 99 178 205 232 272 288 293 396 493 509 522 667 678 701 720 722 742 785 805 807 816 827 848 884 956 978 983 1036 1056 1078 1087 1130 1138 1232 1339 1355 1425 1464 1489 1531 1541 1590 1614 1627 1752 1792 1866 1887
except FR940810-2-00124 1 6
to FR940810-2-00124 55 7 20 58 87 94 110 264 312 323 349 403 409 451 461 465 525 544 563 587 593 600 620 669 683 729 898 1152 1163 1204 1208 1251 1266 1270 1334 1344 1358 1365 1413 1415 1419 1456 1523 1549 1575 1602 1630 1647 1674 1700 1719 1767 1775 1822 1840 1870
extent FR940810-2-00124 4 9 60 463 1206
exemptive FR940810-2-00124 4 11 26 672 1459
relief FR940810-2-00124 3 12 673 1460
has FR940810-2-00124 2 13 914
been FR940810-2-00124 1 14
obtained FR940810-2-00124 1 15
from FR940810-2-00124 21 16 152 173 184 195 223 242 256 268 417 480 504 549 624 710 876 903 942 1010 1173 1747
commission FR940810-2-00124 3 18 795 913
pursuant FR940810-2-00124 4 19 322 348 1869
this FR940810-2-00124 6 21 467 960 1030 1210 1361
or FR940810-2-00124 7 22 93 100 122 782 1043 1490
any FR940810-2-00124 20 23 153 174 185 196 243 257 324 375 380 490 1002 1049 1324 1335 1550 1603 1657 1709 1731
other FR940810-2-00124 8 24 175 197 269 671 689 855 1458
applicable FR940810-2-00124 3 25 40 964
application FR940810-2-00124 2 27 677
all FR940810-2-00124 7 29 37 686 711 1416 1442 1685
charges FR940810-2-00124 6 30 75 266 760 1223 1839
under FR940810-2-00124 12 31 76 327 486 580 735 839 1053 1079 1282 1517 1898
policies FR940810-2-00124 17 33 78 542 582 680 737 841 859 873 883 891 918 993 1253 1284 1519 1760
will FR940810-2-00124 11 34 115 362 874 892 997 1224 1243 1261 1745 1761
comply FR940810-2-00124 3 35 684 1440
with FR940810-2-00124 19 36 202 262 290 496 533 598 685 851 1016 1150 1161 1441 1547 1573 1593 1600 1638 1773
of FR940810-2-00124 61 38 48 85 90 112 139 148 154 238 318 342 374 387 499 540 575 617 627 652 687 757 766 780 789 853 872 881 947 1001 1021 1029 1081 1091 1110 1113 1221 1238 1264 1288 1293 1304 1315 1325 1427 1444 1483 1495 1544 1584 1596 1658 1686 1695 1705 1716 1724 1732 1771 1816 1826 1890
limitations FR940810-2-00124 2 41 692
terms FR940810-2-00124 1 43
conditions FR940810-2-00124 1 45
and FR940810-2-00124 25 46 52 66 73 179 289 407 426 441 650 693 845 885 958 1037 1131 1156 1182 1197 1233 1377 1392 1448 1753 1806
requirements FR940810-2-00124 2 47 694
1940 FR940810-2-00124 4 50 64 141 1446
act FR940810-2-00124 5 51 65 142 973 1447
rules FR940810-2-00124 6 54 68 427 1183 1378 1450
promulgated FR940810-2-00124 2 55 1451
thereunder FR940810-2-00124 3 56 69 1452
. FR940810-2-00124 45 57 125 200 260 353 394 411 471 543 568 603 639 661 714 738 801 815 826 829 865 906 969 976 985 1026 1051 1075 1106 1167 1214 1254 1274 1310 1337 1360 1399 1430 1509 1565 1642 1679 1738 1780 1824 1901
permitted FR940810-2-00124 3 61 326 1844
by FR940810-2-00124 8 62 590 794 935 1045 1368 1535 1845
sales FR940810-2-00124 38 72 86 109 121 149 239 265 319 343 356 369 399 468 477 526 547 578 629 690 706 749 759 836 878 900 938 988 1003 1116 1211 1229 1240 1545 1631 1698 1749 1796 1838
administrative FR940810-2-00124 2 74 123
may FR940810-2-00124 7 79 166 188 401 1040 1060 1342
be FR940810-2-00124 14 80 310 313 613 726 933 1008 1041 1244 1263 1363 1366 1527 1813
reduced FR940810-2-00124 2 81 1072
in FR940810-2-00124 36 82 117 285 379 385 489 506 510 531 614 647 675 695 740 763 773 797 925 937 965 1065 1247 1291 1302 1313 1323 1468 1479 1559 1582 1605 1615 1636 1703 1722 1830
case FR940810-2-00124 3 84 1529 1833
a FR940810-2-00124 31 88 95 134 161 227 421 487 501 546 584 628 716 786 999 1014 1017 1066 1088 1103 1111 1153 1177 1372 1469 1493 1598 1649 1783 1832 1864 1899
class FR940810-2-00124 2 89 114
associated FR940810-2-00124 1 91
individuals FR940810-2-00124 1 92
trustee FR940810-2-00124 1 96
employer FR940810-2-00124 1 98
similar FR940810-2-00124 1 101
entity FR940810-2-00124 1 102
where FR940810-2-00124 1 103
companies FR940810-2-00124 3 105 361 954
anticipate FR940810-2-00124 1 106
members FR940810-2-00124 1 111
result FR940810-2-00124 3 116 941 1467
lower FR940810-2-00124 4 118 516 595 1621
than FR940810-2-00124 8 119 270 557 634 732 1497 1525 1668
normal FR940810-2-00124 1 120
expenses FR940810-2-00124 3 124 567 1678
' FR940810-2-00124 1 127
legal FR940810-2-00124 1 128
analysis FR940810-2-00124 1 129
1. FR940810-2-00124 4 130 359 994 1278
section FR940810-2-00124 5 131 224 418 1174 1369
27 FR940810-2-00124 5 132 225 419 1175 1370
( FR940810-2-00124 63 133 136 208 211 214 217 226 229 275 278 281 297 300 303 306 330 333 420 423 429 432 435 438 442 445 448 520 698 813 824 928 950 982 1176 1179 1185 1188 1191 1194 1198 1201 1371 1374 1380 1383 1386 1389 1393 1396 1453 1538 1625 1798 1848 1851 1854 1857 1860 1863 1873 1876 1879 1882
) FR940810-2-00124 63 135 138 210 213 216 219 228 231 277 280 283 299 302 305 308 332 335 422 425 431 434 437 440 444 447 460 528 700 817 828 930 955 984 1178 1181 1187 1190 1193 1196 1200 1203 1373 1376 1382 1385 1388 1391 1395 1398 1463 1540 1633 1811 1850 1853 1856 1859 1862 1865 1875 1878 1881 1884
3 FR940810-2-00124 6 137 230 424 1180 1375 1849
generally FR940810-2-00124 2 143 1533
provides FR940810-2-00124 3 144 284 583
amount FR940810-2-00124 13 147 171 182 193 237 254 317 341 373 651 1543 1770 1843
charge FR940810-2-00124 28 150 240 357 370 400 469 478 502 548 630 691 707 718 837 879 901 989 1004 1117 1212 1230 1241 1546 1599 1699 1750 1797 1805
deducted FR940810-2-00124 13 151 172 183 194 241 255 267 321 345 479 503 709 1009
first FR940810-2-00124 13 156 482 1295 1327 1351 1485 1505 1577 1586 1611 1660 1734 1892
twelve FR940810-2-00124 1 157
monthly FR940810-2-00124 1 158
payments FR940810-2-00124 8 159 377 406 654 713 1347 1552 1562
on FR940810-2-00124 4 160 1013 1102 1556
periodic FR940810-2-00124 2 162 790
payment FR940810-2-00124 6 163 177 187 199 244 259
plan FR940810-2-00124 2 164 791
certificate FR940810-2-00124 1 165
not FR940810-2-00124 17 167 189 250 337 363 408 612 753 932 1033 1136 1157 1225 1301 1332 1357 1554
exceed FR940810-2-00124 5 168 190 251 338 1841
proportionately FR940810-2-00124 2 169 191
such FR940810-2-00124 12 176 500 534 566 715 951 1561 1597 1639 1652 1677 1831
subsequent FR940810-2-00124 3 186 198 1159
2. FR940810-2-00124 3 201 1052 1400
limited FR940810-2-00124 2 203 291
exceptions FR940810-2-00124 2 204 292
rule FR940810-2-00124 9 206 273 295 328 696 926 1536 1846 1871
6e3 FR940810-2-00124 11 207 274 296 329 428 697 927 1184 1379 1537 1872
t FR940810-2-00124 12 209 276 298 331 430 699 929 1186 1381 1539 1852 1874
b FR940810-2-00124 6 212 301 433 1189 1384 1855
13 FR940810-2-00124 6 215 304 436 1192 1387 1858
ii FR940810-2-00124 5 218 307 439 1195 1390
grants FR940810-2-00124 1 220
an FR940810-2-00124 4 221 415 770 1171
exemption FR940810-2-00124 3 222 416 1172
provided FR940810-2-00124 2 233 734
proportionate FR940810-2-00124 3 236 253 340
during FR940810-2-00124 8 245 1349 1503 1609 1656 1708 1730 1787
contract FR940810-2-00124 1 247
period FR940810-2-00124 1 248
does FR940810-2-00124 2 249 336
prior FR940810-2-00124 2 258 346
3. FR940810-2-00124 4 261 739 1215 1566
respect FR940810-2-00124 8 263 599 1151 1162 1548 1574 1601 1774
premiums FR940810-2-00124 22 271 505 536 552 602 626 904 1011 1289 1311 1417 1424 1478 1502 1604 1641 1654 1701 1720 1777 1820 1896
d FR940810-2-00124 6 279 334 443 1199 1394 1877
1 FR940810-2-00124 5 282 446 1202 1397 1880
pertinent FR940810-2-00124 1 286
part FR940810-2-00124 3 287 511 1616
shall FR940810-2-00124 1 309
deemed FR940810-2-00124 1 311
satisfied FR940810-2-00124 1 314
if FR940810-2-00124 4 315 703 1530 1782
load FR940810-2-00124 5 320 344 579 750 939
method FR940810-2-00124 2 325 352
thereto FR940810-2-00124 1 347
same FR940810-2-00124 2 351 1165
a. FR940810-2-00124 1 354
frontend FR940810-2-00124 11 355 368 398 577 705 717 758 987 1115 1697 1804
limitation FR940810-2-00124 1 358
impose FR940810-2-00124 2 364 1648
4 FR940810-2-00124 4 366 604 640 1802
% FR940810-2-00124 7 367 1287 1411 1803 1809 1815 1889
upon FR940810-2-00124 2 371 1651
premium FR940810-2-00124 12 376 390 405 484 653 712 1309 1322 1346 1551 1581 1729
received FR940810-2-00124 1 378
policy FR940810-2-00124 37 381 488 491 588 618 656 730 768 948 1015 1058 1067 1093 1155 1166 1268 1297 1307 1320 1329 1353 1422 1473 1487 1500 1507 1579 1588 1662 1710 1727 1736 1743 1784 1790 1818 1900
year FR940810-2-00124 7 382 393 492 1317 1558 1711 1791
is FR940810-2-00124 12 384 561 632 842 962 1032 1125 1135 1140 1285 1520 1672
excess FR940810-2-00124 14 386 507 535 551 601 625 1303 1314 1477 1606 1640 1653 1704 1723
target FR940810-2-00124 9 389 483 1308 1321 1423 1501 1580 1728 1819
for FR940810-2-00124 6 391 889 991 1076 1472 1758
consequently FR940810-2-00124 1 395
apply FR940810-2-00124 4 402 1146 1343 1414
some FR940810-2-00124 3 404 1148 1345
others FR940810-2-00124 2 410 1359
request FR940810-2-00124 2 414 1170
also FR940810-2-00124 3 449 664 723
referred FR940810-2-00124 1 450
herein FR940810-2-00124 2 452 1462
collectively FR940810-2-00124 1 453
as FR940810-2-00124 7 454 494 849 952 1532 1591 1867
`` FR940810-2-00124 2 456 921
stairstep FR940810-2-00124 2 457 922
provisions FR940810-2-00124 2 458 1443
'' FR940810-2-00124 2 459 923
necessary FR940810-2-00124 5 464 562 638 1207 1673
permit FR940810-2-00124 2 466 1209
structure FR940810-2-00124 12 470 574 719 751 838 880 1213 1231 1277 1438 1516 1751
2.the FR940810-2-00124 1 472
paid FR940810-2-00124 14 485 524 905 1012 1290 1312 1429 1608 1629 1655 1702 1721 1821 1897
compared FR940810-2-00124 3 495 850 1592
absence FR940810-2-00124 2 498 1595
thereof FR940810-2-00124 2 508 1607
reflects FR940810-2-00124 2 512 1617
fact FR940810-2-00124 2 514 1619
overall FR940810-2-00124 2 517 1622
distribution FR940810-2-00124 3 518 596 1623
costs FR940810-2-00124 3 519 597 1624
eg FR940810-2-00124 3 521 806 1626
commissions FR940810-2-00124 2 523 1628
persons FR940810-2-00124 2 527 1632
are FR940810-2-00124 6 529 658 861 1300 1331 1634
incurred FR940810-2-00124 2 530 1635
connection FR940810-2-00124 2 532 1637
over FR940810-2-00124 1 537
life FR940810-2-00124 5 539 765 810 821 857
deduct FR940810-2-00124 2 545 754
would FR940810-2-00124 13 553 611 681 724 752 777 931 1007 1439 1466 1526 1664 1812
generate FR940810-2-00124 2 554 1665
more FR940810-2-00124 3 555 1521 1666
revenue FR940810-2-00124 1 556
either FR940810-2-00124 2 558 1669
company FR940810-2-00124 5 559 972 996 1047 1670
believes FR940810-2-00124 2 560 1671
adequately FR940810-2-00124 2 564 1675
defray FR940810-2-00124 2 565 1676
submit FR940810-2-00124 10 571 608 643 910 1218 1257 1512 1645 1683 1741
significant FR940810-2-00124 1 585
benefit FR940810-2-00124 5 586 875 1085 1265 1746
owners FR940810-2-00124 10 589 619 657 731 871 896 1269 1474 1744 1765
passing FR940810-2-00124 1 591
through FR940810-2-00124 1 592
them FR940810-2-00124 1 594
further FR940810-2-00124 3 607 868 1433
it FR940810-2-00124 4 610 1139 1272 1465
interest FR940810-2-00124 1 616
require FR940810-2-00124 1 621
deduction FR940810-2-00124 1 623
higher FR940810-2-00124 2 633 1470
deem FR940810-2-00124 1 637
flexibility FR940810-2-00124 1 646
timing FR940810-2-00124 1 649
afforded FR940810-2-00124 1 655
desirable FR940810-2-00124 1 659
features FR940810-2-00124 1 660
note FR940810-2-00124 2 665 980
subject FR940810-2-00124 3 668 1333 1454
requested FR940810-2-00124 2 674 1461
continue FR940810-2-00124 1 682
even FR940810-2-00124 1 702
were FR940810-2-00124 3 708 1563 1785
however FR940810-2-00124 1 721
clearly FR940810-2-00124 2 725 1262
less FR940810-2-00124 2 727 1496
favorable FR940810-2-00124 2 728 1522
addition FR940810-2-00124 1 741
proposed FR940810-2-00124 1 748
large FR940810-2-00124 2 755 992
amounts FR940810-2-00124 2 756 1707
so FR940810-2-00124 1 761
early FR940810-2-00124 2 762 775
investor FR940810-2-00124 1 771
redeeming FR940810-2-00124 1 772
periods FR940810-2-00124 1 776
recoup FR940810-2-00124 1 778
little FR940810-2-00124 1 779
his FR940810-2-00124 1 781
her FR940810-2-00124 1 783
investment FR940810-2-00124 2 784 971
perceived FR940810-2-00124 1 787
abuse FR940810-2-00124 1 788
certificates FR940810-2-00124 1 792
identified FR940810-2-00124 1 793
staff FR940810-2-00124 1 796
past FR940810-2-00124 1 798
noaction FR940810-2-00124 1 799
letters FR940810-2-00124 1 800
5 FR940810-2-00124 2 802 803
see FR940810-2-00124 1 804
western FR940810-2-00124 1 808
reserve FR940810-2-00124 1 809
insurance FR940810-2-00124 3 811 822 858
co. FR940810-2-00124 2 812 823
avail FR940810-2-00124 2 814 825
; FR940810-2-00124 1 818
united FR940810-2-00124 1 819
investors FR940810-2-00124 1 820
4. FR940810-2-00124 2 830 1680
relatively FR940810-2-00124 1 843
straightforward FR940810-2-00124 1 844
easily FR940810-2-00124 1 846
understood FR940810-2-00124 1 847
many FR940810-2-00124 1 854
variable FR940810-2-00124 1 856
currently FR940810-2-00124 1 862
being FR940810-2-00124 2 863 1071
offered FR940810-2-00124 1 864
prospectuses FR940810-2-00124 3 888 1249 1757
contain FR940810-2-00124 2 893 1762
disclosure FR940810-2-00124 2 894 1763
informing FR940810-2-00124 2 895 1764
how FR940810-2-00124 2 897 1766
minimize FR940810-2-00124 2 899 1768
deductions FR940810-2-00124 1 902
5. FR940810-2-00124 2 907 1781
indicated FR940810-2-00124 1 915
underlying FR940810-2-00124 1 919
requirement FR940810-2-00124 1 924
contravened FR940810-2-00124 1 934
fluctuations FR940810-2-00124 1 936
which FR940810-2-00124 2 940 1560
factors FR940810-2-00124 1 943
beyond FR940810-2-00124 1 944
control FR940810-2-00124 1 946
issuers FR940810-2-00124 1 949
6 FR940810-2-00124 2 957 970
principle FR940810-2-00124 1 961
equally FR940810-2-00124 2 963 1712
present FR940810-2-00124 1 967
circumstance FR940810-2-00124 1 968
release FR940810-2-00124 1 974
no FR940810-2-00124 1 975
15651 FR940810-2-00124 1 977
at FR940810-2-00124 7 979 1022 1048 1126 1147 1158 1480
139 FR940810-2-00124 1 981
b. FR940810-2-00124 1 986
reduction FR940810-2-00124 5 990 1144 1220 1242 1260
each FR940810-2-00124 4 995 1046 1292 1583
waive FR940810-2-00124 1 998
portion FR940810-2-00124 2 1000 1112
otherwise FR940810-2-00124 1 1006
current FR940810-2-00124 2 1018 1122
sum FR940810-2-00124 4 1019 1069 1100 1123
insured FR940810-2-00124 4 1020 1070 1101 1124
least FR940810-2-00124 3 1023 1127 1481
$ FR940810-2-00124 2 1024 1128
250000 FR940810-2-00124 2 1025 1129
continuation FR940810-2-00124 1 1028
waiver FR940810-2-00124 4 1031 1039 1109 1134
contractually FR940810-2-00124 1 1034
guaranteed FR940810-2-00124 2 1035 1137
withdrawn FR940810-2-00124 1 1042
modified FR940810-2-00124 1 1044
time FR940810-2-00124 1 1050
certain FR940810-2-00124 2 1054 1080
circumstances FR940810-2-00124 1 1055
owner FR940810-2-00124 1 1059
take FR940810-2-00124 1 1061
action FR940810-2-00124 1 1062
results FR940810-2-00124 1 1064
's FR940810-2-00124 3 1068 1094 1318
after FR940810-2-00124 1 1073
issue FR940810-2-00124 1 1074
example FR940810-2-00124 1 1077
available FR940810-2-00124 1 1083
death FR940810-2-00124 1 1084
options FR940810-2-00124 1 1086
partial FR940810-2-00124 1 1089
withdrawal FR940810-2-00124 1 1090
cash FR940810-2-00124 1 1095
surrender FR940810-2-00124 1 1096
value FR940810-2-00124 1 1097
reduces FR940810-2-00124 1 1098
dollarfordollar FR940810-2-00124 1 1104
basis FR940810-2-00124 1 1105
because FR940810-2-00124 2 1107 1132
applies FR940810-2-00124 2 1118 1273
only FR940810-2-00124 2 1119 1455
when FR940810-2-00124 2 1120 1428
possible FR940810-2-00124 1 1141
could FR940810-2-00124 4 1145 1362 1406 1834
times FR940810-2-00124 2 1149 1160
given FR940810-2-00124 1 1154
these FR940810-2-00124 1 1222
unduly FR940810-2-00124 1 1226
complicate FR940810-2-00124 1 1227
operation FR940810-2-00124 1 1237
fully FR940810-2-00124 1 1245
disclosed FR940810-2-00124 1 1246
pertaining FR940810-2-00124 1 1250
those FR940810-2-00124 2 1267 1610
whom FR940810-2-00124 1 1271
c. FR940810-2-00124 1 1275
cdsc FR940810-2-00124 13 1276 1281 1336 1341 1412 1471 1515 1572 1650 1718 1772 1810 1829
maximum FR940810-2-00124 2 1280 1794
26 FR940810-2-00124 3 1286 1410 1808
three FR940810-2-00124 11 1296 1328 1352 1420 1486 1498 1506 1587 1612 1661 1735
years FR940810-2-00124 9 1298 1330 1354 1488 1508 1589 1613 1663 1737
one FR940810-2-00124 4 1305 1316 1482 1725
base FR940810-2-00124 7 1306 1319 1421 1499 1578 1726 1817
thus FR940810-2-00124 1 1338
made FR940810-2-00124 2 1348 1564
but FR940810-2-00124 1 1356
interpreted FR940810-2-00124 1 1364
prohibited FR940810-2-00124 1 1367
they FR940810-2-00124 2 1405 1778
have FR940810-2-00124 1 1407
structured FR940810-2-00124 1 1408
their FR940810-2-00124 1 1409
up FR940810-2-00124 1 1418
regardless FR940810-2-00124 1 1426
although FR940810-2-00124 1 1436
who FR940810-2-00124 2 1475 1491
pay FR940810-2-00124 3 1476 1492 1779
total FR940810-2-00124 3 1494 1795 1837
purchasers FR940810-2-00124 1 1524
contemplated FR940810-2-00124 1 1534
did FR940810-2-00124 1 1553
depend FR940810-2-00124 1 1555
revenues FR940810-2-00124 1 1667
arguments FR940810-2-00124 1 1688
set FR940810-2-00124 1 1689
forth FR940810-2-00124 1 1690
above FR940810-2-00124 1 1691
concerning FR940810-2-00124 1 1692
inapplicability FR940810-2-00124 2 1694 1715
specified FR940810-2-00124 1 1706
support FR940810-2-00124 1 1713
surrendered FR940810-2-00124 1 1786
second FR940810-2-00124 1 1789
including FR940810-2-00124 1 1799
both FR940810-2-00124 1 1800
60 FR940810-2-00124 1 1814
date FR940810-2-00124 1 1823
imposition FR940810-2-00124 1 1825
full FR940810-2-00124 1 1828
cause FR940810-2-00124 1 1835
6e FR940810-2-00124 1 1847
v FR940810-2-00124 1 1861
applied FR940810-2-00124 1 1868
i FR940810-2-00124 1 1883
_ FR940810-2-00124 1 1885
ie FR940810-2-00124 1 1886
40 FR940810-2-00124 1 1888
two FR940810-2-00124 1 1893
guideline FR940810-2-00124 1 1894
annual FR940810-2-00124 1 1895
6. FR940810-2-00125 1 0
to FR940810-2-00125 14 1 58 67 80 95 141 161 200 223 242 294 333 370 435
ensure FR940810-2-00125 2 2 96
compliance FR940810-2-00125 1 3
with FR940810-2-00125 2 4 451
the FR940810-2-00125 59 5 40 46 51 56 63 74 121 126 136 145 148 151 154 166 173 178 182 201 204 207 211 214 217 229 234 238 244 276 285 289 296 299 303 306 313 319 329 335 339 344 347 383 393 429 436 446 452 457 462 467 472 479 483 496 523 532 537 541
`` FR940810-2-00125 1 6
refund FR940810-2-00125 2 7 247
'' FR940810-2-00125 1 8
requirements FR940810-2-00125 1 9
that FR940810-2-00125 14 10 97 131 142 168 181 203 233 279 343 346 392 438 482
are FR940810-2-00125 1 11
, FR940810-2-00125 24 12 15 50 65 78 120 144 198 311 317 328 387 391 395 400 408 412 420 424 432 478 539 546 554
in FR940810-2-00125 11 13 39 55 73 125 165 195 352 388 445 475
effect FR940810-2-00125 1 14
imposed FR940810-2-00125 1 16
by FR940810-2-00125 5 17 249 396 461 540
rules FR940810-2-00125 3 18 290 500
6e3 FR940810-2-00125 6 19 102 251 324 362 501
( FR940810-2-00125 30 20 23 26 29 33 36 103 106 109 112 115 252 255 258 261 264 268 271 325 363 379 489 492 502 505 508 511 515 518 528
t FR940810-2-00125 6 21 104 253 326 364 503
) FR940810-2-00125 30 22 25 28 31 35 38 105 108 111 114 117 254 257 260 263 266 270 273 327 365 381 491 494 504 507 510 513 517 520 530
b FR940810-2-00125 4 24 107 256 506
13 FR940810-2-00125 4 27 110 259 509
ii FR940810-2-00125 2 30 512
and FR940810-2-00125 9 32 267 288 434 449 456 464 499 514
d FR940810-2-00125 3 34 269 516
1 FR940810-2-00125 3 37 272 519
event FR940810-2-00125 1 41
of FR940810-2-00125 25 42 62 70 100 128 147 153 189 206 210 216 237 298 305 322 382 410 418 428 454 466 495 525 531 543
a FR940810-2-00125 9 43 60 116 129 187 265 353 367 490
surrender FR940810-2-00125 1 44
during FR940810-2-00125 1 45
second FR940810-2-00125 5 47 75 155 218 307
policy FR940810-2-00125 9 48 76 83 156 191 219 308 371 463
year FR940810-2-00125 5 49 77 157 197 220
companies FR940810-2-00125 2 52 330
will FR940810-2-00125 2 53 118
agree FR940810-2-00125 1 54
policies FR940810-2-00125 1 57
waive FR940810-2-00125 1 59
portion FR940810-2-00125 1 61
cdsc FR940810-2-00125 6 64 130 167 183 212 355
equal FR940810-2-00125 1 66
20 FR940810-2-00125 1 68
% FR940810-2-00125 1 69
premiums FR940810-2-00125 2 71 193
paid FR940810-2-00125 2 72 194
up FR940810-2-00125 1 79
one FR940810-2-00125 1 81
base FR940810-2-00125 2 82 190
target FR940810-2-00125 2 84 192
premium FR940810-2-00125 1 85
. FR940810-2-00125 12 86 140 176 228 274 338 373 470 535 550 557 561
7. FR940810-2-00125 1 87
although FR940810-2-00125 1 88
this FR940810-2-00125 2 89 476
waiver FR940810-2-00125 7 90 149 209 240 301 336 348
formula FR940810-2-00125 3 91 122 349
has FR940810-2-00125 1 92
been FR940810-2-00125 1 93
designed FR940810-2-00125 1 94
no FR940810-2-00125 1 98
violation FR940810-2-00125 1 99
rule FR940810-2-00125 5 101 137 250 323 361
v FR940810-2-00125 2 113 262
occur FR940810-2-00125 1 119
can FR940810-2-00125 2 123 350
result FR940810-2-00125 2 124 351
imposition FR940810-2-00125 1 127
is FR940810-2-00125 5 132 221 241 366 441
lower FR940810-2-00125 2 133 354
than FR940810-2-00125 2 134 356
what FR940810-2-00125 1 135
would FR940810-2-00125 3 138 169 281
permit FR940810-2-00125 1 139
extent FR940810-2-00125 3 143 202 437
expiration FR940810-2-00125 3 146 205 297
after FR940810-2-00125 3 150 213 302
end FR940810-2-00125 3 152 215 304
could FR940810-2-00125 1 158
be FR940810-2-00125 4 159 170 282 358
deemed FR940810-2-00125 2 160 222
cause FR940810-2-00125 2 162 224
an FR940810-2-00125 2 163 226
increase FR940810-2-00125 2 164 227
prohibited FR940810-2-00125 1 171
under FR940810-2-00125 4 172 318 360 547
stairstep FR940810-2-00125 1 174
provisions FR940810-2-00125 2 175 465
8. FR940810-2-00125 1 177
applicants FR940810-2-00125 6 179 230 277 340 374 480
represent FR940810-2-00125 2 180 232
never FR940810-2-00125 1 184
increases FR940810-2-00125 1 185
as FR940810-2-00125 1 186
percentage FR940810-2-00125 1 188
each FR940810-2-00125 1 196
except FR940810-2-00125 1 199
partial FR940810-2-00125 3 208 239 300
such FR940810-2-00125 2 225 439
further FR940810-2-00125 2 231 341
sole FR940810-2-00125 1 235
purpose FR940810-2-00125 1 236
implement FR940810-2-00125 1 243
sales FR940810-2-00125 1 245
load FR940810-2-00125 1 246
mandated FR940810-2-00125 1 248
9. FR940810-2-00125 1 275
submit FR940810-2-00125 3 278 342 481
it FR940810-2-00125 1 280
anomalous FR940810-2-00125 1 283
if FR940810-2-00125 2 284 433
1940 FR940810-2-00125 6 286 384 430 468 497 533
act FR940810-2-00125 6 287 385 431 469 498 534
promulgated FR940810-2-00125 1 291
thereunder FR940810-2-00125 2 292 521
were FR940810-2-00125 1 293
prohibit FR940810-2-00125 1 295
year_ FR940810-2-00125 1 309
ie FR940810-2-00125 1 310
at FR940810-2-00125 1 312
very FR940810-2-00125 1 314
time FR940810-2-00125 1 315
when FR940810-2-00125 1 316
specific FR940810-2-00125 1 320
terms FR940810-2-00125 1 321
' FR940810-2-00125 2 331 375
obligations FR940810-2-00125 1 332
make FR940810-2-00125 1 334
expires FR940810-2-00125 1 337
fact FR940810-2-00125 1 345
might FR940810-2-00125 1 357
permitted FR940810-2-00125 1 359
clear FR940810-2-00125 1 368
benefit FR940810-2-00125 1 369
owners FR940810-2-00125 1 372
conclusion FR940810-2-00125 1 376
section FR940810-2-00125 3 377 487 526
6 FR940810-2-00125 2 378 527
c FR940810-2-00125 2 380 529
provides FR940810-2-00125 1 386
pertinent FR940810-2-00125 1 389
part FR940810-2-00125 1 390
commission FR940810-2-00125 2 394 538
order FR940810-2-00125 1 397
upon FR940810-2-00125 1 398
application FR940810-2-00125 2 399 477
may FR940810-2-00125 1 401
conditionally FR940810-2-00125 1 402
or FR940810-2-00125 5 403 413 416 422 443
unconditionally FR940810-2-00125 1 404
exempt FR940810-2-00125 1 405
any FR940810-2-00125 3 406 414 426
person FR940810-2-00125 1 407
security FR940810-2-00125 1 409
transaction FR940810-2-00125 1 411
class FR940810-2-00125 1 415
classes FR940810-2-00125 1 417
persons FR940810-2-00125 1 419
securities FR940810-2-00125 1 421
transactions FR940810-2-00125 1 423
from FR940810-2-00125 2 425 486
provision FR940810-2-00125 1 427
exemption FR940810-2-00125 2 440 485
necessary FR940810-2-00125 1 442
appropriate FR940810-2-00125 1 444
public FR940810-2-00125 1 447
interest FR940810-2-00125 1 448
consistent FR940810-2-00125 1 450
protection FR940810-2-00125 1 453
investors FR940810-2-00125 1 455
purposes FR940810-2-00125 1 458
fairly FR940810-2-00125 1 459
intended FR940810-2-00125 1 460
for FR940810-2-00125 2 471 536
reasons FR940810-2-00125 1 473
expressed FR940810-2-00125 1 474
requested FR940810-2-00125 1 484
27 FR940810-2-00125 1 488
3 FR940810-2-00125 1 493
meet FR940810-2-00125 1 522
standards FR940810-2-00125 1 524
division FR940810-2-00125 1 542
investment FR940810-2-00125 1 544
management FR940810-2-00125 1 545
delegated FR940810-2-00125 1 548
authority FR940810-2-00125 1 549
margaret FR940810-2-00125 1 551
h. FR940810-2-00125 1 552
mcfarland FR940810-2-00125 1 553
deputy FR940810-2-00125 1 555
secretary FR940810-2-00125 1 556
[ FR940810-2-00125 1 558
fr FR940810-2-00125 1 559
doc FR940810-2-00125 1 560
9419447 FR940810-2-00125 1 562
filed FR940810-2-00125 1 563
8994 FR940810-2-00125 1 564
; FR940810-2-00125 1 565
8:45 FR940810-2-00125 1 566
am FR940810-2-00125 1 567
] FR940810-2-00125 1 568
billing FR940810-2-00125 1 569
code FR940810-2-00125 1 570
801001m FR940810-2-00125 1 571
[ FR940810-2-00126 1 0
investment FR940810-2-00126 1 1
company FR940810-2-00126 1 2
act FR940810-2-00126 1 3
release FR940810-2-00126 1 4
no FR940810-2-00126 1 5
. FR940810-2-00126 1 6
20442 FR940810-2-00126 1 7
; FR940810-2-00126 1 8
8128908 FR940810-2-00126 1 9
] FR940810-2-00126 1 10
lord FR940810-2-00126 1 11
, FR940810-2-00126 2 12 16
abbett FR940810-2-00126 1 13
& FR940810-2-00126 1 14
co. FR940810-2-00126 1 15
et FR940810-2-00126 1 17
