plan FR941206-1-00134 1 51521
for FR941206-1-00134 72 51522 51554 51798 51838 51864 51871 51979 51998 52037 52054 52105 52126 52130 52202 52213 52232 52396 52417 52432 52459 52479 52509 52612 52630 52669 52750 52766 52806 52927 52947 53156 53193 53207 53225 53336 53361 53392 53411 53424 53432 53537 53605 53647 53852 53993 54033 54046 54076 54093 54115 54133 54188 54208 54260 54272 54308 54371 54373 54512 54792 54999 55006 55080 55088 55409 55471 55474 55550 55624 55658 55903 56008
employees FR941206-1-00134 1 51523
working FR941206-1-00134 1 51524
in FR941206-1-00134 85 51525 51545 51558 51588 51663 51676 51732 51745 51831 51866 51966 51972 51983 51995 52015 52077 52196 52279 52281 52317 52407 52426 52436 52554 52574 52594 52639 52666 52733 52772 52944 52957 52975 53011 53135 53187 53200 53209 53248 53347 53409 53416 53474 53560 53637 53664 53679 53720 53769 53867 53900 53939 53957 53963 54006 54087 54242 54351 54381 54437 54523 54552 54654 54683 54690 54698 54754 54796 55133 55220 55263 55370 55376 55379 55403 55454 55581 55690 55693 55793 55833 56021 56060 56088 56134
laboratories FR941206-1-00134 7 51526 51559 52447 53980 53986 54082 54255
. FR941206-1-00134 120 51527 51542 51581 51618 51642 51721 51815 51840 51878 51913 51939 51965 52050 52137 52160 52206 52241 52328 52364 52410 52420 52441 52478 52514 52533 52562 52589 52648 52650 52653 52673 52739 52790 52825 52913 52934 53029 53084 53103 53128 53149 53177 53216 53243 53271 53303 53346 53368 53452 53481 53529 53544 53567 53626 53676 53723 53777 53822 53850 53894 53904 53962 54022 54058 54101 54137 54191 54228 54264 54282 54312 54376 54418 54451 54485 54522 54548 54619 54650 54667 54688 54719 54771 54803 54840 54854 54890 54925 54949 54986 55015 55031 55050 55091 55100 55151 55203 55246 55279 55309 55448 55450 55453 55526 55546 55586 55600 55636 55698 55748 55772 55801 55832 55851 55932 55975 56007 56071 56080 56109
appendix FR941206-1-00134 2 51528 51546
a FR941206-1-00134 85 51529 51547 51741 51850 51887 51955 51960 52085 52134 52388 52415 52437 52535 52550 52609 52699 52719 52931 53004 53101 53136 53172 53223 53373 53379 53389 53447 53450 53514 53538 53610 53630 53858 53943 54111 54116 54130 54273 54389 54506 54582 54587 54596 54633 54660 54766 54849 54880 54906 54973 54997 55056 55081 55106 55127 55156 55164 55172 55180 55216 55226 55241 55326 55340 55359 55397 55404 55410 55435 55612 55648 55719 55738 55760 55802 55827 55898 55908 55973 56015 56042 56050 56067 56097 56118
of FR941206-1-00134 160 51530 51593 51601 51606 51613 51656 51661 51680 51684 51694 51705 51754 51757 51763 51862 51874 51889 51911 51930 51942 51974 51977 52068 52084 52087 52107 52120 52133 52168 52199 52215 52271 52304 52310 52369 52452 52489 52540 52616 52746 52770 52798 52809 52859 52876 52888 52930 52942 52970 53019 53040 53049 53057 53068 53077 53080 53093 53144 53203 53237 53288 53314 53414 53449 53454 53462 53509 53523 53534 53540 53564 53574 53588 53623 53713 53729 53732 53739 53746 53798 53807 53829 53846 53860 53870 53889 53924 53936 53942 54027 54037 54091 54095 54118 54124 54145 54151 54244 54269 54275 54291 54316 54343 54412 54421 54428 54442 54492 54505 54559 54612 54639 54662 54680 54685 54692 54707 54788 54806 54810 54865 54879 54929 54932 55009 55013 55018 55045 55054 55067 55097 55113 55120 55126 55136 55182 55196 55238 55240 55268 55305 55307 55312 55351 55365 55384 55439 55484 55631 55650 55661 55669 55847 55900 55934 56014 56024 56066 56085 56137
that FR941206-1-00134 59 51531 51645 51713 51853 51919 52009 52073 52101 52152 52227 52273 52340 52371 52445 52456 52674 52690 52981 53138 53239 53261 53378 53407 53598 53661 53688 53692 53721 53779 53977 54110 54231 54256 54288 54477 54524 54564 54601 54702 54729 54858 54876 54899 55035 55073 55089 55110 55290 55314 55329 55343 55412 55423 55610 55626 55724 55804 55834 56031
section FR941206-1-00134 15 51532 52244 52936 53028 54197 54426 55093 55101 55153 55194 55223 55269 55639 55664 55699
is FR941206-1-00134 32 51533 51563 51586 51636 51749 52059 52074 52102 52210 52330 52625 52676 53645 53657 53766 53865 54012 54030 54069 54103 54488 54602 54902 54935 54991 55059 55168 55261 55330 55344 55427 55759
nony FR941206-1-00134 1 51534
, FR941206-1-00134 204 51535 51560 51570 51574 51576 51578 51630 51651 51699 51707 51739 51760 51773 51776 51789 51833 51858 51861 51985 52018 52020 52023 52047 52048 52096 52112 52117 52121 52123 52177 52208 52212 52217 52252 52296 52300 52384 52394 52481 52524 52537 52564 52581 52583 52585 52661 52707 52715 52725 52817 52819 52821 52832 52840 52846 52854 52894 52897 52900 52904 52906 52909 52915 52966 53046 53054 53065 53072 53112 53116 53118 53121 53124 53126 53230 53250 53256 53291 53295 53297 53349 53395 53403 53436 53439 53496 53505 53511 53518 53526 53547 53668 53671 53698 53701 53704 53706 53709 53735 53742 53750 53752 53757 53764 53801 53810 53814 53816 53831 53843 53857 53879 53929 53938 53945 53966 53987 53989 54000 54041 54060 54168 54176 54180 54285 54300 54303 54321 54334 54336 54346 54384 54433 54435 54439 54456 54511 54514 54526 54577 54593 54637 54642 54647 54709 54734 54741 54749 54752 54761 54773 54829 54874 54927 54951 54964 55070 55104 55109 55140 55142 55161 55163 55231 55233 55249 55260 55271 55432 55457 55500 55509 55513 55517 55557 55562 55570 55572 55574 55663 55717 55750 55777 55778 55788 55824 55836 55866 55871 55877 55937 55942 55953 55955 55957 55969 55977 55981 55995 56011 56090 56113 56117 56121
but FR941206-1-00134 4 51536 52124 52841 54710
provides FR941206-1-00134 2 51537 55103
guidance FR941206-1-00134 2 51538 51544
to FR941206-1-00134 132 51539 51667 51686 51689 51729 51765 51793 51848 51892 51951 51991 52141 52164 52180 52188 52218 52264 52293 52312 52320 52332 52338 52356 52365 52391 52398 52405 52492 52497 52520 52578 52596 52607 52626 52730 52762 52814 52845 52863 52986 53016 53033 53051 53062 53132 53171 53184 53189 53195 53221 53265 53279 53308 53322 53333 53356 53382 53388 53396 53487 53506 53571 53585 53590 53609 53617 53748 53792 53823 53836 53886 53947 53953 54015 54071 54083 54141 54162 54181 54221 54298 54331 54391 54489 54501 54533 54604 54656 54722 54757 54768 54847 54916 54943 54960 54976 54994 55041 55060 55083 55129 55177 55184 55198 55206 55251 55258 55288 55332 55406 55463 55467 55539 55655 55675 55708 55712 55727 55737 55763 55806 55841 55896 55907 55913 55920 55923 55971 55999 56054 56082 56125
assist FR941206-1-00134 1 51540
employers FR941206-1-00134 1 51541
the FR941206-1-00134 232 51543 51566 51589 51607 51611 51614 51632 51646 51668 51690 51700 51703 51709 51755 51758 51766 51794 51808 51816 51841 51855 51872 51906 51909 51928 51931 51968 51989 52016 52131 52143 52166 52169 52190 52197 52220 52229 52233 52259 52266 52269 52302 52308 52345 52353 52357 52367 52392 52400 52408 52418 52433 52487 52538 52555 52590 52598 52655 52686 52727 52744 52764 52786 52795 52807 52856 52874 52885 52928 52939 52952 52987 52997 53006 53017 53038 53047 53055 53066 53078 53081 53141 53166 53190 53197 53226 53235 53244 53253 53266 53282 53304 53357 53417 53460 53463 53507 53521 53541 53565 53572 53591 53618 53639 53695 53717 53727 53744 53770 53802 53826 53832 53853 53861 53871 53875 53880 53895 53901 53922 53934 53940 53964 53990 54002 54020 54031 54038 54050 54061 54074 54119 54125 54134 54143 54166 54189 54192 54238 54276 54289 54306 54314 54326 54341 54344 54348 54356 54382 54403 54431 54466 54486 54556 54605 54610 54657 54663 54681 54686 54693 54705 54716 54723 54758 54776 54785 54790 54793 54799 54866 54871 54894 54930 54945 54956 54961 54968 54987 55010 55043 55052 55065 55111 55118 55187 55212 55234 55253 55266 55283 55301 55348 55363 55366 55371 55380 55407 55417 55421 55424 55455 55469 55527 55559 55603 55629 55653 55659 55673 55680 55696 55706 55725 55730 55753 55837 55848 55860 55911 55916 55959 55984 56003 56029 56055 56061 56064 56083 56103 56107 56135
was FR941206-1-00134 7 51548 51987 53009 54319 54550 56078 56131
extracted FR941206-1-00134 1 51549
from FR941206-1-00134 12 51550 51565 51905 53165 53326 54001 54165 54237 55170 55416 55918 56123
`` FR941206-1-00134 17 51551 51582 51619 51894 52051 52065 52747 53471 53844 55000 55218 55254 55284 55345 55434 55613 55990
prudent FR941206-1-00134 3 51552 51583 51620
practices FR941206-1-00134 3 51553 51584 51621
handling FR941206-1-00134 4 51555 53596 53892 54261
hazardous FR941206-1-00134 8 51556 54262 54519 54583 54982 55494 55810 55881
chemicals FR941206-1-00134 3 51557 51826 54366
'' FR941206-1-00134 17 51561 51585 51622 51897 52058 52138 52754 53476 53849 55002 55221 55257 55287 55350 55441 55637 55992
which FR941206-1-00134 13 51562 51746 52468 52635 52782 53036 53397 53421 53638 55884 56019 56045 56100
available FR941206-1-00134 1 51564
national FR941206-1-00134 7 51567 51615 53991 54640 54872 55519 55960
academy FR941206-1-00134 1 51568
press FR941206-1-00134 1 51569
2101 FR941206-1-00134 1 51571
constitution FR941206-1-00134 1 51572
avenue FR941206-1-00134 1 51573
nw. FR941206-1-00134 1 51575
washington FR941206-1-00134 1 51577
dc FR941206-1-00134 1 51579
20418 FR941206-1-00134 1 51580
cited FR941206-1-00134 3 51587 54782 54805
osha FR941206-1-00134 4 51590 51633 51669 54277
regulations FR941206-1-00134 10 51591 51712 51767 53302 53821 54021 54040 54617 54921 54948
because FR941206-1-00134 6 51592 51600 51824 54248 54364 55298
its FR941206-1-00134 8 51594 51602 51846 53975 55085 55377 55808 56138
wide FR941206-1-00134 1 51595
distribution FR941206-1-00134 6 51596 51910 51971 54005 54241 54436
and FR941206-1-00134 117 51597 51599 51627 51659 51697 51708 51781 51800 51805 51807 51882 51970 51981 51993 52003 52006 52012 52024 52029 52033 52056 52097 52204 52307 52428 52467 52500 52504 52571 52586 52606 52614 52632 52671 52721 52752 52755 52768 52775 52822 52835 52855 52861 52880 52884 52910 52918 52949 53073 53213 53257 53285 53292 53298 53301 53330 53338 53363 53404 53419 53430 53458 53477 53581 53620 53634 53672 53710 53761 53765 53804 53811 53817 53820 53955 53981 53995 54004 54053 54078 54085 54217 54240 54304 54337 54399 54409 54440 54474 54480 54496 54615 54626 54745 54762 54778 54835 54875 54897 54919 55021 55477 55487 55518 55535 55553 55575 55769 55798 55922 55958 56028 56063 56075 56093 56106 56122
acceptance FR941206-1-00134 1 51598
preparation FR941206-1-00134 1 51603
by FR941206-1-00134 21 51604 52186 52258 52689 53252 54049 54056 54121 54148 54195 54254 54448 54498 54578 54594 55319 55479 55695 55741 55813 55854
members FR941206-1-00134 1 51605
laboratory FR941206-1-00134 7 51608 51634 51695 51956 53114 53549 54278
community FR941206-1-00134 6 51609 54052 54760 54795 55529 56070
through FR941206-1-00134 4 51610 52696 54609 56102
sponsorship FR941206-1-00134 1 51612
research FR941206-1-00134 26 51616 51665 51870 51980 52055 52115 52127 52203 52484 52576 52670 52751 52767 52834 52851 52917 52924 52948 53212 53337 53429 53633 53665 53693 53725 53782
council FR941206-1-00134 1 51617
deals FR941206-1-00134 1 51623
with FR941206-1-00134 27 51624 51639 51724 51734 52450 52685 52735 53140 53281 53794 53825 54035 54302 54402 54630 54676 54736 54798 54824 54837 54893 55048 55105 55429 55682 55774 55946
both FR941206-1-00134 3 51625 54917 55533
safety FR941206-1-00134 3 51626 51671 54280
chemical FR941206-1-00134 16 51628 51640 51962 52114 52460 52494 52850 52857 53699 53702 54169 55138 55147 55173 55242 55386
hazards FR941206-1-00134 2 51629 51641
while FR941206-1-00134 2 51631 55442
standard FR941206-1-00134 1 51635
concerned FR941206-1-00134 1 51637
primarily FR941206-1-00134 1 51638
epa FR941206-1-00134 42 51643 51884 51914 51986 52139 52178 52209 52299 52329 52442 53627 53689 53838 53840 53888 53948 53967 53979 54057 54077 54102 54229 54286 54385 54528 54549 54844 54887 54891 54940 55003 55049 55071 55190 55280 55333 55458 55587 55751 55775 55789 55855
believes FR941206-1-00134 6 51644 54230 54287 54898 55072 55752
limited FR941206-1-00134 6 51647 51856 52844 52945 53428 54527
manufacture FR941206-1-00134 4 51648 51857 54432 55381
( FR941206-1-00134 78 51649 51936 52043 52070 52092 52098 52148 52174 52183 52224 52238 52246 52249 52284 52294 52322 52325 52335 52361 52378 52381 52603 52622 52658 52704 52709 52712 52718 52722 52759 52829 53003 53085 53104 53110 53146 53150 53178 53343 53493 53502 53530 53681 53774 53851 53997 54066 54107 54157 54199 54202 54205 54265 54419 54575 54591 54635 54827 55155 55158 55225 55228 55273 55276 55323 55337 55356 55373 55393 55507 55641 55644 55647 55666 55701 55783 55965 56099
ie FR941206-1-00134 6 51650 52295 53988 54576 54592 55232
1 FR941206-1-00134 7 51652 52071 52282 52649 55324 55449 55645
pound FR941206-1-00134 2 51653 52289
or FR941206-1-00134 71 51654 51682 51752 51761 51785 51835 51859 51900 51953 52079 52110 52113 52118 52128 52255 52277 52287 52315 52374 52528 52698 52716 52802 52849 52925 52967 53317 53386 53426 53497 53519 53550 53607 53753 53783 54018 54098 54184 54458 54536 54542 54586 54822 54965 55123 55131 55143 55149 55166 55175 55186 55236 55244 55303 55368 55382 55388 55392 55399 55496 55501 55543 55692 55729 55735 55829 55844 55905 55915 55926 55987
less FR941206-1-00134 1 51655
pcbs FR941206-1-00134 56 51657 51662 51681 51687 51720 51725 51839 51863 51912 51978 51997 52014 52039 52069 52122 52272 52311 52370 52455 52543 52568 52619 52662 52728 52771 52810 52853 52860 52877 52889 52943 52953 52974 53050 53095 53238 53420 53445 53457 53714 53756 53961 54092 54153 54247 54309 54345 54372 54443 54580 54978 55308 55662 55815 55921 56130
) FR941206-1-00134 78 51658 51938 52049 52072 52094 52100 52150 52176 52185 52226 52240 52248 52251 52290 52298 52324 52327 52337 52363 52380 52383 52605 52624 52660 52706 52711 52714 52720 52724 52761 52831 53005 53087 53106 53129 53148 53152 53180 53345 53495 53504 53545 53683 53776 53905 53999 54068 54109 54159 54201 54204 54207 54283 54452 54585 54618 54649 54834 55157 55160 55227 55230 55275 55278 55325 55339 55358 55390 55395 55525 55643 55646 55649 55668 55703 55787 55968 56105
use FR941206-1-00134 24 51660 51865 52488 52539 52599 52651 52765 52808 52941 53208 53410 53466 53475 53561 53718 53745 53763 54290 54315 54441 55044 55364 55378 55709
conducting FR941206-1-00134 5 51664 51875 52027 52575 52812
pursuant FR941206-1-00134 5 51666 51764 52319 52985 53589
workplace FR941206-1-00134 2 51670 54279
requirements FR941206-1-00134 40 51672 51736 51802 51810 51929 52231 52999 53143 53260 53287 53305 53365 53399 53461 53622 53797 53806 53828 54281 54307 54423 54461 54701 54733 54740 54780 54802 54971 55012 55087 55431 55549 55561 55578 55865 55893 55949 55980 55994 56005
would FR941206-1-00134 50 51673 51726 51790 52742 52756 52793 52838 52921 52937 53031 53130 53182 53219 53240 53246 53262 53277 53319 53353 53371 53400 53468 53483 53576 53582 53613 53684 53790 53834 53920 53931 54127 54160 54235 54251 54294 54328 54444 54470 54703 54742 54813 54884 55027 55075 55315 55413 55615 55816 56032
not FR941206-1-00134 28 51674 51822 51828 52125 52163 52470 52683 52784 52842 52922 53320 53478 53484 53556 53569 53762 53898 54362 54368 54445 54903 54936 54992 55116 55296 55316 55443 55825
result FR941206-1-00134 5 51675 52536 53448 54236 54753
an FR941206-1-00134 11 51677 52800 53075 54024 54210 54515 54569 54937 55204 55820 56012
environmental FR941206-1-00134 15 51678 51834 52004 52501 52531 52547 52565 52584 52820 52870 52971 53711 55505 55622 55979
release FR941206-1-00134 1 51679
risks FR941206-1-00134 2 51683 55912
exposure FR941206-1-00134 2 51685 55919
due FR941206-1-00134 1 51688
highly FR941206-1-00134 2 51691 53673
trained FR941206-1-00134 1 51692
nature FR941206-1-00134 1 51693
workers FR941206-1-00134 1 51696
scientists FR941206-1-00134 1 51698
limitation FR941206-1-00134 3 51701 52267 53206
on FR941206-1-00134 21 51702 51845 51908 52116 52268 52852 52878 53659 53694 53726 53970 54213 54388 54555 54623 54673 55362 55420 55461 55597 55939
volume FR941206-1-00134 3 51704 51756 52086
production FR941206-1-00134 1 51706
current FR941206-1-00134 7 51710 51735 51932 52243 52656 55547 56016
marking FR941206-1-00134 1 51711
require FR941206-1-00134 4 51714 51903 52486 55924
containers FR941206-1-00134 4 51715 52083 52960 52976
be FR941206-1-00134 53 51716 51727 51730 51791 51829 51923 52156 52275 52313 52349 52425 52637 52664 52694 52731 52843 53052 53063 53097 53133 53185 53241 53247 53263 53334 53354 53469 53485 53557 53578 53583 53586 53615 53884 54128 54226 54252 54329 54369 54446 54463 54531 54814 54885 55029 55039 55076 55317 55722 55733 55817 56000 56033
labelled FR941206-1-00134 1 51717
as FR941206-1-00134 28 51718 51891 51947 52001 52064 52162 52505 52534 52544 52891 52968 53231 53233 53438 53446 53513 54581 54715 54765 54783 54905 54996 55252 55773 55859 55889 55951 55983
containing FR941206-1-00134 12 51719 52454 52542 52567 52618 52973 53441 53456 53960 54246 55145 56129
instrumentation FR941206-1-00134 1 51722
contaminated FR941206-1-00134 5 51723 51787 52490 52776 53122
required FR941206-1-00134 8 51728 52464 52570 52628 53486 53584 53646 55040
decontaminated FR941206-1-00134 1 51731
accordance FR941206-1-00134 1 51733
at FR941206-1-00134 31 51737 51768 51803 51811 51934 52062 52146 52172 52194 52222 52236 52359 52376 52463 52601 52620 52644 52679 52991 53100 53306 53312 53366 53593 54064 54105 54155 54870 55265 55566 55584
761.79 FR941206-1-00134 1 51738
using FR941206-1-00134 5 51740 51959 52040 53736 53839
triple FR941206-1-00134 1 51742
rinse FR941206-1-00134 2 51743 51748
procedure FR941206-1-00134 1 51744
each FR941206-1-00134 3 51747 52411 54809
10 FR941206-1-00134 1 51750
percent FR941206-1-00134 2 51751 54679
greater FR941206-1-00134 2 51753 53318
container FR941206-1-00134 1 51759
disposed FR941206-1-00134 2 51762 53587
40 FR941206-1-00134 3 51769 54352 55567
cfr FR941206-1-00134 4 51770 52993 54353 55568
761.60. FR941206-1-00134 2 51771 53594
finally FR941206-1-00134 1 51772
all FR941206-1-00134 8 51774 53107 53157 53259 53272 53350 55036 55843
wastes FR941206-1-00134 7 51775 53109 53162 53352 53377 53480 53580
including FR941206-1-00134 5 51777 53743 54347 55558 55814
diluted FR941206-1-00134 1 51778
pcb FR941206-1-00134 59 51779 51783 51880 52135 52305 52522 52645 52681 52932 53041 53082 53108 53161 53205 53211 53310 53323 53328 53351 53376 53405 53433 53472 53479 53648 53733 53788 53847 53890 54028 54039 54397 54413 54468 54472 54507 54544 54561 54598 54607 54800 54851 54867 54910 54923 54947 54957 55019 55046 55292 55475 55485 55541 55551 55605 55755 55767 55935 56058
materials FR941206-1-00134 6 51780 53440 53455 53473 53568 54263
any FR941206-1-00134 15 51782 52066 52253 52421 53020 53327 53730 53737 54122 54182 54332 54696 55008 55121 55137
residues FR941206-1-00134 1 51784
other FR941206-1-00134 22 51786 51825 52530 52587 52778 52823 53427 53982 54079 54365 54393 54493 54534 54540 54627 55310 55374 55385 55503 55686 55745 56115
media FR941206-1-00134 9 51788 52453 52491 52541 52617 52777 52972 53959 54245
subject FR941206-1-00134 5 51792 53355 53616 54330 54915
1year FR941206-1-00134 2 51795 53358
time FR941206-1-00134 3 51796 52434 53359
limit FR941206-1-00134 4 51797 52403 53360 54144
storage FR941206-1-00134 16 51799 53142 53173 53284 53362 53385 53604 53803 54398 54414 55020 55476 55486 55542 55552 55768
disposal FR941206-1-00134 45 51801 52512 52556 52700 52737 53175 53286 53364 53390 53394 53434 53606 53611 53728 53740 53760 53789 53805 54342 54400 54416 54475 54508 54562 54599 54801 54852 54868 54911 54924 54958 54970 55022 55066 55239 55293 55306 55478 55488 55544 55554 55660 55770 55849 55863
761.65 FR941206-1-00134 4 51804 53145 53367 55571
761.60 FR941206-1-00134 6 51806 52703 52708 53501 53773 55569
manifesting FR941206-1-00134 3 51809 53398 53621
761.207 FR941206-1-00134 2 51812 53307
et FR941206-1-00134 1 51813
seq FR941206-1-00134 1 51814
good FR941206-1-00134 3 51817 54218 54357
faith FR941206-1-00134 3 51818 54219 54358
efforts FR941206-1-00134 6 51819 52516 54220 54297 54359 54748
finding FR941206-1-00134 2 51820 54360
does FR941206-1-00134 2 51821 54361
apply FR941206-1-00134 4 51823 53321 53402 54363
can FR941206-1-00134 5 51827 52692 54367 55721 55732
substituted FR941206-1-00134 2 51830 54370
toxicological FR941206-1-00134 3 51832 52002 52030
analytical FR941206-1-00134 3 51836 51898 52007
testing FR941206-1-00134 6 51837 52005 52008 52629 52862 53996
agency FR941206-1-00134 3 51842 52591 53985
solicits FR941206-1-00134 1 51843
comments FR941206-1-00134 9 51844 53969 54387 54620 54652 54670 55460 55590 55601
proposal FR941206-1-00134 14 51847 52741 53370 53631 54390 54450 54455 54634 54666 54694 54724 54990 55599 56037
establish FR941206-1-00134 3 51849 54848 55130
class FR941206-1-00134 10 51851 52144 52170 52234 52260 52346 52610 54062 54126 54136
exemption FR941206-1-00134 12 51852 52145 52171 52235 52261 52347 52439 52611 54063 54120 54190 54211
authorizes FR941206-1-00134 1 51854
import FR941206-1-00134 1 51860
one FR941206-1-00134 5 51867 52078 54952 55032 55633
's FR941206-1-00134 11 51868 51915 51957 52592 53855 54845 54860 54888 55004 55334 55776
own FR941206-1-00134 2 51869 55086
purpose FR941206-1-00134 2 51873 55090
disposalrelated FR941206-1-00134 1 51876
studies FR941206-1-00134 4 51877 51902 52031 52502
j. FR941206-1-00134 1 51879
samples FR941206-1-00134 18 51881 52508 52548 52566 52969 53115 53120 53324 53406 53418 53453 53490 53499 53554 54250 54293 54318 54327
standards FR941206-1-00134 7 51883 52036 52990 53994 54193 55852 55888
has FR941206-1-00134 5 51885 51917 53690 55191 55281
received FR941206-1-00134 4 51886 53629 54672 55588
number FR941206-1-00134 1 51888
inquiries FR941206-1-00134 1 51890
whether FR941206-1-00134 4 51893 52525 53971 55462
round FR941206-1-00134 1 51895
robin FR941206-1-00134 1 51896
exercises FR941206-1-00134 2 51899 51921
intery FR941206-1-00134 1 51901
exemptions FR941206-1-00134 1 51904
ban FR941206-1-00134 1 51907
response FR941206-1-00134 2 51916 54655
been FR941206-1-00134 3 51918 52983 53600
these FR941206-1-00134 6 51920 51940 52153 54374 54811 54855
may FR941206-1-00134 12 51922 52155 52274 52348 52448 52636 52663 53883 54173 55839 55943 55997
exempt FR941206-1-00134 2 51924 55414
if FR941206-1-00134 6 51925 52726 53949 54972 55051 55718
they FR941206-1-00134 4 51926 53930 53950 55299
meet FR941206-1-00134 1 51927
provision FR941206-1-00134 6 51933 52221 52358 55209 55248 55758
761.80 FR941206-1-00134 15 51935 52147 52173 52182 52223 52237 52245 52321 52334 52360 52377 52621 54065 54106 54156
g FR941206-1-00134 9 51937 52149 52175 52184 52239 52247 52323 52362 52379
kinds FR941206-1-00134 1 51941
activities FR941206-1-00134 25 51943 51999 52154 52306 52341 52354 52577 52837 52920 53045 53215 53435 53636 53652 53893 53928 54043 54100 54380 54476 54625 54826 55023 55545 55625
are FR941206-1-00134 17 51944 52372 52457 52517 52569 52572 52729 53422 53662 54044 54565 54913 55295 55563 55579 55894 56038
normally FR941206-1-00134 1 51945
conducted FR941206-1-00134 3 51946 52343 54014
quality FR941206-1-00134 3 51948 52506 52545
assurance FR941206-1-00134 3 51949 52507 52546
measures FR941206-1-00134 1 51950
test FR941206-1-00134 1 51952
verify FR941206-1-00134 1 51954
performance FR941206-1-00134 2 51958 52989
given FR941206-1-00134 1 51961
analysis FR941206-1-00134 9 51963 52111 52119 52129 52461 52858 52926 53413 53703
methodology FR941206-1-00134 1 51964
authorizing FR941206-1-00134 1 51967
processing FR941206-1-00134 5 51969 54003 54239 54434 55383
commerce FR941206-1-00134 11 51973 51996 52280 52318 53958 54007 54088 54243 54438 54770 55447
small FR941206-1-00134 6 51975 52052 52200 52667 52748 54089
quantities FR941206-1-00134 8 51976 52053 52201 52368 52668 52749 52946 54090
development FR941206-1-00134 16 51982 52057 52132 52205 52672 52753 52769 52836 52919 52929 52950 53214 53339 53431 53635 54611
1984 FR941206-1-00134 1 51984
addressing FR941206-1-00134 2 51988 55602
need FR941206-1-00134 4 51990 54075 55470 55998
process FR941206-1-00134 6 51992 52797 53061 53954 54084 56092
distribute FR941206-1-00134 3 51994 53956 54086
such FR941206-1-00134 21 52000 52890 53217 53437 53512 53655 54010 54042 54249 54292 54317 54632 55055 55146 55201 55611 55710 55715 55858 55950 55982
include FR941206-1-00134 8 52010 52414 52839 52923 53034 53258 54816 55321
analyzing FR941206-1-00134 1 52011
monitoring FR941206-1-00134 2 52013 55062
air FR941206-1-00134 1 52017
soil FR941206-1-00134 1 52019
surface FR941206-1-00134 1 52021
waters FR941206-1-00134 2 52022 56048
sediments FR941206-1-00134 1 52025
; FR941206-1-00134 13 52026 52032 52496 52503 52869 52873 52883 53442 53873 55336 55355 55391 55591
bioassays FR941206-1-00134 1 52028
producing FR941206-1-00134 1 52034
reference FR941206-1-00134 1 52035
identifying FR941206-1-00134 2 52038 52301
gas FR941206-1-00134 2 52041 54831
chromatography FR941206-1-00134 1 52042
49 FR941206-1-00134 2 52044 52992
fr FR941206-1-00134 2 52045 55785
28162 FR941206-1-00134 1 52046
currently FR941206-1-00134 3 52060 52192 54914
defined FR941206-1-00134 2 52061 52678
761.3 FR941206-1-00134 2 52063 52195
quantity FR941206-1-00134 5 52067 52309 53048 53228 53236
originally FR941206-1-00134 2 52075 52955
packaged FR941206-1-00134 3 52076 52956 52984
more FR941206-1-00134 3 52080 52089 53089
hermetically FR941206-1-00134 3 52081 52475 52958
sealed FR941206-1-00134 3 52082 52476 52959
no FR941206-1-00134 8 52088 52961 53088 53654 54214 54232 54539 55927
than FR941206-1-00134 7 52090 52558 52779 52963 52978 53090 55375
five FR941206-1-00134 1 52091
5 FR941206-1-00134 4 52093 52473 52964 52979
milliliters FR941206-1-00134 3 52095 52965 52980
2 FR941206-1-00134 8 52099 52250 52326 52382 52713 55159 55274 55338
used FR941206-1-00134 13 52103 52573 52638 52665 52732 53053 53064 53098 53155 53335 53885 54325 56132
only FR941206-1-00134 5 52104 52351 52431 52693 55632
purposes FR941206-1-00134 5 52106 52214 54094 54375 56010
scientific FR941206-1-00134 2 52108 52847
experimentation FR941206-1-00134 2 52109 52848
product FR941206-1-00134 2 52136 52933
intends FR941206-1-00134 1 52140
retain FR941206-1-00134 1 52142
so FR941206-1-00134 2 52151 52161
continued FR941206-1-00134 3 52157 52350 52940
without FR941206-1-00134 2 52158 54177
disruption FR941206-1-00134 1 52159
change FR941206-1-00134 2 52165 52792
scope FR941206-1-00134 1 52167
proposes FR941206-1-00134 1 52179
modify FR941206-1-00134 4 52181 52219 52333 52757
adding FR941206-1-00134 1 52187
it FR941206-1-00134 5 52189 52559 53686 53972 55074
criteria FR941206-1-00134 1 52191
found FR941206-1-00134 3 52193 54350 56079
definition FR941206-1-00134 3 52198 52691 52745
further FR941206-1-00134 7 52207 54178 54284 54295 55671 55704 55928
proposing FR941206-1-00134 4 52211 52331 52595 54104
consistency FR941206-1-00134 2 52216 54641
o FR941206-1-00134 2 52225 52336
addresses FR941206-1-00134 2 52228 55095
renewal FR941206-1-00134 3 52230 54117 54131
under FR941206-1-00134 41 52242 52344 52526 52654 52702 52826 53026 53340 53491 53500 53520 53716 53759 54310 54425 54453 54482 54510 54567 54979 55024 55078 55152 55193 55347 55482 55491 55502 55555 55620 55628 55679 55685 55744 55781 55819 55826 55856 55875 55930 56035
person FR941206-1-00134 1 52254
company FR941206-1-00134 1 52256
covered FR941206-1-00134 1 52257
who FR941206-1-00134 4 52262 54172 54186 54323
expects FR941206-1-00134 1 52263
exceed FR941206-1-00134 5 52265 52399 52785 53196 54142
amount FR941206-1-00134 1 52270
processed FR941206-1-00134 3 52276 52314 52373
distributed FR941206-1-00134 3 52278 52316 52375
year FR941206-1-00134 2 52283 52440
100 FR941206-1-00134 5 52285 52401 53091 53198 54146
grams FR941206-1-00134 5 52286 52402 53092 53199 54147
0.22 FR941206-1-00134 1 52288
must FR941206-1-00134 6 52291 52386 52413 54225 55531 55885
report FR941206-1-00134 1 52292
petition FR941206-1-00134 3 52297 53944 55405
sites FR941206-1-00134 3 52303 52647 53039
clarify FR941206-1-00134 1 52339
being FR941206-1-00134 6 52342 52518 53070 53163 53767 54013
when FR941206-1-00134 8 52352 52811 52996 53653 53874 54009 55211 55396
conform FR941206-1-00134 1 52355
increase FR941206-1-00134 3 52366 52419 52422
individuals FR941206-1-00134 2 52385 53595
submit FR941206-1-00134 1 52387
written FR941206-1-00134 1 52389
request FR941206-1-00134 4 52390 52412 54114 54132
director FR941206-1-00134 2 52393 54167
cmd FR941206-1-00134 1 52395
approval FR941206-1-00134 13 52397 52701 52801 53194 53245 53528 53543 53644 54164 54175 55452 55607 55757
prior FR941206-1-00134 4 52404 53015 55538 56081
engaging FR941206-1-00134 1 52406
activity FR941206-1-00134 6 52409 53024 53083 53270 53848 54011
justification FR941206-1-00134 2 52416 53224
granted FR941206-1-00134 1 52423
will FR941206-1-00134 4 52424 52429 52469 53897
writing FR941206-1-00134 4 52427 53012 53188 53249
extend FR941206-1-00134 1 52430
remaining FR941206-1-00134 1 52435
specific FR941206-1-00134 2 52438 52901
also FR941206-1-00134 6 52443 53628 53932 53952 54072 55996
recognizes FR941206-1-00134 1 52444
some FR941206-1-00134 4 52446 52529 54503 55845
work FR941206-1-00134 1 52449
amounts FR941206-1-00134 1 52451
needed FR941206-1-00134 3 52458 53229 53242
procedures FR941206-1-00134 2 52462 54259
quantitation FR941206-1-00134 1 52465
levels FR941206-1-00134 2 52466 52643
fit FR941206-1-00134 1 52471
into FR941206-1-00134 7 52472 53384 53603 53787 56002 56049 56096
milliliter FR941206-1-00134 1 52474
vials FR941206-1-00134 1 52477
example FR941206-1-00134 3 52480 54513 56013
many FR941206-1-00134 3 52482 54036 54651
nonc FR941206-1-00134 1 52483
scenarios FR941206-1-00134 2 52485 54807
conduct FR941206-1-00134 3 52493 52498 53780
analyses FR941206-1-00134 1 52495
health FR941206-1-00134 9 52499 52582 52633 52818 52886 53707 55185 55728 55914
evaluating FR941206-1-00134 1 52510
innovative FR941206-1-00134 1 52511
technologies FR941206-1-00134 2 52513 52738
increasing FR941206-1-00134 1 52515
devoted FR941206-1-00134 1 52519
remediating FR941206-1-00134 1 52521
contamination FR941206-1-00134 3 52523 55936 56059
tsca FR941206-1-00134 29 52527 54196 54311 54429 54467 54588 54606 54712 54777 54859 54946 54969 55014 55079 55092 55114 55197 55222 55320 55483 55497 55556 55604 55651 55670 55754 55766 55931 55952
statute FR941206-1-00134 2 52532 55635
plays FR941206-1-00134 1 52549
much FR941206-1-00134 1 52551
larger FR941206-1-00134 3 52552 52962 52977
role FR941206-1-00134 1 52553
universe FR941206-1-00134 1 52557
did FR941206-1-00134 2 52560 52783
initially FR941206-1-00134 1 52561
today FR941206-1-00134 1 52563
determine FR941206-1-00134 3 52579 52815 52864
toxicity FR941206-1-00134 9 52580 52631 52816 52893 52896 52899 52903 52908 53705
effects FR941206-1-00134 7 52588 52634 52824 52875 52887 53708 53712
intent FR941206-1-00134 2 52593 55053
broaden FR941206-1-00134 1 52597
authorization FR941206-1-00134 4 52600 52652 53467 53719
761.30 FR941206-1-00134 7 52602 52657 52758 52828 53342 53492 53680
j FR941206-1-00134 9 52604 52659 52760 52830 53344 53494 53503 53682 53775
add FR941206-1-00134 1 52608
processors FR941206-1-00134 1 52613
distributors FR941206-1-00134 1 52615
i FR941206-1-00134 4 52623 52710 54067 54158
promote FR941206-1-00134 1 52627
setting FR941206-1-00134 1 52640
riskbased FR941206-1-00134 1 52641
cleanup FR941206-1-00134 1 52642
remediation FR941206-1-00134 6 52646 53516 54473 55512 55872 55933
term FR941206-1-00134 1 52675
narrowly FR941206-1-00134 1 52677
761.3. FR941206-1-00134 1 52680
uses FR941206-1-00134 1 52682
compatible FR941206-1-00134 1 52684
limitations FR941206-1-00134 2 52687 52789
established FR941206-1-00134 2 52688 54258
authorized FR941206-1-00134 2 52695 53025
rulemaking FR941206-1-00134 2 52697 54179
e FR941206-1-00134 6 52705 53179 53909 53912 54200 55642
761.70 FR941206-1-00134 2 52717 55573
b FR941206-1-00134 7 52723 53086 53147 54206 55277 55667 55702
conjunction FR941206-1-00134 1 52734
developing FR941206-1-00134 1 52736
this FR941206-1-00134 19 52740 52791 52935 53027 53369 53535 53868 54270 54449 54454 54674 54900 55068 55207 55247 55582 55598 56036 56110
delete FR941206-1-00134 1 52743
allow FR941206-1-00134 2 52763 52938
organic FR941206-1-00134 2 52773 52780
liquids FR941206-1-00134 2 52774 52781
proposed FR941206-1-00134 9 52787 52827 53341 53464 53524 53677 53772 54154 55580
material FR941206-1-00134 2 52788 53069
eliminate FR941206-1-00134 1 52794
timeconsuming FR941206-1-00134 1 52796
obtaining FR941206-1-00134 2 52799 54553
awaiting FR941206-1-00134 1 52803
regulatory FR941206-1-00134 7 52804 53643 54494 55465 55618 55892 56004
changes FR941206-1-00134 3 52805 53678 55466
tests FR941206-1-00134 1 52813
permissible FR941206-1-00134 3 52833 52916 55077
: FR941206-1-00134 6 52865 53002 53910 53913 55322 56041
biochemical FR941206-1-00134 1 52866
transport FR941206-1-00134 2 52867 52871
processes FR941206-1-00134 2 52868 52872
aquatic FR941206-1-00134 1 52879
terrestrial FR941206-1-00134 1 52881
environments FR941206-1-00134 1 52882
general FR941206-1-00134 1 52892
subchronic FR941206-1-00134 1 52895
chronic FR941206-1-00134 1 52898
organ/tissue FR941206-1-00134 1 52902
neurotoxicity FR941206-1-00134 1 52905
genetic FR941206-1-00134 1 52907
metabolic FR941206-1-00134 1 52911
products FR941206-1-00134 1 52912
however FR941206-1-00134 3 52914 53546 55162
provided FR941206-1-00134 1 52951
were FR941206-1-00134 8 52954 53000 53154 54478 54621 54671 54781 56073
had FR941206-1-00134 3 52982 53599 54324
dot FR941206-1-00134 1 52988
parts FR941206-1-00134 1 52994
171180 FR941206-1-00134 1 52995
following FR941206-1-00134 1 52998
met FR941206-1-00134 1 53001
regional FR941206-1-00134 3 53007 53191 53254
administrator FR941206-1-00134 8 53008 53192 53255 55408 55654 55674 55697 55707
notified FR941206-1-00134 1 53010
30 FR941206-1-00134 2 53013 54669
days FR941206-1-00134 1 53014
commencement FR941206-1-00134 1 53018
r FR941206-1-00134 10 53021 53042 53058 53158 53167 53267 53273 53551 53649 53784
& FR941206-1-00134 10 53022 53043 53059 53159 53168 53268 53274 53552 53650 53785
d FR941206-1-00134 13 53023 53044 53060 53151 53160 53169 53269 53275 53290 53553 53651 53786 53809
notifications FR941206-1-00134 1 53030
have FR941206-1-00134 10 53032 53131 53183 53220 53278 53791 53835 53921 54161 54257
information FR941206-1-00134 2 53035 54554
identifies FR941206-1-00134 1 53037
type FR941206-1-00134 1 53056
kind FR941206-1-00134 3 53067 53731 53738
treated FR941206-1-00134 1 53071
includes FR941206-1-00134 1 53074
estimate FR941206-1-00134 1 53076
duration FR941206-1-00134 1 53079
pure FR941206-1-00134 3 53094 53204 54152
could FR941206-1-00134 4 53096 53555 54462 54530
annually FR941206-1-00134 1 53099
facility FR941206-1-00134 9 53102 53170 53176 53391 53612 53833 56044 56056 56111
c FR941206-1-00134 1 53105
eg FR941206-1-00134 4 53111 54636 54828 55508
spent FR941206-1-00134 2 53113 53548
residuals FR941206-1-00134 1 53117
unused FR941206-1-00134 2 53119 53489
media/instrumentation FR941206-1-00134 1 53123
clothing FR941206-1-00134 1 53125
etc FR941206-1-00134 1 53127
stored FR941206-1-00134 1 53134
unit FR941206-1-00134 3 53137 53532 54267
complies FR941206-1-00134 1 53139
manifests FR941206-1-00134 2 53153 53482
transported FR941206-1-00134 1 53164
and/or FR941206-1-00134 5 53174 54395 54415 54645 55878
requests FR941206-1-00134 2 53181 53218
submitted FR941206-1-00134 2 53186 54653
total FR941206-1-00134 2 53201 54149
weight FR941206-1-00134 2 53202 54150
nonl FR941206-1-00134 1 53210
provide FR941206-1-00134 2 53222 55897
additional FR941206-1-00134 3 53227 54499 55577
well FR941206-1-00134 1 53232
specify FR941206-1-00134 1 53234
signed FR941206-1-00134 1 53251
applicable FR941206-1-00134 5 53264 53283 53293 53795 53812
facilities FR941206-1-00134 7 53276 53660 53778 54417 54836 54912 55037
comply FR941206-1-00134 4 53280 53793 53824 54301
subpart FR941206-1-00134 4 53289 53624 53799 53808
federal FR941206-1-00134 19 53294 53813 54080 54333 54394 54422 54541 54732 54918 55016 55353 55430 55504 55534 55548 55687 55746 55887 55948
state FR941206-1-00134 36 53296 53815 54335 54378 54517 54543 54571 54597 54613 54664 54820 54920 54974 54988 55025 55082 55098 55122 55128 55165 55213 55291 55327 55341 55360 55372 55398 55425 55493 55536 55803 55809 55822 55838 55880 55978
local FR941206-1-00134 4 53299 53818 54338 55400
laws FR941206-1-00134 4 53300 53819 55688 55747
manifest FR941206-1-00134 1 53309
waste FR941206-1-00134 14 53311 53329 53597 53734 53891 54520 54572 54584 54983 55495 55811 55882 55993 56047
concentrations FR941206-1-00134 1 53313
50 FR941206-1-00134 3 53315 53443 54678
ppm FR941206-1-00134 2 53316 53444
taken FR941206-1-00134 4 53325 55678 55684 55743
sent FR941206-1-00134 2 53331 53423
offsite FR941206-1-00134 1 53332
addition FR941206-1-00134 1 53348
create FR941206-1-00134 2 53372 54750
distinction FR941206-1-00134 1 53374
between FR941206-1-00134 3 53375 54731 54775
generator FR941206-1-00134 1 53380
decides FR941206-1-00134 1 53381
place FR941206-1-00134 1 53383
send FR941206-1-00134 1 53387
final FR941206-1-00134 3 53393 53881 55779
still FR941206-1-00134 2 53401 55028
remain FR941206-1-00134 1 53408
quantitative FR941206-1-00134 1 53412
constituents FR941206-1-00134 1 53415
treatability FR941206-1-00134 3 53425 53724 53781
spill FR941206-1-00134 1 53451
meeting FR941206-1-00134 1 53459
revised FR941206-1-00134 2 53465 53863
considered FR941206-1-00134 2 53470 53579
return FR941206-1-00134 1 53488
untreated FR941206-1-00134 2 53498 56091
site FR941206-1-00134 4 53508 53517 53573 55511
generation FR941206-1-00134 2 53510 53575
superfund FR941206-1-00134 1 53515
provisions FR941206-1-00134 3 53522 53592 55112
761.77 FR941206-1-00134 1 53525
coordinated FR941206-1-00134 5 53527 53542 55451 55606 55756
see FR941206-1-00134 2 53531 54266
iiik FR941206-1-00134 1 53533
preamble FR941206-1-00134 3 53536 53872 54271
discussion FR941206-1-00134 2 53539 54274
placed FR941206-1-00134 2 53558 53602
back FR941206-1-00134 1 53559
after FR941206-1-00134 1 53562
completion FR941206-1-00134 1 53563
study FR941206-1-00134 1 53566
returned FR941206-1-00134 1 53570
then FR941206-1-00134 1 53577
subsequently FR941206-1-00134 1 53601
shipped FR941206-1-00134 1 53608
again FR941206-1-00134 1 53614
notification FR941206-1-00134 5 53619 53796 53827 53845 53946
k FR941206-1-00134 2 53625 53800
regarding FR941206-1-00134 1 53632
commenter FR941206-1-00134 3 53640 54953 55033
questioned FR941206-1-00134 2 53641 54843
why FR941206-1-00134 1 53642
impediment FR941206-1-00134 1 53656
imposed FR941206-1-00134 2 53658 54194
engaged FR941206-1-00134 1 53663
involving FR941206-1-00134 1 53666
neurotoxins FR941206-1-00134 1 53667
bioactive FR941206-1-00134 1 53669
micros FR941206-1-00134 1 53670
radioactive FR941206-1-00134 1 53674
substances FR941206-1-00134 3 53675 54224 55387
make FR941206-1-00134 1 53685
clear FR941206-1-00134 1 53687
interpreted FR941206-1-00134 2 53691 55282
physical FR941206-1-00134 1 53696
properties FR941206-1-00134 2 53697 53700
falls FR941206-1-00134 2 53715 53758
paragraph FR941206-1-00134 1 53722
technology FR941206-1-00134 1 53741
microorganisms FR941206-1-00134 1 53747
degrade FR941206-1-00134 1 53749
destroy FR941206-1-00134 1 53751
chemically FR941206-1-00134 1 53754
alter FR941206-1-00134 1 53755
addressed FR941206-1-00134 2 53768 54227
new FR941206-1-00134 2 53771 55988
761.205 FR941206-1-00134 1 53830
notify FR941206-1-00134 2 53837 53887
form FR941206-1-00134 5 53841 53864 53896 53941 54504
771053 FR941206-1-00134 1 53842
reader FR941206-1-00134 1 53854
convenience FR941206-1-00134 1 53856
copy FR941206-1-00134 1 53859
draft FR941206-1-00134 1 53862
inserted FR941206-1-00134 1 53866
part FR941206-1-00134 3 53869 54354 55694
rule FR941206-1-00134 3 53876 55411 55780
becomes FR941206-1-00134 1 53877
effective FR941206-1-00134 3 53878 54047 54054
version FR941206-1-00134 1 53882
appear FR941206-1-00134 1 53899
codified FR941206-1-00134 1 53902
text FR941206-1-00134 1 53903
billing FR941206-1-00134 2 53906 53915
code FR941206-1-00134 2 53907 53916
656050f FR941206-1-00134 1 53908
graphicsep06de94.011 FR941206-1-00134 1 53911
graphicsep06de94.012 FR941206-1-00134 1 53914
656050c FR941206-1-00134 1 53917
although FR941206-1-00134 2 53918 55638
processors/distributors FR941206-1-00134 2 53919 54139
option FR941206-1-00134 1 53923
expanding FR941206-1-00134 1 53925
their FR941206-1-00134 3 53926 54980 55890
processing/distributing FR941206-1-00134 1 53927
incur FR941206-1-00134 1 53933
responsibility FR941206-1-00134 3 53935 54889 55005
providing FR941206-1-00134 2 53937 55433
chose FR941206-1-00134 1 53951
anprm FR941206-1-00134 4 53965 54383 54658 55456
solicited FR941206-1-00134 3 53968 54386 54622
should FR941206-1-00134 2 53973 55038
codify FR941206-1-00134 1 53974
policy FR941206-1-00134 3 53976 54643 54907
exempts FR941206-1-00134 1 53978
us FR941206-1-00134 1 53983
government FR941206-1-00134 3 53984 54081 55401
institute FR941206-1-00134 1 53992
nist FR941206-1-00134 1 53998
prohibitions FR941206-1-00134 1 54008
effectively FR941206-1-00134 1 54016
implement FR941206-1-00134 3 54017 54299 54502
enforce FR941206-1-00134 3 54019 54305 54944
since FR941206-1-00134 3 54023 54909 54939
accurate FR941206-1-00134 1 54025
determination FR941206-1-00134 2 54026 55720
concentration FR941206-1-00134 1 54029
basis FR941206-1-00134 1 54032
compliance FR941206-1-00134 6 54034 54048 54099 54708 54747 55945
crucial FR941206-1-00134 1 54045
regulated FR941206-1-00134 4 54051 54759 54794 55528
enforcement FR941206-1-00134 3 54055 54097 54624
therefore FR941206-1-00134 2 54059 55749
intended FR941206-1-00134 2 54070 54993
address FR941206-1-00134 1 54073
supporting FR941206-1-00134 1 54096
p FR941206-1-00134 1 54108
properly FR941206-1-00134 1 54112
filed FR941206-1-00134 1 54113
member FR941206-1-00134 1 54123
deemed FR941206-1-00134 1 54129
entire FR941206-1-00134 1 54135
individual FR941206-1-00134 1 54138
wishing FR941206-1-00134 1 54140
obtain FR941206-1-00134 1 54163
management FR941206-1-00134 3 54170 54573 54984
division FR941206-1-00134 2 54171 56120
grant FR941206-1-00134 1 54174
processor FR941206-1-00134 1 54183
distributor FR941206-1-00134 1 54185
qualifies FR941206-1-00134 1 54187
6 FR941206-1-00134 6 54198 54427 55195 55224 55229 55640
3 FR941206-1-00134 2 54203 55357
granting FR941206-1-00134 1 54209
based FR941206-1-00134 2 54212 55938
unreasonable FR941206-1-00134 2 54215 54233
risk FR941206-1-00134 6 54216 54234 55181 55202 55716 55726
develop FR941206-1-00134 1 54222
substitute FR941206-1-00134 1 54223
handled FR941206-1-00134 1 54253
iiii FR941206-1-00134 1 54268
enhance FR941206-1-00134 2 54296 55061
once FR941206-1-00134 1 54313
over FR941206-1-00134 2 54320 55064
persons FR941206-1-00134 1 54322
law FR941206-1-00134 3 54339 55099 55354
governing FR941206-1-00134 2 54340 54922
rules FR941206-1-00134 2 54349 55294
761. FR941206-1-00134 1 54355
k. FR941206-1-00134 1 54377
enhancement FR941206-1-00134 3 54379 54665 54989
recognize FR941206-1-00134 2 54392 54471
stateissued FR941206-1-00134 1 54396
permits FR941206-1-00134 5 54401 55026 55489 55537 55870
view FR941206-1-00134 1 54404
toward FR941206-1-00134 1 54405
limiting FR941206-1-00134 1 54406
concurrent FR941206-1-00134 2 54407 55472
federal/state FR941206-1-00134 1 54408
multifederal FR941206-1-00134 1 54410
permitting FR941206-1-00134 8 54411 54460 54700 55473 55524 55560 55967 56017
implementation FR941206-1-00134 2 54420 54864
promulgated FR941206-1-00134 1 54424
regulating FR941206-1-00134 2 54430 55171
affected FR941206-1-00134 1 54447
dual FR941206-1-00134 1 54457
multiple FR941206-1-00134 2 54459 56022
eliminated FR941206-1-00134 2 54464 55734
where FR941206-1-00134 4 54465 54538 54808 55189
program FR941206-1-00134 18 54469 54509 54521 54574 54590 54600 54608 54853 54869 54883 54959 54963 54985 55058 55614 55812 55831 55850
implemented FR941206-1-00134 2 54479 54566
monitored FR941206-1-00134 1 54481
another FR941206-1-00134 3 54483 54933 55352
authority FR941206-1-00134 7 54484 54846 54934 54942 55119 55349 55823
goal FR941206-1-00134 1 54487
encourage FR941206-1-00134 1 54490
recognition FR941206-1-00134 3 54491 54928 55481
authorities FR941206-1-00134 2 54495 55711
participation FR941206-1-00134 1 54497
states FR941206-1-00134 1 54500
expanded FR941206-1-00134 6 54516 54570 54981 55492 55821 55879
rcra FR941206-1-00134 8 54518 54779 54962 55514 55782 55861 55867 55954
way FR941206-1-00134 1 54525
resources FR941206-1-00134 1 54529
diverted FR941206-1-00134 1 54532
issues FR941206-1-00134 2 54535 54638
areas FR941206-1-00134 1 54537
presence FR941206-1-00134 1 54545
now FR941206-1-00134 1 54546
exists FR941206-1-00134 1 54547
interested FR941206-1-00134 1 54551
perceived FR941206-1-00134 1 54557
impacts FR941206-1-00134 1 54558
recognizing FR941206-1-00134 1 54560
programs FR941206-1-00134 5 54563 54714 55499 55857 55883
either FR941206-1-00134 1 54568
listing FR941206-1-00134 1 54579
lookalike FR941206-1-00134 3 54589 54713 55498
establishing FR941206-1-00134 1 54595
analogous FR941206-1-00134 1 54603
legislation FR941206-1-00134 1 54614
implementing FR941206-1-00134 3 54616 54631 55007
factors FR941206-1-00134 1 54628
associated FR941206-1-00134 1 54629
advantages FR941206-1-00134 1 54644
disadvantages FR941206-1-00134 2 54646 54812
etc. FR941206-1-00134 1 54648
reflect FR941206-1-00134 1 54659
misunderstanding FR941206-1-00134 1 54661
roughly FR941206-1-00134 1 54668
issue FR941206-1-00134 1 54675
nearly FR941206-1-00134 1 54677
commenters FR941206-1-00134 4 54682 54842 54856 55593
favor FR941206-1-00134 2 54684 54691
concept FR941206-1-00134 1 54687
those FR941206-1-00134 3 54689 54720 55592
supported FR941206-1-00134 1 54695
reduction FR941206-1-00134 1 54697
duplicative FR941206-1-00134 3 54699 55765 55795
lower FR941206-1-00134 1 54704
cost FR941206-1-00134 1 54706
viewed FR941206-1-00134 1 54711
preferred FR941206-1-00134 1 54717
approach FR941206-1-00134 1 54718
opposed FR941206-1-00134 1 54721
voiced FR941206-1-00134 1 54725
strongly FR941206-1-00134 1 54726
held FR941206-1-00134 1 54727
views FR941206-1-00134 2 54728 55596
differences FR941206-1-00134 2 54730 54774
coupled FR941206-1-00134 1 54735
inconsistency FR941206-1-00134 1 54737
among FR941206-1-00134 2 54738 56114
stateimposed FR941206-1-00134 1 54739
severely FR941206-1-00134 1 54743
hamper FR941206-1-00134 1 54744
complicate FR941206-1-00134 1 54746
confusion FR941206-1-00134 1 54751
increased FR941206-1-00134 1 54755
costs FR941206-1-00134 1 54756
possibly FR941206-1-00134 1 54763
serve FR941206-1-00134 2 54764 54995
barrier FR941206-1-00134 1 54767
interstate FR941206-1-00134 3 54769 54825 55446
additionally FR941206-1-00134 3 54772 54950 55976
having FR941206-1-00134 1 54784
opposite FR941206-1-00134 2 54786 55595
effect FR941206-1-00134 2 54787 55134
alleviating FR941206-1-00134 1 54789
burden FR941206-1-00134 1 54791
complying FR941206-1-00134 1 54797
examples FR941206-1-00134 2 54804 55311
evident FR941206-1-00134 1 54815
utilities FR941206-1-00134 1 54817
operating FR941206-1-00134 2 54818 55818
across FR941206-1-00134 1 54819
lines FR941206-1-00134 1 54821
entities FR941206-1-00134 1 54823
natural FR941206-1-00134 1 54830
transmission FR941206-1-00134 1 54832
companies FR941206-1-00134 1 54833
multistate FR941206-1-00134 1 54838
locations FR941206-1-00134 1 54839
several FR941206-1-00134 3 54841 55589 55947
statedelegated FR941206-1-00134 1 54850
believe FR941206-1-00134 1 54857
legislative FR941206-1-00134 1 54861
history FR941206-1-00134 1 54862
mandated FR941206-1-00134 1 54863
level FR941206-1-00134 2 54873 55899
anything FR941206-1-00134 1 54877
short FR941206-1-00134 1 54878
nationally FR941206-1-00134 1 54881
orchestrated FR941206-1-00134 1 54882
abdicating FR941206-1-00134 1 54886
disagrees FR941206-1-00134 1 54892
legal FR941206-1-00134 1 54895
interpretation FR941206-1-00134 1 54896
argument FR941206-1-00134 1 54901
compelling FR941206-1-00134 1 54904
matter FR941206-1-00134 1 54908
furthermore FR941206-1-00134 1 54926
actions FR941206-1-00134 4 54931 55677 55683 55742
abdication FR941206-1-00134 1 54938
retains FR941206-1-00134 1 54941
advocated FR941206-1-00134 1 54954
transferring FR941206-1-00134 1 54955
totally FR941206-1-00134 1 54966
suspending FR941206-1-00134 1 54967
chooses FR941206-1-00134 1 54975
regulate FR941206-1-00134 2 54977 55842
mechanism FR941206-1-00134 2 54998 55608
delegating FR941206-1-00134 1 55001
statutory FR941206-1-00134 1 55011
oversight FR941206-1-00134 1 55017
undertaken FR941206-1-00134 1 55030
suggested FR941206-1-00134 2 55034 55609
register FR941206-1-00134 1 55042
transformers FR941206-1-00134 1 55047
registration FR941206-1-00134 1 55057
capabilities FR941206-1-00134 1 55063
equipment FR941206-1-00134 1 55069
promulgate FR941206-1-00134 1 55084
18 FR941206-1-00134 4 55094 55102 55154 55270
preemption FR941206-1-00134 4 55096 55208 55259 55418
few FR941206-1-00134 2 55107 55974
exceptions FR941206-1-00134 1 55108
shall FR941206-1-00134 1 55115
affect FR941206-1-00134 1 55117
political FR941206-1-00134 1 55124
subdivision FR941206-1-00134 1 55125
continue FR941206-1-00134 1 55132
regulation FR941206-1-00134 4 55135 55214 55328 55335
substance FR941206-1-00134 5 55139 55148 55174 55243 55367
mixture FR941206-1-00134 5 55141 55150 55176 55245 55369
article FR941206-1-00134 1 55144
locality FR941206-1-00134 1 55167
preempted FR941206-1-00134 3 55169 55297 55318
protect FR941206-1-00134 3 55178 55199 55713
against FR941206-1-00134 3 55179 55200 55714
injury FR941206-1-00134 1 55183
environment FR941206-1-00134 3 55188 55731 55917
acted FR941206-1-00134 1 55192
exception FR941206-1-00134 3 55205 55256 55286
applies FR941206-1-00134 1 55210
concerns FR941206-1-00134 1 55215
requirement FR941206-1-00134 4 55217 55342 55419 55426
described FR941206-1-00134 1 55219
manner FR941206-1-00134 2 55235 55302
method FR941206-1-00134 2 55237 55304
referred FR941206-1-00134 1 55250
parenthetical FR941206-1-00134 2 55255 55285
enclosed FR941206-1-00134 1 55262
parentheses FR941206-1-00134 1 55264
beginning FR941206-1-00134 1 55267
subsection FR941206-1-00134 1 55272
mean FR941206-1-00134 1 55289
describe FR941206-1-00134 1 55300
situations FR941206-1-00134 1 55313
identical FR941206-1-00134 1 55331
adopted FR941206-1-00134 1 55346
prohibition FR941206-1-00134 1 55361
mixtures FR941206-1-00134 1 55389
4 FR941206-1-00134 1 55394
prevails FR941206-1-00134 1 55402
them FR941206-1-00134 1 55415
grounds FR941206-1-00134 1 55422
consistent FR941206-1-00134 1 55428
significantly FR941206-1-00134 1 55436
higher FR941206-1-00134 1 55437
degree FR941206-1-00134 1 55438
protection FR941206-1-00134 2 55440 55901
unduly FR941206-1-00134 1 55444
burdening FR941206-1-00134 1 55445
requested FR941206-1-00134 1 55459
adopt FR941206-1-00134 1 55464
reduce FR941206-1-00134 1 55468
allowing FR941206-1-00134 1 55480
issued FR941206-1-00134 1 55490
statutes FR941206-1-00134 2 55506 55623
cercla FR941206-1-00134 3 55510 55876 55956
corrective FR941206-1-00134 2 55515 55868
action FR941206-1-00134 2 55516 55869
pollution FR941206-1-00134 2 55520 55961
discharge FR941206-1-00134 2 55521 55962
elimination FR941206-1-00134 2 55522 55963
system FR941206-1-00134 2 55523 55964
often FR941206-1-00134 1 55530
procure FR941206-1-00134 1 55532
commencing FR941206-1-00134 1 55540
set FR941206-1-00134 1 55564
out FR941206-1-00134 1 55565
761.75. FR941206-1-00134 1 55576
notice FR941206-1-00134 1 55583
761.61 FR941206-1-00134 1 55585
maintained FR941206-1-00134 1 55594
trigger FR941206-1-00134 2 55616 55944
undesirable FR941206-1-00134 1 55617
responses FR941206-1-00134 1 55619
various FR941206-1-00134 2 55621 56025
fall FR941206-1-00134 1 55627
jurisdiction FR941206-1-00134 1 55630
particular FR941206-1-00134 1 55634
requires FR941206-1-00134 3 55652 55672 55705
prescribe FR941206-1-00134 1 55656
methods FR941206-1-00134 1 55657
9 FR941206-1-00134 2 55665 55700
coordinate FR941206-1-00134 1 55676
act FR941206-1-00134 1 55681
administered FR941206-1-00134 1 55689
whole FR941206-1-00134 1 55691
made FR941206-1-00134 1 55723
reduced FR941206-1-00134 1 55736
sufficient FR941206-1-00134 2 55739 55909
extent FR941206-1-00134 2 55740 55910
viable FR941206-1-00134 1 55761
alternative FR941206-1-00134 1 55762
issuing FR941206-1-00134 1 55764
approvals FR941206-1-00134 1 55771
45 FR941206-1-00134 1 55784
33325 FR941206-1-00134 1 55786
sees FR941206-1-00134 1 55790
little FR941206-1-00134 2 55791 55925
value FR941206-1-00134 1 55792
requiring FR941206-1-00134 1 55794
permit FR941206-1-00134 1 55796
proceedings FR941206-1-00134 1 55797
duplicate FR941206-1-00134 1 55799
paperwork FR941206-1-00134 1 55800
opts FR941206-1-00134 1 55805
expand FR941206-1-00134 1 55807
federallyauthorized FR941206-1-00134 1 55828
delegated FR941206-1-00134 1 55830
event FR941206-1-00134 1 55835
elect FR941206-1-00134 1 55840
aspect FR941206-1-00134 1 55846
developed FR941206-1-00134 1 55853
land FR941206-1-00134 1 55862
restriction FR941206-1-00134 1 55864
projects FR941206-1-00134 1 55873
initiated FR941206-1-00134 1 55874
incorporate FR941206-1-00134 1 55886
baseline FR941206-1-00134 1 55891
likely FR941206-1-00134 1 55895
adequate FR941206-1-00134 1 55902
eliminating FR941206-1-00134 1 55904
reducing FR941206-1-00134 1 55906
review FR941206-1-00134 1 55929
sitespecific FR941206-1-00134 1 55940
conditions FR941206-1-00134 1 55941
npdes FR941206-1-00134 1 55966
just FR941206-1-00134 1 55970
name FR941206-1-00134 1 55972
california FR941206-1-00134 1 55985
listed FR941206-1-00134 1 55986
jersey FR941206-1-00134 1 55989
xcode FR941206-1-00134 1 55991
factored FR941206-1-00134 1 56001
equation FR941206-1-00134 1 56006
illustrative FR941206-1-00134 1 56009
scenario FR941206-1-00134 1 56018
resulted FR941206-1-00134 1 56020
layers FR941206-1-00134 1 56023
state/federal FR941206-1-00134 1 56026
involvement FR941206-1-00134 1 56027
benefits FR941206-1-00134 1 56030
derived FR941206-1-00134 1 56034
presented FR941206-1-00134 1 56039
here FR941206-1-00134 1 56040
manufacturing FR941206-1-00134 1 56043
discharged FR941206-1-00134 1 56046
river FR941206-1-00134 2 56051 56108
located FR941206-1-00134 1 56052
adjacent FR941206-1-00134 1 56053
discovered FR941206-1-00134 1 56057
soils FR941206-1-00134 1 56062
groundwater FR941206-1-00134 1 56065
nearby FR941206-1-00134 1 56068
residential FR941206-1-00134 1 56069
wells FR941206-1-00134 1 56072
drilled FR941206-1-00134 1 56074
pcbladen FR941206-1-00134 1 56076
oil FR941206-1-00134 2 56077 56128
installation FR941206-1-00134 1 56084
oil/water FR941206-1-00134 1 56086
separators FR941206-1-00134 1 56087
1965 FR941206-1-00134 1 56089
stormwater FR941206-1-00134 1 56094
flowed FR941206-1-00134 1 56095
brook FR941206-1-00134 1 56098
flows FR941206-1-00134 1 56101
property FR941206-1-00134 1 56104
housed FR941206-1-00134 1 56112
things FR941206-1-00134 1 56116
transformer FR941206-1-00134 2 56119 56139
1932 FR941206-1-00134 1 56124
1977 FR941206-1-00134 1 56126
insulating FR941206-1-00134 1 56127
extensively FR941206-1-00134 1 56133
operation FR941206-1-00134 1 56136
plant FR941206-1-00134 1 56140
