to FR941206-1-00134 114 5178 5218 5383 5446 5589 5632 5661 5672 5677 5687 5696 5707 5731 5772 5788 5794 5833 5947 5997 6040 6096 6120 6123 6130 6137 6140 6154 6178 6210 6246 6255 6286 6335 6340 6356 6370 6407 6432 6453 6618 6640 6648 6669 6739 6774 6841 6865 6872 6875 6921 6962 7044 7117 7156 7224 7236 7269 7290 7303 7349 7400 7414 7444 7454 7457 7499 7531 7597 7719 7809 7827 7899 7905 7947 8065 8106 8157 8165 8167 8170 8223 8247 8331 8405 8422 8502 8506 8522 8645 8717 8798 8802 8870 8923 8985 9033 9173 9215 9226 9331 9373 9404 9407 9422 9431 9590 9629 9633 9720 9759 9841 9931 10138 10195
the FR941206-1-00134 297 5179 5220 5223 5242 5251 5281 5316 5320 5333 5342 5356 5363 5386 5397 5453 5471 5473 5481 5484 5510 5515 5529 5559 5585 5623 5626 5629 5674 5688 5692 5719 5736 5773 5824 5850 5912 5918 5954 5958 5973 6007 6077 6092 6103 6111 6131 6142 6148 6175 6182 6185 6247 6258 6270 6279 6357 6361 6371 6411 6421 6456 6459 6472 6544 6553 6561 6579 6594 6601 6606 6619 6638 6671 6704 6714 6729 6775 6805 6814 6876 6879 6882 6886 6906 6916 6928 6932 6973 6987 6993 7015 7018 7029 7046 7064 7085 7088 7098 7112 7130 7140 7159 7167 7176 7184 7193 7214 7232 7243 7257 7262 7275 7282 7307 7327 7364 7415 7419 7422 7430 7434 7449 7465 7472 7480 7492 7507 7513 7551 7556 7560 7577 7581 7584 7591 7609 7626 7716 7784 7791 7816 7828 7857 7870 7901 7914 7932 7941 7965 7988 7994 8003 8008 8013 8017 8021 8046 8058 8083 8093 8107 8112 8123 8136 8148 8153 8161 8175 8183 8209 8224 8245 8301 8320 8325 8357 8384 8411 8416 8445 8460 8481 8509 8518 8558 8576 8608 8620 8642 8656 8710 8737 8743 8786 8817 8825 8831 8836 8839 8884 8904 8928 8933 8945 8952 8981 8986 9009 9024 9035 9043 9049 9062 9067 9079 9092 9097 9104 9109 9127 9135 9143 9150 9158 9185 9196 9202 9227 9235 9243 9254 9259 9308 9316 9321 9343 9362 9374 9386 9410 9433 9439 9452 9460 9472 9490 9515 9531 9556 9562 9565 9580 9588 9591 9600 9606 9626 9635 9646 9652 9660 9671 9679 9682 9696 9711 9718 9721 9740 9761 9766 9798 9802 9806 9824 9828 9832 9852 9877 9882 9891 9910 9919 9972 9979 9994 10020 10024 10030 10044 10073 10088 10131 10147 10181 10188 10197
presumption FR941206-1-00134 1 5180
against FR941206-1-00134 1 5181
enforcement FR941206-1-00134 2 5182 5419
of FR941206-1-00134 147 5183 5198 5222 5245 5254 5257 5283 5300 5322 5335 5365 5388 5437 5449 5452 5455 5479 5490 5500 5509 5520 5528 5584 5628 5685 5691 5721 5725 5742 5797 5807 5846 5903 5920 5925 5941 5991 6019 6089 6134 6174 6181 6213 6249 6297 6299 6308 6313 6363 6366 6381 6401 6451 6462 6465 6569 6581 6588 6605 6654 6673 6698 6713 6732 6744 6789 6844 6854 6878 6884 6934 6979 6986 7011 7032 7084 7087 7105 7115 7142 7222 7245 7261 7267 7319 7331 7363 7386 7418 7441 7462 7474 7482 7501 7524 7559 7574 7622 7700 7790 7795 7813 7859 7917 7922 7949 7967 7993 7997 8005 8012 8030 8114 8125 8250 8288 8290 8303 8359 8386 8400 8436 8462 8494 8730 8785 8813 8879 8988 9088 9217 9238 9462 9550 9561 9564 9582 9643 9681 9818 9889 9918 9968 10038 10066 10087 10128
a FR941206-1-00134 81 5184 5213 5231 5277 5286 5370 5390 5431 5447 5577 5597 5746 5753 5799 5805 5829 5835 5844 5853 5880 5909 5926 5949 5969 6017 6082 6087 6295 6300 6341 6378 6427 6630 6642 6683 6782 6890 6901 6949 7005 7078 7151 7297 7335 7604 7634 7641 7663 7746 8031 8055 8248 8329 8398 8420 8487 8497 8504 8549 8623 8630 8670 8681 8694 8715 8724 8734 8769 8790 8868 8913 8958 9174 9285 9421 9736 9843 9961 10000 10081 10118
disposal FR941206-1-00134 31 5185 5265 5321 5367 5432 5454 5475 5502 5524 5579 5598 5659 5748 5816 5840 5904 5928 5987 6132 6157 6186 6248 6333 6389 6403 6440 6466 6580 6597 6643 6675
violation FR941206-1-00134 2 5186 5970
for FR941206-1-00134 113 5187 5264 5279 5319 5331 5434 5507 5582 5923 6164 6172 6200 6273 6310 6397 6436 6578 6799 6893 6909 6968 6997 7009 7049 7206 7234 7286 7300 7317 7338 7358 7538 7571 7608 7620 7655 7715 7726 7728 7801 7856 7977 8033 8060 8116 8163 8194 8199 8228 8262 8274 8305 8352 8388 8434 8470 8584 8588 8596 8613 8622 8636 8665 8679 8701 8706 8741 8774 8778 8811 8854 8887 8890 8907 8939 8948 8959 8997 9040 9046 9072 9113 9119 9123 9231 9324 9337 9367 9389 9414 9447 9455 9459 9484 9498 9615 9641 9707 9788 9836 9846 9900 9925 9935 9951 9966 9986 10005 10036 10053 10126 10164 10171
that FR941206-1-00134 66 5188 5216 5308 5463 5567 5682 5801 5837 5978 5984 6026 6084 6184 6323 6377 6443 6467 6548 6599 6637 6663 6693 6947 6964 7054 7503 7527 7555 7583 7806 7979 8028 8038 8050 8127 8141 8178 8492 8514 8527 8601 8830 8835 8882 8979 9029 9107 9170 9198 9257 9301 9360 9393 9480 9493 9543 9559 9599 9670 9725 9823 9848 9974 9997 10019 10155
spill FR941206-1-00134 32 5189 5854 6818 6958 7092 7152 7217 7229 7278 7288 7310 7368 7594 7629 8212 8820 8842 8936 9012 9069 9081 9474 9567 9608 9637 9684 9809 9855 9894 9922 9983 10182
. FR941206-1-00134 161 5190 5197 5234 5266 5298 5304 5337 5339 5341 5399 5405 5421 5442 5458 5496 5498 5503 5550 5558 5591 5618 5734 5818 5906 5940 5945 5981 6024 6072 6107 6168 6199 6214 6233 6251 6282 6284 6288 6322 6351 6404 6458 6540 6571 6608 6633 6658 6686 6710 6747 6788 6793 6795 6813 6849 6881 6918 6943 6976 7017 7036 7077 7079 7081 7144 7213 7272 7306 7341 7361 7383 7406 7447 7485 7511 7576 7600 7614 7616 7624 7659 7687 7705 7742 7762 7775 7823 7846 7863 7925 7964 7990 8015 8042 8075 8096 8104 8174 8299 8338 8367 8382 8429 8431 8443 8479 8511 8556 8587 8617 8639 8653 8705 8736 8759 8793 8823 8865 8896 8919 8950 8966 8976 9026 9054 9076 9101 9122 9154 9181 9219 9253 9281 9314 9354 9379 9416 9438 9470 9526 9553 9586 9625 9665 9695 9739 9752 9794 9861 9875 9909 9943 9945 9956 9993 10008 10061 10094 10116 10150 10184
pcb FR941206-1-00134 58 5191 5371 5440 5456 5521 5722 5986 6166 6205 6332 6402 6584 6817 6895 6941 6957 6970 7091 7106 7216 7277 7287 7309 7320 7367 7387 7445 7593 7628 7755 7771 8024 8099 8109 8211 8218 8819 8841 8935 9011 9068 9435 9473 9566 9607 9619 9683 9768 9789 9808 9854 9893 9921 9952 9982 9988 10013 10174
nonn FR941206-1-00134 1 5192
wastes FR941206-1-00134 6 5193 5325 5441 5457 6167 6585
( FR941206-1-00134 60 5194 5225 5294 5349 5554 5563 5608 5750 5875 5933 5936 6317 6348 6416 6496 6507 6520 6718 6781 6784 6825 6856 7070 7119 7163 7172 7180 7188 7198 7249 7515 7649 7743 7765 7780 7824 7832 7843 7909 7936 7957 8098 8130 8187 8292 8546 8571 8591 8664 8685 8749 8766 8860 8914 8990 9346 9399 9775 9862 9866
unit FR941206-1-00134 6 5195 5296 5764 5860 5938 6786
iia6 FR941206-1-00134 1 5196
this FR941206-1-00134 22 5199 5236 5255 5301 5309 5400 5435 5620 5732 5819 5942 6612 6790 6922 7147 7407 8803 8973 9527 9548 9744 10095
preamble FR941206-1-00134 10 5200 5302 5943 6791 7020 7826 8826 9100 9589 9719
provides FR941206-1-00134 1 5201
further FR941206-1-00134 4 5202 5815 8471 8544
discussion FR941206-1-00134 3 5203 6923 7579
) FR941206-1-00134 60 5204 5233 5303 5351 5557 5565 5617 5765 5889 5935 5944 6321 6350 6418 6503 6513 6529 6722 6783 6792 6829 6867 7076 7128 7165 7174 7182 7190 7200 7254 7518 7654 7768 7776 7782 7834 7845 7847 7911 7938 7963 8103 8135 8198 8298 8553 8573 8594 8667 8691 8753 8768 8864 8918 8992 9353 9401 9778 9868 9876
are FR941206-1-00134 23 5205 5573 5603 6037 6542 6560 6700 7564 7787 7807 7850 7866 7876 8090 8205 8379 8500 8533 8687 9279 9481 9496 10033
often FR941206-1-00134 4 5206 9248 9507 9732
found FR941206-1-00134 2 5207 5570
in FR941206-1-00134 113 5208 5212 5235 5268 5285 5328 5403 5414 5429 5526 5537 5571 5576 5619 5644 5699 5745 5798 5907 5953 5957 6073 6110 6188 6405 6593 6611 6748 6763 6779 6915 6919 6977 6984 7014 7037 7063 7135 7208 7322 7373 7410 7429 7471 7479 7589 7680 7688 7721 7783 7853 7869 7900 8007 8092 8118 8152 8179 8201 8300 8350 8368 8383 8444 8480 8517 8528 8557 8598 8629 8764 8824 8838 8856 8901 8909 8911 8956 8961 8999 9096 9148 9169 9182 9242 9306 9342 9396 9417 9457 9573 9579 9587 9605 9617 9645 9650 9659 9687 9735 9748 9753 9765 9770 9797 9805 9816 9831 9937 9971 10029 10062 10130
large FR941206-1-00134 7 5209 5323 5438 6582 7384 7411 7522
volumes FR941206-1-00134 2 5210 7523
and FR941206-1-00134 84 5211 5250 5326 5518 5523 5646 5654 5702 5715 5781 5810 5972 6002 6063 6147 6153 6240 6243 6264 6275 6368 6439 6500 6504 6510 6527 6537 6650 6656 6716 6809 6898 6983 7034 7103 7126 7139 7149 7192 7210 7256 7259 7329 7394 7433 7437 7516 7566 7646 7669 7734 7815 7841 7961 7973 8169 8230 8234 8253 8264 8273 8473 8508 8526 8595 8682 8693 8851 9141 9292 9351 9512 9519 9523 9603 9822 10023 10100 10105 10111 10141 10145 10168 10191
physical FR941206-1-00134 2 5214 6490
state FR941206-1-00134 3 5215 6238 6262
tends FR941206-1-00134 1 5217
limit FR941206-1-00134 2 5219 9230
mobility FR941206-1-00134 1 5221
pcbs FR941206-1-00134 67 5224 5228 5284 5336 5398 5465 5569 5602 5642 5683 5740 5767 6224 6250 6268 6316 6800 6845 6855 7013 7024 7053 7118 7207 7223 7238 7246 7271 7305 7463 7502 7539 7575 7623 7701 7727 7738 8034 8061 8117 8164 8200 8291 8318 8347 8404 8409 8437 8686 8815 8908 8949 8960 8998 9041 9206 9218 9368 9415 9456 9644 9675 9847 9970 10039 10067 10129
eg FR941206-1-00134 2 5226 8131
, FR941206-1-00134 258 5227 5238 5272 5327 5330 5352 5361 5392 5423 5486 5501 5544 5546 5547 5552 5553 5614 5622 5633 5637 5639 5666 5679 5714 5739 5743 5755 5757 5760 5775 5786 5789 5790 5809 5827 5832 5839 5848 5855 5857 5861 5864 5866 5868 5870 5872 5882 5884 5886 5890 5893 5896 5898 5911 5952 5966 5971 5985 6005 6013 6035 6041 6044 6049 6052 6057 6062 6066 6068 6091 6100 6109 6116 6202 6217 6225 6229 6237 6239 6261 6263 6269 6290 6291 6354 6375 6391 6410 6424 6431 6522 6526 6586 6602 6603 6615 6622 6677 6689 6691 6703 6724 6751 6754 6756 6801 6821 6824 6830 6835 6838 6848 6851 6858 6866 6868 6897 6912 6924 6960 6982 7000 7039 7074 7075 7095 7100 7102 7111 7121 7123 7125 7129 7138 7166 7175 7183 7191 7201 7231 7242 7255 7274 7343 7372 7377 7424 7464 7477 7489 7540 7547 7637 7651 7661 7672 7691 7709 7730 7733 7758 7797 7805 7835 7839 7844 7874 7883 7896 7912 7940 7951 7953 8020 8044 8057 8101 8111 8155 8182 8216 8281 8307 8314 8356 8371 8390 8397 8446 8447 8453 8457 8486 8525 8537 8548 8564 8607 8619 8641 8655 8692 8709 8751 8754 8780 8795 8827 8869 8873 8876 8898 8927 8943 9020 9058 9078 9103 9118 9126 9168 9184 9207 9221 9233 9293 9296 9319 9344 9381 9385 9419 9489 9503 9535 9540 9555 9596 9692 9717 9756 9779 9801 9821 9840 9858 9869 9873 9874 9884 9888 10004 10046 10064 10084 10120 10176 10187
used FR941206-1-00134 13 5229 6337 6565 6701 7470 7530 7852 8064 8644 8658 8740 8847 9147
as FR941206-1-00134 61 5230 5290 5355 5385 5494 5728 5752 5784 6006 6195 6197 6219 6338 6481 6493 6517 6609 6694 6734 6766 7057 7082 7486 7541 7543 7662 7677 7885 7904 7926 8160 8206 8328 8419 8467 8581 8659 8848 8944 9004 9042 9055 9164 9208 9210 9264 9294 9334 9340 9382 9451 9500 9639 9655 9780 9782 9795 9885 9897 10047 10049
plasticizer FR941206-1-00134 1 5232
instance FR941206-1-00134 1 5237
epa FR941206-1-00134 42 5239 5273 5305 5406 5424 5443 5459 5532 5669 5982 6117 6253 6292 6659 6687 6937 7001 7040 7096 7157 7202 7374 7692 8458 8512 8538 8565 8760 8796 8806 8828 8899 8920 8967 8977 9027 9597 9757 9957 10009 10092 10151
is FR941206-1-00134 41 5240 5274 5407 5425 5460 5670 6016 6086 6118 6128 6170 6325 6662 7002 7041 7296 7355 7409 7632 7639 7999 8040 8052 8128 8322 8348 8362 8413 8968 9031 9061 9084 9132 9224 9528 9958 9975 10002 10051 10152 10157
recognizing FR941206-1-00134 2 5241 5462
reduced FR941206-1-00134 2 5243 5374
risk FR941206-1-00134 19 5244 5806 5845 6018 6033 6088 6105 6429 6450 7266 7799 7920 7981 7998 8637 8678 8699 8729 9180
direct FR941206-1-00134 4 5246 8336 8427 8747
or FR941206-1-00134 42 5247 5292 5375 5380 5393 5395 5411 5418 5635 5761 5766 5769 5876 5887 5899 5989 6046 6054 6069 6455 6485 6696 6757 6772 7252 7403 7644 7798 7887 7894 7908 7913 7954 7975 8133 8188 8282 8375 8554 9693 9933 10161
indirect FR941206-1-00134 2 5248 5491
exposure FR941206-1-00134 19 5249 5492 5808 5847 6020 6032 6090 6104 7116 7235 7268 7340 7803 7950 8126 8738 8782 9145 9524
overall FR941206-1-00134 1 5252
volume FR941206-1-00134 4 5253 5324 5439 6583
category FR941206-1-00134 2 5256 5436
waste FR941206-1-00134 6 5258 5723 5758 5862 6127 6346
when FR941206-1-00134 4 5259 9776 9859 10180
it FR941206-1-00134 14 5260 5606 6169 7548 7601 7638 7673 9030 9155 9171 9282 9355 9666 9927
considers FR941206-1-00134 1 5261
additional FR941206-1-00134 3 5262 6767 7927
options FR941206-1-00134 3 5263 6187 6382
elsewhere FR941206-1-00134 1 5267
today FR941206-1-00134 6 5269 7003 7042 9444 9946 9959
's FR941206-1-00134 13 5270 5533 5610 5961 6660 6989 7375 7553 7890 8761 9445 9947 10010
notice FR941206-1-00134 2 5271 6296
also FR941206-1-00134 11 5275 6108 6293 6760 7021 7468 7602 7851 9156 9357 9912
reproposing FR941206-1-00134 1 5276
process FR941206-1-00134 10 5278 5310 6706 7520 7873 7939 8014 8085 9714 10149
determining FR941206-1-00134 2 5280 5332
concentration FR941206-1-00134 11 5282 5334 5372 7047 7244 7251 8113 8621 8716 8880 8905
multiphasic FR941206-1-00134 1 5287
media FR941206-1-00134 3 5288 6314 8590
such FR941206-1-00134 18 5289 5493 5751 5783 5908 6074 6218 6480 6492 6516 6900 6948 7884 8159 8369 9295 9727 9999
sludges FR941206-1-00134 1 5291
sediments FR941206-1-00134 3 5293 5785 6071
see FR941206-1-00134 7 5295 5937 6785 7744 7825 9347 9863
iii FR941206-1-00134 1 5297
m. FR941206-1-00134 1 5299
would FR941206-1-00134 27 5306 5791 5811 5822 5967 5975 6094 6207 6383 6393 6419 6445 6626 7025 8539 8662 8713 9022 9270 9283 9326 9402 9427 9611 9812 9826 10135
require FR941206-1-00134 8 5307 5657 5814 5917 8542 9428 9508 10097
be FR941206-1-00134 53 5311 5649 5697 5708 5792 5795 5852 5968 5995 6028 6097 6179 6208 6211 6231 6336 6469 6550 6627 6667 6761 6873 7026 7455 7529 7906 7944 8063 8073 8080 8220 8520 8627 8650 8663 8714 8721 8846 9002 9116 9249 9284 9327 9358 9405 9545 9571 9613 9668 9733 9814 9929 10076
followed FR941206-1-00134 1 5312
by FR941206-1-00134 19 5313 5531 5779 6471 6552 7133 7158 7987 8324 8335 8364 8415 8426 8932 9066 9195 9205 9514 10091
those FR941206-1-00134 11 5314 5488 5641 6125 6679 6735 6861 6944 6963 7442 7985
using FR941206-1-00134 4 5315 8567 9332 9890
provisions FR941206-1-00134 7 5317 6133 6877 7708 9563 9835 9917
established FR941206-1-00134 5 5318 8605 8809 9287 9546
general FR941206-1-00134 5 5329 9160 9762 9898 10021
1 FR941206-1-00134 18 5338 5616 8242 8315 8345 8671 8695 8925 9005 9037 9059 9110 9128 9222 9261 9363 9411 9449
antin FR941206-1-00134 2 5340 5358
current FR941206-1-00134 3 5343 8229 9518
rule FR941206-1-00134 7 5344 5360 5738 6413 6614 8452 8563
at FR941206-1-00134 27 5345 6114 6145 6151 6414 6770 6832 6955 7265 7684 7702 7739 7751 8054 8068 8214 8256 8295 8311 8319 8394 8410 8476 9015 9466 9791 10113
40 FR941206-1-00134 3 5346 5662 6342
cfr FR941206-1-00134 3 5347 5663 6343
761.1 FR941206-1-00134 1 5348
b FR941206-1-00134 4 5350 7615 8683 8689
commonly FR941206-1-00134 2 5353 7897
known FR941206-1-00134 1 5354
`` FR941206-1-00134 20 5357 5578 5592 5651 5698 5962 5999 6327 7059 7458 7532 7745 7770 7915 8076 8189 8463 8994 9161 9783
'' FR941206-1-00134 20 5359 5581 5607 5653 5701 5964 6001 6352 7062 7460 7535 7757 7773 7919 8097 8193 8466 9021 9163 9785
prohibits FR941206-1-00134 1 5362
avoidance FR941206-1-00134 1 5364
specific FR941206-1-00134 6 5366 6745 6752 7788 9916 10025
requirements FR941206-1-00134 5 5368 6441 7285 7316 7347
because FR941206-1-00134 5 5369 5601 7625 7864 9504
was FR941206-1-00134 8 5373 6645 6913 7055 7452 8746 8963 9188
shifted FR941206-1-00134 1 5376
from FR941206-1-00134 12 5377 5483 5879 5977 6021 6905 7108 8147 8496 9273 9851 9990
one FR941206-1-00134 4 5378 5478 9086 9124
material FR941206-1-00134 2 5379 5878
environmental FR941206-1-00134 7 5381 6742 7160 7381 7886 8172 10162
medium FR941206-1-00134 1 5382
another FR941206-1-00134 2 5384 9289
result FR941206-1-00134 1 5387
adding FR941206-1-00134 2 5389 8980
diluent FR941206-1-00134 1 5391
separating FR941206-1-00134 1 5394
concentrating FR941206-1-00134 1 5396
provision FR941206-1-00134 3 5401 5821 8771
remains FR941206-1-00134 2 5402 5444
effect FR941206-1-00134 2 5404 5627
not FR941206-1-00134 27 5408 5574 5595 5656 5705 5803 5812 5994 6038 6203 6384 6446 6543 6591 6870 7633 7640 7970 8036 8293 8540 8603 9303 9701 10040 10068 10153
promoting FR941206-1-00134 1 5409
intentional FR941206-1-00134 1 5410
fortuitous FR941206-1-00134 1 5412
dilution FR941206-1-00134 1 5413
either FR941206-1-00134 2 5415 8543
its FR941206-1-00134 2 5416 9631
rules FR941206-1-00134 3 5417 5511 5713
policies FR941206-1-00134 1 5420
however FR941206-1-00134 8 5422 6690 7660 8794 8897 9102 9554 9716
proposing FR941206-1-00134 6 5426 5671 6119 7004 7043 9960
greater FR941206-1-00134 4 5427 7298 8343 9090
flexibility FR941206-1-00134 4 5428 6390 9829 10050
choosing FR941206-1-00134 1 5430
option FR941206-1-00134 2 5433 6625
committed FR941206-1-00134 1 5445
policy FR941206-1-00134 44 5448 6820 6880 6892 6902 6908 6938 6950 6975 6996 7094 7219 7280 7312 7370 7420 7431 7451 7466 7510 7563 7596 7619 7631 7665 8213 8822 8844 8938 9014 9071 9476 9569 9610 9638 9686 9811 9857 9896 9924 9985 10032 10045 10074
stringent FR941206-1-00134 4 5450 7284 7315 7346
regulation FR941206-1-00134 2 5451 7636
simply FR941206-1-00134 2 5461 10178
where FR941206-1-00134 9 5464 6076 6162 7294 7326 7353 8339 8530 8805
have FR941206-1-00134 5 5466 6095 6965 7389 8604
already FR941206-1-00134 3 5467 6736 8808
been FR941206-1-00134 7 5468 6966 7390 7469 7550 7675 9657
released FR941206-1-00134 2 5469 5771
into FR941206-1-00134 2 5470 10057
environment FR941206-1-00134 9 5472 5774 6457 7016 7817 8510 8519 9973 10132
critical FR941206-1-00134 1 5474
issue FR941206-1-00134 4 5476 6362 6883 9745
becomes FR941206-1-00134 2 5477 7929
mitigating FR941206-1-00134 1 5480
damage FR941206-1-00134 1 5482
release FR941206-1-00134 2 5485 8499
especially FR941206-1-00134 2 5487 6678
aspects FR941206-1-00134 1 5489
bioaccumulation FR941206-1-00134 1 5495
2 FR941206-1-00134 1 5497
status FR941206-1-00134 2 5499 5517
several FR941206-1-00134 8 5504 6305 6574 6925 7694 9120 10006 10166
commenters FR941206-1-00134 7 5505 6355 6369 6572 6635 6926 6945
asked FR941206-1-00134 1 5506
clarification FR941206-1-00134 1 5508
under FR941206-1-00134 27 5512 5711 5735 5930 6804 6972 7007 7028 8203 8438 8575 8816 9048 9268 9288 9312 9621 9904 9941 9954 9964 10015 10043 10072 10078 10133 10185
tsca FR941206-1-00134 32 5513 6816 7008 7090 7215 7276 7308 7366 7509 7562 7627 8210 8818 8840 8934 9010 9036 9080 9130 9186 9260 9322 9807 9853 9892 9920 9955 9965 9981 10079 10134 10186
governing FR941206-1-00134 1 5514
regulatory FR941206-1-00134 4 5516 7401 9290 9705
remediation FR941206-1-00134 14 5519 6777 6797 7699 7724 7778 8088 8185 8304 8475 8555 8812 9690 9949
spills FR941206-1-00134 20 5522 5780 6853 6896 6911 6942 6971 6999 7107 7134 7321 7388 7446 7461 7476 7573 8219 9953 9989 10175
sites FR941206-1-00134 12 5525 6023 6025 6959 7686 7704 7741 7753 8297 8313 8396 10115
light FR941206-1-00134 3 5527 6978 9817
ruling FR941206-1-00134 2 5530 5611
chief FR941206-1-00134 2 5534 5560
judicial FR941206-1-00134 2 5535 5561
officer FR941206-1-00134 2 5536 5562
re FR941206-1-00134 1 5538
: FR941206-1-00134 7 5539 8208 8227 8239 8269 8278 8993
standard FR941206-1-00134 2 5540 5555
scrap FR941206-1-00134 2 5541 5556
metal FR941206-1-00134 1 5542
company FR941206-1-00134 1 5543
tscav- FR941206-1-00134 1 5545
appeal FR941206-1-00134 1 5548
no FR941206-1-00134 2 5549 7761
874 FR941206-1-00134 1 5551
cjo FR941206-1-00134 3 5564 5609 5624
held FR941206-1-00134 1 5566
spilled FR941206-1-00134 6 5568 5604 5768 7248 7304 8814
soil FR941206-1-00134 22 5572 5593 6508 7050 7209 7729 8119 8202 8317 8340 8360 8403 8408 8779 8787 8855 8910 8962 9232 9276 9390 9458
necessarily FR941206-1-00134 2 5575 5813
site FR941206-1-00134 8 5580 5599 5841 5851 5905 6093 7821 8056
purposes FR941206-1-00134 1 5583
prefatory FR941206-1-00134 4 5586 5630 5675 6009
note FR941206-1-00134 4 5587 5631 5676 6010
exclusion FR941206-1-00134 1 5588
761.60 FR941206-1-00134 3 5590 5678 6115
does FR941206-1-00134 6 5594 5802 5842 6688 7969 8035
become FR941206-1-00134 2 5596 6708
merely FR941206-1-00134 1 5600
onto FR941206-1-00134 1 5605
page FR941206-1-00134 1 5612
13 FR941206-1-00134 1 5613
paragraph FR941206-1-00134 2 5615 6113
decision FR941206-1-00134 1 5621
limited FR941206-1-00134 2 5625 6039
landfills FR941206-1-00134 2 5634 5645
dumps FR941206-1-00134 2 5636 5647
ie FR941206-1-00134 6 5638 6857 7120 7650 8547 8750
only FR941206-1-00134 4 5640 6385 6545 6840
disposed FR941206-1-00134 6 5643 5684 5724 5741 5796 6212
may FR941206-1-00134 14 5648 7943 8079 8144 8490 9115 9247 9297 9506 9570 9731 9742 9849 9928
considered FR941206-1-00134 8 5650 5695 6029 6628 7676 7907 8074 9305
ine FR941206-1-00134 2 5652 6000
do FR941206-1-00134 2 5655 8602
proper FR941206-1-00134 1 5658
according FR941206-1-00134 2 5660 8105
part FR941206-1-00134 7 5664 6833 7083 7412 8871 9016 9423
761 FR941206-1-00134 3 5665 6834 9017
subpart FR941206-1-00134 13 5667 6135 6189 6836 8874 9018 9098 9244 9376 9425 9593 9697 9833
d. FR941206-1-00134 1 5668
delete FR941206-1-00134 1 5673
which FR941206-1-00134 7 5680 6589 6862 8069 8718 9536 9926
states FR941206-1-00134 1 5681
prior FR941206-1-00134 3 5686 5787 6864
effective FR941206-1-00134 1 5689
date FR941206-1-00134 1 5690
regulations FR941206-1-00134 5 5693 6244 7069 9378 9595
were FR941206-1-00134 6 5694 6590 6869 8611 9302 9394
use FR941206-1-00134 18 5700 7966 8310 8355 8393 8758 8942 9047 9075 9139 9487 9499 9522 9616 9634 9680 9760 9936
therefore FR941206-1-00134 1 5703
did FR941206-1-00134 3 5704 9700 9723
need FR941206-1-00134 3 5706 6639 9403
cleaned FR941206-1-00134 4 5709 6098 7391 8221
up FR941206-1-00134 5 5710 6099 7392 8222 10173
these FR941206-1-00134 9 5712 6022 6408 6541 6980 7710 7848 8077 9494
substitute FR941206-1-00134 1 5716
language FR941206-1-00134 3 5717 6122 8984
on FR941206-1-00134 33 5718 5828 6102 6192 6289 6330 6426 6629 6682 6823 6927 6939 7211 7506 7748 7819 7879 8002 8122 8244 8723 8971 9134 9191 9201 9315 9443 9674 9678 9881 9915 10080 10179
disposition FR941206-1-00134 1 5720
before FR941206-1-00134 1 5726
1978 FR941206-1-00134 1 5727
introductory FR941206-1-00134 2 5729 6112
text FR941206-1-00134 1 5730
section FR941206-1-00134 3 5733 6144 6150
proposed FR941206-1-00134 23 5737 5820 5931 6412 6613 6624 6796 7065 7606 8432 8448 8513 8559 8566 8612 8797 8866 9375 9387 9397 9592 9864 9948
placed FR941206-1-00134 1 5744
land FR941206-1-00134 12 5747 5762 5858 8309 8354 8392 8757 8941 9074 9138 9486 9521
facility FR941206-1-00134 1 5749
dump FR941206-1-00134 2 5754 5856
landfill FR941206-1-00134 3 5756 5897 6347
pile FR941206-1-00134 2 5759 5863
treatment FR941206-1-00134 8 5763 5859 6309 6367 6484 6495 6535 6546
otherwise FR941206-1-00134 2 5770 9304
including FR941206-1-00134 3 5776 6802 8592
areas FR941206-1-00134 11 5777 5990 6048 6051 6061 7293 7325 7352 8067 8238 8268
contaminated FR941206-1-00134 4 5778 7051 7736 8788
releases FR941206-1-00134 3 5782 6843 9620
presumed FR941206-1-00134 1 5793
manner FR941206-1-00134 3 5800 8631 9654
present FR941206-1-00134 4 5804 5843 7334 8503
action FR941206-1-00134 48 5817 6808 7060 7068 7612 8039 8051 8071 8441 8451 8464 8484 8523 8535 8562 8582 8615 8647 8660 8711 8744 8776 8849 8888 8946 8953 8995 9044 9052 9093 9152 9166 9236 9266 9277 9309 9335 9365 9391 9436 9453 9501 9532 9585 9648 9713 9907 10090
allow FR941206-1-00134 1 5823
regional FR941206-1-00134 8 5825 5913 5959 6078 6422 6473 6554 6620
administrator FR941206-1-00134 8 5826 5914 5960 6079 6423 6474 6555 6621
casebycase FR941206-1-00134 3 5830 6631 10082
basis FR941206-1-00134 4 5831 6632 8726 10083
make FR941206-1-00134 2 5834 8799
finding FR941206-1-00134 2 5836 6106
any FR941206-1-00134 5 5838 5873 5900 9754 10158
whether FR941206-1-00134 2 5849 6885
stream FR941206-1-00134 3 5865 5881 6065
river FR941206-1-00134 3 5867 5883 6067
pond FR941206-1-00134 2 5869 5885
lake FR941206-1-00134 3 5871 5888 6070
sediment FR941206-1-00134 2 5874 7735
dredge FR941206-1-00134 1 5877
ground FR941206-1-00134 5 5891 7731 8585 8599 9338
water FR941206-1-00134 7 5892 5895 7732 8579 8586 8600 9339
surface FR941206-1-00134 5 5894 6055 8246 8321 8412
other FR941206-1-00134 18 5901 6160 6235 6852 7544 7707 7891 7955 7983 8235 8265 8376 8589 9211 9275 9317 9478 10142
type FR941206-1-00134 3 5902 8124 9549
case FR941206-1-00134 4 5910 8302 8385 9755
could FR941206-1-00134 8 5915 6027 6230 6468 6549 6759 6951 8720
then FR941206-1-00134 1 5916
submission FR941206-1-00134 1 5919
an FR941206-1-00134 15 5921 6030 6395 6434 6448 6646 6936 7058 7497 7652 8800 9165 9265 9429 9703
application FR941206-1-00134 6 5922 5951 6435 6476 6557 6617
approval FR941206-1-00134 1 5924
riskbased FR941206-1-00134 1 5927
method FR941206-1-00134 1 5929
761.61 FR941206-1-00134 3 5932 6415 6780
c FR941206-1-00134 4 5934 6417 8430 8703
iia4 FR941206-1-00134 1 5939
failure FR941206-1-00134 1 5946
submit FR941206-1-00134 1 5948
complete FR941206-1-00134 1 5950
timeframe FR941206-1-00134 1 5955
stipulated FR941206-1-00134 1 5956
callin FR941206-1-00134 1 5963
letter FR941206-1-00134 1 5965
violations FR941206-1-00134 1 5974
accrue FR941206-1-00134 1 5976
day FR941206-1-00134 1 5979
forward FR941206-1-00134 1 5980
believes FR941206-1-00134 7 5983 8978 9028 9106 9492 9558 9996
units FR941206-1-00134 1 5988
contamination FR941206-1-00134 4 5992 7756 8495 9790
should FR941206-1-00134 7 5993 6888 8062 8072 8845 9356 9667
allowed FR941206-1-00134 1 5996
remain FR941206-1-00134 1 5998
thus FR941206-1-00134 5 6003 6850 7273 9077 10136
unaddressed FR941206-1-00134 1 6004
existing FR941206-1-00134 2 6008 6907
currently FR941206-1-00134 3 6011 6563 10071
allows FR941206-1-00134 1 6012
if FR941206-1-00134 2 6014 6226
there FR941206-1-00134 5 6015 6085 7295 7354 10156
immediate FR941206-1-00134 1 6031
include FR941206-1-00134 2 6034 6477
but FR941206-1-00134 3 6036 6392 6559
school FR941206-1-00134 1 6042
yards FR941206-1-00134 1 6043
food FR941206-1-00134 1 6045
feed FR941206-1-00134 1 6047
residential FR941206-1-00134 9 6050 8132 8233 8306 8353 8756 8940 9073 9137
underground FR941206-1-00134 1 6053
waters FR941206-1-00134 1 6056
well FR941206-1-00134 5 6058 6196 7542 9209 9781
head FR941206-1-00134 1 6059
protection FR941206-1-00134 2 6060 7812
certain FR941206-1-00134 8 6064 6193 6311 6749 6842 9299 9370 9485
cases FR941206-1-00134 3 6075 8181 8370
has FR941206-1-00134 10 6080 7371 7467 7495 7549 7587 7674 8807 9656 10017
made FR941206-1-00134 2 6081 8000
determination FR941206-1-00134 1 6083
based FR941206-1-00134 8 6101 6425 7818 7878 8001 9133 9190 10177
add FR941206-1-00134 1 6121
instruct FR941206-1-00134 1 6124
whose FR941206-1-00134 1 6126
subject FR941206-1-00134 2 6129 6874
d FR941206-1-00134 8 6136 6190 6721 8767 8991 9400 9867 9944
refer FR941206-1-00134 1 6138
back FR941206-1-00134 1 6139
both FR941206-1-00134 1 6141
authorizations FR941206-1-00134 2 6143 6198
761.30 FR941206-1-00134 1 6146
prohibitions FR941206-1-00134 2 6149 6194
761.20 FR941206-1-00134 1 6152
coordinate FR941206-1-00134 2 6155 6256
their FR941206-1-00134 1 6156
activities FR941206-1-00134 2 6158 6769
with FR941206-1-00134 18 6159 6257 6278 6566 6991 7052 7396 7737 7754 8285 8341 8633 8669 8789 9008 9530 10012 10085
agencies FR941206-1-00134 2 6161 7402
appropriate FR941206-1-00134 14 6163 7647 7995 8372 9032 9117 9483 9572 9614 9734 9777 9860 9930 10035
all FR941206-1-00134 5 6165 6204 6674 7012 9969
important FR941206-1-00134 2 6171 7678
members FR941206-1-00134 1 6173
regulated FR941206-1-00134 3 6176 6280 9468
community FR941206-1-00134 2 6177 6281
cognizant FR941206-1-00134 1 6180
fact FR941206-1-00134 1 6183
hinge FR941206-1-00134 1 6191
example FR941206-1-00134 1 6201
items FR941206-1-00134 2 6206 6216
required FR941206-1-00134 3 6209 7440 8041
some FR941206-1-00134 3 6215 6587 6634
natural FR941206-1-00134 2 6220 7168
gas FR941206-1-00134 2 6221 6512
pipelines FR941206-1-00134 1 6222
containing FR941206-1-00134 2 6223 6315
properly FR941206-1-00134 1 6227
decontaminated FR941206-1-00134 1 6228
reused FR941206-1-00134 1 6232
many FR941206-1-00134 2 6234 9560
federal FR941206-1-00134 2 6236 6260
local FR941206-1-00134 2 6241 6265
laws FR941206-1-00134 1 6242
apply FR941206-1-00134 2 6245 7348
although FR941206-1-00134 4 6252 7448 7512 9471
attempts FR941206-1-00134 1 6254
various FR941206-1-00134 1 6259
programs FR941206-1-00134 2 6266 6812
controlling FR941206-1-00134 1 6267
ultimate FR941206-1-00134 1 6271
responsibility FR941206-1-00134 1 6272
coordination FR941206-1-00134 1 6274
compliance FR941206-1-00134 1 6276
rests FR941206-1-00134 1 6277
3 FR941206-1-00134 1 6283
alternatives FR941206-1-00134 5 6285 6339 6577 7862 7978
landfilling FR941206-1-00134 1 6287
published FR941206-1-00134 2 6294 6822
availability FR941206-1-00134 1 6298
draft FR941206-1-00134 3 6301 6372 6595
guidance FR941206-1-00134 18 6302 6329 6374 7679 7696 7711 7893 8025 8110 8137 8154 8176 9640 9662 9673 9769 9800 9899
document FR941206-1-00134 3 6303 6324 6598
outlining FR941206-1-00134 1 6304
alternative FR941206-1-00134 5 6306 6364 6399 6596 6652
methods FR941206-1-00134 9 6307 6334 6365 6400 6464 6547 6562 6653 10170
classes FR941206-1-00134 1 6312
56 FR941206-1-00134 1 6318
fr FR941206-1-00134 10 6319 6827 7072 7837 7959 8455 8862 8916 9349 9871
26745 FR941206-1-00134 1 6320
entitled FR941206-1-00134 1 6326
interim FR941206-1-00134 2 6328 6373
nond FR941206-1-00134 3 6331 7291 8236
761.75 FR941206-1-00134 1 6344
chemical FR941206-1-00134 4 6345 6518 6538 7185
cwl FR941206-1-00134 1 6349
generally FR941206-1-00134 6 6353 8380 9482 9612 9813 10034
anprm FR941206-1-00134 4 6358 6607 6917 6929
who FR941206-1-00134 1 6359
addressed FR941206-1-00134 6 6360 6914 7027 10042 10070 10077
stated FR941206-1-00134 2 6376 9598
wider FR941206-1-00134 1 6379
range FR941206-1-00134 3 6380 6461 8399
provide FR941206-1-00134 4 6386 6394 7810 9702
much FR941206-1-00134 2 6387 9329
needed FR941206-1-00134 1 6388
incentive FR941206-1-00134 1 6396
developing FR941206-1-00134 6 6398 6649 6935 7681 7860 9307
response FR941206-1-00134 4 6406 6920 7657 8070
comments FR941206-1-00134 2 6409 6981
authorize FR941206-1-00134 1 6420
sitespecific FR941206-1-00134 8 6428 7525 8142 8365 9510 9551 9819 10055
assessment FR941206-1-00134 2 6430 8638
approve FR941206-1-00134 1 6433
different FR941206-1-00134 5 6437 6463 7113 7136 7225
cleanup FR941206-1-00134 66 6438 6803 6819 6891 6995 7010 7093 7143 7153 7204 7218 7221 7241 7279 7289 7311 7318 7369 7426 7473 7500 7536 7569 7595 7621 7630 7682 8435 8821 8843 8852 8929 8937 9013 9063 9070 9082 9216 9475 9568 9577 9601 9609 9642 9685 9729 9773 9786 9810 9838 9844 9856 9895 9902 9923 9939 9967 9984 10026 10037 10059 10065 10089 10109 10127 10148
provided FR941206-1-00134 3 6442 8877 10052
they FR941206-1-00134 3 6444 7875 9505
pose FR941206-1-00134 1 6447
unreasonable FR941206-1-00134 1 6449
injury FR941206-1-00134 1 6452
health FR941206-1-00134 3 6454 7814 8507
wide FR941206-1-00134 1 6460
approved FR941206-1-00134 2 6470 6551
upon FR941206-1-00134 4 6475 6556 6616 7228
thermal FR941206-1-00134 4 6478 6483 6494 6498
destruction FR941206-1-00134 2 6479 6655
infrared FR941206-1-00134 1 6482
circulating FR941206-1-00134 1 6486
bed FR941206-1-00134 2 6487 6502
combustor FR941206-1-00134 1 6488
; FR941206-1-00134 12 6489 6514 6530 6533 6536 6558 7421 7432 8086 8261 8272 9715
separation FR941206-1-00134 1 6491
rotary FR941206-1-00134 1 6497
desorber FR941206-1-00134 1 6499
fluidized FR941206-1-00134 1 6501
solvent FR941206-1-00134 1 6505
extraction FR941206-1-00134 1 6506
washing FR941206-1-00134 1 6509
liquified FR941206-1-00134 1 6511
solidification/stabilization FR941206-1-00134 1 6515
fixation FR941206-1-00134 1 6519
encapsulation FR941206-1-00134 1 6521
inu FR941206-1-00134 2 6523 6531
inorganic FR941206-1-00134 1 6524
polymer FR941206-1-00134 1 6525
silicates FR941206-1-00134 1 6528
vitrification FR941206-1-00134 1 6532
biological FR941206-1-00134 1 6534
dechlorination FR941206-1-00134 1 6539
being FR941206-1-00134 2 6564 6680
varying FR941206-1-00134 1 6567
degrees FR941206-1-00134 1 6568
success FR941206-1-00134 2 6570 7408
suggested FR941206-1-00134 3 6573 6636 6946
potentially FR941206-1-00134 3 6575 7264 7642
viable FR941206-1-00134 1 6576
listed FR941206-1-00134 2 6592 8955
accompanied FR941206-1-00134 1 6600
publication FR941206-1-00134 1 6604
indicated FR941206-1-00134 1 6610
each FR941206-1-00134 2 6623 7802
obtain FR941206-1-00134 1 6641
permit FR941206-1-00134 1 6644
impediment FR941206-1-00134 1 6647
utilizing FR941206-1-00134 1 6651
containment FR941206-1-00134 1 6657
position FR941206-1-00134 1 6661
adequate FR941206-1-00134 3 6664 6741 7811
controls FR941206-1-00134 3 6665 6743 8378
must FR941206-1-00134 4 6666 8626 8649 10075
imposed FR941206-1-00134 1 6668
ensure FR941206-1-00134 2 6670 6740
safety FR941206-1-00134 1 6672
technologies FR941206-1-00134 5 6676 6699 6726 6746 6755
operated FR941206-1-00134 1 6681
commercial FR941206-1-00134 1 6684
scale FR941206-1-00134 1 6685
anticipate FR941206-1-00134 1 6692
individual FR941206-1-00134 2 6695 10114
combinations FR941206-1-00134 1 6697
repeatedly FR941206-1-00134 1 6702
permitting FR941206-1-00134 1 6705
will FR941206-1-00134 2 6707 6727
streamlined FR941206-1-00134 1 6709
once FR941206-1-00134 2 6711 8045
out FR941206-1-00134 3 6712 8140 8903
research FR941206-1-00134 1 6715
development FR941206-1-00134 3 6717 7086 7972
r FR941206-1-00134 1 6719
& FR941206-1-00134 1 6720
phase FR941206-1-00134 1 6723
new FR941206-1-00134 9 6725 6910 6969 6998 7459 9434 9962 9987 10189
receive FR941206-1-00134 1 6728
same FR941206-1-00134 6 6730 8018 9136 9144 9159 9653
level FR941206-1-00134 30 6731 7048 7061 7921 7996 8700 8712 8906 8947 8954 9039 9045 9083 9094 9112 9131 9167 9187 9237 9263 9267 9286 9310 9323 9366 9413 9437 9454 9533 9845
scrutiny FR941206-1-00134 1 6733
fully FR941206-1-00134 1 6737
developed FR941206-1-00134 3 6738 7203 9189
instances FR941206-1-00134 1 6750
standards FR941206-1-00134 5 6753 8810 8837 8853 9839
procedures FR941206-1-00134 4 6758 7439 10112 10193
promulgated FR941206-1-00134 2 6762 8574
future FR941206-1-00134 3 6764 8232 9520
rulemakings FR941206-1-00134 2 6765 9751
decontamination FR941206-1-00134 1 6768
761.79 FR941206-1-00134 1 6771
added FR941206-1-00134 1 6773
selfimplementing FR941206-1-00134 2 6776 7416
techniques FR941206-1-00134 1 6778
iia3 FR941206-1-00134 1 6787
4 FR941206-1-00134 1 6794
strategy FR941206-1-00134 7 6798 7006 9950 9963 10001 10125 10190
rcra FR941206-1-00134 24 6806 7033 7066 7517 7610 8439 8449 8477 8482 8560 8857 9050 9114 9151 9269 9313 9467 9583 9622 9737 9750 9792 9905 9942
corrective FR941206-1-00134 16 6807 7067 7611 8440 8450 8483 8550 8561 8858 9051 9464 9584 9623 9647 9712 9906
cercla FR941206-1-00134 18 6810 7035 7483 7514 7585 7617 7695 7717 7902 8023 8047 8108 8204 8296 8312 8395 9799 10016
remedial FR941206-1-00134 9 6811 7030 7519 7749 7861 7871 7933 8196 8488
1987 FR941206-1-00134 12 6815 6974 6994 7089 7365 7450 7508 7561 7592 9636 9980 10031
52 FR941206-1-00134 1 6826
10688 FR941206-1-00134 1 6828
codified FR941206-1-00134 2 6831 7664
g FR941206-1-00134 2 6837 9019
applied FR941206-1-00134 1 6839
occurring FR941206-1-00134 1 6846
after FR941206-1-00134 4 6847 7145 7240 9978
most FR941206-1-00134 3 6859 7283 8180
notably FR941206-1-00134 1 6860
occurred FR941206-1-00134 2 6863 10183
intended FR941206-1-00134 3 6871 7453 8922
agency FR941206-1-00134 18 6887 6988 7552 8634 8832 9105 9197 9255 9440 9491 9516 9557 9627 9741 9825 9878 9911 9995
develop FR941206-1-00134 1 6889
historic FR941206-1-00134 5 6894 6940 6956 7475 7572
how FR941206-1-00134 3 6899 7023 9274
might FR941206-1-00134 1 6903
differ FR941206-1-00134 1 6904
strongly FR941206-1-00134 1 6930
supported FR941206-1-00134 1 6931
idea FR941206-1-00134 1 6933
achieve FR941206-1-00134 1 6952
considerable FR941206-1-00134 2 6953 10098
benefits FR941206-1-00134 1 6954
similar FR941206-1-00134 2 6961 7605
obtained FR941206-1-00134 1 6967
consideration FR941206-1-00134 3 6985 7948 7974
experience FR941206-1-00134 3 6990 7554 10011
implementing FR941206-1-00134 2 6992 9463
following FR941206-1-00134 5 7019 7578 8225 8609 8982
discusses FR941206-1-00134 1 7022
authorities FR941206-1-00134 3 7031 8442 9908
addition FR941206-1-00134 4 7038 9183 9418 10063
clarify FR941206-1-00134 1 7045
identified FR941206-1-00134 4 7056 9095 9241 9658
55 FR941206-1-00134 8 7071 7836 7958 8454 8861 8915 9348 9870
30798 FR941206-1-00134 2 7073 8456
background FR941206-1-00134 1 7080
evaluated FR941206-1-00134 1 7097
frequency FR941206-1-00134 1 7099
amount FR941206-1-00134 1 7101
nature FR941206-1-00134 4 7104 7258 7328 7417
electrical FR941206-1-00134 4 7109 7195 8276 9991
equipment FR941206-1-00134 2 7110 9992
routes FR941206-1-00134 1 7114
ingestion FR941206-1-00134 2 7122 8752
dermal FR941206-1-00134 1 7124
inhalation FR941206-1-00134 1 7127
risks FR941206-1-00134 2 7131 9203
posed FR941206-1-00134 4 7132 8334 8425 9204
locations FR941206-1-00134 1 7137
costs FR941206-1-00134 2 7141 10144
evaluating FR941206-1-00134 1 7146
information FR941206-1-00134 9 7148 7526 7822 7882 7895 7928 9511 9552 9820
considering FR941206-1-00134 1 7150
proposal FR941206-1-00134 7 7154 8762 9246 9345 9446 9699 9722
submitted FR941206-1-00134 1 7155
defense FR941206-1-00134 2 7161 7170
fund FR941206-1-00134 1 7162
edf FR941206-1-00134 1 7164
resources FR941206-1-00134 1 7169
council FR941206-1-00134 1 7171
nrdc FR941206-1-00134 1 7173
edison FR941206-1-00134 1 7177
electric FR941206-1-00134 1 7178
institute FR941206-1-00134 1 7179
eei FR941206-1-00134 1 7181
manufacturers FR941206-1-00134 2 7186 7196
association FR941206-1-00134 2 7187 7197
cma FR941206-1-00134 1 7189
national FR941206-1-00134 2 7194 7829
nema FR941206-1-00134 1 7199
goals FR941206-1-00134 13 7205 7427 7725 7779 7849 8078 8089 8186 9691 9730 9774 10027 10110
surfaces FR941206-1-00134 1 7212
requires FR941206-1-00134 3 7220 9369 9537
levels FR941206-1-00134 37 7226 7683 7800 7982 8197 8226 8465 8469 8493 8516 8524 8532 8536 8570 8583 8616 8648 8661 8745 8777 8850 8881 8889 8996 9153 9278 9336 9392 9495 9502 9542 9578 9602 9787 9803 9903 9940
depending FR941206-1-00134 2 7227 8121
location FR941206-1-00134 1 7230
potential FR941206-1-00134 6 7233 7299 7337 7357 8162 9525
residual FR941206-1-00134 2 7237 7270
remaining FR941206-1-00134 1 7239
initially FR941206-1-00134 1 7247
high FR941206-1-00134 1 7250
low FR941206-1-00134 1 7253
size FR941206-1-00134 1 7260
population FR941206-1-00134 1 7263
applies FR941206-1-00134 2 7281 7313
access FR941206-1-00134 5 7292 7324 7351 8237 8267
human FR941206-1-00134 3 7301 7332 7359
exposures FR941206-1-00134 2 7302 7360
less FR941206-1-00134 3 7314 7345 8240
restricted FR941206-1-00134 4 7323 7350 8266 8391
degree FR941206-1-00134 1 7330
contact FR941206-1-00134 4 7333 8337 8428 8748
lower FR941206-1-00134 1 7336
significant FR941206-1-00134 1 7339
finally FR941206-1-00134 2 7342 9220
even FR941206-1-00134 1 7344
little FR941206-1-00134 1 7356
implementation FR941206-1-00134 1 7362
estimation FR941206-1-00134 1 7376
yielded FR941206-1-00134 1 7378
highly FR941206-1-00134 1 7379
favorable FR941206-1-00134 1 7380
results FR941206-1-00134 2 7382 7570
numbers FR941206-1-00134 2 7385 9479
expeditiously FR941206-1-00134 1 7393
safely FR941206-1-00134 1 7395
minimum FR941206-1-00134 1 7397
administrative FR941206-1-00134 3 7398 10140 10192
burdens FR941206-1-00134 1 7399
responsible FR941206-1-00134 2 7404 10106
parties FR941206-1-00134 2 7405 10107
attributable FR941206-1-00134 1 7413
clear FR941206-1-00134 1 7423
numeric FR941206-1-00134 1 7425
specified FR941206-1-00134 3 7428 9395 9804
straightforward FR941206-1-00134 1 7435
sampling FR941206-1-00134 1 7436
notification FR941206-1-00134 1 7438
responding FR941206-1-00134 1 7443
applicable FR941206-1-00134 2 7456 7643
particularly FR941206-1-00134 1 7478
context FR941206-1-00134 3 7481 9581 9738
remediations FR941206-1-00134 1 7484
discussed FR941206-1-00134 5 7487 9057 9341 9383 9663
below FR941206-1-00134 4 7488 8258 8534 9250
since FR941206-1-00134 1 7490
1990 FR941206-1-00134 4 7491 7690 7767 8022
superfund FR941206-1-00134 13 7493 7598 7656 7685 7703 7740 7752 7785 8326 8417 9661 9672 9767
program FR941206-1-00134 14 7494 7586 7613 7618 7718 7786 7903 8048 8327 8418 8485 9053 9291 9649
adopted FR941206-1-00134 1 7496
approach FR941206-1-00134 7 7498 7582 7607 8433 8804 9763 10022
relies FR941206-1-00134 1 7504
heavily FR941206-1-00134 1 7505
generates FR941206-1-00134 1 7521
can FR941206-1-00134 3 7528 9544 10096
fine FR941206-1-00134 1 7533
tune FR941206-1-00134 1 7534
decisions FR941206-1-00134 3 7537 9575 10060
hazardous FR941206-1-00134 4 7545 8624 8791 8894
substances FR941206-1-00134 1 7546
essential FR941206-1-00134 1 7557
features FR941206-1-00134 1 7558
workable FR941206-1-00134 1 7565
yield FR941206-1-00134 1 7567
protective FR941206-1-00134 1 7568
summarizes FR941206-1-00134 1 7580
taken FR941206-1-00134 1 7588
adapting FR941206-1-00134 1 7590
cleanups FR941206-1-00134 2 7599 10014
outlines FR941206-1-00134 1 7603
binding FR941206-1-00134 1 7635
relevant FR941206-1-00134 2 7645 9212
requirement FR941206-1-00134 1 7648
arar FR941206-1-00134 2 7653 7889
actions FR941206-1-00134 5 7658 7750 8859 9465 9624
reflecting FR941206-1-00134 1 7666
substantial FR941206-1-00134 3 7667 9192 9509
scientific FR941206-1-00134 1 7668
technical FR941206-1-00134 3 7670 7952 10160
evaluation FR941206-1-00134 2 7671 7872
august FR941206-1-00134 2 7689 7766
issued FR941206-1-00134 1 7693
documents FR941206-1-00134 4 7697 7712 8026 8138
regarding FR941206-1-00134 2 7698 9576
among FR941206-1-00134 1 7706
establish FR941206-1-00134 1 7713
guidelines FR941206-1-00134 2 7714 8635
follow FR941206-1-00134 1 7720
setting FR941206-1-00134 5 7722 7854 8195 8902 9708
preliminary FR941206-1-00134 7 7723 7777 7820 8184 9689 9728 9772
guide FR941206-1-00134 3 7747 7772 8100
oswer FR941206-1-00134 1 7759
directive FR941206-1-00134 1 7760
9355.401 FR941206-1-00134 1 7763
fs FR941206-1-00134 1 7764
[ FR941206-1-00134 1 7769
] FR941206-1-00134 1 7774
prgs FR941206-1-00134 7 7781 7865 7942 7968 8059 9694 9709
statements FR941206-1-00134 1 7789
desired FR941206-1-00134 1 7792
endpoint FR941206-1-00134 1 7793
concentrations FR941206-1-00134 3 7794 8342 8657
contaminants FR941206-1-00134 1 7796
route FR941206-1-00134 1 7804
believed FR941206-1-00134 1 7808
contingency FR941206-1-00134 1 7830
plan FR941206-1-00134 1 7831
ncp FR941206-1-00134 1 7833
8666 FR941206-1-00134 1 7838
8712 FR941206-1-00134 1 7840
8713 FR941206-1-00134 2 7842 7960
parameters FR941206-1-00134 1 7855
purpose FR941206-1-00134 2 7858 9461
formulated FR941206-1-00134 1 7867
early FR941206-1-00134 1 7868
typically FR941206-1-00134 1 7877
readily FR941206-1-00134 1 7880
available FR941206-1-00134 2 7881 7930
healthbased FR941206-1-00134 1 7888
reliable FR941206-1-00134 1 7892
referred FR941206-1-00134 1 7898
tbcs FR941206-1-00134 1 7910
point FR941206-1-00134 2 7916 8139
departure FR941206-1-00134 2 7918 8146
10 FR941206-1-00134 8 7923 8251 8254 8259 8401 8673 8697 9175
-6 FR941206-1-00134 2 7924 8674
during FR941206-1-00134 3 7931 8733 9710
investigation/feasibility FR941206-1-00134 1 7934
study FR941206-1-00134 4 7935 8472 8545 8552
ri/fs FR941206-1-00134 2 7937 8084
modified FR941206-1-00134 1 7945
due FR941206-1-00134 2 7946 8156
factors FR941206-1-00134 4 7956 8158 9213 9300
8717 FR941206-1-00134 1 7962
preclude FR941206-1-00134 1 7971
selection FR941206-1-00134 4 7976 7992 8010 8095
attain FR941206-1-00134 1 7980
than FR941206-1-00134 5 7984 8241 8344 8892 9091
represented FR941206-1-00134 1 7986
prg FR941206-1-00134 4 7989 8032 8330 8421
final FR941206-1-00134 4 7991 8087 9784 10058
balancing FR941206-1-00134 1 8004
criteria FR941206-1-00134 5 8006 8610 8773 8886 9388
remedy FR941206-1-00134 2 8009 8094
step FR941206-1-00134 1 8011
along FR941206-1-00134 1 8016
lines FR941206-1-00134 1 8019
explain FR941206-1-00134 1 8027
exceedance FR941206-1-00134 1 8029
mean FR941206-1-00134 1 8037
rather FR941206-1-00134 1 8043
decides FR941206-1-00134 1 8049
necessary FR941206-1-00134 1 8053
identify FR941206-1-00134 3 8066 9409 9432
refined FR941206-1-00134 1 8081
throughout FR941206-1-00134 1 8082
determined FR941206-1-00134 3 8091 8363 8834
p.2 FR941206-1-00134 1 8102
concern FR941206-1-00134 1 8115
differs FR941206-1-00134 1 8120
expected FR941206-1-00134 2 8129 8294
industrial FR941206-1-00134 3 8134 8263 8389
conditions FR941206-1-00134 3 8143 8366 10056
warrant FR941206-1-00134 1 8145
basic FR941206-1-00134 1 8149
framework FR941206-1-00134 2 8150 9706
outlined FR941206-1-00134 3 8151 9764 9886
migrate FR941206-1-00134 1 8166
groundwater FR941206-1-00134 1 8168
affect FR941206-1-00134 1 8171
receptors FR941206-1-00134 1 8173
recommends FR941206-1-00134 2 8177 8217
analytical FR941206-1-00134 2 8190 9228
starting FR941206-1-00134 1 8191
points FR941206-1-00134 1 8192
follows FR941206-1-00134 1 8207
761.120 FR941206-1-00134 1 8215
reasonablyexpected FR941206-1-00134 1 8231
ppm FR941206-1-00134 22 8243 8255 8271 8280 8284 8316 8346 8402 8407 8926 8965 9006 9038 9060 9111 9129 9223 9240 9262 9364 9412 9450
depth FR941206-1-00134 2 8249 8358
inches FR941206-1-00134 2 8252 8260
depths FR941206-1-00134 1 8257
25 FR941206-1-00134 3 8270 8279 8406
outdoor FR941206-1-00134 1 8275
substations FR941206-1-00134 1 8277
50 FR941206-1-00134 1 8283
labelling FR941206-1-00134 1 8286
warning FR941206-1-00134 1 8287
presence FR941206-1-00134 1 8289
unrestricted FR941206-1-00134 1 8308
recommended FR941206-1-00134 4 8323 8414 8931 9065
address FR941206-1-00134 4 8332 8423 9743 10196
threats FR941206-1-00134 2 8333 8424
left FR941206-1-00134 1 8349
place FR941206-1-00134 1 8351
cover FR941206-1-00134 1 8361
deed FR941206-1-00134 1 8373
restrictions FR941206-1-00134 1 8374
institutional FR941206-1-00134 1 8377
implemented FR941206-1-00134 1 8381
remediating FR941206-1-00134 1 8387
introduced FR941206-1-00134 1 8459
concept FR941206-1-00134 4 8461 9311 9534 9883
trigger FR941206-1-00134 1 8468
subsequent FR941206-1-00134 2 8474 9749
facilities FR941206-1-00134 3 8478 9469 9793
investigation FR941206-1-00134 1 8489
indicate FR941206-1-00134 1 8491
past FR941206-1-00134 1 8498
unlikely FR941206-1-00134 1 8501
threat FR941206-1-00134 1 8505
measured FR941206-1-00134 2 8515 8531
compared FR941206-1-00134 1 8521
situations FR941206-1-00134 1 8529
normally FR941206-1-00134 1 8541
measures FR941206-1-00134 1 8551
maximum FR941206-1-00134 1 8568
contaminant FR941206-1-00134 1 8569
mcls FR941206-1-00134 3 8572 8606 9333
safe FR941206-1-00134 1 8577
drinking FR941206-1-00134 1 8578
act FR941206-1-00134 1 8580
soils FR941206-1-00134 3 8593 9000 9325
constituents FR941206-1-00134 2 8597 8895
establishing FR941206-1-00134 9 8614 8772 8775 9688 9726 9771 9837 9901 9938
first FR941206-1-00134 1 8618
constituent FR941206-1-00134 2 8625 8792
derived FR941206-1-00134 1 8628
consistent FR941206-1-00134 2 8632 9007
second FR941206-1-00134 1 8640
studies FR941206-1-00134 2 8643 9193
derive FR941206-1-00134 1 8646
scientifically FR941206-1-00134 1 8651
valid FR941206-1-00134 1 8652
third FR941206-1-00134 1 8654
carcinogens FR941206-1-00134 4 8666 8684 8690 8704
associated FR941206-1-00134 1 8668
× FR941206-1-00134 2 8672 8696
upperbound FR941206-1-00134 1 8675
excess FR941206-1-00134 2 8676 9177
cancer FR941206-1-00134 2 8677 9179
class FR941206-1-00134 3 8680 8688 8702
-5 FR941206-1-00134 2 8698 9176
systemic FR941206-1-00134 1 8707
toxicants FR941206-1-00134 1 8708
humans FR941206-1-00134 1 8719
exposed FR941206-1-00134 1 8722
daily FR941206-1-00134 1 8725
without FR941206-1-00134 2 8727 9547
appreciable FR941206-1-00134 1 8728
adverse FR941206-1-00134 1 8731
effects FR941206-1-00134 1 8732
lifetime FR941206-1-00134 2 8735 9178
scenario FR941206-1-00134 2 8739 9140
calculating FR941206-1-00134 1 8742
assuming FR941206-1-00134 2 8755 8781
included FR941206-1-00134 1 8763
264.521 FR941206-1-00134 3 8765 8989 9398
separate FR941206-1-00134 2 8770 10167
through FR941206-1-00134 1 8783
consumption FR941206-1-00134 1 8784
exception FR941206-1-00134 1 8801
explained FR941206-1-00134 2 8829 9796
had FR941206-1-00134 2 8833 8921
30819 FR941206-1-00134 2 8863 9350
appendix FR941206-1-00134 4 8867 8912 8957 9420
264 FR941206-1-00134 2 8872 9424
s FR941206-1-00134 8 8875 9099 9245 9377 9426 9594 9698 9834
examples FR941206-1-00134 1 8878
meet FR941206-1-00134 1 8883
above FR941206-1-00134 4 8885 9384 9664 9887
more FR941206-1-00134 3 8891 9746 10121
150 FR941206-1-00134 1 8893
erred FR941206-1-00134 1 8900
30867 FR941206-1-00134 1 8917
list FR941206-1-00134 1 8924
goal FR941206-1-00134 2 8930 9064
instead FR941206-1-00134 1 8951
0.09 FR941206-1-00134 2 8964 9239
requesting FR941206-1-00134 1 8969
comment FR941206-1-00134 4 8970 9442 9880 9914
correcting FR941206-1-00134 1 8972
erroneous FR941206-1-00134 1 8974
listing FR941206-1-00134 1 8975
clarifying FR941206-1-00134 1 8983
end FR941206-1-00134 1 8987
shall FR941206-1-00134 1 9001
defined FR941206-1-00134 1 9003
correct FR941206-1-00134 1 9023
error FR941206-1-00134 1 9025
adopt FR941206-1-00134 1 9034
previously FR941206-1-00134 1 9056
approximately FR941206-1-00134 1 9085
order FR941206-1-00134 1 9087
magnitude FR941206-1-00134 1 9089
adopting FR941206-1-00134 7 9108 9258 9320 9361 9448 9998 10117
reasons FR941206-1-00134 2 9121 10007
thing FR941206-1-00134 1 9125
essentially FR941206-1-00134 2 9142 9651
assumptions FR941206-1-00134 1 9146
deriving FR941206-1-00134 1 9149
represents FR941206-1-00134 1 9157
conservativeness FR941206-1-00134 1 9162
equates FR941206-1-00134 1 9172
conducted FR941206-1-00134 1 9194
focused FR941206-1-00134 2 9199 9676
specifically FR941206-1-00134 2 9200 9380
relating FR941206-1-00134 1 9214
close FR941206-1-00134 1 9225
detection FR941206-1-00134 2 9229 9251
whereas FR941206-1-00134 1 9234
limits FR941206-1-00134 1 9252
recognizes FR941206-1-00134 1 9256
depart FR941206-1-00134 2 9271 9850
somewhat FR941206-1-00134 1 9272
set FR941206-1-00134 1 9280
reflect FR941206-1-00134 1 9298
hand FR941206-1-00134 1 9318
very FR941206-1-00134 1 9328
analogous FR941206-1-00134 1 9330
30853 FR941206-1-00134 1 9352
noted FR941206-1-00134 2 9359 9669
explicit FR941206-1-00134 2 9371 9704
revisions FR941206-1-00134 1 9372
revised FR941206-1-00134 1 9406
explicitly FR941206-1-00134 1 9408
amendment FR941206-1-00134 1 9430
solicits FR941206-1-00134 3 9441 9879 9913
identifies FR941206-1-00134 1 9477
settings FR941206-1-00134 1 9488
inappropriate FR941206-1-00134 1 9497
determinations FR941206-1-00134 1 9513
about FR941206-1-00134 1 9517
inconsistent FR941206-1-00134 2 9529 10169
identifying FR941206-1-00134 1 9538
conservative FR941206-1-00134 1 9539
presumptive FR941206-1-00134 1 9541
making FR941206-1-00134 1 9574
practices FR941206-1-00134 1 9604
addressing FR941206-1-00134 1 9618
wishes FR941206-1-00134 1 9628
reaffirm FR941206-1-00134 1 9630
intention FR941206-1-00134 1 9632
primarily FR941206-1-00134 1 9677
acknowledge FR941206-1-00134 1 9724
thoroughly FR941206-1-00134 1 9747
intends FR941206-1-00134 1 9758
examined FR941206-1-00134 1 9815
preserve FR941206-1-00134 1 9827
inherent FR941206-1-00134 1 9830
select FR941206-1-00134 1 9842
264.525 FR941206-1-00134 1 9865
30877 FR941206-1-00134 1 9872
modify FR941206-1-00134 1 9932
supplement FR941206-1-00134 1 9934
closely FR941206-1-00134 1 9976
modeled FR941206-1-00134 1 9977
warranted FR941206-1-00134 1 10003
shown FR941206-1-00134 1 10018
expressed FR941206-1-00134 1 10028
directly FR941206-1-00134 2 10041 10069
long FR941206-1-00134 1 10048
factoring FR941206-1-00134 1 10054
oversight FR941206-1-00134 1 10086
regions FR941206-1-00134 1 10093
paperwork FR941206-1-00134 1 10099
lengthy FR941206-1-00134 1 10101
negotiations FR941206-1-00134 1 10102
between FR941206-1-00134 1 10103
regulators FR941206-1-00134 1 10104
over FR941206-1-00134 1 10108
simpler FR941206-1-00134 1 10119
uniform FR941206-1-00134 1 10122
yet FR941206-1-00134 1 10123
flexible FR941206-1-00134 1 10124
serve FR941206-1-00134 1 10137
reduce FR941206-1-00134 1 10139
transactional FR941206-1-00134 1 10143
accelerate FR941206-1-00134 1 10146
convinced FR941206-1-00134 1 10154
compelling FR941206-1-00134 1 10159
rationale FR941206-1-00134 1 10163
having FR941206-1-00134 1 10165
cleaning FR941206-1-00134 1 10172
propose FR941206-1-00134 1 10194
problem FR941206-1-00134 1 10198
