biphenyls FR941206-1-00134 1 50128
in FR941206-1-00134 88 50129 50198 50381 50532 50670 50813 50859 50877 50970 50992 51082 51100 51138 51172 51184 51227 51260 51337 51398 51452 51525 51545 51558 51588 51663 51676 51732 51745 51831 51866 51966 51972 51983 51995 52015 52077 52196 52279 52281 52317 52407 52426 52436 52554 52574 52594 52639 52666 52733 52772 52944 52957 52975 53011 53135 53187 53200 53209 53248 53347 53409 53416 53474 53560 53637 53664 53679 53720 53769 53867 53900 53939 53957 53963 54006 54087 54242 54351 54381 54437 54523 54552 54654 54683 54690 54698 54754 54796
insulating FR941206-1-00134 1 50130
liquids FR941206-1-00134 3 50131 52774 52781
by FR941206-1-00134 20 50132 50887 51119 51212 51475 51604 52186 52258 52689 53252 54049 54056 54121 54148 54195 54254 54448 54498 54578 54594
gas FR941206-1-00134 4 50133 50268 52041 54831
chromatography FR941206-1-00134 3 50134 50269 52042
, FR941206-1-00134 221 50135 50148 50160 50163 50178 50185 50189 50192 50211 50215 50217 50225 50358 50366 50376 50449 50462 50487 50495 50506 50515 50564 50573 50585 50587 50589 50592 50595 50604 50619 50664 50675 50679 50705 50711 50740 50764 50780 50852 50873 50909 50913 50921 50944 50947 50976 50984 50987 50998 51062 51104 51169 51177 51198 51229 51250 51281 51307 51314 51355 51459 51461 51501 51504 51508 51535 51560 51570 51574 51576 51578 51630 51651 51699 51707 51739 51760 51773 51776 51789 51833 51858 51861 51985 52018 52020 52023 52047 52048 52096 52112 52117 52121 52123 52177 52208 52212 52217 52252 52296 52300 52384 52394 52481 52524 52537 52564 52581 52583 52585 52661 52707 52715 52725 52817 52819 52821 52832 52840 52846 52854 52894 52897 52900 52904 52906 52909 52915 52966 53046 53054 53065 53072 53112 53116 53118 53121 53124 53126 53230 53250 53256 53291 53295 53297 53349 53395 53403 53436 53439 53496 53505 53511 53518 53526 53547 53668 53671 53698 53701 53704 53706 53709 53735 53742 53750 53752 53757 53764 53801 53810 53814 53816 53831 53843 53857 53879 53929 53938 53945 53966 53987 53989 54000 54041 54060 54168 54176 54180 54285 54300 54303 54321 54334 54336 54346 54384 54433 54435 54439 54456 54511 54514 54526 54577 54593 54637 54642 54647 54709 54734 54741 54749 54752 54761 54773 54829 54874 54927 54951 54964
'' FR941206-1-00134 16 50136 50883 51409 51442 51446 51479 51483 51561 51585 51622 51897 52058 52138 52754 53476 53849
which FR941206-1-00134 11 50137 51453 51562 51746 52468 52635 52782 53036 53397 53421 53638
astm FR941206-1-00134 4 50138 50161 50210 50248
has FR941206-1-00134 6 50139 50806 51291 51885 51917 53690
validated FR941206-1-00134 1 50140
through FR941206-1-00134 4 50141 51610 52696 54609
a FR941206-1-00134 83 50142 50309 50331 50395 50407 50428 50437 50576 50621 50635 50683 50743 50747 50791 50822 50878 51035 51068 51105 51202 51207 51219 51293 51305 51318 51329 51356 51389 51412 51426 51438 51517 51529 51547 51741 51850 51887 51955 51960 52085 52134 52388 52415 52437 52535 52550 52609 52699 52719 52931 53004 53101 53136 53172 53223 53373 53379 53389 53447 53450 53514 53538 53610 53630 53858 53943 54111 54116 54130 54273 54389 54506 54582 54587 54596 54633 54660 54766 54849 54880 54906 54973 54997
series FR941206-1-00134 1 50143
of FR941206-1-00134 187 50144 50152 50156 50180 50203 50221 50264 50294 50341 50369 50447 50453 50457 50470 50478 50482 50490 50537 50544 50549 50575 50606 50611 50613 50682 50690 50722 50735 50750 50755 50775 50802 50848 50857 50869 50892 50911 50918 50930 50960 51006 51084 51089 51124 51128 51143 51176 51191 51209 51215 51234 51241 51248 51268 51277 51334 51353 51367 51418 51432 51465 51494 51516 51530 51593 51601 51606 51613 51656 51661 51680 51684 51694 51705 51754 51757 51763 51862 51874 51889 51911 51930 51942 51974 51977 52068 52084 52087 52107 52120 52133 52168 52199 52215 52271 52304 52310 52369 52452 52489 52540 52616 52746 52770 52798 52809 52859 52876 52888 52930 52942 52970 53019 53040 53049 53057 53068 53077 53080 53093 53144 53203 53237 53288 53314 53414 53449 53454 53462 53509 53523 53534 53540 53564 53574 53588 53623 53713 53729 53732 53739 53746 53798 53807 53829 53846 53860 53870 53889 53924 53936 53942 54027 54037 54091 54095 54118 54124 54145 54151 54244 54269 54275 54291 54316 54343 54412 54421 54428 54442 54492 54505 54559 54612 54639 54662 54680 54685 54692 54707 54788 54806 54810 54865 54879 54929 54932
round FR941206-1-00134 2 50145 51895
robin FR941206-1-00134 2 50146 51896
tests FR941206-1-00134 2 50147 52813
to FR941206-1-00134 135 50149 50246 50287 50307 50435 50492 50522 50552 50701 50725 50745 50771 50789 50820 50825 50831 50925 50932 50940 50949 51026 51033 51038 51066 51076 51097 51116 51136 51146 51154 51186 51230 51265 51302 51369 51387 51469 51490 51539 51667 51686 51689 51729 51765 51793 51848 51892 51951 51991 52141 52164 52180 52188 52218 52264 52293 52312 52320 52332 52338 52356 52365 52391 52398 52405 52492 52497 52520 52578 52596 52607 52626 52730 52762 52814 52845 52863 52986 53016 53033 53051 53062 53132 53171 53184 53189 53195 53221 53265 53279 53308 53322 53333 53356 53382 53388 53396 53487 53506 53571 53585 53590 53609 53617 53748 53792 53823 53836 53886 53947 53953 54015 54071 54083 54141 54162 54181 54221 54298 54331 54391 54489 54501 54533 54604 54656 54722 54757 54768 54847 54916 54943 54960 54976 54994
the FR941206-1-00134 257 50150 50157 50170 50194 50204 50209 50262 50276 50303 50409 50425 50433 50445 50451 50468 50473 50479 50483 50488 50516 50525 50535 50538 50545 50553 50566 50570 50614 50624 50629 50641 50660 50665 50680 50687 50692 50726 50731 50753 50773 50786 50798 50808 50840 50846 50861 50888 50916 50933 51004 51052 51078 51087 51101 51111 51125 51129 51147 51155 51173 51188 51192 51196 51210 51216 51223 51232 51246 51255 51266 51275 51326 51332 51372 51376 51415 51454 51514 51543 51566 51589 51607 51611 51614 51632 51646 51668 51690 51700 51703 51709 51755 51758 51766 51794 51808 51816 51841 51855 51872 51906 51909 51928 51931 51968 51989 52016 52131 52143 52166 52169 52190 52197 52220 52229 52233 52259 52266 52269 52302 52308 52345 52353 52357 52367 52392 52400 52408 52418 52433 52487 52538 52555 52590 52598 52655 52686 52727 52744 52764 52786 52795 52807 52856 52874 52885 52928 52939 52952 52987 52997 53006 53017 53038 53047 53055 53066 53078 53081 53141 53166 53190 53197 53226 53235 53244 53253 53266 53282 53304 53357 53417 53460 53463 53507 53521 53541 53565 53572 53591 53618 53639 53695 53717 53727 53744 53770 53802 53826 53832 53853 53861 53871 53875 53880 53895 53901 53922 53934 53940 53964 53990 54002 54020 54031 54038 54050 54061 54074 54119 54125 54134 54143 54166 54189 54192 54238 54276 54289 54306 54314 54326 54341 54344 54348 54356 54382 54403 54431 54466 54486 54556 54605 54610 54657 54663 54681 54686 54693 54705 54716 54723 54758 54776 54785 54790 54793 54799 54866 54871 54894 54930 54945 54956 54961 54968 54987
list FR941206-1-00134 1 50151
references FR941206-1-00134 1 50153
. FR941206-1-00134 122 50154 50187 50201 50270 50291 50394 50424 50456 50472 50513 50541 50662 50686 50728 50762 50804 50866 50902 50937 50964 51023 51096 51141 51183 51226 51279 51336 51393 51423 51441 51478 51496 51527 51542 51581 51618 51642 51721 51815 51840 51878 51913 51939 51965 52050 52137 52160 52206 52241 52328 52364 52410 52420 52441 52478 52514 52533 52562 52589 52648 52650 52653 52673 52739 52790 52825 52913 52934 53029 53084 53103 53128 53149 53177 53216 53243 53271 53303 53346 53368 53452 53481 53529 53544 53567 53626 53676 53723 53777 53822 53850 53894 53904 53962 54022 54058 54101 54137 54191 54228 54264 54282 54312 54376 54418 54451 54485 54522 54548 54619 54650 54667 54688 54719 54771 54803 54840 54854 54890 54925 54949 54986
copies FR941206-1-00134 2 50155 50202
test FR941206-1-00134 2 50158 51952
method FR941206-1-00134 1 50159
d4059 FR941206-1-00134 2 50162 50249
are FR941206-1-00134 19 50164 50206 50272 50864 50967 51435 51467 51944 52372 52457 52517 52569 52572 52729 53422 53662 54044 54565 54913
available FR941206-1-00134 3 50165 50207 51564
for FR941206-1-00134 84 50166 50261 50296 50399 50406 50442 50757 50785 50839 50845 50855 50867 51014 51086 51092 51107 51158 51195 51206 51222 51239 51391 51457 51522 51554 51798 51838 51864 51871 51979 51998 52037 52054 52105 52126 52130 52202 52213 52232 52396 52417 52432 52459 52479 52509 52612 52630 52669 52750 52766 52806 52927 52947 53156 53193 53207 53225 53336 53361 53392 53411 53424 53432 53537 53605 53647 53852 53993 54033 54046 54076 54093 54115 54133 54188 54208 54260 54272 54308 54371 54373 54512 54792 54999
public FR941206-1-00134 2 50167 50732
inspection FR941206-1-00134 1 50168
at FR941206-1-00134 37 50169 50193 50279 50555 50659 51008 51056 51071 51161 51737 51768 51803 51811 51934 52062 52146 52172 52194 52222 52236 52359 52376 52463 52601 52620 52644 52679 52991 53100 53306 53312 53366 53593 54064 54105 54155 54870
tsca FR941206-1-00134 15 50171 51039 51354 52527 54196 54311 54429 54467 54588 54606 54712 54777 54859 54946 54969
nonconfidential FR941206-1-00134 1 50172
information FR941206-1-00134 3 50173 53035 54554
center FR941206-1-00134 1 50174
( FR941206-1-00134 93 50175 50230 50233 50236 50240 50243 50313 50319 50321 50325 50330 50334 50557 50561 50583 50703 50815 50833 50955 50974 51042 51045 51048 51073 51163 51166 51178 51304 51308 51311 51317 51322 51344 51347 51350 51649 51936 52043 52070 52092 52098 52148 52174 52183 52224 52238 52246 52249 52284 52294 52322 52325 52335 52361 52378 52381 52603 52622 52658 52704 52709 52712 52718 52722 52759 52829 53003 53085 53104 53110 53146 53150 53178 53343 53493 53502 53530 53681 53774 53851 53997 54066 54107 54157 54199 54202 54205 54265 54419 54575 54591 54635 54827
7407 FR941206-1-00134 1 50176
) FR941206-1-00134 93 50177 50232 50235 50238 50242 50245 50317 50323 50327 50332 50336 50337 50559 50563 50594 50720 50817 50836 50959 50978 51044 51047 51050 51075 51165 51168 51182 51306 51310 51313 51319 51324 51346 51349 51352 51658 51938 52049 52072 52094 52100 52150 52176 52185 52226 52240 52248 52251 52290 52298 52324 52327 52337 52363 52380 52383 52605 52624 52660 52706 52711 52714 52720 52724 52761 52831 53005 53087 53106 53129 53148 53152 53180 53345 53495 53504 53545 53683 53776 53905 53999 54068 54109 54159 54201 54204 54207 54283 54452 54585 54618 54649 54834
office FR941206-1-00134 1 50179
pollution FR941206-1-00134 1 50181
prevention FR941206-1-00134 1 50182
and FR941206-1-00134 131 50183 50239 50250 50311 50324 50328 50333 50349 50377 50392 50413 50420 50463 50507 50560 50581 50600 50620 50812 50900 50905 51051 51080 51094 51243 51315 51325 51379 51462 51472 51511 51597 51599 51627 51659 51697 51708 51781 51800 51805 51807 51882 51970 51981 51993 52003 52006 52012 52024 52029 52033 52056 52097 52204 52307 52428 52467 52500 52504 52571 52586 52606 52614 52632 52671 52721 52752 52755 52768 52775 52822 52835 52855 52861 52880 52884 52910 52918 52949 53073 53213 53257 53285 53292 53298 53301 53330 53338 53363 53404 53419 53430 53458 53477 53581 53620 53634 53672 53710 53761 53765 53804 53811 53817 53820 53955 53981 53995 54004 54053 54078 54085 54217 54240 54304 54337 54399 54409 54440 54474 54480 54496 54615 54626 54745 54762 54778 54835 54875 54897 54919
toxics FR941206-1-00134 1 50184
rm FR941206-1-00134 1 50186
b607 FR941206-1-00134 1 50188
northeast FR941206-1-00134 1 50190
mall FR941206-1-00134 1 50191
address FR941206-1-00134 2 50195 54073
listed FR941206-1-00134 1 50196
earlier FR941206-1-00134 1 50197
this FR941206-1-00134 19 50199 50223 50289 50870 51028 51139 51282 52740 52791 52935 53027 53369 53535 53868 54270 54449 54454 54674 54900
notice FR941206-1-00134 1 50200
standard FR941206-1-00134 3 50205 50224 51635
from FR941206-1-00134 13 50208 50373 50915 51110 51299 51550 51565 51905 53165 53326 54001 54165 54237
1916 FR941206-1-00134 1 50212
race FR941206-1-00134 1 50213
street FR941206-1-00134 1 50214
philadelphia FR941206-1-00134 1 50216
pa FR941206-1-00134 1 50218
19103. FR941206-1-00134 1 50219
instead FR941206-1-00134 1 50220
incorporating FR941206-1-00134 1 50222
epa FR941206-1-00134 44 50226 50253 50299 50400 50431 50729 50805 50938 50985 51063 51120 51199 51251 51300 51643 51884 51914 51986 52139 52178 52209 52299 52329 52442 53627 53689 53838 53840 53888 53948 53967 53979 54057 54077 54102 54229 54286 54385 54528 54549 54844 54887 54891 54940
proposes FR941206-1-00134 3 50227 50939 52179
adding FR941206-1-00134 2 50228 52187
761.60 FR941206-1-00134 8 50229 50320 51303 51806 52703 52708 53501 53773
g FR941206-1-00134 11 50231 51074 51937 52149 52175 52184 52239 52247 52323 52362 52379
1 FR941206-1-00134 9 50234 50609 50957 51012 51167 51652 52071 52282 52649
iii FR941206-1-00134 2 50237 50244
2 FR941206-1-00134 7 50241 51312 52099 52250 52326 52382 52713
identify FR941206-1-00134 1 50247
other FR941206-1-00134 21 50251 50350 50374 50542 51463 51506 51786 51825 52530 52587 52778 52823 53427 53982 54079 54365 54393 54493 54534 54540 54627
applicable FR941206-1-00134 7 50252 50678 53264 53283 53293 53795 53812
procedures FR941206-1-00134 4 50254 51157 52462 54259
as FR941206-1-00134 29 50255 50346 50404 50765 51170 51218 51410 51718 51891 51947 52001 52064 52162 52505 52534 52544 52891 52968 53231 53233 53438 53446 53513 54581 54715 54765 54783 54905 54996
standards FR941206-1-00134 6 50256 51883 52036 52990 53994 54193
that FR941206-1-00134 60 50257 50302 50353 50361 50385 50430 50524 50623 50640 50648 50795 50863 50999 51254 51273 51361 51380 51531 51645 51713 51853 51919 52009 52073 52101 52152 52227 52273 52340 52371 52445 52456 52674 52690 52981 53138 53239 53261 53378 53407 53598 53661 53688 53692 53721 53779 53977 54110 54231 54256 54288 54477 54524 54564 54601 54702 54729 54858 54876 54899
can FR941206-1-00134 5 50258 50362 51827 52692 54367
be FR941206-1-00134 65 50259 50285 50390 50493 50511 50520 50531 50638 50668 50783 50923 50926 51021 51031 51098 51117 51150 51258 51286 51359 51470 51716 51727 51730 51791 51829 51923 52156 52275 52313 52349 52425 52637 52664 52694 52731 52843 53052 53063 53097 53133 53185 53241 53247 53263 53334 53354 53469 53485 53557 53578 53583 53586 53615 53884 54128 54226 54252 54329 54369 54446 54463 54531 54814 54885
used FR941206-1-00134 16 50260 50969 51436 51456 52103 52573 52638 52665 52732 53053 53064 53098 53155 53335 53885 54325
analysis FR941206-1-00134 10 50263 51963 52111 52119 52129 52461 52858 52926 53413 53703
pcbs FR941206-1-00134 77 50265 50295 50357 50448 50458 50471 50491 50509 50691 50756 50776 50803 50837 50862 50904 50908 50961 50966 51007 51085 51091 51235 51249 51278 51335 51392 51657 51662 51681 51687 51720 51725 51839 51863 51912 51978 51997 52014 52039 52069 52122 52272 52311 52370 52455 52543 52568 52619 52662 52728 52771 52810 52853 52860 52877 52889 52943 52953 52974 53050 53095 53238 53420 53445 53457 53714 53756 53961 54092 54153 54247 54309 54345 54372 54443 54580 54978
when FR941206-1-00134 7 50266 52352 52811 52996 53653 53874 54009
using FR941206-1-00134 6 50267 51740 51959 52040 53736 53839
comments FR941206-1-00134 8 50271 50301 51844 53969 54387 54620 54652 54670
invited FR941206-1-00134 1 50273
on FR941206-1-00134 22 50274 50416 50467 50989 51003 51437 51702 51845 51908 52116 52268 52852 52878 53659 53694 53726 53970 54213 54388 54555 54623 54673
whether FR941206-1-00134 6 50275 50496 50508 51893 52525 53971
pcb FR941206-1-00134 57 50277 50371 50539 50590 50642 50736 50849 50935 50942 51294 51779 51783 51880 52135 52305 52522 52645 52681 52932 53041 53082 53108 53161 53205 53211 53310 53323 53328 53351 53376 53405 53433 53472 53479 53648 53733 53788 53847 53890 54028 54039 54397 54413 54468 54472 54507 54544 54561 54598 54607 54800 54851 54867 54910 54923 54947 54957
regulations FR941206-1-00134 15 50278 50540 50643 50674 51405 51591 51712 51767 53302 53821 54021 54040 54617 54921 54948
40 FR941206-1-00134 4 50280 51057 51769 54352
cfr FR941206-1-00134 7 50281 51058 51402 51499 51770 52993 54353
part FR941206-1-00134 4 50282 51059 53869 54354
761 FR941206-1-00134 1 50283
should FR941206-1-00134 3 50284 51020 53973
amended FR941206-1-00134 1 50286
include FR941206-1-00134 8 50288 52010 52414 52839 52923 53034 53258 54816
procedure FR941206-1-00134 2 50290 51744
i. FR941206-1-00134 1 50292
manufacture FR941206-1-00134 12 50293 50452 50702 50754 50832 51005 51233 51276 51333 51648 51857 54432
disposalrelated FR941206-1-00134 4 50297 50898 50919 51876
studies FR941206-1-00134 6 50298 50920 51877 51902 52031 52502
received FR941206-1-00134 6 50300 50580 51118 51886 53629 54672
current FR941206-1-00134 6 50304 51710 51735 51932 52243 52656
regulatory FR941206-1-00134 4 50305 52804 53643 54494
requirement FR941206-1-00134 2 50306 50434
obtain FR941206-1-00134 3 50308 50436 54163
rearch FR941206-1-00134 1 50310
development FR941206-1-00134 22 50312 50340 50847 50901 51095 51244 51982 52057 52132 52205 52672 52753 52769 52836 52919 52929 52950 53214 53339 53431 53635 54611
r FR941206-1-00134 25 50314 50438 50497 50526 50615 50630 50651 50697 50758 50827 50980 50994 51016 51269 51295 53021 53042 53058 53158 53167 53267 53273 53551 53649 53784
& FR941206-1-00134 25 50315 50439 50498 50527 50616 50631 50652 50698 50759 50828 50981 50995 51017 51270 51296 53022 53043 53059 53159 53168 53268 53274 53552 53650 53785
d FR941206-1-00134 28 50316 50440 50499 50528 50617 50632 50653 50699 50760 50829 50982 50996 51018 51271 51297 53023 53044 53060 53151 53160 53169 53269 53275 53290 53553 53651 53786 53809
approval FR941206-1-00134 14 50318 50441 51298 51327 52397 52701 52801 53194 53245 53528 53543 53644 54164 54175
e FR941206-1-00134 10 50322 50816 51043 51164 51345 52705 53179 53909 53912 54200
i FR941206-1-00134 6 50326 51309 52623 52710 54067 54158
761.70 FR941206-1-00134 4 50329 51316 51321 52717
b FR941206-1-00134 9 50335 50558 51049 51323 51351 52723 53086 53147 54206
limits FR941206-1-00134 1 50338
innovative FR941206-1-00134 3 50339 50351 52511
effective FR941206-1-00134 5 50342 51126 53878 54047 54054
remediation FR941206-1-00134 5 50343 50387 52646 53516 54473
technologies FR941206-1-00134 5 50344 50360 50851 52513 52738
such FR941206-1-00134 13 50345 52000 52890 53217 53437 53512 53655 54010 54042 54249 54292 54317 54632
identifying FR941206-1-00134 4 50347 50378 52038 52301
biological FR941206-1-00134 1 50348
processes FR941206-1-00134 4 50352 50365 52868 52872
destroy FR941206-1-00134 2 50354 53751
or FR941206-1-00134 57 50355 50504 50647 50676 50712 50793 50890 50928 50956 51132 51144 51320 51371 51654 51682 51752 51761 51785 51835 51859 51900 51953 52079 52110 52113 52118 52128 52255 52277 52287 52315 52374 52528 52698 52716 52802 52849 52925 52967 53317 53386 53426 53497 53519 53550 53607 53753 53783 54018 54098 54184 54458 54536 54542 54586 54822 54965
contain FR941206-1-00134 1 50356
developing FR941206-1-00134 2 50359 52736
enhance FR941206-1-00134 2 50363 54296
those FR941206-1-00134 4 50364 51485 54689 54720
finding FR941206-1-00134 3 50367 51820 54360
methods FR941206-1-00134 1 50368
separating FR941206-1-00134 1 50370
contaminants FR941206-1-00134 2 50372 50379
media FR941206-1-00134 11 50375 50593 51788 52453 52491 52541 52617 52777 52972 53959 54245
present FR941206-1-00134 1 50380
environmental FR941206-1-00134 13 50382 51678 51834 52004 52501 52531 52547 52565 52584 52820 52870 52971 53711
samples FR941206-1-00134 19 50383 51881 52508 52548 52566 52969 53115 53120 53324 53406 53418 53453 53490 53499 53554 54250 54293 54318 54327
so FR941206-1-00134 3 50384 52151 52161
appropriate FR941206-1-00134 1 50386
techniques FR941206-1-00134 1 50388
may FR941206-1-00134 10 50389 51922 52155 52274 52348 52448 52636 52663 53883 54173
selected FR941206-1-00134 1 50391
applied FR941206-1-00134 1 50393
comment FR941206-1-00134 4 50396 50474 50546 50693
was FR941206-1-00134 6 50397 51548 51987 53009 54319 54550
submitted FR941206-1-00134 3 50398 53186 54653
's FR941206-1-00134 14 50401 50411 50485 50810 50842 50880 51868 51915 51957 52592 53855 54845 54860 54888
consideration FR941206-1-00134 1 50402
citing FR941206-1-00134 1 50403
rationale FR941206-1-00134 1 50405
change FR941206-1-00134 3 50408 52165 52792
regulation FR941206-1-00134 1 50410
inflexible FR941206-1-00134 1 50412
harmful FR941206-1-00134 1 50414
effects FR941206-1-00134 8 50415 52588 52634 52824 52875 52887 53708 53712
international FR941206-1-00134 2 50417 50769
scientific FR941206-1-00134 3 50418 52108 52847
exchange FR941206-1-00134 1 50419
us FR941206-1-00134 2 50421 53983
competitive/technological FR941206-1-00134 1 50422
advancement FR941206-1-00134 1 50423
commenter FR941206-1-00134 4 50426 50809 53640 54953
included FR941206-1-00134 3 50427 50547 51099
suggestion FR941206-1-00134 1 50429
eliminate FR941206-1-00134 3 50432 50464 52794
research FR941206-1-00134 34 50443 50602 50737 50844 50882 50899 51093 51242 51616 51665 51870 51980 52055 52115 52127 52203 52484 52576 52670 52751 52767 52834 52851 52917 52924 52948 53212 53337 53429 53633 53665 53693 53725 53782
into FR941206-1-00134 6 50444 51245 52472 53384 53603 53787
disposal FR941206-1-00134 36 50446 50605 50850 51247 51801 52512 52556 52700 52737 53175 53286 53364 53390 53394 53434 53606 53611 53728 53740 53760 53789 53805 54342 54400 54416 54475 54508 54562 54599 54801 54852 54868 54911 54924 54958 54970
allow FR941206-1-00134 5 50450 50695 50797 52763 52938
13.23 FR941206-1-00134 2 50454 50714
lbs FR941206-1-00134 1 50455
per FR941206-1-00134 4 50459 50716 50718 50962
facility FR941206-1-00134 16 50460 50484 50529 50661 50700 50719 50841 50879 51019 51413 53102 53170 53176 53391 53612 53833
annually FR941206-1-00134 3 50461 51152 53099
restrictions FR941206-1-00134 1 50465
placed FR941206-1-00134 3 50466 53558 53602
import/export FR941206-1-00134 1 50469
would FR941206-1-00134 58 50475 50510 50519 50530 50667 50694 50782 50796 50884 50922 51030 51114 51149 51200 51284 51673 51726 51790 52742 52756 52793 52838 52921 52937 53031 53130 53182 53219 53240 53246 53262 53277 53319 53353 53371 53400 53468 53483 53576 53582 53613 53684 53790 53834 53920 53931 54127 54160 54235 54251 54294 54328 54444 54470 54703 54742 54813 54884
require FR941206-1-00134 5 50476 51274 51714 51903 52486
notification FR941206-1-00134 7 50477 51283 53619 53796 53827 53845 53946
regional FR941206-1-00134 6 50480 50625 51256 53007 53191 53254
administrator FR941206-1-00134 6 50481 50626 51257 53008 53192 53255
site FR941206-1-00134 4 50486 53508 53517 53573
amount FR941206-1-00134 3 50489 51029 52270
handled FR941206-1-00134 2 50494 54253
activities FR941206-1-00134 29 50500 50633 50654 50761 50948 50983 51272 51943 51999 52154 52306 52341 52354 52577 52837 52920 53045 53215 53435 53636 53652 53893 53928 54043 54100 54380 54476 54625 54826
were FR941206-1-00134 9 50501 50655 52954 53000 53154 54478 54621 54671 54781
laboratory FR941206-1-00134 12 50502 50599 51408 51444 51481 51608 51634 51695 51956 53114 53549 54278
scale FR941206-1-00134 3 50503 51445 51482
not FR941206-1-00134 27 50505 50656 50854 51285 51674 51822 51828 52125 52163 52470 52683 52784 52842 52922 53320 53478 53484 53556 53569 53762 53898 54362 54368 54445 54903 54936 54992
manufactured FR941206-1-00134 2 50512 50865
additionally FR941206-1-00134 3 50514 54772 54950
principal FR941206-1-00134 1 50517
researcher FR941206-1-00134 1 50518
required FR941206-1-00134 12 50521 50924 51032 51151 51287 51728 52464 52570 52628 53486 53584 53646
certify FR941206-1-00134 1 50523
compliance FR941206-1-00134 8 50533 50596 50671 54034 54048 54099 54708 54747
with FR941206-1-00134 27 50534 50569 50597 50672 51375 51450 51624 51639 51724 51734 52450 52685 52735 53140 53281 53794 53825 54035 54302 54402 54630 54676 54736 54798 54824 54837 54893
terms FR941206-1-00134 1 50536
features FR941206-1-00134 1 50543
storage FR941206-1-00134 11 50548 51799 53142 53173 53284 53362 53385 53604 53803 54398 54414
materials FR941206-1-00134 11 50550 50579 50607 50906 51495 51780 53440 53455 53473 53568 54263
pursuant FR941206-1-00134 10 50551 50931 51037 51153 51301 51666 51764 52319 52985 53589
requirements FR941206-1-00134 30 50554 51507 51672 51736 51802 51810 51929 52231 52999 53143 53260 53287 53305 53365 53399 53461 53622 53797 53806 53828 54281 54307 54423 54461 54701 54733 54740 54780 54802 54971
761.65 FR941206-1-00134 4 50556 51804 53145 53367
c FR941206-1-00134 2 50562 53105
labelling FR941206-1-00134 1 50565
work FR941206-1-00134 3 50567 51449 52449
areas FR941206-1-00134 2 50568 54537
ml FR941206-1-00134 1 50571
mark FR941206-1-00134 1 50572
maintenance FR941206-1-00134 1 50574
log FR941206-1-00134 1 50577
covering FR941206-1-00134 1 50578
shipped FR941206-1-00134 3 50582 50669 53608
eg FR941206-1-00134 4 50584 53111 54636 54828
date FR941206-1-00134 2 50586 51127
source FR941206-1-00134 1 50588
weight FR941206-1-00134 3 50591 53202 54150
osha FR941206-1-00134 6 50598 51394 51590 51633 51669 54277
recognized FR941206-1-00134 1 50601
practices FR941206-1-00134 4 50603 51553 51584 51621
within FR941206-1-00134 3 50608 50708 51121
year FR941206-1-00134 5 50610 50717 50963 52283 52440
completion FR941206-1-00134 2 50612 53563
activity FR941206-1-00134 9 50618 51140 51378 52409 53024 53083 53270 53848 54011
provision FR941206-1-00134 6 50622 50872 51330 51933 52221 52358
could FR941206-1-00134 6 50627 50637 53096 53555 54462 54530
terminate FR941206-1-00134 1 50628
if FR941206-1-00134 7 50634 50677 51288 51925 52726 53949 54972
determination FR941206-1-00134 2 50636 54026
made FR941206-1-00134 2 50639 51360
had FR941206-1-00134 4 50644 52982 53599 54324
been FR941206-1-00134 5 50645 51385 51918 52983 53600
violated FR941206-1-00134 1 50646
bona FR941206-1-00134 1 50649
fide FR941206-1-00134 1 50650
being FR941206-1-00134 8 50657 51237 52342 52518 53070 53163 53767 54013
conducted FR941206-1-00134 6 50658 51238 51386 51946 52343 54014
finally FR941206-1-00134 2 50663 51772
material FR941206-1-00134 3 50666 52788 53069
dot FR941206-1-00134 2 50673 52988
laws FR941206-1-00134 3 50681 53300 53819
foreign FR941206-1-00134 1 50684
nation FR941206-1-00134 1 50685
potential FR941206-1-00134 1 50688
quantity FR941206-1-00134 6 50689 52067 52309 53048 53228 53236
each FR941206-1-00134 5 50696 51015 51747 52411 54809
ie FR941206-1-00134 7 50704 50975 51650 52295 53988 54576 54592
0.5 FR941206-1-00134 1 50706
kilograms FR941206-1-00134 1 50707
30 FR941206-1-00134 4 50709 51262 53013 54669
days FR941206-1-00134 5 50710 51123 51134 51263 53014
roughly FR941206-1-00134 2 50713 54668
pounds FR941206-1-00134 1 50715
is FR941206-1-00134 34 50721 50742 50818 51064 51236 51252 51363 51425 51489 51533 51563 51586 51636 51749 52059 52074 52102 52210 52330 52625 52676 53645 53657 53766 53865 54012 54030 54069 54103 54488 54602 54902 54935 54991
particular FR941206-1-00134 1 50723
concern FR941206-1-00134 1 50724
agency FR941206-1-00134 4 50727 51842 52591 53985
recognizes FR941206-1-00134 2 50730 52444
policy FR941206-1-00134 5 50733 50794 53976 54643 54907
importance FR941206-1-00134 1 50734
; FR941206-1-00134 10 50738 52026 52032 52496 52503 52869 52873 52883 53442 53873
however FR941206-1-00134 4 50739 51280 52914 53546
there FR941206-1-00134 2 50741 51362
need FR941206-1-00134 3 50744 51990 54075
maintain FR941206-1-00134 1 50746
certain FR941206-1-00134 1 50748
level FR941206-1-00134 2 50749 54873
control FR941206-1-00134 2 50751 50772
over FR941206-1-00134 2 50752 54320
further FR941206-1-00134 5 50763 52207 54178 54284 54295
more FR941206-1-00134 6 50766 50951 51010 52080 52089 53089
countries FR941206-1-00134 1 50767
ratify FR941206-1-00134 1 50768
agreements FR941206-1-00134 1 50770
movement FR941206-1-00134 2 50774 50801
across FR941206-1-00134 2 50777 54819
their FR941206-1-00134 3 50778 53926 54980
borders FR941206-1-00134 1 50779
it FR941206-1-00134 6 50781 51424 52189 52559 53686 53972
inappropriate FR941206-1-00134 1 50784
united FR941206-1-00134 1 50787
states FR941206-1-00134 2 50788 54500
establish FR941206-1-00134 3 50790 51849 54848
rule FR941206-1-00134 3 50792 51131 53876
indiscriminate FR941206-1-00134 1 50799
transboundary FR941206-1-00134 1 50800
considered FR941206-1-00134 3 50807 53470 53579
proposal FR941206-1-00134 13 50811 51847 52741 53370 53631 54390 54450 54455 54634 54666 54694 54724 54990
761.80 FR941206-1-00134 17 50814 51072 51935 52147 52173 52182 52223 52237 52245 52321 52334 52360 52377 52621 54065 54106 54156
proposing FR941206-1-00134 7 50819 51065 51253 52211 52331 52595 54104
grant FR941206-1-00134 3 50821 51067 54174
class FR941206-1-00134 16 50823 51069 51102 51197 51217 51225 51851 52144 52170 52234 52260 52346 52610 54062 54126 54136
exemption FR941206-1-00134 18 50824 51070 51103 51109 51211 51340 51852 52145 52171 52235 52261 52347 52439 52611 54063 54120 54190 54211
all FR941206-1-00134 8 50826 50903 51774 53107 53157 53259 53272 53350
facilities FR941206-1-00134 7 50830 53276 53660 53778 54417 54836 54912
including FR941206-1-00134 5 50834 50945 51777 53743 54347
import FR941206-1-00134 3 50835 50946 51860
solely FR941206-1-00134 2 50838 50876
own FR941206-1-00134 3 50843 50881 51869
but FR941206-1-00134 5 50853 51536 52124 52841 54710
purposes FR941206-1-00134 7 50856 50868 51240 52106 52214 54094 54375
distributing FR941206-1-00134 1 50858
commerce FR941206-1-00134 12 50860 51083 51973 51996 52280 52318 53958 54007 54088 54243 54438 54770
rulemaking FR941206-1-00134 3 50871 52697 54179
use FR941206-1-00134 23 50874 50886 51417 51660 51865 52488 52539 52599 52651 52765 52808 52941 53208 53410 53466 53475 53561 53718 53745 53763 54290 54315 54441
`` FR941206-1-00134 16 50875 51407 51411 51443 51448 51480 51551 51582 51619 51894 52051 52065 52747 53471 53844 55000
mean FR941206-1-00134 1 50885
manufacturer FR941206-1-00134 1 50889
one FR941206-1-00134 5 50891 51476 51867 52078 54952
its FR941206-1-00134 6 50893 50990 51594 51602 51846 53975
wholly FR941206-1-00134 1 50894
owned FR941206-1-00134 1 50895
subsidiaries FR941206-1-00134 1 50896
conducting FR941206-1-00134 6 50897 51664 51875 52027 52575 52812
containing FR941206-1-00134 11 50907 51719 52454 52542 52567 52618 52973 53441 53456 53960 54246
regardless FR941206-1-00134 1 50910
concentration FR941206-1-00134 3 50912 50936 54029
resulting FR941206-1-00134 1 50914
conduct FR941206-1-00134 4 50917 52493 52498 53780
decontaminated FR941206-1-00134 2 50927 51731
disposed FR941206-1-00134 3 50929 51762 53587
original FR941206-1-00134 1 50934
limit FR941206-1-00134 5 50941 51797 52403 53360 54144
manufacturing FR941206-1-00134 3 50943 51112 51159
no FR941206-1-00134 10 50950 51009 51364 52088 52961 53088 53654 54214 54232 54539
than FR941206-1-00134 8 50952 51011 52090 52558 52779 52963 52978 53090
454 FR941206-1-00134 1 50953
grams FR941206-1-00134 6 50954 52286 52402 53092 53199 54147
pound FR941206-1-00134 4 50958 51013 51653 52289
since FR941206-1-00134 4 50965 54023 54909 54939
generally FR941206-1-00134 1 50968
extremely FR941206-1-00134 1 50971
small FR941206-1-00134 8 50972 51430 51975 52052 52200 52667 52748 54089
quantities FR941206-1-00134 11 50973 51431 51493 51976 52053 52201 52368 52668 52749 52946 54090
micrograms FR941206-1-00134 1 50977
during FR941206-1-00134 1 50979
believes FR941206-1-00134 5 50986 51644 54230 54287 54898
based FR941206-1-00134 2 50988 54212
experience FR941206-1-00134 1 50991
issuing FR941206-1-00134 1 50993
approvals FR941206-1-00134 1 50997
an FR941206-1-00134 13 51000 51108 51289 51339 51502 51677 52800 53075 54024 54210 54515 54569 54937
annual FR941206-1-00134 1 51001
limitation FR941206-1-00134 4 51002 51701 52267 53206
adequate FR941206-1-00134 1 51022
individuals FR941206-1-00134 3 51024 52385 53595
wishing FR941206-1-00134 2 51025 54140
exceed FR941206-1-00134 6 51027 52265 52399 52785 53196 54142
submit FR941206-1-00134 2 51034 52387
petition FR941206-1-00134 5 51036 51106 51148 52297 53944
section FR941206-1-00134 8 51040 51342 51532 52244 52936 53028 54197 54426
6 FR941206-1-00134 4 51041 51343 54198 54427
3 FR941206-1-00134 3 51046 51348 54203
interim FR941206-1-00134 2 51053 51156
procedural FR941206-1-00134 1 51054
rules FR941206-1-00134 2 51055 54349
750. FR941206-1-00134 1 51060
likewise FR941206-1-00134 1 51061
allows FR941206-1-00134 1 51077
processing FR941206-1-00134 5 51079 51969 54003 54239 54434
distribution FR941206-1-00134 7 51081 51596 51910 51971 54005 54241 54436
purpose FR941206-1-00134 2 51088 51873
exporting FR941206-1-00134 1 51090
prohibitions FR941206-1-00134 2 51113 54008
have FR941206-1-00134 12 51115 51384 53032 53131 53183 53220 53278 53791 53835 53921 54161 54257
60 FR941206-1-00134 2 51122 51133
final FR941206-1-00134 3 51130 53393 53881
prior FR941206-1-00134 4 51135 51264 52404 53015
engaging FR941206-1-00134 2 51137 52406
renewals FR941206-1-00134 1 51142
modifications FR941206-1-00134 1 51145
exemptions FR941206-1-00134 2 51160 51904
750.11 FR941206-1-00134 1 51162
finalized FR941206-1-00134 1 51171
federal FR941206-1-00134 10 51174 53294 53813 54080 54333 54394 54422 54541 54732 54918
register FR941206-1-00134 1 51175
59 FR941206-1-00134 1 51179
fr FR941206-1-00134 2 51180 52045
16991 FR941206-1-00134 1 51181
order FR941206-1-00134 1 51185
reduce FR941206-1-00134 1 51187
paperwork FR941206-1-00134 1 51189
burden FR941206-1-00134 2 51190 54791
renewal FR941206-1-00134 6 51193 51208 51220 52230 54117 54131
process FR941206-1-00134 6 51194 51992 52797 53061 53954 54084
deem FR941206-1-00134 1 51201
properly FR941206-1-00134 2 51203 54112
filed FR941206-1-00134 2 51204 54113
request FR941206-1-00134 6 51205 51221 52390 52412 54114 54132
any FR941206-1-00134 13 51213 51782 52066 52253 52421 53020 53327 53730 53737 54122 54182 54332 54696
member FR941206-1-00134 2 51214 54123
entire FR941206-1-00134 2 51224 54135
addition FR941206-1-00134 2 51228 53348
ensure FR941206-1-00134 1 51231
notified FR941206-1-00134 2 51259 53010
writing FR941206-1-00134 5 51261 52427 53012 53188 53249
commencement FR941206-1-00134 2 51267 53018
individual FR941206-1-00134 2 51290 54138
obtained FR941206-1-00134 1 51292
contains FR941206-1-00134 1 51328
regarding FR941206-1-00134 2 51331 53632
granting FR941206-1-00134 2 51338 54209
under FR941206-1-00134 23 51341 51400 51497 52242 52344 52526 52654 52702 52826 53026 53340 53491 53500 53520 53716 53759 54310 54425 54453 54482 54510 54567 54979
demonstration FR941206-1-00134 1 51357
must FR941206-1-00134 6 51358 51509 52291 52386 52413 54225
unreasonable FR941206-1-00134 3 51365 54215 54233
risk FR941206-1-00134 3 51366 54216 54234
injury FR941206-1-00134 1 51368
health FR941206-1-00134 7 51370 52499 52582 52633 52818 52886 53707
environment FR941206-1-00134 1 51373
associated FR941206-1-00134 2 51374 54629
exempted FR941206-1-00134 1 51377
good FR941206-1-00134 4 51381 51817 54218 54357
faith FR941206-1-00134 4 51382 51818 54219 54358
efforts FR941206-1-00134 7 51383 51819 52516 54220 54297 54359 54748
find FR941206-1-00134 1 51388
substitute FR941206-1-00134 2 51390 54223
regulates FR941206-1-00134 1 51395
workplace FR941206-1-00134 4 51396 51427 51670 54279
safety FR941206-1-00134 4 51397 51626 51671 54280
laboratories FR941206-1-00134 8 51399 51526 51559 52447 53980 53986 54082 54255
29 FR941206-1-00134 2 51401 51498
1910.1450. FR941206-1-00134 1 51403
these FR941206-1-00134 7 51404 51920 51940 52153 54374 54811 54855
define FR941206-1-00134 1 51406
where FR941206-1-00134 5 51414 51428 54465 54538 54808
'laboratory FR941206-1-00134 1 51416
hazardous FR941206-1-00134 7 51419 51433 51556 54262 54519 54583 54982
chemicals FR941206-1-00134 5 51420 51434 51557 51826 54366
' FR941206-1-00134 1 51421
occurs FR941206-1-00134 1 51422
relatively FR941206-1-00134 1 51429
nonn FR941206-1-00134 1 51439
basis FR941206-1-00134 2 51440 54032
means FR941206-1-00134 1 51447
substances FR941206-1-00134 4 51451 51466 53675 54224
containers FR941206-1-00134 5 51455 51715 52083 52960 52976
reactions FR941206-1-00134 1 51458
transfers FR941206-1-00134 1 51460
handling FR941206-1-00134 5 51464 51555 53596 53892 54261
designed FR941206-1-00134 1 51468
easily FR941206-1-00134 1 51471
safely FR941206-1-00134 1 51473
manipulated FR941206-1-00134 1 51474
person FR941206-1-00134 2 51477 52254
excludes FR941206-1-00134 1 51484
workplaces FR941206-1-00134 1 51486
whose FR941206-1-00134 1 51487
function FR941206-1-00134 1 51488
provide FR941206-1-00134 2 51491 53222
commercial FR941206-1-00134 1 51492
1910.1450 FR941206-1-00134 1 51500
employer FR941206-1-00134 1 51503
among FR941206-1-00134 2 51505 54738
develop FR941206-1-00134 2 51510 54222
carry FR941206-1-00134 1 51512
out FR941206-1-00134 1 51513
provisions FR941206-1-00134 3 51515 53522 53592
written FR941206-1-00134 2 51518 52389
chemical FR941206-1-00134 12 51519 51628 51640 51962 52114 52460 52494 52850 52857 53699 53702 54169
hygiene FR941206-1-00134 1 51520
plan FR941206-1-00134 1 51521
employees FR941206-1-00134 1 51523
working FR941206-1-00134 1 51524
appendix FR941206-1-00134 2 51528 51546
nony FR941206-1-00134 1 51534
provides FR941206-1-00134 1 51537
guidance FR941206-1-00134 2 51538 51544
assist FR941206-1-00134 1 51540
employers FR941206-1-00134 1 51541
extracted FR941206-1-00134 1 51549
prudent FR941206-1-00134 3 51552 51583 51620
national FR941206-1-00134 5 51567 51615 53991 54640 54872
academy FR941206-1-00134 1 51568
press FR941206-1-00134 1 51569
2101 FR941206-1-00134 1 51571
constitution FR941206-1-00134 1 51572
avenue FR941206-1-00134 1 51573
nw. FR941206-1-00134 1 51575
washington FR941206-1-00134 1 51577
dc FR941206-1-00134 1 51579
20418 FR941206-1-00134 1 51580
cited FR941206-1-00134 3 51587 54782 54805
because FR941206-1-00134 5 51592 51600 51824 54248 54364
wide FR941206-1-00134 1 51595
acceptance FR941206-1-00134 1 51598
preparation FR941206-1-00134 1 51603
members FR941206-1-00134 1 51605
community FR941206-1-00134 4 51609 54052 54760 54795
sponsorship FR941206-1-00134 1 51612
council FR941206-1-00134 1 51617
deals FR941206-1-00134 1 51623
both FR941206-1-00134 2 51625 54917
hazards FR941206-1-00134 2 51629 51641
while FR941206-1-00134 1 51631
concerned FR941206-1-00134 1 51637
primarily FR941206-1-00134 1 51638
limited FR941206-1-00134 6 51647 51856 52844 52945 53428 54527
less FR941206-1-00134 1 51655
result FR941206-1-00134 5 51675 52536 53448 54236 54753
release FR941206-1-00134 1 51679
risks FR941206-1-00134 1 51683
exposure FR941206-1-00134 1 51685
due FR941206-1-00134 1 51688
highly FR941206-1-00134 2 51691 53673
trained FR941206-1-00134 1 51692
nature FR941206-1-00134 1 51693
workers FR941206-1-00134 1 51696
scientists FR941206-1-00134 1 51698
volume FR941206-1-00134 3 51704 51756 52086
production FR941206-1-00134 1 51706
marking FR941206-1-00134 1 51711
labelled FR941206-1-00134 1 51717
instrumentation FR941206-1-00134 1 51722
contaminated FR941206-1-00134 5 51723 51787 52490 52776 53122
accordance FR941206-1-00134 1 51733
761.79 FR941206-1-00134 1 51738
triple FR941206-1-00134 1 51742
rinse FR941206-1-00134 2 51743 51748
10 FR941206-1-00134 1 51750
percent FR941206-1-00134 2 51751 54679
greater FR941206-1-00134 2 51753 53318
container FR941206-1-00134 1 51759
761.60. FR941206-1-00134 2 51771 53594
wastes FR941206-1-00134 7 51775 53109 53162 53352 53377 53480 53580
diluted FR941206-1-00134 1 51778
residues FR941206-1-00134 1 51784
subject FR941206-1-00134 5 51792 53355 53616 54330 54915
1year FR941206-1-00134 2 51795 53358
time FR941206-1-00134 3 51796 52434 53359
manifesting FR941206-1-00134 3 51809 53398 53621
761.207 FR941206-1-00134 2 51812 53307
et FR941206-1-00134 1 51813
seq FR941206-1-00134 1 51814
does FR941206-1-00134 2 51821 54361
apply FR941206-1-00134 4 51823 53321 53402 54363
substituted FR941206-1-00134 2 51830 54370
toxicological FR941206-1-00134 3 51832 52002 52030
analytical FR941206-1-00134 3 51836 51898 52007
testing FR941206-1-00134 6 51837 52005 52008 52629 52862 53996
solicits FR941206-1-00134 1 51843
authorizes FR941206-1-00134 1 51854
j. FR941206-1-00134 1 51879
number FR941206-1-00134 1 51888
inquiries FR941206-1-00134 1 51890
exercises FR941206-1-00134 2 51899 51921
intery FR941206-1-00134 1 51901
ban FR941206-1-00134 1 51907
response FR941206-1-00134 2 51916 54655
exempt FR941206-1-00134 1 51924
they FR941206-1-00134 3 51926 53930 53950
meet FR941206-1-00134 1 51927
kinds FR941206-1-00134 1 51941
normally FR941206-1-00134 1 51945
quality FR941206-1-00134 3 51948 52506 52545
assurance FR941206-1-00134 3 51949 52507 52546
measures FR941206-1-00134 1 51950
verify FR941206-1-00134 1 51954
performance FR941206-1-00134 2 51958 52989
given FR941206-1-00134 1 51961
methodology FR941206-1-00134 1 51964
authorizing FR941206-1-00134 1 51967
1984 FR941206-1-00134 1 51984
addressing FR941206-1-00134 1 51988
distribute FR941206-1-00134 3 51994 53956 54086
analyzing FR941206-1-00134 1 52011
monitoring FR941206-1-00134 1 52013
air FR941206-1-00134 1 52017
soil FR941206-1-00134 1 52019
surface FR941206-1-00134 1 52021
waters FR941206-1-00134 1 52022
sediments FR941206-1-00134 1 52025
bioassays FR941206-1-00134 1 52028
producing FR941206-1-00134 1 52034
reference FR941206-1-00134 1 52035
49 FR941206-1-00134 2 52044 52992
28162 FR941206-1-00134 1 52046
currently FR941206-1-00134 3 52060 52192 54914
defined FR941206-1-00134 2 52061 52678
761.3 FR941206-1-00134 2 52063 52195
originally FR941206-1-00134 2 52075 52955
packaged FR941206-1-00134 3 52076 52956 52984
hermetically FR941206-1-00134 3 52081 52475 52958
sealed FR941206-1-00134 3 52082 52476 52959
five FR941206-1-00134 1 52091
5 FR941206-1-00134 4 52093 52473 52964 52979
milliliters FR941206-1-00134 3 52095 52965 52980
only FR941206-1-00134 4 52104 52351 52431 52693
experimentation FR941206-1-00134 2 52109 52848
product FR941206-1-00134 2 52136 52933
intends FR941206-1-00134 1 52140
retain FR941206-1-00134 1 52142
continued FR941206-1-00134 3 52157 52350 52940
without FR941206-1-00134 2 52158 54177
disruption FR941206-1-00134 1 52159
scope FR941206-1-00134 1 52167
modify FR941206-1-00134 4 52181 52219 52333 52757
criteria FR941206-1-00134 1 52191
found FR941206-1-00134 2 52193 54350
definition FR941206-1-00134 3 52198 52691 52745
consistency FR941206-1-00134 2 52216 54641
o FR941206-1-00134 2 52225 52336
addresses FR941206-1-00134 1 52228
company FR941206-1-00134 1 52256
covered FR941206-1-00134 1 52257
who FR941206-1-00134 4 52262 54172 54186 54323
expects FR941206-1-00134 1 52263
processed FR941206-1-00134 3 52276 52314 52373
distributed FR941206-1-00134 3 52278 52316 52375
100 FR941206-1-00134 5 52285 52401 53091 53198 54146
0.22 FR941206-1-00134 1 52288
report FR941206-1-00134 1 52292
sites FR941206-1-00134 3 52303 52647 53039
clarify FR941206-1-00134 1 52339
conform FR941206-1-00134 1 52355
increase FR941206-1-00134 3 52366 52419 52422
director FR941206-1-00134 2 52393 54167
cmd FR941206-1-00134 1 52395
justification FR941206-1-00134 2 52416 53224
granted FR941206-1-00134 1 52423
will FR941206-1-00134 4 52424 52429 52469 53897
extend FR941206-1-00134 1 52430
remaining FR941206-1-00134 1 52435
specific FR941206-1-00134 2 52438 52901
also FR941206-1-00134 5 52443 53628 53932 53952 54072
some FR941206-1-00134 3 52446 52529 54503
amounts FR941206-1-00134 1 52451
needed FR941206-1-00134 3 52458 53229 53242
quantitation FR941206-1-00134 1 52465
levels FR941206-1-00134 2 52466 52643
fit FR941206-1-00134 1 52471
milliliter FR941206-1-00134 1 52474
vials FR941206-1-00134 1 52477
example FR941206-1-00134 2 52480 54513
many FR941206-1-00134 3 52482 54036 54651
nonc FR941206-1-00134 1 52483
scenarios FR941206-1-00134 2 52485 54807
analyses FR941206-1-00134 1 52495
evaluating FR941206-1-00134 1 52510
increasing FR941206-1-00134 1 52515
devoted FR941206-1-00134 1 52519
remediating FR941206-1-00134 1 52521
contamination FR941206-1-00134 1 52523
statute FR941206-1-00134 1 52532
plays FR941206-1-00134 1 52549
much FR941206-1-00134 1 52551
larger FR941206-1-00134 3 52552 52962 52977
role FR941206-1-00134 1 52553
universe FR941206-1-00134 1 52557
did FR941206-1-00134 2 52560 52783
initially FR941206-1-00134 1 52561
today FR941206-1-00134 1 52563
determine FR941206-1-00134 3 52579 52815 52864
toxicity FR941206-1-00134 9 52580 52631 52816 52893 52896 52899 52903 52908 53705
intent FR941206-1-00134 1 52593
broaden FR941206-1-00134 1 52597
authorization FR941206-1-00134 4 52600 52652 53467 53719
761.30 FR941206-1-00134 7 52602 52657 52758 52828 53342 53492 53680
j FR941206-1-00134 9 52604 52659 52760 52830 53344 53494 53503 53682 53775
add FR941206-1-00134 1 52608
processors FR941206-1-00134 1 52613
distributors FR941206-1-00134 1 52615
promote FR941206-1-00134 1 52627
setting FR941206-1-00134 1 52640
riskbased FR941206-1-00134 1 52641
cleanup FR941206-1-00134 1 52642
term FR941206-1-00134 1 52675
narrowly FR941206-1-00134 1 52677
761.3. FR941206-1-00134 1 52680
uses FR941206-1-00134 1 52682
compatible FR941206-1-00134 1 52684
limitations FR941206-1-00134 2 52687 52789
established FR941206-1-00134 2 52688 54258
authorized FR941206-1-00134 2 52695 53025
conjunction FR941206-1-00134 1 52734
delete FR941206-1-00134 1 52743
organic FR941206-1-00134 2 52773 52780
proposed FR941206-1-00134 8 52787 52827 53341 53464 53524 53677 53772 54154
timeconsuming FR941206-1-00134 1 52796
obtaining FR941206-1-00134 2 52799 54553
awaiting FR941206-1-00134 1 52803
changes FR941206-1-00134 2 52805 53678
permissible FR941206-1-00134 2 52833 52916
: FR941206-1-00134 4 52865 53002 53910 53913
biochemical FR941206-1-00134 1 52866
transport FR941206-1-00134 2 52867 52871
aquatic FR941206-1-00134 1 52879
terrestrial FR941206-1-00134 1 52881
environments FR941206-1-00134 1 52882
general FR941206-1-00134 1 52892
subchronic FR941206-1-00134 1 52895
chronic FR941206-1-00134 1 52898
organ/tissue FR941206-1-00134 1 52902
neurotoxicity FR941206-1-00134 1 52905
genetic FR941206-1-00134 1 52907
metabolic FR941206-1-00134 1 52911
products FR941206-1-00134 1 52912
provided FR941206-1-00134 1 52951
parts FR941206-1-00134 1 52994
171180 FR941206-1-00134 1 52995
following FR941206-1-00134 1 52998
met FR941206-1-00134 1 53001
notifications FR941206-1-00134 1 53030
identifies FR941206-1-00134 1 53037
type FR941206-1-00134 1 53056
kind FR941206-1-00134 3 53067 53731 53738
treated FR941206-1-00134 1 53071
includes FR941206-1-00134 1 53074
estimate FR941206-1-00134 1 53076
duration FR941206-1-00134 1 53079
pure FR941206-1-00134 3 53094 53204 54152
spent FR941206-1-00134 2 53113 53548
residuals FR941206-1-00134 1 53117
unused FR941206-1-00134 2 53119 53489
media/instrumentation FR941206-1-00134 1 53123
clothing FR941206-1-00134 1 53125
etc FR941206-1-00134 1 53127
stored FR941206-1-00134 1 53134
unit FR941206-1-00134 3 53137 53532 54267
complies FR941206-1-00134 1 53139
manifests FR941206-1-00134 2 53153 53482
transported FR941206-1-00134 1 53164
and/or FR941206-1-00134 4 53174 54395 54415 54645
requests FR941206-1-00134 2 53181 53218
total FR941206-1-00134 2 53201 54149
nonl FR941206-1-00134 1 53210
additional FR941206-1-00134 2 53227 54499
well FR941206-1-00134 1 53232
specify FR941206-1-00134 1 53234
signed FR941206-1-00134 1 53251
comply FR941206-1-00134 4 53280 53793 53824 54301
subpart FR941206-1-00134 4 53289 53624 53799 53808
state FR941206-1-00134 14 53296 53815 54335 54378 54517 54543 54571 54597 54613 54664 54820 54920 54974 54988
local FR941206-1-00134 3 53299 53818 54338
manifest FR941206-1-00134 1 53309
waste FR941206-1-00134 9 53311 53329 53597 53734 53891 54520 54572 54584 54983
concentrations FR941206-1-00134 1 53313
50 FR941206-1-00134 3 53315 53443 54678
ppm FR941206-1-00134 2 53316 53444
taken FR941206-1-00134 1 53325
sent FR941206-1-00134 2 53331 53423
offsite FR941206-1-00134 1 53332
create FR941206-1-00134 2 53372 54750
distinction FR941206-1-00134 1 53374
between FR941206-1-00134 3 53375 54731 54775
generator FR941206-1-00134 1 53380
decides FR941206-1-00134 1 53381
place FR941206-1-00134 1 53383
send FR941206-1-00134 1 53387
still FR941206-1-00134 1 53401
remain FR941206-1-00134 1 53408
quantitative FR941206-1-00134 1 53412
constituents FR941206-1-00134 1 53415
treatability FR941206-1-00134 3 53425 53724 53781
spill FR941206-1-00134 1 53451
meeting FR941206-1-00134 1 53459
revised FR941206-1-00134 2 53465 53863
return FR941206-1-00134 1 53488
untreated FR941206-1-00134 1 53498
generation FR941206-1-00134 2 53510 53575
superfund FR941206-1-00134 1 53515
761.77 FR941206-1-00134 1 53525
coordinated FR941206-1-00134 2 53527 53542
see FR941206-1-00134 2 53531 54266
iiik FR941206-1-00134 1 53533
preamble FR941206-1-00134 3 53536 53872 54271
discussion FR941206-1-00134 2 53539 54274
back FR941206-1-00134 1 53559
after FR941206-1-00134 1 53562
study FR941206-1-00134 1 53566
returned FR941206-1-00134 1 53570
then FR941206-1-00134 1 53577
subsequently FR941206-1-00134 1 53601
again FR941206-1-00134 1 53614
k FR941206-1-00134 2 53625 53800
questioned FR941206-1-00134 2 53641 54843
why FR941206-1-00134 1 53642
impediment FR941206-1-00134 1 53656
imposed FR941206-1-00134 2 53658 54194
engaged FR941206-1-00134 1 53663
involving FR941206-1-00134 1 53666
neurotoxins FR941206-1-00134 1 53667
bioactive FR941206-1-00134 1 53669
micros FR941206-1-00134 1 53670
radioactive FR941206-1-00134 1 53674
make FR941206-1-00134 1 53685
clear FR941206-1-00134 1 53687
interpreted FR941206-1-00134 1 53691
physical FR941206-1-00134 1 53696
properties FR941206-1-00134 2 53697 53700
falls FR941206-1-00134 2 53715 53758
paragraph FR941206-1-00134 1 53722
technology FR941206-1-00134 1 53741
microorganisms FR941206-1-00134 1 53747
degrade FR941206-1-00134 1 53749
chemically FR941206-1-00134 1 53754
alter FR941206-1-00134 1 53755
addressed FR941206-1-00134 2 53768 54227
new FR941206-1-00134 1 53771
761.205 FR941206-1-00134 1 53830
notify FR941206-1-00134 2 53837 53887
form FR941206-1-00134 5 53841 53864 53896 53941 54504
771053 FR941206-1-00134 1 53842
reader FR941206-1-00134 1 53854
convenience FR941206-1-00134 1 53856
copy FR941206-1-00134 1 53859
draft FR941206-1-00134 1 53862
inserted FR941206-1-00134 1 53866
becomes FR941206-1-00134 1 53877
version FR941206-1-00134 1 53882
appear FR941206-1-00134 1 53899
codified FR941206-1-00134 1 53902
text FR941206-1-00134 1 53903
billing FR941206-1-00134 2 53906 53915
code FR941206-1-00134 2 53907 53916
656050f FR941206-1-00134 1 53908
graphicsep06de94.011 FR941206-1-00134 1 53911
graphicsep06de94.012 FR941206-1-00134 1 53914
656050c FR941206-1-00134 1 53917
although FR941206-1-00134 1 53918
processors/distributors FR941206-1-00134 2 53919 54139
option FR941206-1-00134 1 53923
expanding FR941206-1-00134 1 53925
processing/distributing FR941206-1-00134 1 53927
incur FR941206-1-00134 1 53933
responsibility FR941206-1-00134 2 53935 54889
providing FR941206-1-00134 1 53937
chose FR941206-1-00134 1 53951
anprm FR941206-1-00134 3 53965 54383 54658
solicited FR941206-1-00134 3 53968 54386 54622
codify FR941206-1-00134 1 53974
exempts FR941206-1-00134 1 53978
government FR941206-1-00134 2 53984 54081
institute FR941206-1-00134 1 53992
nist FR941206-1-00134 1 53998
effectively FR941206-1-00134 1 54016
implement FR941206-1-00134 3 54017 54299 54502
enforce FR941206-1-00134 3 54019 54305 54944
accurate FR941206-1-00134 1 54025
crucial FR941206-1-00134 1 54045
regulated FR941206-1-00134 3 54051 54759 54794
enforcement FR941206-1-00134 3 54055 54097 54624
therefore FR941206-1-00134 1 54059
intended FR941206-1-00134 2 54070 54993
supporting FR941206-1-00134 1 54096
p FR941206-1-00134 1 54108
deemed FR941206-1-00134 1 54129
management FR941206-1-00134 3 54170 54573 54984
division FR941206-1-00134 1 54171
processor FR941206-1-00134 1 54183
distributor FR941206-1-00134 1 54185
qualifies FR941206-1-00134 1 54187
iiii FR941206-1-00134 1 54268
once FR941206-1-00134 1 54313
persons FR941206-1-00134 1 54322
law FR941206-1-00134 1 54339
governing FR941206-1-00134 2 54340 54922
761. FR941206-1-00134 1 54355
k. FR941206-1-00134 1 54377
enhancement FR941206-1-00134 3 54379 54665 54989
recognize FR941206-1-00134 2 54392 54471
stateissued FR941206-1-00134 1 54396
permits FR941206-1-00134 1 54401
view FR941206-1-00134 1 54404
toward FR941206-1-00134 1 54405
limiting FR941206-1-00134 1 54406
concurrent FR941206-1-00134 1 54407
federal/state FR941206-1-00134 1 54408
multifederal FR941206-1-00134 1 54410
permitting FR941206-1-00134 3 54411 54460 54700
implementation FR941206-1-00134 2 54420 54864
promulgated FR941206-1-00134 1 54424
regulating FR941206-1-00134 1 54430
affected FR941206-1-00134 1 54447
dual FR941206-1-00134 1 54457
multiple FR941206-1-00134 1 54459
eliminated FR941206-1-00134 1 54464
program FR941206-1-00134 13 54469 54509 54521 54574 54590 54600 54608 54853 54869 54883 54959 54963 54985
implemented FR941206-1-00134 2 54479 54566
monitored FR941206-1-00134 1 54481
another FR941206-1-00134 2 54483 54933
authority FR941206-1-00134 4 54484 54846 54934 54942
goal FR941206-1-00134 1 54487
encourage FR941206-1-00134 1 54490
recognition FR941206-1-00134 2 54491 54928
authorities FR941206-1-00134 1 54495
participation FR941206-1-00134 1 54497
expanded FR941206-1-00134 3 54516 54570 54981
rcra FR941206-1-00134 3 54518 54779 54962
way FR941206-1-00134 1 54525
resources FR941206-1-00134 1 54529
diverted FR941206-1-00134 1 54532
issues FR941206-1-00134 2 54535 54638
presence FR941206-1-00134 1 54545
now FR941206-1-00134 1 54546
exists FR941206-1-00134 1 54547
interested FR941206-1-00134 1 54551
perceived FR941206-1-00134 1 54557
impacts FR941206-1-00134 1 54558
recognizing FR941206-1-00134 1 54560
programs FR941206-1-00134 2 54563 54714
either FR941206-1-00134 1 54568
listing FR941206-1-00134 1 54579
lookalike FR941206-1-00134 2 54589 54713
establishing FR941206-1-00134 1 54595
analogous FR941206-1-00134 1 54603
legislation FR941206-1-00134 1 54614
implementing FR941206-1-00134 2 54616 54631
factors FR941206-1-00134 1 54628
advantages FR941206-1-00134 1 54644
disadvantages FR941206-1-00134 2 54646 54812
etc. FR941206-1-00134 1 54648
reflect FR941206-1-00134 1 54659
misunderstanding FR941206-1-00134 1 54661
issue FR941206-1-00134 1 54675
nearly FR941206-1-00134 1 54677
commenters FR941206-1-00134 3 54682 54842 54856
favor FR941206-1-00134 2 54684 54691
concept FR941206-1-00134 1 54687
supported FR941206-1-00134 1 54695
reduction FR941206-1-00134 1 54697
duplicative FR941206-1-00134 1 54699
lower FR941206-1-00134 1 54704
cost FR941206-1-00134 1 54706
viewed FR941206-1-00134 1 54711
preferred FR941206-1-00134 1 54717
approach FR941206-1-00134 1 54718
opposed FR941206-1-00134 1 54721
voiced FR941206-1-00134 1 54725
strongly FR941206-1-00134 1 54726
held FR941206-1-00134 1 54727
views FR941206-1-00134 1 54728
differences FR941206-1-00134 2 54730 54774
coupled FR941206-1-00134 1 54735
inconsistency FR941206-1-00134 1 54737
stateimposed FR941206-1-00134 1 54739
severely FR941206-1-00134 1 54743
hamper FR941206-1-00134 1 54744
complicate FR941206-1-00134 1 54746
confusion FR941206-1-00134 1 54751
increased FR941206-1-00134 1 54755
costs FR941206-1-00134 1 54756
possibly FR941206-1-00134 1 54763
serve FR941206-1-00134 2 54764 54995
barrier FR941206-1-00134 1 54767
interstate FR941206-1-00134 2 54769 54825
having FR941206-1-00134 1 54784
opposite FR941206-1-00134 1 54786
effect FR941206-1-00134 1 54787
alleviating FR941206-1-00134 1 54789
complying FR941206-1-00134 1 54797
examples FR941206-1-00134 1 54804
evident FR941206-1-00134 1 54815
utilities FR941206-1-00134 1 54817
operating FR941206-1-00134 1 54818
lines FR941206-1-00134 1 54821
entities FR941206-1-00134 1 54823
natural FR941206-1-00134 1 54830
transmission FR941206-1-00134 1 54832
companies FR941206-1-00134 1 54833
multistate FR941206-1-00134 1 54838
locations FR941206-1-00134 1 54839
several FR941206-1-00134 1 54841
statedelegated FR941206-1-00134 1 54850
believe FR941206-1-00134 1 54857
legislative FR941206-1-00134 1 54861
history FR941206-1-00134 1 54862
mandated FR941206-1-00134 1 54863
anything FR941206-1-00134 1 54877
short FR941206-1-00134 1 54878
nationally FR941206-1-00134 1 54881
orchestrated FR941206-1-00134 1 54882
abdicating FR941206-1-00134 1 54886
disagrees FR941206-1-00134 1 54892
legal FR941206-1-00134 1 54895
interpretation FR941206-1-00134 1 54896
argument FR941206-1-00134 1 54901
compelling FR941206-1-00134 1 54904
matter FR941206-1-00134 1 54908
furthermore FR941206-1-00134 1 54926
actions FR941206-1-00134 1 54931
abdication FR941206-1-00134 1 54938
retains FR941206-1-00134 1 54941
advocated FR941206-1-00134 1 54954
transferring FR941206-1-00134 1 54955
totally FR941206-1-00134 1 54966
suspending FR941206-1-00134 1 54967
chooses FR941206-1-00134 1 54975
regulate FR941206-1-00134 1 54977
mechanism FR941206-1-00134 1 54998
delegating FR941206-1-00134 1 55001
