and FR940104-0-00034 71 25277 25309 25343 25472 25481 25518 25532 25557 25603 25614 25752 25837 25920 25939 26036 26071 26076 26255 26326 26502 26517 26577 26614 26624 26671 26740 26794 26836 27091 27103 27346 27648 27687 27702 27881 27940 28249 28273 28312 28342 28401 28463 28478 28588 28640 28660 28816 28858 28905 28984 29091 29228 29308 29431 29496 29570 29615 29665 29676 29700 29790 29865 30150 30259 30310 30326 30338 30474 30577 30613 30658
extremely FR940104-0-00034 1 25278
costly FR940104-0-00034 1 25279
. FR940104-0-00034 157 25280 25324 25366 25384 25409 25436 25457 25503 25535 25566 25591 25624 25647 25666 25687 25735 25773 25803 25844 25890 25922 25957 25994 26026 26082 26122 26144 26155 26204 26249 26276 26305 26320 26359 26377 26409 26484 26496 26529 26601 26630 26659 26684 26748 26791 26813 26862 26911 26973 27021 27036 27125 27132 27149 27178 27200 27238 27252 27273 27294 27370 27409 27446 27472 27512 27572 27599 27632 27655 27676 27708 27731 27763 27794 27823 27860 27884 27907 27942 27999 28039 28067 28086 28104 28143 28229 28283 28320 28353 28384 28411 28513 28555 28591 28605 28643 28672 28694 28737 28743 28764 28792 28842 28863 28889 28915 28955 28994 29000 29043 29074 29110 29130 29151 29179 29201 29259 29284 29326 29341 29360 29407 29433 29507 29525 29549 29591 29637 29680 29710 29726 29779 29795 29824 29900 29937 30000 30046 30079 30152 30165 30176 30355 30388 30443 30483 30538 30586 30626 30683 30716 30746 30782 30809 30876 30915 30921
the FR940104-0-00034 395 25281 25285 25303 25325 25346 25391 25403 25412 25437 25449 25458 25490 25529 25546 25561 25582 25587 25599 25611 25625 25648 25667 25676 25693 25712 25718 25733 25736 25755 25786 25794 25801 25808 25831 25834 25854 25878 25885 25916 25923 25927 25936 25941 25953 25961 25965 25980 25995 25998 26002 26011 26015 26022 26027 26042 26054 26079 26084 26088 26095 26098 26109 26115 26137 26142 26147 26153 26162 26167 26197 26200 26218 26244 26262 26279 26303 26314 26321 26407 26410 26423 26443 26450 26492 26500 26515 26531 26540 26551 26554 26557 26560 26563 26566 26571 26578 26583 26588 26608 26641 26645 26648 26702 26706 26711 26737 26769 26785 26802 26818 26848 26868 26874 26883 26894 26904 26923 26936 26961 26966 26992 27029 27039 27049 27059 27062 27068 27111 27116 27150 27174 27184 27188 27197 27206 27236 27246 27261 27277 27292 27316 27325 27328 27339 27361 27364 27367 27375 27422 27454 27457 27473 27477 27500 27509 27519 27523 27526 27568 27580 27594 27623 27629 27656 27677 27682 27693 27711 27744 27757 27760 27798 27803 27807 27830 27854 27873 27882 27889 27919 27922 27979 27984 28007 28024 28027 28032 28035 28040 28048 28099 28106 28112 28125 28135 28145 28161 28176 28199 28203 28214 28225 28238 28277 28280 28285 28297 28328 28382 28414 28425 28429 28486 28510 28542 28560 28595 28607 28698 28702 28720 28738 28751 28784 28790 28793 28796 28843 28864 28869 28874 28879 28890 28900 28930 28948 28951 28956 28967 28980 28985 28988 28995 29008 29036 29044 29050 29062 29069 29072 29075 29085 29088 29097 29101 29104 29108 29154 29159 29173 29181 29186 29191 29222 29237 29256 29282 29303 29309 29344 29357 29361 29387 29392 29411 29421 29428 29436 29441 29456 29486 29490 29502 29514 29530 29541 29556 29562 29568 29578 29601 29628 29644 29681 29694 29702 29705 29718 29745 29748 29752 29755 29760 29767 29782 29798 29809 29813 29820 29830 29869 29902 29909 29918 29938 29968 29971 29988 30027 30041 30044 30049 30054 30077 30083 30103 30107 30128 30142 30163 30168 30205 30210 30220 30230 30283 30291 30315 30321 30331 30335 30341 30348 30357 30361 30365 30372 30375 30378 30386 30398 30410 30420 30437 30440 30445 30449 30453 30462 30465 30468 30481 30493 30505 30515 30532 30535 30558 30561 30578 30609 30619 30629 30662 30667 30671 30710 30731 30737 30747 30752 30757 30763 30776 30795 30802 30816 30820 30830 30836 30847 30859 30873 30899 30937
comments FR940104-0-00034 45 25282 25326 25368 25389 25413 25438 25459 25537 25690 25775 25805 25832 25846 25894 25924 26227 26493 26691 27415 27448 27474 27520 27577 27601 27634 27657 27678 27712 27735 27765 27799 27825 27862 27886 27911 27945 28303 28797 28870 29102 29528 29553 29596 29641 30156
maintained FR940104-0-00034 6 25283 25669 25738 27658 27766 27887
that FR940104-0-00034 170 25284 25328 25345 25396 25415 25441 25461 25508 25559 25570 25595 25628 25654 25670 25692 25739 25754 25777 25807 25848 25901 25915 25929 25940 25960 25964 25983 26097 26118 26196 26213 26234 26260 26281 26316 26318 26323 26347 26368 26386 26422 26449 26521 26603 26637 26643 26693 26736 26775 26856 26903 26907 26939 26982 27006 27051 27067 27153 27159 27165 27183 27289 27309 27418 27450 27476 27482 27488 27499 27522 27554 27579 27603 27611 27636 27659 27681 27714 27737 27767 27783 27802 27812 27827 27864 27888 27913 27921 27947 27954 27956 28003 28043 28072 28091 28175 28198 28205 28237 28336 28467 28485 28547 28557 28570 28675 28679 28697 28707 28728 28756 28780 28800 28807 28828 28849 28873 28896 28909 28942 28959 29005 29023 29038 29049 29078 29165 29264 29334 29366 29458 29555 29572 29598 29618 29643 29785 29802 29819 29859 29871 29912 29922 29941 30016 30020 30052 30071 30082 30189 30222 30271 30282 30407 30418 30425 30499 30513 30520 30584 30638 30648 30664 30688 30692 30721 30750 30785 30853 30881
proposed FR940104-0-00034 11 25286 27630 27761 28016 28226 28650 29732 29911 30105 30175 30637
safety FR940104-0-00034 31 25287 25331 25350 25357 25378 25397 25434 25562 25588 25600 25694 25758 25769 25787 25795 25809 25855 25954 25966 26043 26103 26240 26558 26609 26664 26774 27060 27175 27189 27283 27697
requirements FR940104-0-00034 18 25288 27455 27524 27638 28136 28365 29828 29842 29921 29999 30140 30179 30421 30516 30556 30569 30617 30645
would FR940104-0-00034 21 25289 25301 25858 26157 26208 26215 26251 26397 26620 26859 26876 27202 27420 27528 27639 27664 28572 28805 28812 28823 29620
discourage FR940104-0-00034 1 25290
manufacturers FR940104-0-00034 11 25291 26696 26821 26917 27612 27641 27666 27939 28092 30787 30885
from FR940104-0-00034 9 25292 26524 27314 27642 28448 28908 29356 29480 30583
submitting FR940104-0-00034 1 25293
health FR940104-0-00034 56 25294 25318 25500 25905 26091 26116 26134 26172 26220 26247 26265 26395 26707 26789 26834 26898 26933 26970 27382 27444 27584 27726 27747 27880 27972 28017 28062 28079 28113 28129 28539 28543 28687 28810 28829 29126 29146 29162 29380 29425 29635 29733 29831 29844 29905 29989 30022 30190 30632 30696 30734 30760 30792 30811 30874 30892
claim FR940104-0-00034 40 25295 25501 25906 26135 26143 26148 26173 26396 26790 26899 27505 27537 27627 27793 28063 28103 28487 28540 28724 28791 28971 29059 29073 29699 29734 29768 29821 29990 30023 30045 30055 30211 30272 30317 30358 30387 30446 30482 30875 30901
petitions FR940104-0-00034 5 25296 25307 26832 26931 26972
for FR940104-0-00034 78 25297 25320 25334 25358 25379 25427 25661 25785 25869 25903 25907 26040 26049 26335 26366 26384 26414 26647 26833 26925 26932 26946 26969 27084 27114 27205 27248 27274 27343 27353 27373 27384 27392 27456 27460 27469 27582 27646 27832 27891 28078 28128 28137 28184 28370 28686 28715 28722 29084 29195 29465 29516 29674 29815 29843 29846 29926 29991 30062 30141 30209 30270 30306 30389 30395 30406 30422 30436 30484 30490 30498 30517 30531 30554 30601 30698 30756 30908
dietary FR940104-0-00034 41 25298 25322 25382 25551 25697 25747 25789 25812 25888 25912 25977 26089 26183 26330 27147 27191 27229 27387 27470 27653 27700 29160 29606 29678 29888 29903 29913 29945 29981 29985 30100 30108 30146 30238 30369 30459 30630 30639 30672 30693 30824
supplements FR940104-0-00034 30 25299 25323 25383 25419 25480 25552 25748 25790 25813 25889 25978 26331 27148 27192 27230 27388 27471 27654 27701 29607 29679 29914 29946 29982 29986 30101 30147 30640 30694 30715
, FR940104-0-00034 203 25300 25308 25420 25423 25467 25469 25471 25513 25515 25517 25553 25651 25653 25722 25825 25828 25833 25865 25892 25938 26035 26063 26075 26094 26129 26146 26177 26192 26206 26224 26229 26355 26361 26379 26446 26448 26463 26465 26469 26482 26499 26543 26556 26562 26570 26576 26598 26599 26634 26636 26673 26701 26750 26843 26847 26871 26873 26935 26975 26997 27005 27015 27016 27023 27028 27038 27046 27065 27138 27216 27223 27227 27231 27240 27256 27258 27276 27303 27318 27357 27372 27378 27389 27396 27496 27516 27540 27549 27616 27618 27749 27752 27974 27982 28019 28030 28108 28124 28151 28219 28221 28252 28266 28327 28397 28404 28416 28466 28484 28518 28526 28528 28559 28580 28584 28587 28594 28608 28609 28612 28629 28631 28633 28635 28637 28639 28646 28657 28669 28670 28712 28725 28774 28817 28822 28877 28885 28893 28895 28917 28931 28940 28973 29024 29029 29090 29140 29153 29188 29190 29205 29209 29227 29241 29313 29343 29351 29382 29390 29416 29435 29489 29510 29735 29737 29781 29797 29808 29835 29882 29890 29908 29967 29975 30026 30048 30065 30102 30122 30127 30137 30167 30232 30240 30256 30258 30312 30371 30391 30409 30427 30461 30486 30504 30522 30635 30655 30657 30771 30840 30862 30894 30903
delay FR940104-0-00034 1 25302
approval FR940104-0-00034 5 25304 28138 28185 29124 30907
of FR940104-0-00034 226 25305 25340 25348 25356 25364 25377 25387 25393 25406 25411 25418 25431 25448 25455 25492 25528 25549 25563 25589 25601 25607 25664 25695 25704 25714 25727 25743 25746 25788 25796 25811 25840 25856 25887 25955 25967 26010 26014 26021 26044 26053 26078 26125 26132 26152 26161 26199 26246 26264 26268 26274 26329 26337 26388 26412 26425 26452 26454 26491 26504 26506 26519 26553 26559 26565 26573 26580 26587 26610 26640 26663 26771 26773 26787 26801 26820 26851 26896 26906 27001 27041 27054 27061 27190 27195 27212 27218 27224 27235 27268 27299 27327 27363 27518 27525 27557 27562 27570 27576 27596 27625 27685 27710 27725 27733 27743 27797 27806 27816 27850 27876 27904 27909 27924 27933 27978 27986 27990 28026 28034 28050 28101 28139 28147 28160 28186 28195 28216 28247 28279 28318 28334 28359 28381 28393 28407 28428 28509 28531 28620 28701 28803 28902 28950 28969 28982 28987 29066 29071 29087 29107 29125 29172 29183 29185 29224 29236 29255 29278 29321 29386 29394 29398 29413 29423 29440 29455 29485 29504 29543 29551 29561 29594 29600 29627 29639 29647 29693 29697 29704 29707 29720 29730 29751 29754 29840 29878 29885 29959 29970 29980 30004 30036 30043 30076 30099 30130 30145 30148 30162 30229 30235 30290 30344 30350 30363 30374 30397 30424 30451 30464 30492 30519 30666 30709 30733 30739 30759 30765 30778 30797 30801 30826 30846 30849 30936
such FR940104-0-00034 30 25306 25407 25629 25731 25822 25930 26101 26369 26415 26674 26827 26857 26926 27025 27249 27336 27538 27637 27813 28187 28482 28491 28729 28820 29414 29494 29505 29622 30300 30345
could FR940104-0-00034 3 25310 27220 27310
well FR940104-0-00034 4 25311 25637 27467 29658
amount FR940104-0-00034 3 25312 30574 30585
to FR940104-0-00034 129 25313 25371 25484 25495 25540 25575 25642 25684 25793 25830 25877 25884 25899 25951 25974 25986 25997 26169 26238 26242 26284 26402 26420 26441 26547 26617 26628 26657 26687 26763 26768 26778 26783 26816 26841 26888 26892 26948 27014 27057 27144 27208 27259 27265 27366 27398 27621 27667 27671 27720 27759 27781 27820 27838 27935 27965 27993 28014 28055 28097 28105 28180 28211 28275 28304 28306 28413 28437 28480 28536 28549 28600 28618 28651 28726 28840 28847 28868 28921 28977 29015 29035 29056 29128 29137 29215 29221 29246 29253 29301 29316 29373 29401 29535 29582 29585 29624 29686 29744 29857 29917 29944 29977 29987 30039 30057 30069 30073 30080 30096 30111 30120 30125 30218 30333 30339 30384 30479 30643 30646 30705 30725 30743 30768 30790 30888 30897 30904 30913
a FR940104-0-00034 127 25314 25361 25385 25452 25499 25688 25696 25740 25761 25767 25904 25908 25911 25931 25968 26033 26066 26133 26159 26171 26175 26182 26253 26297 26343 26364 26382 26391 26394 26461 26780 26788 26806 26890 26897 26983 26999 27002 27018 27094 27106 27160 27210 27250 27269 27351 27489 27504 27533 27563 27574 27626 27660 27772 27792 27795 27814 27848 27857 27901 27916 27943 27952 27970 27987 27994 28060 28102 28140 28148 28188 28193 28261 28310 28315 28332 28453 28523 28538 28578 28723 28732 28759 28769 28801 28833 28854 28970 28991 29017 29058 29276 29318 29378 29395 29402 29463 29466 29478 29573 29592 29698 29731 29838 29879 29886 29962 30021 30031 30058 30236 30244 30297 30351 30393 30416 30429 30488 30511 30524 30552 30605 30624 30678 30727 30865 30931
total FR940104-0-00034 4 25315 29887 30237 30352
ban FR940104-0-00034 1 25316
on FR940104-0-00034 38 25317 25545 25610 25616 25640 25680 25760 25862 26141 26434 26550 26954 27156 27232 27285 27324 27332 27439 27586 27879 28323 28441 28577 28990 29170 29427 29477 29540 29604 29717 29759 30192 30243 30320 30571 30736 30762 30794
claims FR940104-0-00034 52 25319 26092 26117 26248 26266 26413 26708 26835 26934 26971 27383 27391 27445 27585 27598 27727 27748 28018 28080 28114 28130 28439 28483 28544 28615 28653 28688 28811 28821 28830 28850 29127 29147 29163 29169 29192 29426 29636 29832 29845 29906 30006 30191 30633 30697 30735 30761 30780 30793 30812 30893 30910
certain FR940104-0-00034 7 25321 27306 27322 29144 29217 29225 29895
suggested FR940104-0-00034 5 25327 25753 28002 28042 28223
fda FR940104-0-00034 81 25329 25370 25394 25539 25571 25596 25778 25849 25896 25948 25958 26037 26130 26207 26306 26346 26362 26380 26544 26629 26658 26666 26694 26734 26751 26814 26854 26864 26913 26947 27052 27166 27179 27253 27319 27379 27419 27451 27604 27715 27738 27754 27768 27828 27914 27948 28004 28044 28068 28087 28360 28434 28519 28599 28613 28647 28673 28695 28916 29030 29111 29141 29260 29335 29409 29419 29511 29619 29711 29836 29956 30002 30018 30066 30153 30636 30689 30717 30783 30882 30916
require FR940104-0-00034 10 25330 25900 27481 27771 28090 28727 28755 28779 28848 30884
determinations FR940104-0-00034 8 25332 26700 26825 26828 26921 26927 26952 27158
only FR940104-0-00034 6 25333 27196 27498 27741 27897 29656
those FR940104-0-00034 12 25335 25617 26233 26403 26426 27338 27592 28369 28621 29229 30714 30779
substances FR940104-0-00034 16 25336 25359 25380 25408 25975 25987 26231 26259 26416 26427 26456 26508 27145 27385 27650 30828
with FR940104-0-00034 35 25337 25360 25619 25644 25675 25682 25926 26313 26766 26831 26930 26978 27048 27173 27181 27305 27853 28070 28296 28435 28458 28515 28616 28789 28947 29281 29420 29863 30204 30314 30652 30713 30819 30911 30918
no FR940104-0-00034 10 25338 25879 25945 26211 27055 27243 27543 28391 29331 30155
history FR940104-0-00034 5 25339 25363 27040 27805 28700
safe FR940104-0-00034 11 25341 25486 25547 25919 26203 26354 26432 26619 26910 27270 27355
use FR940104-0-00034 35 25342 25365 25405 25493 25548 25715 26198 26349 26370 26424 26437 26451 26505 26520 26526 26564 26575 26581 26586 26838 26905 27010 27043 27291 27326 27356 27595 28006 28217 30042 30396 30423 30491 30518 30898
provide FR940104-0-00034 6 25344 26764 29317 29812 30755 30813
absence FR940104-0-00034 1 25347
known FR940104-0-00034 2 25349 26237
problems FR940104-0-00034 4 25351 25435 25646 26241
will FR940104-0-00034 22 25352 26111 26119 26149 26522 26533 26914 26941 26987 27070 27167 27290 27962 28201 29712 29738 29787 29983 30029 30067 30788 30842
be FR940104-0-00034 64 25353 25372 25399 25485 25496 25658 25700 25859 25970 26007 26030 26112 26120 26158 26180 26216 26243 26252 26398 26618 26622 26626 26655 26669 26746 26784 26860 26878 26893 26944 26988 27071 27168 27203 27221 27484 27506 27529 27821 27839 27963 28065 28294 28758 28768 28814 28837 28851 28912 29016 29061 29371 29583 29625 29915 30202 30216 30254 30381 30413 30471 30508 30641 30843
sufficient FR940104-0-00034 3 25354 28535 29213
proof FR940104-0-00034 1 25355
long FR940104-0-00034 2 25362 27842
other FR940104-0-00034 17 25367 25474 25797 25845 26051 26327 27394 27649 27824 27885 29666 29677 29791 30277 30322 30456 30851
urged FR940104-0-00034 3 25369 25538 27826
flexible FR940104-0-00034 3 25373 27169 29018
in FR940104-0-00034 128 25374 25381 25464 25525 25605 25702 25725 25782 25853 25910 25935 25944 25976 25979 25988 25990 26050 26087 26123 26181 26186 26188 26302 26372 26390 26399 26406 26438 26568 26582 26685 26705 26867 27008 27011 27017 27044 27085 27110 27115 27120 27146 27170 27193 27386 27429 27462 27503 27652 27669 27696 27722 27756 27779 27856 27918 28023 28081 28111 28144 28224 28260 28339 28346 28372 28452 28541 28551 28556 28592 28606 28644 28689 28713 28783 28918 28929 28960 29025 29053 29103 29117 29122 29132 29135 29158 29180 29202 29239 29338 29443 29522 29567 29577 29691 29701 29728 29741 29747 29757 29829 29848 29852 29893 29901 29928 29932 29947 30033 30063 30086 30106 30123 30159 30194 30273 30347 30377 30439 30467 30475 30534 30623 30628 30670 30676 30703 30829
its FR940104-0-00034 16 25375 25783 26574 26839 26880 27354 27723 27991 28021 29123 29348 29399 29544 29684 29721 30572
determination FR940104-0-00034 5 25376 26651 26850 26981 29533
number FR940104-0-00034 6 25386 27575 27903 28333 28530 29839
these FR940104-0-00034 16 25388 25536 25564 25655 26455 26507 27633 27734 27861 27910 28676 29203 29552 29595 29640 30644
stressed FR940104-0-00034 1 25390
importance FR940104-0-00034 1 25392
recognizing FR940104-0-00034 1 25395
can FR940104-0-00034 7 25398 26005 26668 26745 28064 29336 30607
determined FR940104-0-00034 1 25400
solely FR940104-0-00034 1 25401
through FR940104-0-00034 2 25402 26730
historical FR940104-0-00034 1 25404
some FR940104-0-00034 12 25410 25662 25804 26226 26324 26490 27217 27709 27764 28302 28808 29599
noted FR940104-0-00034 7 25414 25440 25507 27863 28941 29554 29597
many FR940104-0-00034 7 25416 25473 25818 26453 27414 29527 30786
components FR940104-0-00034 4 25417 25686 25745 29979
particularly FR940104-0-00034 5 25421 26106 27975 28878 29383
herbs FR940104-0-00034 6 25422 25442 25590 26325 27647 29675
have FR940104-0-00034 13 25424 25476 26209 26332 26510 27966 28202 28212 29374 29608 29892 30242 30675
been FR940104-0-00034 15 25425 26333 26458 26511 27493 27547 27718 27967 29120 29375 29609 30404 30434 30502 30529
used FR940104-0-00034 6 25426 25444 26334 27342 27651 28300
hundreds FR940104-0-00034 1 25428
or FR940104-0-00034 30 25429 25622 25706 25880 26185 26466 26998 27330 27774 27996 28058 28208 28222 28406 28529 28787 29295 29404 29546 29723 29762 29874 29897 30225 30247 30293 30565 30680 30822 30855
thousands FR940104-0-00034 3 25430 25839 26336
years FR940104-0-00034 2 25432 26338
without FR940104-0-00034 6 25433 26193 26374 26844 26900 30276
also FR940104-0-00034 6 25439 25506 25523 29047 29663 29780
are FR940104-0-00034 17 25443 25522 25867 26235 26417 26798 26829 26928 26958 27297 27588 28337 29231 29861 29952 30650 30701
safely FR940104-0-00034 2 25445 26405
throughout FR940104-0-00034 1 25446
threefourths FR940104-0-00034 1 25447
world FR940104-0-00034 3 25450 29569 29579
as FR940104-0-00034 40 25451 25636 25638 25732 25791 25823 25875 26032 26083 26225 26431 26460 26472 26497 26527 26638 26652 26863 27073 27082 27337 27350 27466 27468 27513 27539 27560 27753 27841 27843 28109 28366 28368 28533 29206 29273 29883 30174 30233 30301
principal FR940104-0-00034 2 25453 30284
means FR940104-0-00034 3 25454 27066 28244
medicine FR940104-0-00034 1 25456
declared FR940104-0-00034 2 25460 25569
regulatory FR940104-0-00034 1 25462
authorities FR940104-0-00034 1 25463
great FR940104-0-00034 2 25465 26254
britain FR940104-0-00034 1 25466
germany FR940104-0-00034 1 25468
japan FR940104-0-00034 1 25470
nations FR940104-0-00034 2 25475 29566
researched FR940104-0-00034 1 25477
various FR940104-0-00034 2 25478 30827
herbal FR940104-0-00034 4 25479 25550 26612 29605
found FR940104-0-00034 2 25482 26615
them FR940104-0-00034 3 25483 30745 30770
when FR940104-0-00034 6 25487 25585 27692 27969 29377 30017
consumed FR940104-0-00034 3 25488 26404 30576
at FR940104-0-00034 14 25489 26479 26596 26728 27130 28121 28567 28936 29353 29586 30367 30415 30455 30510
levels FR940104-0-00034 6 25491 26501 26516 29235 30370 30460
likely FR940104-0-00034 3 25494 26990 29581
contemplated FR940104-0-00034 1 25497
under FR940104-0-00034 15 25498 25711 26166 26350 26680 26882 26965 27134 27245 27628 27728 28213 29468 29611 29803
petition FR940104-0-00034 2 25502 29464
one FR940104-0-00034 16 25504 25567 25592 26269 27517 27732 27908 27932 28000 29019 29550 29560 29588 30274 30685 30878
comment FR940104-0-00034 14 25505 25568 25593 25626 25649 25668 25737 26870 28001 28041 29138 30686 30879 30920
information FR940104-0-00034 11 25509 29669 29794 29867 30269 30307 30336 30346 30660 30814 30834
concerning FR940104-0-00034 4 25510 26713 27791 28654
accurate FR940104-0-00034 1 25511
dosage FR940104-0-00034 1 25512
indications FR940104-0-00034 1 25514
contraindications FR940104-0-00034 1 25516
quality FR940104-0-00034 1 25519
control FR940104-0-00034 1 25520
measures FR940104-0-00034 1 25521
available FR940104-0-00034 8 25524 27510 28052 28839 29630 29649 29673 29708
past FR940104-0-00034 2 25526 26408
editions FR940104-0-00034 1 25527
us FR940104-0-00034 6 25530 27874 27980 29388 29589 29749
pharmacopeias FR940104-0-00034 1 25531
national FR940104-0-00034 1 25533
formularies FR940104-0-00034 1 25534
accept FR940104-0-00034 2 25541 26842
all FR940104-0-00034 10 25542 25744 26230 26351 26916 27374 28574 30097 30267 30740
relevant FR940104-0-00034 4 25543 26623 28575 29584
data FR940104-0-00034 5 25544 26549 28576 28586 29623
including FR940104-0-00034 6 25554 26287 27228 28253 28446 28581
foreign FR940104-0-00034 2 25555 29612
studies FR940104-0-00034 12 25556 27552 28258 28345 28450 28532 28583 28590 29028 29037 29602 29660
monographs FR940104-0-00034 1 25558
evidence FR940104-0-00034 29 25560 25577 26535 26602 26642 26957 27438 27511 28054 28197 28242 28245 28290 28319 28396 28444 28447 28492 28904 28910 29214 29245 29539 29632 29651 29689 29709 29727 29810
products FR940104-0-00034 4 25565 25798 25857 27675
is FR940104-0-00034 62 25572 25673 25749 25779 25814 25918 25933 26046 26105 26202 26278 26310 26353 26428 26487 26632 26653 26677 26776 26909 26985 26994 27076 27141 27162 27242 27380 27452 27605 27689 27706 27785 27818 27845 27930 28037 28074 28131 28192 28209 28456 28469 28488 28681 28866 28887 28975 29094 29177 29329 29438 29512 29559 29580 29671 29822 30024 30170 30359 30447 30621 30723
legally FR940104-0-00034 1 25573
bound FR940104-0-00034 1 25574
consider FR940104-0-00034 13 25576 26534 26817 26915 27829 28047 28573 28601 28978 29493 29621 29687 29788
involving FR940104-0-00034 3 25578 26536 28899
herb FR940104-0-00034 2 25579 26537
usage FR940104-0-00034 4 25580 26538 29668 29793
outside FR940104-0-00034 2 25581 26539
united FR940104-0-00034 4 25583 26541 29487 29557
states FR940104-0-00034 7 25584 26542 28174 28746 29488 29558 30051
reviewing FR940104-0-00034 2 25586 29026
asserted FR940104-0-00034 14 25594 25650 25691 25776 25806 25847 27475 27521 27578 27680 27713 27736 29642 30880
should FR940104-0-00034 15 25597 25657 25699 25972 26625 27186 27769 28045 28292 29060 29266 29370 29653 30690 30883
evaluate FR940104-0-00034 5 25598 27187 28015 28276 28481
vitamins FR940104-0-00034 2 25602 30149
minerals FR940104-0-00034 2 25604 30151
terms FR940104-0-00034 4 25606 25703 25726 27194
their FR940104-0-00034 8 25608 25645 26348 26435 26525 30807 30890 30909
effect FR940104-0-00034 4 25609 26270 26376 28204
normal FR940104-0-00034 2 25612 27198
population FR940104-0-00034 6 25613 27199 27237 27287 27369 29750
not FR940104-0-00034 46 25615 25707 25750 25780 26006 26340 26678 26877 26943 27032 27281 27480 27717 27750 27770 27819 27931 28005 28059 28089 28293 28363 28521 28682 28710 28754 28778 28813 28860 28920 29095 29113 29149 29262 29315 29364 29534 29655 29713 29953 30060 30260 30719 30774 30857 30870
consumers FR940104-0-00034 11 25618 25630 25656 27267 27300 27304 27941 28841 29860 30649 30841
unusual FR940104-0-00034 1 25620
conditions FR940104-0-00034 5 25621 25713 26352 28215 29899
sensitivities FR940104-0-00034 2 25623 27307
acknowledged FR940104-0-00034 1 25627
need FR940104-0-00034 1 25631
clear FR940104-0-00034 4 25632 28706 29004 29082
label FR940104-0-00034 4 25633 27536 29430 30292
ingredient FR940104-0-00034 5 25634 26996 27004 27064 27118
statements FR940104-0-00034 3 25635 27501 29288
education FR940104-0-00034 1 25639
foods FR940104-0-00034 16 25641 25956 25989 26045 26528 27226 27587 27686 29196 29226 29230 30193 30741 30766 30799 30852
deal FR940104-0-00034 1 25643
however FR940104-0-00034 11 25652 25891 26447 26635 26872 27022 27257 28894 29189 29736 29796
held FR940104-0-00034 1 25659
responsible FR940104-0-00034 2 25660 25868
degree FR940104-0-00034 1 25663
selfprotection FR940104-0-00034 1 25665
this FR940104-0-00034 21 25671 26126 26277 26485 26681 26810 27135 27139 27154 27729 27870 28324 28516 29079 29133 29306 29339 29523 30160 30172 30919
approach FR940104-0-00034 1 25672
consistent FR940104-0-00034 5 25674 26312 28457 28514 30203
agency FR940104-0-00034 45 25677 25756 25802 25835 25928 26085 26110 26138 26163 26444 26532 26703 26875 26937 26976 27151 27185 27207 27278 27340 27977 28329 28561 28794 28844 28865 28891 28957 29076 29155 29345 29362 29385 29437 29531 29682 29783 29799 29910 29939 30028 30104 30169 30748 30906
's FR940104-0-00034 16 25678 25720 25850 25897 25949 26038 26139 26164 26307 26650 27949 29064 29156 29287 29532 29957
policy FR940104-0-00034 5 25679 27155 27211 27251 30729
persons FR940104-0-00034 1 25681
allergies FR940104-0-00034 1 25683
food FR940104-0-00034 33 25685 25820 25992 26187 26190 26439 26473 26569 26741 26795 27003 27012 27045 27063 27117 27271 27395 27461 27464 28550 28553 29429 29847 29850 29927 29930 30196 30379 30469 30559 30606 30620 30867
few FR940104-0-00034 5 25689 25881 27796 27944 29593
supplement FR940104-0-00034 12 25698 25719 25913 26090 26184 26392 26613 29161 29904 30109 30631 30673
defined FR940104-0-00034 2 25701 25716
whether FR940104-0-00034 6 25705 26178 26950 28057 28962 29055
harm FR940104-0-00034 1 25708
may FR940104-0-00034 13 25709 26358 26509 26808 26837 27320 27566 28945 29031 29891 30241 30295 30674
occur FR940104-0-00034 1 25710
by FR940104-0-00034 26 25717 25800 26001 26286 26345 26489 26665 26690 26804 27433 27508 27532 27609 28267 28270 28301 28475 28490 28818 28832 28853 29020 29100 29233 29766 30806
labeling FR940104-0-00034 9 25721 25942 27333 28227 29432 29827 30144 30294 30323
rather FR940104-0-00034 6 25723 26470 27358 29197 30832 30895
than FR940104-0-00034 14 25724 25817 26471 26514 27359 27591 28134 28309 28314 28424 29198 30457 30833 30896
an FR940104-0-00034 15 25728 26611 26979 26995 27077 27430 27514 27976 28082 28182 28655 28690 29384 29481 30476
arbitrary FR940104-0-00034 1 25729
cutoff FR940104-0-00034 1 25730
rdi FR940104-0-00034 1 25734
systematic FR940104-0-00034 1 25741
review FR940104-0-00034 2 25742 26548
necessary FR940104-0-00034 4 25751 26777 28976 29954
undertake FR940104-0-00034 1 25757
reviews FR940104-0-00034 1 25759
casebycase FR940104-0-00034 2 25762 28992
basis FR940104-0-00034 11 25763 26365 26383 26646 26819 26924 27244 28993 29542 29719 29814
where FR940104-0-00034 11 25764 26585 26826 26853 26922 26991 27024 27295 28190 30557 30618
it FR940104-0-00034 29 25765 25984 26156 26179 26214 26222 26250 26357 26616 26631 26886 26940 27075 27201 28073 28206 28432 28571 28680 28776 28974 29039 29093 29115 29166 29265 29786 29923 30722
believes FR940104-0-00034 8 25766 26855 27152 28674 28892 28958 29077 30784
potential FR940104-0-00034 1 25768
concern FR940104-0-00034 4 25770 25784 27417 28799
might FR940104-0-00034 1 25771
exist FR940104-0-00034 1 25772
several FR940104-0-00034 5 25774 25893 27447 27550 27600
equitable FR940104-0-00034 1 25781
compared FR940104-0-00034 2 25792 25876
regulated FR940104-0-00034 1 25799
record FR940104-0-00034 1 25810
far FR940104-0-00034 1 25815
better FR940104-0-00034 2 25816 25860
fdaapproved FR940104-0-00034 1 25819
additives FR940104-0-00034 1 25821
aspartame FR940104-0-00034 1 25824
against FR940104-0-00034 1 25826
which FR940104-0-00034 9 25827 25866 26805 27219 28455 29670 29992 30138 30699
according FR940104-0-00034 1 25829
receives FR940104-0-00034 1 25836
ignores FR940104-0-00034 1 25838
consumer FR940104-0-00034 1 25841
complaints FR940104-0-00034 1 25842
annually FR940104-0-00034 2 25843 25874
intense FR940104-0-00034 1 25851
interest FR940104-0-00034 1 25852
focused FR940104-0-00034 1 25861
prescription FR940104-0-00034 2 25863 27704
drugs FR940104-0-00034 5 25864 26498 27688 27705 28371
over FR940104-0-00034 1 25870
1/2 FR940104-0-00034 1 25871
million FR940104-0-00034 1 25872
deaths FR940104-0-00034 2 25873 25882
attributable FR940104-0-00034 1 25883
consumption FR940104-0-00034 8 25886 26151 26387 27556 27985 29223 29254 29393
supported FR940104-0-00034 5 25895 27507 28489 28831 28852
proposal FR940104-0-00034 8 25898 26093 28939 29164 29907 30110 30164 30634
petitioners FR940104-0-00034 1 25902
substance FR940104-0-00034 37 25909 25917 25969 26154 26176 26201 26555 26561 26567 26589 26781 26807 26891 26908 26984 26993 27069 27080 27161 29756 29881 29974 30059 30078 30231 30366 30376 30408 30411 30438 30454 30466 30500 30506 30533 30669 30861
demonstrate FR940104-0-00034 3 25914 26421 28678
lawful FR940104-0-00034 1 25921
agreed FR940104-0-00034 1 25925
requirement FR940104-0-00034 10 25932 25963 26309 26683 26812 27177 27831 27890 28802 29515
implicit FR940104-0-00034 1 25934
act FR940104-0-00034 16 25937 25999 26016 26028 26055 26080 26099 26168 26304 26884 27247 28162 28383 28430 28511 29457
law FR940104-0-00034 3 25943 27478 27527
way FR940104-0-00034 2 25946 29119
diminishes FR940104-0-00034 1 25947
responsibility FR940104-0-00034 4 25950 26039 26165 29422
ensure FR940104-0-00034 4 25952 29858 30081 30647
concludes FR940104-0-00034 1 25959
preliminary FR940104-0-00034 5 25962 26308 26682 26811 27176
demonstrated FR940104-0-00034 1 25971
apply FR940104-0-00034 3 25973 27421 30094
same FR940104-0-00034 3 25981 28298 29919
manner FR940104-0-00034 6 25982 27112 27432 28085 28454 28693
applies FR940104-0-00034 1 25985
conventional FR940104-0-00034 7 25991 26189 27463 28552 29849 29929 30195
form FR940104-0-00034 8 25993 26191 27465 28554 29851 29931 30197 30478
amendment FR940104-0-00034 1 25996
enacted FR940104-0-00034 1 26000
1990 FR940104-0-00034 9 26003 26023 26967 27808 28028 28596 28703 30753 30938
amendments FR940104-0-00034 9 26004 26024 26968 27809 28029 28597 28704 30754 30939
implemented FR940104-0-00034 1 26008
independently FR940104-0-00034 1 26009
remaining FR940104-0-00034 1 26012
portions FR940104-0-00034 1 26013
( FR940104-0-00034 104 26017 26056 26060 26065 26068 26072 26290 26293 26296 26299 26474 26591 26715 26718 26721 26724 26754 26757 26760 27081 27088 27093 27096 27100 27105 27126 27301 27335 27400 27403 27406 28117 28154 28157 28163 28167 28170 28232 28256 28284 28348 28356 28375 28378 28387 28418 28445 28494 28497 28500 28503 28506 28563 28624 28664 28741 28932 28998 29446 29449 29452 29470 29473 29769 29772 29775 29805 29854 29873 29934 29949 29961 29964 29994 30009 30012 30088 30091 30114 30117 30132 30182 30185 30199 30213 30224 30251 30263 30280 30287 30327 30539 30542 30545 30548 30551 30589 30592 30595 30598 30924 30927 30930 30933
see FR940104-0-00034 10 26018 26057 26475 26592 28625 28665 29770 30303 30540 30587
section FR940104-0-00034 14 26019 26288 26319 28152 28230 28354 28373 28385 28495 29444 30007 30173 30180 30922
9 FR940104-0-00034 1 26020
) FR940104-0-00034 104 26025 26062 26067 26070 26074 26081 26292 26295 26298 26301 26483 26600 26717 26720 26723 26732 26756 26759 26762 27090 27095 27102 27107 27108 27109 27133 27308 27349 27402 27405 27408 28123 28156 28159 28169 28172 28173 28234 28265 28321 28352 28358 28377 28380 28389 28420 28465 28499 28502 28505 28508 28512 28569 28642 28671 28745 28938 29002 29448 29451 29454 29472 29475 29774 29777 29778 29807 29856 29877 29936 29951 29963 29966 29996 30011 30014 30090 30093 30116 30119 30136 30184 30187 30201 30215 30228 30253 30265 30289 30324 30329 30544 30547 30550 30553 30591 30594 30597 30600 30627 30926 30929 30932 30935
must FR940104-0-00034 9 26029 28767 28911 29346 29811 30380 30412 30470 30507
considered FR940104-0-00034 4 26031 27707 27964 29372
whole FR940104-0-00034 1 26034
ensuring FR940104-0-00034 1 26041
explicitly FR940104-0-00034 1 26047
provided FR940104-0-00034 8 26048 26644 27083 27113 29862 30061 30337 30651
sections FR940104-0-00034 2 26052 26058
201 FR940104-0-00034 1 26059
s FR940104-0-00034 1 26061
402 FR940104-0-00034 1 26064
1 FR940104-0-00034 9 26069 28744 29001 29776 30013 30092 30118 30200 30928
2 FR940104-0-00034 7 26073 29139 29965 30186 30214 30546 30593
409 FR940104-0-00034 1 26077
explained FR940104-0-00034 3 26086 29142 29207
fact FR940104-0-00034 5 26096 26322 26373 26486 27050
contains FR940104-0-00034 3 26100 28390 28421
explicit FR940104-0-00034 1 26102
authority FR940104-0-00034 4 26104 27973 28436 29381
significant FR940104-0-00034 25 26107 27425 27485 27787 27834 27893 27902 27926 27958 28010 28470 28716 28770 28834 28882 28924 28963 29010 29234 29269 29290 29323 29367 29518 29816
because FR940104-0-00034 10 26108 26267 26273 27989 28031 28431 29397 29955 30800 30810
specifically FR940104-0-00034 1 26113
authorizing FR940104-0-00034 7 26114 27583 27593 29424 30207 30441 30536
made FR940104-0-00034 4 26121 27502 28838 30844
view FR940104-0-00034 1 26124
affirmative FR940104-0-00034 1 26127
action FR940104-0-00034 2 26128 26858
authorization FR940104-0-00034 2 26131 30003
places FR940104-0-00034 1 26136
imprimatur FR940104-0-00034 1 26140
moreover FR940104-0-00034 1 26145
encourage FR940104-0-00034 2 26150 27665
violation FR940104-0-00034 1 26160
authorize FR940104-0-00034 5 26170 28438 28652 29057 30040
about FR940104-0-00034 11 26174 28719 28966 29068 29289 29868 30308 30360 30448 30603 30661
being FR940104-0-00034 4 26194 27606 28534 29293
satisfied FR940104-0-00034 2 26195 27840
certainly FR940104-0-00034 3 26205 26418 26621
almost FR940104-0-00034 1 26210
assurance FR940104-0-00034 2 26212 29617
protecting FR940104-0-00034 1 26217
public FR940104-0-00034 3 26219 30332 30707
if FR940104-0-00034 11 26221 26258 26885 27074 29462 30053 30356 30392 30444 30487 30864
permitted FR940104-0-00034 1 26223
suggest FR940104-0-00034 2 26228 27553
except FR940104-0-00034 2 26232 30281
actually FR940104-0-00034 1 26236
cause FR940104-0-00034 1 26239
subject FR940104-0-00034 7 26245 26263 26786 26895 27397 29916 30642
tragic FR940104-0-00034 1 26256
irony FR940104-0-00034 1 26257
were FR940104-0-00034 5 26261 26887 29148 29193 29299
caused FR940104-0-00034 1 26271
injury FR940104-0-00034 1 26272
another FR940104-0-00034 3 26275 26604 29638
situation FR940104-0-00034 2 26280 28944
congress FR940104-0-00034 5 26282 28708 28825 29006 29417
sought FR940104-0-00034 1 26283
avert FR940104-0-00034 1 26285
403 FR940104-0-00034 3 26289 28496 29445
r FR940104-0-00034 3 26291 28498 29447
3 FR940104-0-00034 9 26294 26719 26758 27404 28501 29184 29471 30252 30923
ii FR940104-0-00034 4 26300 26722 26761 27407
fully FR940104-0-00034 3 26311 27142 27530
principles FR940104-0-00034 2 26315 28464
underlie FR940104-0-00034 1 26317
ingredients FR940104-0-00034 2 26328 26389
does FR940104-0-00034 14 26339 27031 27254 27280 27479 28088 28362 28753 28777 29112 29261 29363 30718 30869
necessarily FR940104-0-00034 1 26341
justify FR940104-0-00034 4 26342 29498 30385 30480
conclusion FR940104-0-00034 1 26344
but FR940104-0-00034 5 26356 26799 27497 28775 29662
first FR940104-0-00034 1 26360
needs FR940104-0-00034 3 26363 26381 26546
concluding FR940104-0-00034 2 26367 26385
was FR940104-0-00034 4 26371 27007 29212 29243
harmful FR940104-0-00034 1 26375
second FR940104-0-00034 1 26378
carrying FR940104-0-00034 1 26393
amounts FR940104-0-00034 1 26400
comparable FR940104-0-00034 1 26401
proponents FR940104-0-00034 1 26411
free FR940104-0-00034 1 26419
generally FR940104-0-00034 4 26429 26942 27279 28459
recognized FR940104-0-00034 2 26430 28460
based FR940104-0-00034 5 26433 26953 28322 28440 30570
common FR940104-0-00034 3 26436 27009 27042
prior FR940104-0-00034 2 26440 27013
1958. FR940104-0-00034 1 26442
notes FR940104-0-00034 2 26445 30749
has FR940104-0-00034 14 26457 26606 27341 27492 27546 28330 28648 28859 29116 29924 30403 30433 30501 30528
primarily FR940104-0-00034 1 26459
drug FR940104-0-00034 9 26462 27597 28142 28150 28189 28200 28281 28426 29613
tonic FR940104-0-00034 1 26464
folk FR940104-0-00034 1 26467
remedy FR940104-0-00034 1 26468
53 FR940104-0-00034 1 26476
fr FR940104-0-00034 9 26477 26594 26726 27128 28119 28565 28627 28667 28934
16544 FR940104-0-00034 1 26478
16545 FR940104-0-00034 1 26480
; FR940104-0-00034 5 26481 30212 30250 30262 30325
confirmed FR940104-0-00034 1 26488
summarized FR940104-0-00034 1 26494
above FR940104-0-00034 1 26495
frequency FR940104-0-00034 4 26503 26518 26579 27569
significantly FR940104-0-00034 1 26512
different FR940104-0-00034 1 26513
result FR940104-0-00034 1 26523
although FR940104-0-00034 5 26530 26660 26912 27542 29210
still FR940104-0-00034 1 26545
identity FR940104-0-00034 1 26552
context FR940104-0-00034 4 26572 27020 29703 30349
country FR940104-0-00034 3 26584 26605 26649
occurred FR940104-0-00034 1 26590
50 FR940104-0-00034 2 26593 29294
27294 FR940104-0-00034 1 26595
27295 FR940104-0-00034 1 26597
studied FR940104-0-00034 1 26607
submitted FR940104-0-00034 5 26627 26656 26830 26929 29690
important FR940104-0-00034 1 26633
much FR940104-0-00034 2 26639 27436
possible FR940104-0-00034 2 26654 26945
formal FR940104-0-00034 3 26661 26675 26845
recognition FR940104-0-00034 2 26662 26676
admittedly FR940104-0-00034 1 26667
lengthy FR940104-0-00034 2 26670 26747
expensive FR940104-0-00034 2 26672 27614
required FR940104-0-00034 3 26679 27822 30268
responding FR940104-0-00034 1 26686
concerns FR940104-0-00034 1 26688
raised FR940104-0-00034 1 26689
suggesting FR940104-0-00034 1 26692
recognize FR940104-0-00034 1 26695
' FR940104-0-00034 6 26697 26822 26918 28798 28826 28871
private FR940104-0-00034 1 26698
gras FR940104-0-00034 11 26699 26738 26792 26824 26852 26920 26951 26986 27034 27079 27163
stated FR940104-0-00034 4 26704 27635 29571 30687
final FR940104-0-00034 6 26709 27136 28115 28545 28610 29833
rule FR940104-0-00034 6 26710 27137 28116 28546 28558 29834
following FR940104-0-00034 1 26712
ยง101.14 FR940104-0-00034 15 26714 26753 27399 28417 29771 29804 29853 29933 29948 29960 29993 30087 30113 30541 30588
b FR940104-0-00034 8 26716 26755 27401 28504 29474 29773 30599 30925
58 FR940104-0-00034 6 26725 27127 28118 28564 28626 28666
2478 FR940104-0-00034 4 26727 27129 28120 28566
2502 FR940104-0-00034 1 26729
2503 FR940104-0-00034 2 26731 27131
: FR940104-0-00034 4 26733 28747 29460 30198
acknowledges FR940104-0-00034 1 26735
affirmation FR940104-0-00034 4 26739 26793 26846 27035
additive FR940104-0-00034 2 26742 26796
listing FR940104-0-00034 2 26743 26797
process FR940104-0-00034 1 26744
thus FR940104-0-00034 3 26749 27371 29092
designed FR940104-0-00034 2 26752 29659
flexibility FR940104-0-00034 3 26765 28423 28517
respect FR940104-0-00034 3 26767 28617 30912
type FR940104-0-00034 2 26770 28527
showing FR940104-0-00034 1 26772
make FR940104-0-00034 2 26779 30775
eligible FR940104-0-00034 3 26782 30702 30742
two FR940104-0-00034 1 26800
procedures FR940104-0-00034 2 26803 28462
meet FR940104-0-00034 2 26809 30608
intends FR940104-0-00034 1 26815
independent FR940104-0-00034 5 26823 26849 26919 26980 27157
discretion FR940104-0-00034 1 26840
appropriate FR940104-0-00034 3 26861 30477 30724
pointed FR940104-0-00034 2 26865 27800
out FR940104-0-00034 4 26866 27801 29022 29801
previous FR940104-0-00034 1 26869
fulfilling FR940104-0-00034 1 26879
responsibilities FR940104-0-00034 1 26881
permit FR940104-0-00034 1 26889
satisfying FR940104-0-00034 1 26901
itself FR940104-0-00034 3 26902 30839 30871
advises FR940104-0-00034 2 26938 29784
judge FR940104-0-00034 1 26949
complex FR940104-0-00034 1 26955
scientific FR940104-0-00034 39 26956 27411 27426 27458 27486 27544 27788 27835 27894 27927 27959 28011 28053 28126 28271 28443 28461 28476 28717 28835 28875 28883 28903 28964 29011 29027 29270 29291 29324 29349 29358 29368 29483 29519 29538 29631 29650 29695 29817
valid FR940104-0-00034 7 26959 28809 29823 29864 30005 30025 30654
within FR940104-0-00034 1 26960
short FR940104-0-00034 1 26962
timeframes FR940104-0-00034 1 26963
mandated FR940104-0-00034 1 26964
instead FR940104-0-00034 3 26974 27037 28765
agreement FR940104-0-00034 33 26977 27026 27030 27427 27487 27789 27817 27836 27846 27895 27899 27928 27960 28012 28471 28718 28730 28761 28771 28836 28884 28925 28965 28983 29012 29271 29274 29292 29298 29325 29369 29520 29818
most FR940104-0-00034 3 26989 27262 29563
component FR940104-0-00034 1 27000
similar FR940104-0-00034 1 27019
occurs FR940104-0-00034 1 27027
constitute FR940104-0-00034 1 27033
coupled FR940104-0-00034 1 27047
knows FR940104-0-00034 1 27053
reason FR940104-0-00034 1 27056
question FR940104-0-00034 3 27058 29240 29758
treated FR940104-0-00034 1 27072
unlisted FR940104-0-00034 1 27078
ยง FR940104-0-00034 1 27086
170.30 FR940104-0-00034 2 27087 27099
d FR940104-0-00034 16 27089 27101 28155 28168 28233 28376 29855 29935 29950 29995 30010 30089 30115 30183 30543 30590
182.1 FR940104-0-00034 2 27092 27104
21 FR940104-0-00034 5 27097 27121 28164 28349 30133
cfr FR940104-0-00034 4 27098 27122 28350 30134
list FR940104-0-00034 1 27119
part FR940104-0-00034 6 27123 27561 29626 29884 30037 30234
182 FR940104-0-00034 1 27124
statement FR940104-0-00034 3 27140 29157 30299
applicable FR940104-0-00034 1 27143
demonstrates FR940104-0-00034 1 27164
assessing FR940104-0-00034 2 27171 29054
conformance FR940104-0-00034 1 27172
disagrees FR940104-0-00034 3 27180 28069 30917
assertions FR940104-0-00034 2 27182 28071
unconscionable FR940104-0-00034 1 27204
adopt FR940104-0-00034 2 27209 30726
ignoring FR940104-0-00034 1 27213
adverse FR940104-0-00034 2 27214 27312
effects FR940104-0-00034 5 27215 27313 29753 30362 30450
lifethreatening FR940104-0-00034 1 27222
any FR940104-0-00034 9 27225 27393 28897 29118 29248 29499 29537 29688 29715
vulnerable FR940104-0-00034 1 27233
segments FR940104-0-00034 1 27234
furthermore FR940104-0-00034 1 27239
there FR940104-0-00034 12 27241 27296 27483 27784 27844 28191 28468 28757 28766 29211 29242 29328
attempt FR940104-0-00034 1 27255
find FR940104-0-00034 2 27260 27782
practicable FR940104-0-00034 1 27263
solutions FR940104-0-00034 2 27264 27334
assuring FR940104-0-00034 1 27266
supply FR940104-0-00034 1 27272
example FR940104-0-00034 4 27275 27515 30390 30485
base FR940104-0-00034 1 27282
decisions FR940104-0-00034 1 27284
atypical FR940104-0-00034 1 27286
subgroups FR940104-0-00034 2 27288 27298
product FR940104-0-00034 7 27293 27317 27329 27365 30831 30838 30868
eg FR940104-0-00034 1 27302
suffer FR940104-0-00034 1 27311
consuming FR940104-0-00034 4 27315 30364 30452 30850
place FR940104-0-00034 2 27321 30275
restrictions FR940104-0-00034 1 27323
rely FR940104-0-00034 1 27331
sulfiting FR940104-0-00034 1 27344
agents FR940104-0-00034 1 27345
yellow FR940104-0-00034 1 27347
5 FR940104-0-00034 5 27348 28158 28171 28379 30328
condition FR940104-0-00034 6 27352 27998 29406 29764 30249 30682
denying FR940104-0-00034 1 27360
availability FR940104-0-00034 1 27362
entire FR940104-0-00034 2 27368 30316
foregoing FR940104-0-00034 1 27376
reasons FR940104-0-00034 1 27377
making FR940104-0-00034 1 27381
like FR940104-0-00034 1 27390
c. FR940104-0-00034 1 27410
standard FR940104-0-00034 11 27412 27459 27663 27730 27923 28127 28752 28876 28898 29014 29089
19. FR940104-0-00034 1 27413
expressed FR940104-0-00034 1 27416
term FR940104-0-00034 11 27423 28239 28287 28299 29307 29310 29972 30399 30426 30494 30521
`` FR940104-0-00034 34 27424 27541 27786 27833 27892 27925 27957 28009 28240 28288 28307 28340 28394 28399 28408 28442 28881 28923 29009 29268 29311 29322 29461 29517 29645 29657 29973 30302 30400 30495 30562 30566 30610 30614
'' FR940104-0-00034 34 27428 27573 27790 27837 27896 27929 27961 28013 28243 28291 28317 28344 28398 28405 28412 28493 28886 28926 29013 29272 29314 29327 29508 29521 29652 29661 29976 30313 30402 30497 30564 30568 30612 30616
unreasonable FR940104-0-00034 1 27431
demanding FR940104-0-00034 1 27434
too FR940104-0-00034 1 27435
supporting FR940104-0-00034 3 27437 27869 29633
substance/disease FR940104-0-00034 2 27440 28953
relationships FR940104-0-00034 5 27441 28604 28623 29176 29187
before FR940104-0-00034 2 27442 27872
approving FR940104-0-00034 1 27443
insisted FR940104-0-00034 1 27449
misinterpreting FR940104-0-00034 1 27453
nutrient/disease FR940104-0-00034 1 27490
relationship FR940104-0-00034 4 27491 27992 28954 29400
conclusively FR940104-0-00034 1 27494
established FR940104-0-00034 9 27495 27548 29837 29925 30085 30405 30435 30503 30530
met FR940104-0-00034 1 27531
properly FR940104-0-00034 1 27534
qualified FR940104-0-00034 6 27535 27905 28269 28474 30767 30798
consensus FR940104-0-00034 6 27545 27776 28734 28804 28855 29312
clinical FR940104-0-00034 6 27551 28095 28254 28263 28409 28582
daily FR940104-0-00034 2 27555 30353
vitamin FR940104-0-00034 1 27558
c FR940104-0-00034 6 27559 28357 28388 28419 29453 29806
wellbalanced FR940104-0-00034 1 27564
diet FR940104-0-00034 2 27565 30354
reduce FR940104-0-00034 1 27567
colds FR940104-0-00034 1 27571
standards FR940104-0-00034 1 27581
more FR940104-0-00034 6 27589 27661 27673 28308 28422 29041
stringent FR940104-0-00034 3 27590 28133 28367
argued FR940104-0-00034 1 27602
unduly FR940104-0-00034 3 27607 28083 28691
restrictive FR940104-0-00034 3 27608 28084 28692
requiring FR940104-0-00034 2 27610 30730
perform FR940104-0-00034 2 27613 28093
randomized FR940104-0-00034 1 27615
doubleblind FR940104-0-00034 1 27617
placebocontrolled FR940104-0-00034 1 27619
tests FR940104-0-00034 1 27620
prove FR940104-0-00034 2 27622 28098
validity FR940104-0-00034 6 27624 28076 28100 28684 28968 29070
regulations FR940104-0-00034 6 27631 27762 27920 27950 28361 29109
deter FR940104-0-00034 1 27640
seeking FR940104-0-00034 1 27643
new FR940104-0-00034 3 27644 28141 28149
uses FR940104-0-00034 1 27645
lenient FR940104-0-00034 1 27662
engage FR940104-0-00034 1 27668
research FR940104-0-00034 2 27670 27855
develop FR940104-0-00034 1 27672
healthful FR940104-0-00034 1 27674
further FR940104-0-00034 3 27679 28236 30047
disparate FR940104-0-00034 1 27683
treatment FR940104-0-00034 1 27684
especially FR940104-0-00034 1 27690
unfair FR940104-0-00034 2 27691 29121
enormous FR940104-0-00034 1 27694
difference FR940104-0-00034 1 27695
factors FR940104-0-00034 1 27698
between FR940104-0-00034 2 27699 29305
untested FR940104-0-00034 1 27703
had FR940104-0-00034 3 27716 27739 29167
fair FR940104-0-00034 1 27719
date FR940104-0-00034 2 27721 29129
evaluations FR940104-0-00034 1 27724
approved FR940104-0-00034 2 27740 29150
four FR940104-0-00034 1 27742
ten FR940104-0-00034 1 27745
congressionallyproposed FR940104-0-00034 1 27746
seven FR940104-0-00034 2 27751 28619
claimed FR940104-0-00034 2 27755 28952
preamble FR940104-0-00034 2 27758 29134
unanimous FR940104-0-00034 2 27773 28760
nearunanimous FR940104-0-00034 1 27775
among FR940104-0-00034 11 27777 27847 27900 27938 28472 28735 28762 28772 28856 28927 29275
experts FR940104-0-00034 7 27778 27906 28268 28473 28763 28773 28928
order FR940104-0-00034 2 27780 30704
legislative FR940104-0-00034 2 27804 28699
clearly FR940104-0-00034 1 27810
indicates FR940104-0-00034 1 27811
level FR940104-0-00034 8 27815 29065 30373 30417 30432 30463 30512 30527
majority FR940104-0-00034 2 27849 29277
scientists FR940104-0-00034 4 27851 28736 28857 29279
familiar FR940104-0-00034 2 27852 29280
given FR940104-0-00034 1 27858
area FR940104-0-00034 2 27859 29340
commissioner FR940104-0-00034 2 27865 29285
kessler FR940104-0-00034 2 27866 29286
offered FR940104-0-00034 2 27867 30805
testimony FR940104-0-00034 1 27868
interpretation FR940104-0-00034 1 27871
house FR940104-0-00034 4 27875 28739 28996 29045
representatives FR940104-0-00034 1 27877
subcommittee FR940104-0-00034 1 27878
environment FR940104-0-00034 1 27883
requires FR940104-0-00034 2 27898 30188
requested FR940104-0-00034 3 27912 29099 29616
include FR940104-0-00034 6 27915 27951 29654 29978 30074 30791
provision FR940104-0-00034 3 27917 27953 30050
unanimity FR940104-0-00034 1 27934
prevent FR940104-0-00034 1 27936
confusion FR940104-0-00034 1 27937
asked FR940104-0-00034 1 27946
guarantees FR940104-0-00034 1 27955
achieved FR940104-0-00034 2 27968 29376
credible FR940104-0-00034 2 27971 29379
government FR940104-0-00034 2 27981 29389
recommends FR940104-0-00034 2 27983 29391
nutrient FR940104-0-00034 2 27988 29396
disease FR940104-0-00034 7 27995 29218 29249 29403 29761 30246 30679
healthrelated FR940104-0-00034 6 27997 29405 29763 29898 30248 30681
phrase FR940104-0-00034 3 28008 28036 28880
despite FR940104-0-00034 1 28020
inclusion FR940104-0-00034 2 28022 30732
language FR940104-0-00034 2 28025 29106
meaning FR940104-0-00034 1 28033
ambiguous FR940104-0-00034 1 28038
simply FR940104-0-00034 2 28046 29330
totality FR940104-0-00034 3 28049 29646 29706
publicly FR940104-0-00034 3 28051 29629 29648
determine FR940104-0-00034 1 28056
particular FR940104-0-00034 7 28061 29880 30245 30668 30837 30860 30866
justified FR940104-0-00034 1 28066
conducting FR940104-0-00034 2 28075 28683
assessments FR940104-0-00034 2 28077 28685
controlled FR940104-0-00034 2 28094 28262
trials FR940104-0-00034 1 28096
contrary FR940104-0-00034 2 28107 28415
discussed FR940104-0-00034 1 28110
2506 FR940104-0-00034 2 28122 28568
less FR940104-0-00034 2 28132 28313
case FR940104-0-00034 2 28146 29182
505 FR940104-0-00034 3 28153 28231 28374
usc FR940104-0-00034 1 28165
355 FR940104-0-00034 1 28166
secretary FR940104-0-00034 3 28177 29063 29491
shall FR940104-0-00034 3 28178 29492 29497
refuse FR940104-0-00034 1 28179
approve FR940104-0-00034 2 28181 28786
application FR940104-0-00034 2 28183 29086
lack FR940104-0-00034 1 28194
substantial FR940104-0-00034 4 28196 28241 28289 28395
purports FR940104-0-00034 1 28207
represented FR940104-0-00034 1 28210
prescribed FR940104-0-00034 1 28218
recommended FR940104-0-00034 1 28220
thereof FR940104-0-00034 1 28228
provides FR940104-0-00034 4 28235 28433 29081 30015
consisting FR940104-0-00034 1 28246
adequate FR940104-0-00034 3 28248 28341 28400
wellcontrolled FR940104-0-00034 3 28250 28343 28402
investigations FR940104-0-00034 4 28251 28255 28403 28410
human FR940104-0-00034 1 28257
conducted FR940104-0-00034 3 28259 28451 29610
setting FR940104-0-00034 1 28264
training FR940104-0-00034 2 28272 28477
experience FR940104-0-00034 2 28274 28479
effectiveness FR940104-0-00034 1 28278
involved FR940104-0-00034 1 28282
statutory FR940104-0-00034 2 28286 28325
confused FR940104-0-00034 1 28295
refer FR940104-0-00034 1 28305
scintilla FR940104-0-00034 1 28311
preponderance FR940104-0-00034 1 28316
direction FR940104-0-00034 1 28326
identified FR940104-0-00034 1 28331
characteristics FR940104-0-00034 1 28335
present FR940104-0-00034 3 28338 30414 30509
ยง314.126 FR940104-0-00034 1 28347
314.126 FR940104-0-00034 1 28351
101.14 FR940104-0-00034 4 28355 28386 30008 30181
mandate FR940104-0-00034 2 28364 30691
mention FR940104-0-00034 1 28392
provisions FR940104-0-00034 3 28427 30084 30129
welldesigned FR940104-0-00034 1 28449
i FR940104-0-00034 1 28507
did FR940104-0-00034 2 28520 28709
prescribe FR940104-0-00034 1 28522
specific FR940104-0-00034 8 28524 29145 29199 29319 29942 30206 30430 30525
set FR940104-0-00034 1 28525
support FR940104-0-00034 4 28537 28721 29692 29729
applied FR940104-0-00034 1 28548
advised FR940104-0-00034 2 28562 29940
topic FR940104-0-00034 1 28579
epidemiological FR940104-0-00034 1 28585
animal FR940104-0-00034 1 28589
addition FR940104-0-00034 3 28593 28645 30124
directed FR940104-0-00034 1 28598
10 FR940104-0-00034 3 28602 28622 29174
nutrientdisease FR940104-0-00034 2 28603 29175
rules FR940104-0-00034 1 28611
authorized FR940104-0-00034 4 28614 28815 29168 29194
2537 FR940104-0-00034 1 28628
2552 FR940104-0-00034 1 28630
2622 FR940104-0-00034 1 28632
2665 FR940104-0-00034 1 28634
2739 FR940104-0-00034 1 28636
2787 FR940104-0-00034 1 28638
2820 FR940104-0-00034 1 28641
recently FR940104-0-00034 1 28649
eighth FR940104-0-00034 1 28656
folic FR940104-0-00034 1 28658
acid FR940104-0-00034 1 28659
neural FR940104-0-00034 1 28661
tube FR940104-0-00034 1 28662
defects FR940104-0-00034 1 28663
53254 FR940104-0-00034 1 28668
approvals FR940104-0-00034 1 28677
agrees FR940104-0-00034 1 28696
makes FR940104-0-00034 2 28705 29003
intend FR940104-0-00034 1 28711
calling FR940104-0-00034 1 28714
represents FR940104-0-00034 1 28731
full FR940104-0-00034 1 28733
report FR940104-0-00034 6 28740 28997 29046 29479 29495 29506
ref FR940104-0-00034 2 28742 28999
* FR940104-0-00034 3 28748 28749 28750
every FR940104-0-00034 1 28781
expert FR940104-0-00034 1 28782
field FR940104-0-00034 1 28785
agree FR940104-0-00034 3 28788 29263 29365
shares FR940104-0-00034 1 28795
mean FR940104-0-00034 1 28806
restricting FR940104-0-00034 1 28819
counter FR940104-0-00034 1 28824
intent FR940104-0-00034 1 28827
never FR940104-0-00034 1 28845
intended FR940104-0-00034 3 28846 29007 29300
done FR940104-0-00034 3 28861 29575 29603
so FR940104-0-00034 1 28862
sensitive FR940104-0-00034 1 28867
perception FR940104-0-00034 1 28872
subjective FR940104-0-00034 2 28888 28914
evaluation FR940104-0-00034 1 28901
opinions FR940104-0-00034 1 28906
derived FR940104-0-00034 1 28907
somewhat FR940104-0-00034 1 28913
proposing FR940104-0-00034 1 28919
define FR940104-0-00034 2 28922 29267
56 FR940104-0-00034 1 28933
60537 FR940104-0-00034 1 28935
60548 FR940104-0-00034 1 28937
each FR940104-0-00034 1 28943
differ FR940104-0-00034 1 28946
nature FR940104-0-00034 2 28949 28986
deciding FR940104-0-00034 1 28961
exists FR940104-0-00034 1 28972
both FR940104-0-00034 1 28979
extent FR940104-0-00034 1 28981
disagreement FR940104-0-00034 1 28989
pointing FR940104-0-00034 1 29021
give FR940104-0-00034 1 29032
greater FR940104-0-00034 1 29033
weight FR940104-0-00034 1 29034
finds FR940104-0-00034 1 29040
persuasive FR940104-0-00034 1 29042
clarifies FR940104-0-00034 1 29048
overriding FR940104-0-00034 1 29051
consideration FR940104-0-00034 1 29052
comfort FR940104-0-00034 1 29067
clarification FR940104-0-00034 1 29080
guidance FR940104-0-00034 2 29083 30602
incorporating FR940104-0-00034 1 29096
changes FR940104-0-00034 2 29098 30158
codified FR940104-0-00034 1 29105
believe FR940104-0-00034 2 29114 30720
earlier FR940104-0-00034 1 29131
response FR940104-0-00034 1 29136
why FR940104-0-00034 1 29143
nevertheless FR940104-0-00034 1 29152
7 FR940104-0-00034 1 29171
correct FR940104-0-00034 1 29178
nutrients FR940104-0-00034 3 29200 29238 29257
cases FR940104-0-00034 1 29204
previously FR940104-0-00034 1 29208
attribute FR940104-0-00034 2 29216 29247
risk FR940104-0-00034 2 29219 29250
reductions FR940104-0-00034 1 29220
marked FR940104-0-00034 1 29232
insufficient FR940104-0-00034 1 29244
reduction FR940104-0-00034 1 29251
directly FR940104-0-00034 1 29252
themselves FR940104-0-00034 1 29258
issues FR940104-0-00034 1 29283
60 FR940104-0-00034 1 29296
percent FR940104-0-00034 1 29297
show FR940104-0-00034 1 29302
contrast FR940104-0-00034 1 29304
definition FR940104-0-00034 4 29320 29969 30394 30489
bright FR940104-0-00034 1 29332
line FR940104-0-00034 1 29333
draw FR940104-0-00034 1 29337
ultimately FR940104-0-00034 1 29342
exercise FR940104-0-00034 1 29347
judgment FR940104-0-00034 1 29350
arrived FR940104-0-00034 1 29352
after FR940104-0-00034 1 29354
input FR940104-0-00034 1 29355
community FR940104-0-00034 1 29359
while FR940104-0-00034 2 29408 30751
recognizes FR940104-0-00034 1 29410
significance FR940104-0-00034 3 29412 29746 30343
recommendations FR940104-0-00034 1 29415
charged FR940104-0-00034 1 29418
nonetheless FR940104-0-00034 1 29434
mindful FR940104-0-00034 1 29439
admonition FR940104-0-00034 1 29442
4 FR940104-0-00034 2 29450 30264
reads FR940104-0-00034 1 29459
regulation FR940104-0-00034 7 29467 29524 30032 30072 30208 30442 30537
subparagraph FR940104-0-00034 1 29469
relies FR940104-0-00034 1 29476
authoritative FR940104-0-00034 1 29482
body FR940104-0-00034 1 29484
decision FR940104-0-00034 1 29500
rejecting FR940104-0-00034 1 29501
conclusions FR940104-0-00034 1 29503
accordingly FR940104-0-00034 1 29509
retaining FR940104-0-00034 1 29513
20. FR940104-0-00034 1 29526
applauded FR940104-0-00034 1 29529
underrate FR940104-0-00034 2 29536 29714
cultural FR940104-0-00034 2 29545 29722
geographic FR940104-0-00034 2 29547 29724
origin FR940104-0-00034 2 29548 29725
ethnically FR940104-0-00034 1 29564
diverse FR940104-0-00034 1 29565
study FR940104-0-00034 2 29574 29716
anywhere FR940104-0-00034 1 29576
least FR940104-0-00034 1 29587
subpopulation FR940104-0-00034 1 29590
protocols FR940104-0-00034 1 29614
prospective FR940104-0-00034 1 29634
ethnobotanical FR940104-0-00034 2 29664 29789
traditional FR940104-0-00034 2 29667 29792
often FR940104-0-00034 1 29672
reaffirms FR940104-0-00034 1 29683
commitment FR940104-0-00034 1 29685
merits FR940104-0-00034 1 29696
attain FR940104-0-00034 1 29739
value FR940104-0-00034 4 29740 29870 30221 30663
direct FR940104-0-00034 1 29742
proportion FR940104-0-00034 1 29743
addressed FR940104-0-00034 1 29765
points FR940104-0-00034 1 29800
d. FR940104-0-00034 1 29825
general FR940104-0-00034 6 29826 29841 29920 29998 30178 30728
reliable FR940104-0-00034 2 29866 30659
ingestion FR940104-0-00034 5 29872 29876 30223 30227 30665
reduced FR940104-0-00034 2 29875 30226
pattern FR940104-0-00034 2 29889 30239
affecting FR940104-0-00034 2 29894 30677
diseases FR940104-0-00034 1 29896
references FR940104-0-00034 1 29943
revision FR940104-0-00034 1 29958
link FR940104-0-00034 1 29984
prescribes FR940104-0-00034 1 29997
1. FR940104-0-00034 1 30001
determines FR940104-0-00034 1 30019
propose FR940104-0-00034 2 30030 30068
subpart FR940104-0-00034 1 30034
e FR940104-0-00034 1 30035
101 FR940104-0-00034 1 30038
pertains FR940104-0-00034 1 30056
ยง101.9 FR940104-0-00034 2 30064 30126
amend FR940104-0-00034 1 30070
declaration FR940104-0-00034 1 30075
equally FR940104-0-00034 1 30095
forms FR940104-0-00034 1 30098
revise FR940104-0-00034 1 30112
reference FR940104-0-00034 3 30121 30298 30573
ยง101.36 FR940104-0-00034 1 30131
101.36 FR940104-0-00034 1 30135
establish FR940104-0-00034 1 30139
nutrition FR940104-0-00034 1 30143
received FR940104-0-00034 1 30154
requesting FR940104-0-00034 1 30157
aspect FR940104-0-00034 1 30161
therefore FR940104-0-00034 1 30166
adopting FR940104-0-00034 1 30171
2. FR940104-0-00034 1 30177
limited FR940104-0-00034 1 30217
describing FR940104-0-00034 1 30219
complete FR940104-0-00034 1 30255
truthful FR940104-0-00034 1 30257
misleading FR940104-0-00034 1 30261
contain FR940104-0-00034 2 30266 30858
intervening FR940104-0-00034 1 30278
material FR940104-0-00034 1 30279
display FR940104-0-00034 1 30285
panel FR940104-0-00034 1 30286
pdp FR940104-0-00034 1 30288
bear FR940104-0-00034 5 30296 30695 30744 30769 30872
attached FR940104-0-00034 1 30304
pamphlet FR940104-0-00034 1 30305
calcium FR940104-0-00034 1 30309
osteoporosis FR940104-0-00034 1 30311
appearing FR940104-0-00034 1 30318
elsewhere FR940104-0-00034 1 30319
enable FR940104-0-00034 1 30330
comprehend FR940104-0-00034 1 30334
understand FR940104-0-00034 1 30340
relative FR940104-0-00034 1 30342
decreased FR940104-0-00034 3 30368 30458 30823
sufficiently FR940104-0-00034 2 30382 30472
low FR940104-0-00034 4 30383 30401 30567 30615
meets FR940104-0-00034 3 30419 30514 30560
unless FR940104-0-00034 2 30428 30523
alternative FR940104-0-00034 2 30431 30526
high FR940104-0-00034 4 30473 30496 30563 30611
vii FR940104-0-00034 3 30549 30596 30934
additional FR940104-0-00034 1 30555
customarily FR940104-0-00034 1 30575
labeled FR940104-0-00034 1 30579
serving FR940104-0-00034 1 30580
size FR940104-0-00034 1 30581
differs FR940104-0-00034 1 30582
how FR940104-0-00034 1 30604
sold FR940104-0-00034 1 30622
restaurant FR940104-0-00034 1 30625
scientifically FR940104-0-00034 1 30653
nonmisleading FR940104-0-00034 1 30656
21. FR940104-0-00034 1 30684
they FR940104-0-00034 2 30700 30772
promote FR940104-0-00034 1 30706
awareness FR940104-0-00034 1 30708
benefits FR940104-0-00034 3 30711 30817 30848
associated FR940104-0-00034 2 30712 30818
labels FR940104-0-00034 3 30738 30764 30796
appearance FR940104-0-00034 3 30758 30777 30808
do FR940104-0-00034 3 30773 30854 30856
mandatory FR940104-0-00034 1 30781
choose FR940104-0-00034 1 30789
marketing FR940104-0-00034 1 30803
benefit FR940104-0-00034 1 30804
regarding FR940104-0-00034 2 30815 30835
increased FR940104-0-00034 1 30821
intake FR940104-0-00034 1 30825
aware FR940104-0-00034 1 30845
even FR940104-0-00034 1 30863
22. FR940104-0-00034 1 30877
who FR940104-0-00034 1 30886
elect FR940104-0-00034 1 30887
craft FR940104-0-00034 1 30889
own FR940104-0-00034 1 30891
model FR940104-0-00034 1 30900
verbatim FR940104-0-00034 1 30902
secure FR940104-0-00034 1 30905
understandability FR940104-0-00034 1 30914
prohibits FR940104-0-00034 1 30940
