otherwise FR940104-0-00086 1 96
required FR940104-0-00086 1 97
to FR940104-0-00086 32 98 112 312 353 363 370 392 409 415 423 447 497 555 587 617 636 653 694 703 717 736 740 758 784 879 898 928 940 968 984 1007 1076
be FR940104-0-00086 5 99 113 148 424 1077
submitted FR940104-0-00086 1 100
; FR940104-0-00086 8 101 115 477 488 722 903 922 1058
( FR940104-0-00086 41 102 117 151 171 229 234 264 267 280 292 295 298 342 403 462 478 490 533 577 605 676 706 724 762 844 858 870 888 904 924 942 945 964 970 973 988 1022 1026 1032 1051 1060
3 FR940104-0-00086 2 103 534
) FR940104-0-00086 41 104 119 160 173 231 236 266 269 282 294 297 300 344 405 464 480 492 535 579 607 678 708 726 764 846 860 872 890 906 926 944 947 966 972 975 990 1024 1028 1034 1053 1062
the FR940104-0-00086 92 105 109 120 130 138 210 246 249 261 272 316 326 331 334 339 348 354 357 364 373 378 383 387 393 411 416 419 433 437 441 448 451 458 466 481 494 500 504 511 519 536 556 559 566 596 600 618 624 630 645 656 664 671 682 685 704 715 718 727 734 737 741 748 756 759 770 785 794 833 837 849 862 867 880 884 892 895 899 908 929 934 958 961 981 985 1002 1046 1055 1064 1067 1073 1080
date FR940104-0-00086 2 106 121
by FR940104-0-00086 9 107 122 338 397 518 558 714 733 755
which FR940104-0-00086 5 108 123 143 562 629
course FR940104-0-00086 1 110
is FR940104-0-00086 9 111 351 413 614 632 647 791 1011 1043
completed FR940104-0-00086 2 114 149
and FR940104-0-00086 11 116 137 167 205 443 455 489 701 723 803 923
4 FR940104-0-00086 2 118 578
any FR940104-0-00086 9 124 133 216 242 444 508 650 709 751
resident FR940104-0-00086 2 125 145
training FR940104-0-00086 3 126 135 146
must FR940104-0-00086 2 127 147
begin FR940104-0-00086 1 128
, FR940104-0-00086 33 129 136 192 197 204 286 304 346 356 382 407 418 432 506 642 663 666 679 689 691 697 700 739 812 818 822 866 938 951 979 1017 1040 1070
location FR940104-0-00086 1 131
of FR940104-0-00086 43 132 140 185 274 283 301 328 333 368 440 486 503 515 524 552 565 599 602 621 623 626 670 684 729 750 773 787 797 801 836 841 848 851 883 886 894 948 960 976 1004 1015 1037 1066
residential FR940104-0-00086 1 134
period FR940104-0-00086 10 139 336 601 625 641 662 672 885 1057 1069
time FR940104-0-00086 1 141
within FR940104-0-00086 2 142 667
that FR940104-0-00086 9 144 465 493 640 655 661 743 915 920
. FR940104-0-00086 21 150 159 170 175 209 228 233 263 341 402 532 576 604 761 843 857 963 987 1025 1031 1088
authority FR940104-0-00086 1 152
: FR940104-0-00086 1 153
20 FR940104-0-00086 1 154
usc FR940104-0-00086 1 155
1087a FR940104-0-00086 1 156
et FR940104-0-00086 1 157
seq FR940104-0-00086 1 158
§685.303 FR940104-0-00086 1 161
disbursing FR940104-0-00086 1 162
borrowers FR940104-0-00086 3 163 169 208
' FR940104-0-00086 1 164
loan FR940104-0-00086 26 165 202 221 243 309 335 380 412 442 505 548 585 631 710 752 783 828 854 856 896 936 982 1006 1049 1056 1068
proceeds FR940104-0-00086 13 166 203 244 310 549 586 711 753 850 897 937 983 1003
counseling FR940104-0-00086 2 168 207
a FR940104-0-00086 29 172 181 186 220 237 275 305 313 429 463 474 529 540 580 588 609 765 774 788 809 852 889 991 996 1005 1008 1013 1041 1085
purpose FR940104-0-00086 1 174
this FR940104-0-00086 6 176 284 302 949 977 1038
section FR940104-0-00086 5 177 285 303 950 978
establishes FR940104-0-00086 1 178
rules FR940104-0-00086 2 179 217
governing FR940104-0-00086 1 180
school FR940104-0-00086 28 182 211 238 247 306 317 340 365 384 434 452 537 557 567 581 638 646 659 665 696 716 738 757 766 868 992 1047 1081
's FR940104-0-00086 14 183 188 366 460 483 513 521 543 568 687 720 839 901 998
disbursement FR940104-0-00086 10 184 277 350 391 439 446 772 959 1030 1042
borrower FR940104-0-00086 7 187 262 394 590 912 933 986
federal FR940104-0-00086 9 189 193 199 775 779 810 813 819 824
direct FR940104-0-00086 9 190 194 200 379 776 780 820 825 853
stafford FR940104-0-00086 7 191 196 777 782 811 821 827
unsubsidized FR940104-0-00086 3 195 781 826
or FR940104-0-00086 15 198 248 287 377 389 613 634 643 692 778 823 910 931 1000 1059
plus FR940104-0-00086 1 201
for FR940104-0-00086 8 206 218 499 561 628 649 816 1035
shall FR940104-0-00086 2 212 680
also FR940104-0-00086 1 213
comply FR940104-0-00086 1 214
with FR940104-0-00086 3 215 325 545
processing FR940104-0-00086 2 219 847
contained FR940104-0-00086 1 222
in FR940104-0-00086 11 223 271 290 323 372 457 510 674 793 913 1020
34 FR940104-0-00086 2 224 398
cfr FR940104-0-00086 2 225 399
part FR940104-0-00086 2 226 400
668 FR940104-0-00086 2 227 401
b FR940104-0-00086 7 230 293 479 677 905 943 971
general FR940104-0-00086 1 232
1 FR940104-0-00086 3 235 859 1033
may FR940104-0-00086 8 239 307 385 435 538 582 767 993
not FR940104-0-00086 8 240 583 746 768 806 873 952 994
disburse FR940104-0-00086 3 241 308 980
unless FR940104-0-00086 1 245
alternative FR940104-0-00086 1 250
originator FR940104-0-00086 1 251
has FR940104-0-00086 6 252 320 468 805 864 917
obtained FR940104-0-00086 1 253
an FR940104-0-00086 2 254 798
executed FR940104-0-00086 1 255
legally FR940104-0-00086 1 256
enforceable FR940104-0-00086 1 257
promissory FR940104-0-00086 1 258
note FR940104-0-00086 1 259
from FR940104-0-00086 2 260 330
2 FR940104-0-00086 3 265 296 989
i FR940104-0-00086 4 268 707 871 1052
except FR940104-0-00086 1 270
case FR940104-0-00086 1 273
late FR940104-0-00086 3 276 1029 1044
under FR940104-0-00086 1 278
paragraph FR940104-0-00086 5 279 291 941 969 1039
d FR940104-0-00086 2 281 1027
as FR940104-0-00086 3 288 395 1018
provided FR940104-0-00086 1 289
iii FR940104-0-00086 2 299 404
only FR940104-0-00086 2 311 546
student FR940104-0-00086 30 314 355 358 417 420 449 459 467 482 495 512 520 542 560 589 611 657 686 719 735 760 789 838 863 900 909 930 997 1009 1074
whom FR940104-0-00086 1 315
determines FR940104-0-00086 2 318 454
continuously FR940104-0-00086 1 319
maintained FR940104-0-00086 1 321
eligibility FR940104-0-00086 2 322 369
accordance FR940104-0-00086 1 324
provisions FR940104-0-00086 1 327
§685.200 FR940104-0-00086 1 329
beginning FR940104-0-00086 1 332
certified FR940104-0-00086 1 337
ii FR940104-0-00086 4 343 725 965 1061
if FR940104-0-00086 7 345 406 450 608 644 698 1045
after FR940104-0-00086 6 347 832 861 957 1054 1072
first FR940104-0-00086 8 349 438 597 619 771 795 834 881
made FR940104-0-00086 4 352 414 633 731
becomes FR940104-0-00086 1 359
ineligible FR940104-0-00086 1 360
due FR940104-0-00086 1 361
solely FR940104-0-00086 1 362
loss FR940104-0-00086 1 367
participate FR940104-0-00086 1 371
title FR940104-0-00086 1 374
iv FR940104-0-00086 1 375
programs FR940104-0-00086 1 376
program FR940104-0-00086 4 381 800 840 855
make FR940104-0-00086 2 386 436
second FR940104-0-00086 1 388
subsequent FR940104-0-00086 2 390 445
permitted FR940104-0-00086 1 396
prior FR940104-0-00086 3 408 616 878
when FR940104-0-00086 1 410
temporarily FR940104-0-00086 1 421
ceases FR940104-0-00086 1 422
enrolled FR940104-0-00086 3 425 792 1078
on FR940104-0-00086 5 426 471 526 1012 1082
at FR940104-0-00086 5 427 472 527 1079 1083
least FR940104-0-00086 4 428 473 528 1084
halftime FR940104-0-00086 4 430 475 530 1086
basis FR940104-0-00086 4 431 476 531 1087
subsequently FR940104-0-00086 1 453
documents FR940104-0-00086 1 456
file_ FR940104-0-00086 1 461
resumed FR940104-0-00086 1 469
enrollment FR940104-0-00086 4 470 525 603 627
revised FR940104-0-00086 1 484
cost FR940104-0-00086 2 485 514
attendance FR940104-0-00086 3 487 516 553
c FR940104-0-00086 4 491 845 925 1023
continues FR940104-0-00086 1 496
qualify FR940104-0-00086 1 498
entire FR940104-0-00086 1 501
amount FR940104-0-00086 4 502 728 749 893
notwithstanding FR940104-0-00086 1 507
reduction FR940104-0-00086 1 509
caused FR940104-0-00086 1 517
temporary FR940104-0-00086 1 522
cessation FR940104-0-00086 1 523
credit FR940104-0-00086 3 539 891 995
registered FR940104-0-00086 3 541 610 865
account FR940104-0-00086 6 544 721 786 902 921 999
those FR940104-0-00086 2 547 571
covering FR940104-0-00086 1 550
costs FR940104-0-00086 2 551 572
owed FR940104-0-00086 1 554
substantially FR940104-0-00086 1 563
all FR940104-0-00086 1 564
students FR940104-0-00086 2 569 817
incurring FR940104-0-00086 1 570
have FR940104-0-00086 1 573
been FR940104-0-00086 1 574
billed FR940104-0-00086 1 575
deliver FR940104-0-00086 2 584 927
earlier FR940104-0-00086 1 591
than FR940104-0-00086 3 592 875 954
ten FR940104-0-00086 1 593
days FR940104-0-00086 4 594 669 831 956
before FR940104-0-00086 2 595 1063
day FR940104-0-00086 4 598 620 835 882
5 FR940104-0-00086 3 606 946 974
withdraws FR940104-0-00086 1 612
expelled FR940104-0-00086 1 615
classes FR940104-0-00086 1 622
fails FR940104-0-00086 1 635
attend FR940104-0-00086 2 637 695
during FR940104-0-00086 2 639 660
unable FR940104-0-00086 1 648
other FR940104-0-00086 1 651
reason FR940104-0-00086 1 652
document FR940104-0-00086 1 654
attended FR940104-0-00086 1 658
30 FR940104-0-00086 2 668 830
described FR940104-0-00086 2 673 1019
§685.304 FR940104-0-00086 2 675 1021
notify FR940104-0-00086 2 681 907
secretary FR940104-0-00086 1 683
withdrawal FR940104-0-00086 1 688
expulsion FR940104-0-00086 1 690
failure FR940104-0-00086 1 693
applicable FR940104-0-00086 1 699
return FR940104-0-00086 1 702
secretary_ FR940104-0-00086 1 705
credited FR940104-0-00086 2 712 919
directly FR940104-0-00086 2 713 732
payments FR940104-0-00086 1 730
extent FR940104-0-00086 1 742
they FR940104-0-00086 1 744
do FR940104-0-00086 1 745
exceed FR940104-0-00086 1 747
delivered FR940104-0-00086 1 754
6 FR940104-0-00086 1 763
apply FR940104-0-00086 1 769
who FR940104-0-00086 3 790 804 1010
year FR940104-0-00086 1 796
undergraduate FR940104-0-00086 1 799
study FR940104-0-00086 2 802 842
previously FR940104-0-00086 1 807
received FR940104-0-00086 1 808
supplemental FR940104-0-00086 1 814
loans FR940104-0-00086 1 815
until FR940104-0-00086 1 829
shall_ FR940104-0-00086 1 869
more FR940104-0-00086 1 874
three FR940104-0-00086 1 876
weeks FR940104-0-00086 1 877
enrollment_ FR940104-0-00086 1 887
parent FR940104-0-00086 2 911 932
writing FR940104-0-00086 1 914
it FR940104-0-00086 1 916
so FR940104-0-00086 1 918
remaining FR940104-0-00086 1 935
subject FR940104-0-00086 2 939 967
later FR940104-0-00086 1 953
45 FR940104-0-00086 1 955
funds FR940104-0-00086 1 962
release FR940104-0-00086 1 1001
leave FR940104-0-00086 1 1014
absence FR940104-0-00086 1 1016
purposes FR940104-0-00086 1 1036
delivers FR940104-0-00086 1 1048
proceeds_ FR940104-0-00086 1 1050
end FR940104-0-00086 1 1065
but FR940104-0-00086 1 1071
ceased FR940104-0-00086 1 1075
( FR940104-0-00087 29 0 35 38 45 50 53 65 120 158 164 334 346 367 392 424 430 467 501 566 578 613 635 645 671 692 701 704 712 735
2 FR940104-0-00087 5 1 54 335 567 705
) FR940104-0-00087 29 2 37 40 47 52 55 67 122 160 166 336 348 369 394 426 432 469 503 568 580 615 637 669 673 694 703 706 714 737
a FR940104-0-00087 23 3 7 20 60 68 75 86 97 138 151 172 177 181 192 249 255 298 302 306 402 433 474 732
school FR940104-0-00087 25 4 13 61 156 174 193 221 263 300 311 317 344 403 434 463 476 479 509 512 528 549 557 576 611 682
may FR940104-0-00087 3 5 62 725
make FR940104-0-00087 1 6
late FR940104-0-00087 3 8 69 124
disbursement FR940104-0-00087 4 9 73 125 231
only FR940104-0-00087 1 10
if FR940104-0-00087 2 11 504
the FR940104-0-00087 66 12 15 26 30 101 108 114 143 155 169 188 220 229 233 236 262 273 282 286 295 310 316 320 339 343 351 353 358 361 374 398 406 454 462 471 478 482 494 497 505 511 527 535 538 548 552 562 571 575 582 590 617 621 640 676 681 689 696 717 719 723 739 745 769 774 787
or FR940104-0-00087 15 14 71 79 105 119 175 211 241 301 410 446 516 558 601 728
alternative FR940104-0-00087 1 16
originator FR940104-0-00087 1 17
has FR940104-0-00087 5 18 89 103 252 554
received FR940104-0-00087 2 19 254
completed FR940104-0-00087 2 21 107
promissory FR940104-0-00087 1 22
note FR940104-0-00087 1 23
prior FR940104-0-00087 4 24 226 328 514
to FR940104-0-00087 19 25 85 91 134 227 248 284 329 350 418 518 534 560 589 620 675 741 744 786
30th FR940104-0-00087 1 27
day FR940104-0-00087 1 28
after FR940104-0-00087 4 29 281 493 547
applicable FR940104-0-00087 1 31
condition FR940104-0-00087 1 32
in FR940104-0-00087 16 33 141 168 180 209 216 272 294 305 337 371 405 415 470 569 699
paragraph FR940104-0-00087 3 34 49 700
d FR940104-0-00087 3 36 51 417
1 FR940104-0-00087 3 39 165 431
of FR940104-0-00087 16 41 56 74 110 171 232 235 297 357 377 386 473 593 707 731 773
this FR940104-0-00087 4 42 57 224 708
section FR940104-0-00087 3 43 58 709
. FR940104-0-00087 11 44 157 163 215 293 333 391 423 429 565 789
3 FR940104-0-00087 2 46 393
notwithstanding FR940104-0-00087 1 48
, FR940104-0-00087 24 59 191 219 315 342 379 384 388 445 464 477 526 574 647 651 655 659 664 667 751 753 757 759 765
not FR940104-0-00087 3 63 146 253
make_ FR940104-0-00087 1 64
i FR940104-0-00087 4 66 347 468 579
second FR940104-0-00087 1 70
subsequent FR940104-0-00087 1 72
federal FR940104-0-00087 11 76 80 199 203 238 242 256 442 447 598 602
direct FR940104-0-00087 10 77 81 200 204 239 243 443 448 599 603
stafford FR940104-0-00087 11 78 83 201 206 240 245 257 444 450 600 605
unsubsidized FR940104-0-00087 5 82 205 244 449 604
loan FR940104-0-00087 6 84 115 246 258 665 733
borrower FR940104-0-00087 24 87 102 207 250 287 321 352 362 451 455 483 495 506 536 539 553 583 641 677 690 718 724 740 775
who FR940104-0-00087 3 88 251 595
ceased FR940104-0-00087 1 90
be FR940104-0-00087 3 92 135 781
enrolled FR940104-0-00087 4 93 147 179 304
on FR940104-0-00087 3 94 148 630
at FR940104-0-00087 9 95 149 154 187 261 457 461 537 609
least FR940104-0-00087 3 96 150 458
halftime FR940104-0-00087 3 98 152 459
basis FR940104-0-00087 2 99 153
unless FR940104-0-00087 1 100
graduated FR940104-0-00087 2 104 656
successfully FR940104-0-00087 1 106
period FR940104-0-00087 2 109 140
enrollment FR940104-0-00087 1 111
for FR940104-0-00087 9 112 137 176 185 259 313 607 626 639
which FR940104-0-00087 3 113 142 722
was FR940104-0-00087 2 116 145
intended FR940104-0-00087 1 117
; FR940104-0-00087 9 118 365 499 612 634 670 691 710 734
ii FR940104-0-00087 4 121 368 502 614
any FR940104-0-00087 1 123
that FR940104-0-00087 10 126 267 309 397 401 551 610 631 680 779
under FR940104-0-00087 2 127 721
34 FR940104-0-00087 2 128 419
cfr FR940104-0-00087 2 129 420
part FR940104-0-00087 2 130 421
668 FR940104-0-00087 2 131 422
is FR940104-0-00087 3 132 277 363
considered FR940104-0-00087 1 133
awarded FR940104-0-00087 1 136
payment FR940104-0-00087 1 139
student FR940104-0-00087 4 144 178 303 618
e FR940104-0-00087 2 159 702
initial FR940104-0-00087 3 161 340 407
counseling FR940104-0-00087 13 162 196 225 283 324 341 408 428 439 486 522 532 573
except FR940104-0-00087 2 167 465
case FR940104-0-00087 4 170 218 296 472
correspondence FR940104-0-00087 3 173 299 475
studyabroad FR940104-0-00087 2 182 307
program FR940104-0-00087 3 183 308 498
approved FR940104-0-00087 1 184
credit FR940104-0-00087 3 186 314 382
home FR940104-0-00087 1 189
institution FR940104-0-00087 1 190
shall FR940104-0-00087 7 194 222 265 318 435 480 529
conduct FR940104-0-00087 3 195 223 436
with FR940104-0-00087 8 197 270 322 440 484 584 587 716
each FR940104-0-00087 3 198 217 441
and FR940104-0-00087 9 202 264 355 366 389 500 711 760 771
either FR940104-0-00087 1 208
person FR940104-0-00087 1 210
by FR940104-0-00087 4 212 326 488 688
videotape FR940104-0-00087 1 213
presentation FR940104-0-00087 1 214
making FR940104-0-00087 1 228
first FR940104-0-00087 2 230 237
proceeds FR940104-0-00087 2 234 332
made FR940104-0-00087 1 247
attendance FR940104-0-00087 2 260 608
ensure FR940104-0-00087 1 266
an FR940104-0-00087 2 268 520
individual FR940104-0-00087 1 269
expertise FR940104-0-00087 1 271
title FR940104-0-00087 1 274
iv FR940104-0-00087 2 275 672
programs FR940104-0-00087 2 276 292
reasonably FR940104-0-00087 1 278
available FR940104-0-00087 2 279 642
shortly FR940104-0-00087 2 280 452
answer FR940104-0-00087 1 285
's FR940104-0-00087 6 288 513 540 747 762 776
questions FR940104-0-00087 1 289
regarding FR940104-0-00087 1 290
those FR940104-0-00087 3 291 331 627
approves FR940104-0-00087 1 312
provide FR940104-0-00087 4 319 481 581 742
written FR940104-0-00087 3 323 485 531
materials FR940104-0-00087 3 325 411 487
mail FR940104-0-00087 3 327 489 530
releasing FR940104-0-00087 1 330
conducting FR940104-0-00087 2 338 570
must_ FR940104-0-00087 1 345
emphasize FR940104-0-00087 1 349
seriousness FR940104-0-00087 1 354
importance FR940104-0-00087 1 356
repayment FR940104-0-00087 9 359 625 643 649 653 657 662 687 727
obligation FR940104-0-00087 1 360
assuming FR940104-0-00087 1 364
describe FR940104-0-00087 1 370
forceful FR940104-0-00087 1 372
terms FR940104-0-00087 1 373
likely FR940104-0-00087 1 375
consequences FR940104-0-00087 1 376
default FR940104-0-00087 1 378
including FR940104-0-00087 1 380
adverse FR940104-0-00087 1 381
reports FR940104-0-00087 1 383
garnishment FR940104-0-00087 1 385
wages FR940104-0-00087 1 387
litigation FR940104-0-00087 1 390
additional FR940104-0-00087 1 395
matters FR940104-0-00087 2 396 697
secretary FR940104-0-00087 2 399 788
recommends FR940104-0-00087 1 400
include FR940104-0-00087 2 404 695
session FR940104-0-00087 3 409 523 564
are FR940104-0-00087 1 412
set FR940104-0-00087 1 413
forth FR940104-0-00087 1 414
appendix FR940104-0-00087 1 416
f FR940104-0-00087 1 425
exit FR940104-0-00087 4 427 438 521 572
inn FR940104-0-00087 1 437
before FR940104-0-00087 1 453
ceases FR940104-0-00087 1 456
study FR940104-0-00087 1 460
that_ FR940104-0-00087 1 466
within FR940104-0-00087 3 490 544 783
30 FR940104-0-00087 2 491 545
days FR940104-0-00087 3 492 546 785
completes FR940104-0-00087 1 496
withdraws FR940104-0-00087 1 507
from FR940104-0-00087 2 508 556
without FR940104-0-00087 1 510
knowledge FR940104-0-00087 1 515
fails FR940104-0-00087 1 517
attend FR940104-0-00087 2 519 561
as FR940104-0-00087 4 524 619 766 768
scheduled FR940104-0-00087 2 525 563
material FR940104-0-00087 1 533
last FR940104-0-00087 1 541
known FR940104-0-00087 1 542
address FR940104-0-00087 3 543 752 772
learns FR940104-0-00087 1 550
withdrawn FR940104-0-00087 1 555
failed FR940104-0-00087 1 559
shall_ FR940104-0-00087 1 577
general FR940104-0-00087 1 585
information FR940104-0-00087 1 586
respect FR940104-0-00087 1 588
average FR940104-0-00087 3 591 622 632
indebtedness FR940104-0-00087 2 592 633
students FR940104-0-00087 2 594 628
have FR940104-0-00087 1 596
obtained FR940104-0-00087 1 597
loans FR940104-0-00087 1 606
inform FR940104-0-00087 1 616
anticipated FR940104-0-00087 1 623
monthly FR940104-0-00087 1 624
based FR940104-0-00087 1 629
iii FR940104-0-00087 1 636
review FR940104-0-00087 2 638 715
options FR940104-0-00087 1 644
eg FR940104-0-00087 1 646
standard FR940104-0-00087 1 648
plan FR940104-0-00087 4 650 654 658 663
extended FR940104-0-00087 1 652
income FR940104-0-00087 1 660
contingent FR940104-0-00087 1 661
consolidation FR940104-0-00087 1 666
refinancing FR940104-0-00087 1 668
suggest FR940104-0-00087 1 674
debtmanagement FR940104-0-00087 1 678
strategies FR940104-0-00087 1 679
determines FR940104-0-00087 1 683
would FR940104-0-00087 1 684
best FR940104-0-00087 1 685
assist FR940104-0-00087 1 686
v FR940104-0-00087 1 693
described FR940104-0-00087 1 698
vi FR940104-0-00087 1 713
conditions FR940104-0-00087 1 720
defer FR940104-0-00087 1 726
obtain FR940104-0-00087 1 729
cancellation FR940104-0-00087 1 730
vii FR940104-0-00087 1 736
require FR940104-0-00087 1 738
corrections FR940104-0-00087 1 743
institutions FR940104-0-00087 1 746
records FR940104-0-00087 1 748
concerning FR940104-0-00087 1 749
name FR940104-0-00087 2 750 770
social FR940104-0-00087 1 754
security FR940104-0-00087 1 755
number FR940104-0-00087 2 756 764
references FR940104-0-00087 1 758
driver FR940104-0-00087 1 761
license FR940104-0-00087 1 763
well FR940104-0-00087 1 767
expected FR940104-0-00087 1 777
employer FR940104-0-00087 1 778
must FR940104-0-00087 1 780
provided FR940104-0-00087 1 782
60 FR940104-0-00087 1 784
( FR940104-0-00088 34 0 32 53 57 68 141 175 188 208 273 280 288 291 295 298 314 344 370 396 432 472 494 516 644 679 682 685 688 695 738 768 786 805 815
3 FR940104-0-00088 5 1 299 517 689 806
) FR940104-0-00088 34 2 34 55 59 70 143 177 197 210 275 282 290 293 297 300 316 346 372 405 434 474 496 518 646 681 684 687 690 697 740 770 788 807 817
additional FR940104-0-00088 2 3 795
matters FR940104-0-00088 1 4
that FR940104-0-00088 11 5 9 65 97 118 253 392 408 448 597 611
the FR940104-0-00088 72 6 14 35 40 47 78 98 108 114 120 126 131 137 145 164 185 200 223 244 249 251 254 259 276 305 311 317 319 322 325 330 336 347 354 357 361 376 380 385 412 416 424 476 484 501 507 511 520 532 538 541 546 551 558 569 579 582 592 598 607 619 626 631 648 656 665 673 771 789 798 801 808
secretary FR940104-0-00088 3 7 250 657
recommends FR940104-0-00088 1 8
a FR940104-0-00088 28 10 94 203 209 219 227 235 265 371 390 427 438 446 463 487 525 587 651 659 702 714 719 739 750 757 763 775 781
school FR940104-0-00088 21 11 36 48 95 132 220 260 323 355 358 391 447 482 608 627 652 709 720 733 751 799
include FR940104-0-00088 1 12
in FR940104-0-00088 13 13 23 39 286 383 423 453 524 555 572 591 721 745
exit FR940104-0-00088 1 15
counseling FR940104-0-00088 1 16
session FR940104-0-00088 1 17
or FR940104-0-00088 16 18 85 102 135 157 159 174 180 231 329 343 403 431 456 468 821
materials FR940104-0-00088 1 19
are FR940104-0-00088 1 20
set FR940104-0-00088 1 21
forth FR940104-0-00088 1 22
appendix FR940104-0-00088 1 24
d FR940104-0-00088 1 25
to FR940104-0-00088 16 26 64 162 183 229 248 481 549 589 613 637 655 729 762 778 800
34 FR940104-0-00088 1 27
cfr FR940104-0-00088 1 28
part FR940104-0-00088 3 29 242 624
668 FR940104-0-00088 1 30
. FR940104-0-00088 18 31 67 76 187 196 207 212 272 279 356 471 515 565 625 643 694 701 744
4 FR940104-0-00088 2 33 645
shall FR940104-0-00088 3 37 133 221
maintain FR940104-0-00088 1 38
student FR940104-0-00088 26 41 127 146 204 228 255 306 320 326 337 362 386 439 477 502 521 533 547 570 612 632 660 703 764 772 802
borrower FR940104-0-00088 3 42 66 99
's FR940104-0-00088 12 43 49 147 205 307 327 363 440 503 534 653 661
file FR940104-0-00088 1 44
documents FR940104-0-00088 1 45
substantiating FR940104-0-00088 1 46
compliance FR940104-0-00088 1 50
with FR940104-0-00088 3 51 557 723
paragraphs FR940104-0-00088 3 52 287 678
e FR940104-0-00088 1 54
and FR940104-0-00088 7 56 261 294 594 670 710 804
f FR940104-0-00088 1 58
of FR940104-0-00088 38 60 72 80 110 122 202 246 301 324 332 349 365 379 415 426 443 486 489 497 510 513 527 540 560 578 581 618 650 672 691 699 716 736 741 760 783 791 810
this FR940104-0-00088 10 61 213 241 302 498 623 641 692 724 742
section FR940104-0-00088 6 62 214 303 499 693 743
as FR940104-0-00088 3 63 284 351
g FR940104-0-00088 1 69
treatment FR940104-0-00088 1 71
excess FR940104-0-00088 1 73
loan FR940104-0-00088 6 74 90 115 161 236 620
proceeds FR940104-0-00088 1 75
before FR940104-0-00088 1 77
delivery FR940104-0-00088 1 79
any FR940104-0-00088 2 81 746
federal FR940104-0-00088 4 82 86 148 153
direct FR940104-0-00088 4 83 87 149 154
stafford FR940104-0-00088 3 84 89 151
unsubsidized FR940104-0-00088 2 88 150
disbursement FR940104-0-00088 1 91
, FR940104-0-00088 25 92 130 152 156 168 304 338 398 400 402 406 465 467 500 531 567 574 586 606 658 667 669 747 749 765
if FR940104-0-00088 6 93 169 475 519 545 568
learns FR940104-0-00088 1 96
would FR940104-0-00088 1 100
receive FR940104-0-00088 1 101
has FR940104-0-00088 7 103 237 256 478 705 711 773
received FR940104-0-00088 1 104
financial FR940104-0-00088 1 105
aid FR940104-0-00088 1 106
for FR940104-0-00088 12 107 112 124 217 226 243 262 389 445 616 647 734
period FR940104-0-00088 2 109 748
enrollment FR940104-0-00088 1 111
which FR940104-0-00088 3 113 125 384
was FR940104-0-00088 2 116 387
intended FR940104-0-00088 1 117
exceeds FR940104-0-00088 1 119
amount FR940104-0-00088 1 121
assistance FR940104-0-00088 1 123
is FR940104-0-00088 8 128 310 340 506 522 537 664 726
eligible FR940104-0-00088 1 129
reduce FR940104-0-00088 1 134
eliminate FR940104-0-00088 2 136 184
overaward FR940104-0-00088 2 138 186
by FR940104-0-00088 6 139 335 353 529 718 797
either_ FR940104-0-00088 1 140
1 FR940104-0-00088 4 142 281 683 769
using FR940104-0-00088 1 144
plus FR940104-0-00088 1 155
statesponsored FR940104-0-00088 1 158
private FR940104-0-00088 1 160
cover FR940104-0-00088 1 163
expected FR940104-0-00088 1 165
family FR940104-0-00088 1 166
contribution FR940104-0-00088 1 167
not FR940104-0-00088 6 170 461 479 629 727 813
already FR940104-0-00088 1 171
done FR940104-0-00088 1 172
; FR940104-0-00088 6 173 342 430 785 803 820
2 FR940104-0-00088 4 176 292 473 787
reducing FR940104-0-00088 1 178
one FR940104-0-00088 2 179 635
more FR940104-0-00088 3 181 633 755
disbursements FR940104-0-00088 1 182
authority FR940104-0-00088 1 189
: FR940104-0-00088 1 190
20 FR940104-0-00088 1 191
usc FR940104-0-00088 1 192
1087a FR940104-0-00088 1 193
et FR940104-0-00088 1 194
seq FR940104-0-00088 1 195
§685.304 FR940104-0-00088 1 198
determining FR940104-0-00088 2 199 263
date FR940104-0-00088 17 201 225 252 278 309 318 331 348 364 378 442 505 536 539 580 663 675
withdrawal FR940104-0-00088 12 206 224 277 308 328 333 350 366 504 535 662 674
purpose FR940104-0-00088 3 211 245 649
establishes FR940104-0-00088 2 215 571
rules FR940104-0-00088 1 216
how FR940104-0-00088 1 218
determine FR940104-0-00088 2 222 360
whom FR940104-0-00088 1 230
on FR940104-0-00088 3 232 604 640
whose FR940104-0-00088 1 233
behalf FR940104-0-00088 1 234
been FR940104-0-00088 3 238 706 712
made FR940104-0-00088 3 239 621 774
under FR940104-0-00088 6 240 270 492 563 622 677
reporting FR940104-0-00088 2 247 654
withdrawn FR940104-0-00088 2 257 731
from FR940104-0-00088 3 258 708 732
when FR940104-0-00088 1 264
refund FR940104-0-00088 1 266
must FR940104-0-00088 3 267 359 601
be FR940104-0-00088 4 268 421 602 779
paid FR940104-0-00088 1 269
§685.305 FR940104-0-00088 1 271
b FR940104-0-00088 6 274 289 296 433 680 686
except FR940104-0-00088 2 283 407
provided FR940104-0-00088 2 285 766
earlier FR940104-0-00088 1 312
of_ FR940104-0-00088 1 313
i FR940104-0-00088 2 315 816
notifies FR940104-0-00088 1 321
specified FR940104-0-00088 1 334
whichever FR940104-0-00088 1 339
later FR940104-0-00088 2 341 368
ii FR940104-0-00088 1 345
determined FR940104-0-00088 2 352 676
no FR940104-0-00088 3 367 754 794
than_ FR940104-0-00088 1 369
fortyfive FR940104-0-00088 1 373
days FR940104-0-00088 5 374 410 436 577 819
after FR940104-0-00088 3 375 411 437
expiration FR940104-0-00088 2 377 485
academic FR940104-0-00088 3 381 394 450
term FR940104-0-00088 2 382 419
enrolled FR940104-0-00088 2 388 523
uses FR940104-0-00088 1 393
terms FR940104-0-00088 1 395
eg FR940104-0-00088 1 397
semester FR940104-0-00088 2 399 464
trimester FR940104-0-00088 2 401 466
quarter FR940104-0-00088 2 404 469
30 FR940104-0-00088 1 409
first FR940104-0-00088 2 413 508
day FR940104-0-00088 3 414 509 668
next FR940104-0-00088 2 417 552
scheduled FR940104-0-00088 2 418 553
may FR940104-0-00088 4 420 609 628 752
used FR940104-0-00088 1 422
case FR940104-0-00088 1 425
summer FR940104-0-00088 1 428
break FR940104-0-00088 1 429
twentyfive FR940104-0-00088 1 435
last FR940104-0-00088 3 441 542 583
attendance FR940104-0-00088 1 444
measures FR940104-0-00088 1 449
progress FR940104-0-00088 1 451
either FR940104-0-00088 1 452
clock FR940104-0-00088 1 454
hours FR940104-0-00088 2 455 458
credit FR940104-0-00088 1 457
but FR940104-0-00088 1 459
does FR940104-0-00088 2 460 812
use FR940104-0-00088 1 462
system FR940104-0-00088 1 470
returned FR940104-0-00088 1 480
at FR940104-0-00088 1 483
leave FR940104-0-00088 7 488 512 715 759 782 790 809
absence FR940104-0-00088 8 490 514 700 717 761 784 792 811
approved FR940104-0-00088 1 491
paragraph FR940104-0-00088 3 493 725 737
c FR940104-0-00088 2 495 696
program FR940104-0-00088 2 526 593
study FR940104-0-00088 1 528
correspondence FR940104-0-00088 1 530
lesson FR940104-0-00088 3 543 554 584
submitted FR940104-0-00088 3 544 585 603
fails FR940104-0-00088 1 548
submit FR940104-0-00088 1 550
accordance FR940104-0-00088 2 556 722
schedule FR940104-0-00088 1 559
lessons FR940104-0-00088 2 561 600
established FR940104-0-00088 1 562
§685.302 FR940104-0-00088 1 564
however FR940104-0-00088 1 566
writing FR940104-0-00088 1 573
within FR940104-0-00088 1 575
60 FR940104-0-00088 1 576
desire FR940104-0-00088 1 588
continue FR940104-0-00088 1 590
an FR940104-0-00088 1 595
understanding FR940104-0-00088 1 596
required FR940104-0-00088 1 599
time FR940104-0-00088 1 605
restore FR940104-0-00088 1 610
inl FR940104-0-00088 2 614 638
status FR940104-0-00088 2 615 639
purposes FR940104-0-00088 2 617 735
grant FR940104-0-00088 2 630 753
than FR940104-0-00088 2 634 756
restoration FR940104-0-00088 1 636
basis FR940104-0-00088 1 642
month FR940104-0-00088 1 666
year FR940104-0-00088 1 671
leaves FR940104-0-00088 1 698
who FR940104-0-00088 1 704
absent FR940104-0-00088 1 707
granted FR940104-0-00088 2 713 780
considered FR940104-0-00088 1 728
have FR940104-0-00088 1 730
single FR940104-0-00088 1 758
that_ FR940104-0-00088 1 767
written FR940104-0-00088 1 776
request FR940104-0-00088 1 777
involves FR940104-0-00088 1 793
charges FR940104-0-00088 1 796
exceed_ FR940104-0-00088 1 814
sixty FR940104-0-00088 1 818
( FR940104-0-00089 38 0 12 54 98 117 157 181 207 263 278 293 296 299 304 330 347 369 404 452 494 523 537 612 627 639 683 688 731 775 799 827 835 868 880 894 906 925 936
ii FR940104-0-00089 2 1 881
) FR940104-0-00089 38 2 14 56 107 119 159 183 209 265 280 295 298 301 306 332 356 371 406 454 496 532 539 614 629 641 685 690 733 777 808 829 837 870 882 896 908 927 938
six FR940104-0-00089 1 3
months FR940104-0-00089 1 4
under FR940104-0-00089 4 5 291 328 792
either FR940104-0-00089 2 6 484
of FR940104-0-00089 37 7 28 33 36 48 51 59 64 91 110 142 164 203 211 218 310 322 326 341 344 433 445 515 551 573 578 587 596 619 691 704 708 724 874 890 941 962
the FR940104-0-00089 83 8 15 23 31 34 45 49 57 65 75 79 114 132 138 146 152 165 177 190 193 199 216 236 243 247 285 308 320 338 364 376 386 393 407 410 417 420 424 431 440 447 462 466 469 476 485 490 505 508 513 518 542 561 568 571 576 581 585 594 601 615 630 650 657 668 671 695 699 716 721 725 734 760 778 788 793 822 854 872 884 922 948 957
following FR940104-0-00089 2 9 517
circumstances FR940104-0-00089 1 10
: FR940104-0-00089 5 11 100 349 525 801
a FR940104-0-00089 38 13 19 82 86 89 111 118 125 129 143 155 173 196 219 231 257 269 273 311 370 372 382 457 498 538 545 552 588 620 644 689 711 738 746 755 828 933 942
school FR940104-0-00089 27 16 21 24 80 133 147 194 244 270 318 373 411 418 432 448 458 499 519 546 616 631 645 712 747 756 833 934
is FR940104-0-00089 9 17 61 149 170 228 260 276 502 556
not FR940104-0-00089 2 18 315
correspondence FR940104-0-00089 1 20
and FR940104-0-00089 16 22 180 429 575 811 814 839 843 846 859 876 893 905 916 952 965
's FR940104-0-00089 15 25 67 167 221 287 412 449 459 500 520 617 632 718 757 790
next FR940104-0-00089 1 26
period FR940104-0-00089 3 27 226 241
enrollment FR940104-0-00089 1 29
after FR940104-0-00089 4 30 44 284 337
start FR940104-0-00089 1 32
leave FR940104-0-00089 6 35 50 58 90 325 343
absence FR940104-0-00089 6 37 52 60 92 327 345
would FR940104-0-00089 1 38
begin FR940104-0-00089 1 39
more FR940104-0-00089 1 40
than FR940104-0-00089 2 41 94
60 FR940104-0-00089 3 42 95 282
days FR940104-0-00089 6 43 96 283 336 444 961
first FR940104-0-00089 2 46 514
day FR940104-0-00089 2 47 340
. FR940104-0-00089 31 53 97 106 116 121 154 206 213 262 268 346 355 368 403 451 493 522 531 536 541 567 638 682 730 774 798 807 826 831 924 932
b FR940104-0-00089 6 55 208 294 405 640 926
requested FR940104-0-00089 1 62
because FR940104-0-00089 1 63
student FR940104-0-00089 10 66 76 166 205 220 286 312 875 928 943
medically FR940104-0-00089 1 68
determinable FR940104-0-00089 1 69
condition FR940104-0-00089 1 70
, FR940104-0-00089 17 71 128 242 333 461 507 558 592 667 679 694 714 720 750 752 771 950
in FR940104-0-00089 25 72 214 250 307 363 375 392 455 475 483 606 609 642 659 674 715 759 764 796 821 853 856 860 865 901
which FR940104-0-00089 2 73 600
case FR940104-0-00089 2 74 309
must FR940104-0-00089 1 77
provide FR940104-0-00089 2 78 185
with FR940104-0-00089 4 81 661 766 898
written FR940104-0-00089 3 83 187 383
recommendation FR940104-0-00089 1 84
from FR940104-0-00089 6 85 145 390 656 887 947
physician FR940104-0-00089 1 87
for FR940104-0-00089 9 88 124 223 238 255 360 468 599 818
longer FR940104-0-00089 1 93
authority FR940104-0-00089 4 99 348 524 800
20 FR940104-0-00089 4 101 350 526 802
usc FR940104-0-00089 4 102 351 527 803
1087a FR940104-0-00089 4 103 352 528 804
et FR940104-0-00089 4 104 353 529 805
seq FR940104-0-00089 4 105 354 530 806
§685.305 FR940104-0-00089 1 108
payment FR940104-0-00089 2 109 267
refund FR940104-0-00089 8 112 144 168 197 212 222 258 274
to FR940104-0-00089 27 113 134 137 151 172 176 189 198 230 317 385 388 401 414 422 436 473 481 547 565 646 649 653 701 786 921 956
secretary FR940104-0-00089 22 115 139 178 200 387 408 463 506 543 569 582 651 658 669 696 717 735 779 789 923 949 958
general FR940104-0-00089 3 120 540 830
by FR940104-0-00089 5 122 235 504 710 913
applying FR940104-0-00089 1 123
direct FR940104-0-00089 12 126 174 232 365 377 394 425 477 486 553 761 823
loan FR940104-0-00089 15 127 153 175 233 366 378 395 426 478 487 554 589 597 762 824
borrower FR940104-0-00089 5 130 191 237 562 602
authorizes FR940104-0-00089 1 131
pay FR940104-0-00089 3 135 161 272
directly FR940104-0-00089 1 136
that FR940104-0-00089 15 140 148 162 169 204 227 239 259 275 342 549 555 560 584 954
portion FR940104-0-00089 4 141 163 217 550
allocable FR940104-0-00089 3 150 171 229
school_ FR940104-0-00089 1 156
1 FR940104-0-00089 6 158 279 297 613 836 937
shall FR940104-0-00089 4 160 184 245 271
; FR940104-0-00089 7 179 302 625 879 892 904 964
2 FR940104-0-00089 4 182 305 628 907
simultaneous FR940104-0-00089 1 186
notice FR940104-0-00089 1 188
if FR940104-0-00089 5 192 416 497 580 713
pays FR940104-0-00089 1 195
on FR940104-0-00089 2 201 512
behalf FR940104-0-00089 1 202
allocation FR940104-0-00089 1 210
determining FR940104-0-00089 1 215
an FR940104-0-00089 4 224 323 662 742
academic FR940104-0-00089 2 225 240
received FR940104-0-00089 1 234
follow FR940104-0-00089 1 246
procedures FR940104-0-00089 3 248 672 845
established FR940104-0-00089 1 249
34 FR940104-0-00089 5 251 675 767 861 917
cfr FR940104-0-00089 5 252 676 768 862 918
part FR940104-0-00089 8 253 610 677 769 858 863 915 919
668 FR940104-0-00089 5 254 678 770 864 920
allocating FR940104-0-00089 1 256
payable FR940104-0-00089 1 261
c FR940104-0-00089 4 264 331 453 684
timely FR940104-0-00089 1 266
due_ FR940104-0-00089 1 277
within FR940104-0-00089 4 281 334 442 959
withdrawal FR940104-0-00089 3 288 358 509
as FR940104-0-00089 2 289 850
determined FR940104-0-00089 1 290
§685.304 FR940104-0-00089 2 292 329
3 FR940104-0-00089 1 300
or FR940104-0-00089 17 303 438 480 489 559 590 593 608 623 626 634 652 664 706 740 748 753
who FR940104-0-00089 1 313
does FR940104-0-00089 1 314
return FR940104-0-00089 2 316 953
at FR940104-0-00089 1 319
expiration FR940104-0-00089 1 321
approved FR940104-0-00089 2 324 503
30 FR940104-0-00089 3 335 443 960
last FR940104-0-00089 1 339
§685.306 FR940104-0-00089 1 357
procedure FR940104-0-00089 1 359
schools FR940104-0-00089 2 361 819
participating FR940104-0-00089 3 362 374 820
program FR940104-0-00089 10 367 379 396 427 479 488 492 665 763 825
may FR940104-0-00089 4 380 697 736 780
submit FR940104-0-00089 2 381 909
request FR940104-0-00089 8 384 413 441 450 460 470 501 521
withdraw FR940104-0-00089 2 389 402
participation FR940104-0-00089 4 391 474 482 758
explaining FR940104-0-00089 1 397
why FR940104-0-00089 1 398
it FR940104-0-00089 1 399
seeks FR940104-0-00089 1 400
reviews FR940104-0-00089 1 409
determine FR940104-0-00089 1 415
has FR940104-0-00089 1 419
ability FR940104-0-00089 1 421
administer FR940104-0-00089 1 423
properly FR940104-0-00089 1 428
notifies FR940104-0-00089 1 430
his FR940104-0-00089 1 434
decision FR940104-0-00089 1 435
approve FR940104-0-00089 1 437
disapprove FR940104-0-00089 1 439
receiving FR940104-0-00089 1 446
reviewing FR940104-0-00089 1 456
considers FR940104-0-00089 1 464
whether FR940104-0-00089 1 465
reasons FR940104-0-00089 1 467
apply FR940104-0-00089 1 471
only FR940104-0-00089 1 472
ffel FR940104-0-00089 1 491
d FR940104-0-00089 2 495 732
becomes FR940104-0-00089 1 510
effective FR940104-0-00089 1 511
july FR940104-0-00089 1 516
§685.307 FR940104-0-00089 1 533
remedial FR940104-0-00089 1 534
actions FR940104-0-00089 1 535
requires FR940104-0-00089 3 544 570 729
purchase FR940104-0-00089 3 548 577 654
unenforceable FR940104-0-00089 1 557
was FR940104-0-00089 2 563 603
ineligible FR940104-0-00089 2 564 604
receive FR940104-0-00089 1 566
repayment FR940104-0-00089 2 572 703
funds FR940104-0-00089 3 574 648 705
loans FR940104-0-00089 4 579 591 655 709
determines FR940104-0-00089 1 583
unenforceability FR940104-0-00089 1 586
disbursement FR940104-0-00089 1 595
amounts FR940104-0-00089 1 598
resulted FR940104-0-00089 1 605
whole FR940104-0-00089 1 607
from_ FR940104-0-00089 1 611
violation FR940104-0-00089 1 618
federal FR940104-0-00089 1 621
statute FR940104-0-00089 1 622
regulation FR940104-0-00089 1 624
negligent FR940104-0-00089 1 633
willful FR940104-0-00089 1 635
false FR940104-0-00089 1 636
certification FR940104-0-00089 1 637
requiring FR940104-0-00089 1 643
repay FR940104-0-00089 1 647
connection FR940104-0-00089 1 660
audit FR940104-0-00089 1 663
review FR940104-0-00089 1 666
follows FR940104-0-00089 1 670
described FR940104-0-00089 1 673
subpart FR940104-0-00089 2 680 772
h FR940104-0-00089 1 681
notwithstanding FR940104-0-00089 1 686
paragraph FR940104-0-00089 1 687
this FR940104-0-00089 3 692 857 914
section FR940104-0-00089 1 693
waive FR940104-0-00089 1 698
right FR940104-0-00089 1 700
require FR940104-0-00089 1 702
purchasing FR940104-0-00089 1 707
judgment FR940104-0-00089 1 719
best FR940104-0-00089 1 722
interest FR940104-0-00089 1 723
united FR940104-0-00089 2 726 885
states FR940104-0-00089 2 727 886
so FR940104-0-00089 1 728
impose FR940104-0-00089 1 737
fine FR940104-0-00089 1 739
take FR940104-0-00089 2 741 781
emergency FR940104-0-00089 1 743
action FR940104-0-00089 2 744 784
against FR940104-0-00089 1 745
limit FR940104-0-00089 1 749
suspend FR940104-0-00089 1 751
terminate FR940104-0-00089 1 754
accordance FR940104-0-00089 1 765
g FR940104-0-00089 1 773
e FR940104-0-00089 1 776
any FR940104-0-00089 1 782
other FR940104-0-00089 1 783
necessary FR940104-0-00089 2 785 848
enforce FR940104-0-00089 1 787
rights FR940104-0-00089 2 791 873
agreement FR940104-0-00089 1 794
specified FR940104-0-00089 1 795
§685.300 FR940104-0-00089 1 797
§685.308 FR940104-0-00089 1 809
administrative FR940104-0-00089 2 810 842
fiscal FR940104-0-00089 2 812 844
control FR940104-0-00089 1 813
fund FR940104-0-00089 1 815
accounting FR940104-0-00089 1 816
requirements FR940104-0-00089 2 817 900
each FR940104-0-00089 1 832
shall_ FR940104-0-00089 2 834 935
establish FR940104-0-00089 1 838
maintain FR940104-0-00089 1 840
proper FR940104-0-00089 1 841
all FR940104-0-00089 2 847 910
records FR940104-0-00089 1 849
set FR940104-0-00089 1 851
forth FR940104-0-00089 1 852
regulations FR940104-0-00089 2 855 903
order FR940104-0-00089 1 866
to_ FR940104-0-00089 1 867
i FR940104-0-00089 1 869
protect FR940104-0-00089 2 871 883
parent FR940104-0-00089 1 877
borrowers FR940104-0-00089 1 878
unreasonable FR940104-0-00089 1 888
risk FR940104-0-00089 1 889
loss FR940104-0-00089 1 891
iii FR940104-0-00089 1 895
comply FR940104-0-00089 1 897
specific FR940104-0-00089 1 899
those FR940104-0-00089 1 902
reports FR940104-0-00089 2 911 931
required FR940104-0-00089 1 912
status FR940104-0-00089 2 929 944
confirmation FR940104-0-00089 2 930 945
upon FR940104-0-00089 1 939
receipt FR940104-0-00089 2 940 963
report FR940104-0-00089 2 946 955
complete FR940104-0-00089 1 951
( FR940104-0-00090 1 0
2 FR940104-0-00090 1 1
) FR940104-0-00090 1 2
