the FR940104-0-00034 133 40088 40092 40098 40101 40104 40112 40136 40140 40149 40161 40173 40177 40198 40212 40228 40249 40253 40266 40270 40279 40289 40305 40330 40339 40342 40355 40364 40373 40380 40383 40387 40392 40395 40399 40405 40421 40424 40436 40443 40449 40452 40459 40466 40469 40481 40508 40515 40519 40528 40540 40563 40574 40577 40580 40610 40628 40632 40655 40659 40677 40691 40727 40731 40751 40755 40758 40768 40775 40779 40789 40851 40857 40860 40878 40905 40910 40934 40939 40950 40996 41014 41037 41049 41068 41085 41090 41102 41115 41149 41158 41163 41168 41177 41182 41189 41202 41216 41231 41240 41364 41437 41444 41494 41508 41528 41552 41582 41662 41716 41767 41771 41799 41806 41843 41888 41913 41920 41944 41961 42003 42006 42060 42095 42107 42134 42142 42147 42187 42208 42238 42247 42252 42258
issues FR940104-0-00034 2 40089 40728
associated FR940104-0-00034 2 40090 40645
with FR940104-0-00034 14 40091 40115 40192 40372 40377 40442 40676 40904 41026 41122 41977 41986 42000 42250
proposal FR940104-0-00034 3 40093 41071 41161
. FR940104-0-00034 74 40094 40124 40146 40164 40194 40202 40262 40298 40338 40404 40451 40472 40495 40531 40583 40585 40652 40683 40709 40725 40771 40795 40799 40850 40868 40930 40976 41017 41062 41128 41146 41174 41210 41228 41254 41283 41307 41309 41316 41318 41326 41328 41347 41349 41357 41381 41387 41401 41421 41425 41427 41468 41473 41490 41545 41569 41606 41693 41740 41778 41876 41918 41946 42002 42077 42084 42176 42186 42219 42283 42287 42297 42308 42312
as FR940104-0-00034 11 40095 40433 40435 40639 40668 40782 40891 41521 41539 41684 42022
explained FR940104-0-00034 2 40096 40533
in FR940104-0-00034 50 40097 40190 40307 40325 40329 40344 40376 40440 40484 40496 40522 40534 40539 40560 40576 40591 40609 40674 40718 40730 40750 40764 40902 40957 41067 41108 41120 41130 41155 41195 41207 41239 41477 41480 41719 41756 41809 41833 41905 41929 41960 41975 41984 41998 42098 42110 42211 42232 42237 42246
preamble FR940104-0-00034 1 40099
of FR940104-0-00034 71 40100 40182 40211 40227 40252 40269 40302 40382 40394 40461 40527 40562 40579 40634 40647 40744 40757 40760 40767 40778 40811 40877 40927 40942 40949 41000 41072 41092 41104 41117 41140 41148 41165 41181 41215 41224 41286 41299 41439 41446 41448 41475 41510 41551 41581 41665 41710 41714 41775 41804 41838 41891 41896 41908 41915 41943 41965 41993 42005 42009 42017 42023 42046 42062 42070 42105 42141 42189 42206 42293 42303
proposals FR940104-0-00034 3 40102 40596 40737
, FR940104-0-00034 145 40103 40123 40130 40148 40231 40233 40265 40328 40334 40357 40370 40391 40397 40432 40506 40514 40601 40604 40611 40618 40620 40624 40637 40642 40654 40687 40738 40816 40821 40834 40836 40872 40883 40901 40909 40965 40980 41052 41073 41081 41111 41133 41176 41247 41252 41256 41260 41262 41265 41279 41288 41292 41301 41305 41314 41315 41322 41324 41325 41334 41344 41353 41355 41356 41360 41362 41373 41389 41394 41396 41399 41407 41413 41417 41419 41423 41433 41456 41463 41464 41465 41470 41485 41492 41497 41499 41514 41547 41549 41562 41564 41571 41573 41575 41577 41579 41585 41587 41595 41597 41599 41601 41603 41621 41633 41647 41654 41661 41677 41712 41730 41732 41734 41754 41760 41802 41817 41820 41822 41826 41841 41899 41933 41983 41997 42024 42025 42048 42050 42052 42076 42103 42118 42133 42154 42157 42159 42161 42163 42204 42245 42254 42286 42291 42301
ds FR940104-0-00034 1 40105
act FR940104-0-00034 11 40106 40236 40680 40792 40854 40908 41066 41298 41502 41557 41590
requires FR940104-0-00034 2 40107 40855
that FR940104-0-00034 42 40108 40152 40169 40172 40197 40217 40318 40320 40347 40408 40477 40545 40557 40565 40569 40627 40658 40705 40715 40826 40856 40884 40892 40913 40978 40995 41003 41034 41042 41054 41084 41131 41204 41727 41761 41776 41848 41854 41883 41916 41938 42199
final FR940104-0-00034 8 40109 40543 40752 40780 40886 40915 41197 41217
rules FR940104-0-00034 7 40110 40630 40661 40693 40781 40887 40916
implementing FR940104-0-00034 1 40111
1990 FR940104-0-00034 4 40113 40213 41300 41306
amendments FR940104-0-00034 3 40114 40214 40254
respect FR940104-0-00034 2 40116 41027
to FR940104-0-00034 35 40117 40125 40134 40143 40156 40160 40187 40243 40288 40379 40418 40536 40572 40598 40720 40734 40805 40822 40954 41028 41089 41157 41219 41442 41507 41537 41682 41765 41842 41857 41911 41923 41940 42172 42193
dietary FR940104-0-00034 20 40118 40183 40275 40294 40593 40635 40962 41032 41069 41126 41159 41725 41749 41773 41814 41991 42044 42115 42131 42216
supplements FR940104-0-00034 10 40119 40184 40276 40636 40963 41033 41127 41992 42045 42132
be FR940104-0-00034 5 40120 41268 41958 42074 42092
issued FR940104-0-00034 1 40121
by FR940104-0-00034 11 40122 40278 40670 40784 40896 41270 41612 41622 41635 41769 42256
meet FR940104-0-00034 1 40126
this FR940104-0-00034 13 40127 40345 40455 40765 40943 41144 41196 41839 41897 41909 42018 42071 42190
statutory FR940104-0-00034 1 40128
timeframe FR940104-0-00034 1 40129
fda FR940104-0-00034 19 40131 40170 40195 40409 40473 40532 40625 40688 40710 40739 40772 40869 40981 41082 41134 41211 41881 41900 41934
was FR940104-0-00034 4 40132 40246 40947 40999
forced FR940104-0-00034 1 40133
limit FR940104-0-00034 1 40135
comment FR940104-0-00034 7 40137 40162 40167 40199 40406 40453 40537
period FR940104-0-00034 2 40138 40163
for FR940104-0-00034 26 40139 40274 40361 40468 40862 40865 41031 41099 41112 41143 41221 41430 41436 41531 41928 41968 41980 41990 42043 42058 42100 42130 42151 42196 42202 42241
proposed FR940104-0-00034 8 40141 40629 40660 40692 40951 40997 41109 41169
regulations FR940104-0-00034 2 40142 40273
60 FR940104-0-00034 1 40144
days FR940104-0-00034 1 40145
thus FR940104-0-00034 3 40147 40653 41175
agency FR940104-0-00034 9 40150 40280 40656 40858 40911 40935 41038 41086 41178
reaffirms FR940104-0-00034 1 40151
it FR940104-0-00034 5 40153 40478 40716 40946 41205
is FR940104-0-00034 18 40154 40176 40200 40296 40511 40521 40566 40819 40894 41044 41059 41519 41610 41718 41808 41973 42109 42230
unable FR940104-0-00034 1 40155
grant FR940104-0-00034 1 40157
any FR940104-0-00034 4 40158 41828 41966 42173
extensions FR940104-0-00034 1 40159
34. FR940104-0-00034 1 40165
one FR940104-0-00034 2 40166 40326
requested FR940104-0-00034 3 40168 40407 40482
clarify FR940104-0-00034 1 40171
compliance FR940104-0-00034 1 40174
date FR940104-0-00034 6 40175 40178 40251 40268 40290 40759
on FR940104-0-00034 19 40179 40291 40354 40385 40420 40448 40458 40465 40518 40631 40699 40874 40923 41013 41048 41125 41237 41369 42094
which FR940104-0-00034 6 40180 40245 40292 40386 41969 42059
manufacturers FR940104-0-00034 1 40181
must FR940104-0-00034 4 40185 40323 41801 41846
begin FR940104-0-00034 1 40186
label FR940104-0-00034 5 40188 40356 40463 41962 42096
products FR940104-0-00034 1 40189
accordance FR940104-0-00034 6 40191 40675 40903 41976 41985 41999
§101.14 FR940104-0-00034 4 40193 40308 40485 41687
advises FR940104-0-00034 1 40196
correct FR940104-0-00034 1 40201
section FR940104-0-00034 9 40203 40222 40282 41608 41898 42019 42072 42191 42228
10 FR940104-0-00034 2 40204 42137
( FR940104-0-00034 72 40205 40208 40224 40284 40309 40312 40315 40486 40489 40492 40614 40681 40793 40830 40964 40968 40985 40988 40992 41074 41096 41244 41333 41341 41376 41383 41410 41558 41591 41615 41618 41627 41630 41638 41641 41644 41648 41651 41655 41658 41667 41671 41674 41679 41694 41700 41746 41784 41790 41796 41835 41868 41877 41893 41952 42011 42014 42028 42034 42040 42064 42067 42078 42126 42182 42221 42234 42263 42266 42269 42276 42279
a FR940104-0-00034 29 40206 40293 40300 40348 40524 40640 40665 40696 40920 40924 40986 41001 41010 41616 41624 41628 41695 41705 41724 41752 41763 41859 41884 41903 41924 41970 42101 42153 42242
) FR940104-0-00034 72 40207 40210 40226 40286 40311 40314 40317 40488 40491 40494 40623 40686 40798 40849 40974 40975 40987 40990 40994 41080 41098 41246 41335 41346 41378 41398 41412 41566 41605 41617 41620 41629 41632 41640 41643 41646 41650 41653 41657 41660 41669 41673 41676 41681 41696 41702 41748 41786 41792 41798 41837 41870 41879 41895 41954 42013 42016 42030 42036 42042 42066 42069 42080 42128 42184 42223 42236 42265 42268 42271 42278 42281
2 FR940104-0-00034 6 40209 40313 40490 41317 41619 41701
specifically FR940104-0-00034 1 40215
states FR940104-0-00034 3 40216 40319 41404
`` FR940104-0-00034 9 40218 40358 41293 41363 41408 41434 42251 42260 42274
* FR940104-0-00034 48 40219 40220 40221 40237 40238 40239 40255 40256 40257 41697 41698 41699 41741 41742 41743 41744 41745 41779 41780 41781 41782 41783 41787 41788 41789 41793 41794 41795 41863 41864 41865 41866 41867 41947 41948 41949 41950 41951 42121 42122 42123 42124 42125 42177 42178 42179 42180 42181
403 FR940104-0-00034 5 40223 40283 41576 42262 42275
r FR940104-0-00034 4 40225 40285 42264 42277
federal FR940104-0-00034 6 40229 40612 40769 40966 41495 41583
food FR940104-0-00034 25 40230 40244 40959 41123 41248 41483 41496 41511 41584 41707 41711 41717 41721 41753 41758 41807 41811 41844 41967 42102 42108 42112 42135 42213 42294
drug FR940104-0-00034 4 40232 41250 41498 41586
and FR940104-0-00034 41 40234 40368 40398 40507 40568 40605 40621 40702 40747 40788 40809 40815 40837 40840 40847 40881 40961 40991 41053 41094 41185 41249 41266 41276 41296 41371 41451 41459 41487 41500 41503 41512 41555 41588 41634 41670 41678 41845 41862 42295 42305
cosmetic FR940104-0-00034 3 40235 41501 41589
shall FR940104-0-00034 2 40240 41957
not FR940104-0-00034 12 40241 40475 40512 40554 40663 40708 40889 40918 41005 41060 41755 41926
apply FR940104-0-00034 2 40242 42192
labeled FR940104-0-00034 2 40247 40297
before FR940104-0-00034 1 40248
effective FR940104-0-00034 4 40250 40267 42021 42075
[ FR940104-0-00034 5 40258 42031 42037 42224 42309
emphasis FR940104-0-00034 1 40259
added FR940104-0-00034 1 40260
] FR940104-0-00034 5 40261 42033 42039 42226 42319
'' FR940104-0-00034 9 40263 40371 41302 41374 41414 41457 42255 42272 42282
accordingly FR940104-0-00034 1 40264
health FR940104-0-00034 23 40271 40416 40430 40445 40504 40529 40541 40547 40599 40839 41029 41118 41170 41190 41372 41688 41872 41885 41971 42082 42089 42243 42304
claims FR940104-0-00034 10 40272 40322 40542 40548 40600 40608 41030 41119 41689 42083
adopted FR940104-0-00034 1 40277
under FR940104-0-00034 5 40281 40983 41167 41493 41504
refers FR940104-0-00034 1 40287
supplement FR940104-0-00034 10 40295 40594 41070 41160 41726 41750 41766 41815 42116 42217
35. FR940104-0-00034 1 40299
number FR940104-0-00034 3 40301 40926 41445
comments FR940104-0-00034 8 40303 40340 40714 40732 40746 40882 41022 41153
concerned FR940104-0-00034 1 40304
requirement FR940104-0-00034 1 40306
d FR940104-0-00034 8 40310 40487 41649 41656 41869 42012 42065 42270
iv FR940104-0-00034 3 40316 40493 40584
all FR940104-0-00034 3 40321 40735 40807
appear FR940104-0-00034 3 40324 40353 40419
place FR940104-0-00034 1 40327
same FR940104-0-00034 1 40331
type FR940104-0-00034 2 40332 41002
size FR940104-0-00034 1 40333
without FR940104-0-00034 2 40335 40423
intervening FR940104-0-00034 1 40336
material FR940104-0-00034 6 40337 40412 40438 40500 40517 40559
addressed FR940104-0-00034 2 40341 41162
exception FR940104-0-00034 1 40343
provision FR940104-0-00034 2 40346 41145
short FR940104-0-00034 1 40349
reference FR940104-0-00034 5 40350 40509 42143 42149 42167
statement FR940104-0-00034 5 40351 40427 40471 40510 41058
may FR940104-0-00034 4 40352 40694 41267 42091
see FR940104-0-00034 1 40359
______ FR940104-0-00034 3 40360 40367 40369
information FR940104-0-00034 4 40362 41020 41105 41141
about FR940104-0-00034 1 40363
relationship FR940104-0-00034 1 40365
between FR940104-0-00034 2 40366 41273
blanks FR940104-0-00034 1 40374
filled FR940104-0-00034 1 40375
references FR940104-0-00034 3 40378 41230 41233
location FR940104-0-00034 1 40381
labeling FR940104-0-00034 15 40384 40450 40520 40595 40603 40633 41124 41295 41484 41526 41556 41874 41956 41964 42099
full FR940104-0-00034 3 40388 40429 40444
claim FR940104-0-00034 17 40389 40417 40431 40446 40505 40530 40575 41171 41191 41860 41873 41886 41917 41921 41972 42090 42244
appears FR940104-0-00034 1 40390
name FR940104-0-00034 1 40393
substance FR940104-0-00034 5 40396 41703 41800 41925 41945
disease FR940104-0-00034 2 40400 41431
or FR940104-0-00034 23 40401 40428 41007 41021 41708 41723 41735 41813 41823 41827 41931 41963 41989 41995 42053 42087 42097 42114 42139 42146 42164 42215 42261
healthrelated FR940104-0-00034 1 40402
condition FR940104-0-00034 1 40403
allow FR940104-0-00034 1 40410
graphic FR940104-0-00034 4 40411 40437 40499 40516
constituting FR940104-0-00034 1 40413
an FR940104-0-00034 3 40414 40502 41055
implied FR940104-0-00034 3 40415 40503 42088
pdp FR940104-0-00034 2 40422 40467
accompanying FR940104-0-00034 1 40425
referral FR940104-0-00034 2 40426 40470
long FR940104-0-00034 1 40434
appeared FR940104-0-00034 1 40439
conjunction FR940104-0-00034 2 40441 41121
elsewhere FR940104-0-00034 2 40447 40763
justified FR940104-0-00034 1 40454
request FR940104-0-00034 1 40456
based FR940104-0-00034 2 40457 40873
lack FR940104-0-00034 1 40460
sufficient FR940104-0-00034 1 40462
space FR940104-0-00034 1 40464
does FR940104-0-00034 2 40474 41004
believe FR940104-0-00034 1 40476
should FR940104-0-00034 1 40479
make FR940104-0-00034 1 40480
revision FR940104-0-00034 1 40483
situations FR940104-0-00034 1 40497
where FR940104-0-00034 1 40498
constitutes FR940104-0-00034 1 40501
present FR940104-0-00034 1 40513
fact FR940104-0-00034 1 40523
shortened FR940104-0-00034 2 40525 40546
form FR940104-0-00034 10 40526 40960 41722 41759 41812 41816 42113 42117 42214 42218
response FR940104-0-00034 3 40535 40719 41156
69 FR940104-0-00034 1 40538
rule FR940104-0-00034 7 40544 40667 40753 40944 40952 41198 41218
are FR940104-0-00034 8 40549 40558 40570 40888 41855 42020 42200 42210
misleading FR940104-0-00034 1 40550
because FR940104-0-00034 2 40551 40726
they FR940104-0-00034 2 40552 40706
do FR940104-0-00034 3 40553 40662 40707
include FR940104-0-00034 2 40555 41941
facts FR940104-0-00034 1 40556
light FR940104-0-00034 1 40561
representation FR940104-0-00034 1 40564
made FR940104-0-00034 3 40567 41974 42093
necessary FR940104-0-00034 3 40571 40820 41856
understand FR940104-0-00034 1 40573
context FR940104-0-00034 1 40578
daily FR940104-0-00034 3 40581 42144 42148
diet FR940104-0-00034 2 40582 41768
impact FR940104-0-00034 9 40586 40590 40698 40723 40922 40933 41012 41047 41057
statements FR940104-0-00034 1 40587
a. FR940104-0-00034 2 40588 42289
economic FR940104-0-00034 4 40589 40722 40776 40833
its FR940104-0-00034 7 40592 40721 40742 40875 41100 41136 41222
pertaining FR940104-0-00034 2 40597 40953
nutrition FR940104-0-00034 4 40602 41294 41370 41955
nutrient FR940104-0-00034 2 40606 42174
content FR940104-0-00034 2 40607 41164
register FR940104-0-00034 3 40613 40770 40967
58 FR940104-0-00034 2 40615 41075
fr FR940104-0-00034 4 40616 40970 41076 42310
33700 FR940104-0-00034 2 40617 41077
33715 FR940104-0-00034 1 40619
33731 FR940104-0-00034 1 40622
stated FR940104-0-00034 1 40626
taken FR940104-0-00034 1 40638
whole FR940104-0-00034 1 40641
would FR940104-0-00034 2 40643 41035
have FR940104-0-00034 6 40644 40695 40919 41009 41023 41234
costs FR940104-0-00034 2 40646 40808
approximately FR940104-0-00034 1 40648
$ FR940104-0-00034 1 40649
20 FR940104-0-00034 1 40650
million FR940104-0-00034 1 40651
concluded FR940104-0-00034 3 40657 40704 40871
constitute FR940104-0-00034 1 40664
major FR940104-0-00034 1 40666
defined FR940104-0-00034 2 40669 40895
executive FR940104-0-00034 4 40671 40785 40800 40897
order FR940104-0-00034 4 40672 40786 40801 40898
12291. FR940104-0-00034 1 40673
regulatory FR940104-0-00034 7 40678 40790 40813 40824 40852 40863 40906
flexibility FR940104-0-00034 4 40679 40791 40853 40907
pub FR940104-0-00034 2 40682 40794
l. FR940104-0-00034 2 40684 40796
96354 FR940104-0-00034 2 40685 40797
explored FR940104-0-00034 1 40689
whether FR940104-0-00034 5 40690 41715 41805 42106 42207
significant FR940104-0-00034 5 40697 40890 40921 41011 41046
small FR940104-0-00034 3 40700 40866 40928
businesses FR940104-0-00034 3 40701 40867 40929
tentatively FR940104-0-00034 1 40703
has FR940104-0-00034 6 40711 40740 40773 40870 40936 41212
evaluated FR940104-0-00034 1 40712
many FR940104-0-00034 1 40713
received FR940104-0-00034 3 40717 41025 41154
analysis FR940104-0-00034 1 40724
raised FR940104-0-00034 1 40729
relate FR940104-0-00034 1 40733
three FR940104-0-00034 1 40736
combined FR940104-0-00034 1 40741
discussion FR940104-0-00034 1 40743
these FR940104-0-00034 4 40745 40885 40914 41225
presented FR940104-0-00034 1 40748
them FR940104-0-00034 1 40749
regarding FR940104-0-00034 2 40754 41114
establishment FR940104-0-00034 1 40756
application FR940104-0-00034 1 40761
published FR940104-0-00034 2 40762 41135
issue FR940104-0-00034 1 40766
examined FR940104-0-00034 1 40774
implications FR940104-0-00034 1 40777
required FR940104-0-00034 2 40783 41061
12866 FR940104-0-00034 2 40787 40802
directs FR940104-0-00034 1 40803
agencies FR940104-0-00034 1 40804
assess FR940104-0-00034 1 40806
benefits FR940104-0-00034 2 40810 40829
available FR940104-0-00034 2 40812 40879
alternatives FR940104-0-00034 1 40814
when FR940104-0-00034 4 40817 40945 41850 41880
regulation FR940104-0-00034 3 40818 41904 41939
select FR940104-0-00034 1 40823
approaches FR940104-0-00034 1 40825
maximize FR940104-0-00034 1 40827
net FR940104-0-00034 1 40828
including FR940104-0-00034 1 40831
potential FR940104-0-00034 1 40832
environmental FR940104-0-00034 4 40835 40932 40940 41056
public FR940104-0-00034 1 40838
safety FR940104-0-00034 1 40841
effects FR940104-0-00034 2 40842 40941
; FR940104-0-00034 8 40843 40846 41336 41567 41861 41979 41988 42316
distributive FR940104-0-00034 1 40844
impacts FR940104-0-00034 1 40845
equity FR940104-0-00034 1 40848
analyze FR940104-0-00034 1 40859
options FR940104-0-00034 1 40861
relief FR940104-0-00034 1 40864
review FR940104-0-00034 3 40876 41101 41223
data FR940104-0-00034 1 40880
term FR940104-0-00034 1 40893
12866. FR940104-0-00034 1 40899
further FR940104-0-00034 1 40900
certifies FR940104-0-00034 1 40912
will FR940104-0-00034 4 40917 41901 41935 42073
substantial FR940104-0-00034 1 40925
b. FR940104-0-00034 1 40931
previously FR940104-0-00034 1 40937
considered FR940104-0-00034 1 40938
part FR940104-0-00034 6 40948 41481 41517 41524 41534 41910
both FR940104-0-00034 1 40955
foods FR940104-0-00034 4 40956 41982 42194 42209
conventional FR940104-0-00034 6 40958 41720 41757 41810 42111 42212
56 FR940104-0-00034 1 40969
60537 FR940104-0-00034 1 40971
at FR940104-0-00034 4 40972 40977 41078 41852
60562 FR940104-0-00034 1 40973
time FR940104-0-00034 1 40979
determined FR940104-0-00034 1 40982
§25.24 FR940104-0-00034 1 40984
8 FR940104-0-00034 1 40989
11 FR940104-0-00034 1 40993
action FR940104-0-00034 1 40998
individually FR940104-0-00034 1 41006
cumulatively FR940104-0-00034 1 41008
human FR940104-0-00034 4 41015 41050 42197 42306
environment FR940104-0-00034 2 41016 41051
no FR940104-0-00034 5 41018 41045 41380 41386 42085
new FR940104-0-00034 2 41019 41625
been FR940104-0-00034 2 41024 41235
affect FR940104-0-00034 1 41036
's FR940104-0-00034 3 41039 41179 41367
previous FR940104-0-00034 1 41040
determination FR940104-0-00034 1 41041
there FR940104-0-00034 1 41043
c. FR940104-0-00034 1 41063
paperwork FR940104-0-00034 1 41064
reduction FR940104-0-00034 1 41065
33714 FR940104-0-00034 1 41079
announced FR940104-0-00034 2 41083 41206
had FR940104-0-00034 1 41087
submitted FR940104-0-00034 2 41088 41213
office FR940104-0-00034 2 41091 41393
management FR940104-0-00034 2 41093 41242
budget FR940104-0-00034 1 41095
omb FR940104-0-00034 2 41097 41220
collection FR940104-0-00034 2 41103 41139
requirements FR940104-0-00034 11 41106 41173 41193 41227 41489 41692 41875 41890 42004 42061 42188
contained FR940104-0-00034 2 41107 41194
§101.70 FR940104-0-00034 2 41110 42220
petitions FR940104-0-00034 2 41113 41166
use FR940104-0-00034 3 41116 41438 41914
also FR940104-0-00034 1 41129
document FR940104-0-00034 1 41132
estimated FR940104-0-00034 1 41137
annual FR940104-0-00034 2 41138 41183
burden FR940104-0-00034 2 41142 41187
none FR940104-0-00034 1 41147
more FR940104-0-00034 2 41150 42140
than FR940104-0-00034 1 41151
1200 FR940104-0-00034 1 41152
petition FR940104-0-00034 3 41172 41192 42240
estimate FR940104-0-00034 2 41180 41203
reporting FR940104-0-00034 3 41184 41226 41486
recordkeeping FR940104-0-00034 2 41186 41488
from FR940104-0-00034 2 41188 41201
remains FR940104-0-00034 1 41199
unchanged FR940104-0-00034 1 41200
june FR940104-0-00034 2 41208 41303
1993 FR940104-0-00034 1 41209
copies FR940104-0-00034 1 41214
v. FR940104-0-00034 1 41229
following FR940104-0-00034 1 41232
placed FR940104-0-00034 1 41236
display FR940104-0-00034 1 41238
dockets FR940104-0-00034 1 41241
branch FR940104-0-00034 1 41243
hfa305 FR940104-0-00034 1 41245
administration FR940104-0-00034 1 41251
rm FR940104-0-00034 1 41253
123 FR940104-0-00034 1 41255
12420 FR940104-0-00034 1 41257
parklawn FR940104-0-00034 1 41258
dr. FR940104-0-00034 1 41259
rockville FR940104-0-00034 1 41261
md FR940104-0-00034 1 41263
20857 FR940104-0-00034 1 41264
seen FR940104-0-00034 1 41269
interested FR940104-0-00034 1 41271
persons FR940104-0-00034 1 41272
9 FR940104-0-00034 1 41274
am FR940104-0-00034 2 41275 42318
4 FR940104-0-00034 6 41277 41348 41546 41631 41747 42280
pm FR940104-0-00034 1 41278
monday FR940104-0-00034 1 41280
through FR940104-0-00034 1 41281
friday FR940104-0-00034 1 41282
1. FR940104-0-00034 2 41284 41527
house FR940104-0-00034 2 41285 41289
representatives FR940104-0-00034 1 41287
report FR940104-0-00034 2 41290 41368
101538 FR940104-0-00034 1 41291
education FR940104-0-00034 1 41297
13 FR940104-0-00034 1 41304
1a FR940104-0-00034 1 41308
136 FR940104-0-00034 3 41310 41319 41350
congressional FR940104-0-00034 5 41311 41320 41330 41338 41351
record_house FR940104-0-00034 3 41312 41321 41331
h58435845 FR940104-0-00034 1 41313
h1295112955 FR940104-0-00034 1 41323
3 FR940104-0-00034 7 41327 41642 41659 41791 41953 42015 42068
138 FR940104-0-00034 2 41329 41337
h12597 FR940104-0-00034 1 41332
record_senate FR940104-0-00034 2 41339 41352
s17236 FR940104-0-00034 1 41340
october FR940104-0-00034 1 41342
7 FR940104-0-00034 1 41343
1992 FR940104-0-00034 1 41345
s1660716612 FR940104-0-00034 1 41354
5. FR940104-0-00034 1 41358
dhhs FR940104-0-00034 2 41359 41375
phs FR940104-0-00034 2 41361 41377
surgeon FR940104-0-00034 1 41365
general FR940104-0-00034 3 41366 41691 41871
publication FR940104-0-00034 1 41379
8850210 FR940104-0-00034 1 41382
gpo FR940104-0-00034 1 41384
stock FR940104-0-00034 1 41385
017001004651 FR940104-0-00034 1 41388
us FR940104-0-00034 1 41390
government FR940104-0-00034 1 41391
printing FR940104-0-00034 1 41392
washington FR940104-0-00034 1 41395
dc FR940104-0-00034 1 41397
1988 FR940104-0-00034 1 41400
6. FR940104-0-00034 1 41402
united FR940104-0-00034 1 41403
pharmacopeia FR940104-0-00034 1 41405
di FR940104-0-00034 1 41406
niacin FR940104-0-00034 1 41409
systemic FR940104-0-00034 1 41411
9th FR940104-0-00034 1 41415
ed. FR940104-0-00034 1 41416
1989 FR940104-0-00034 1 41418
vol FR940104-0-00034 1 41420
ib FR940104-0-00034 1 41422
pp FR940104-0-00034 1 41424
17371740 FR940104-0-00034 1 41426
7. FR940104-0-00034 1 41428
centers FR940104-0-00034 1 41429
control FR940104-0-00034 1 41432
recommendations FR940104-0-00034 1 41435
folic FR940104-0-00034 1 41440
acid FR940104-0-00034 1 41441
reduce FR940104-0-00034 1 41443
cases FR940104-0-00034 1 41447
spina FR940104-0-00034 1 41449
bifida FR940104-0-00034 1 41450
other FR940104-0-00034 4 41452 41736 41829 42054
neural FR940104-0-00034 1 41453
tube FR940104-0-00034 1 41454
defects FR940104-0-00034 1 41455
morbidity FR940104-0-00034 1 41458
mortality FR940104-0-00034 1 41460
weekly FR940104-0-00034 1 41461
reports FR940104-0-00034 1 41462
volume FR940104-0-00034 1 41466
41/no FR940104-0-00034 1 41467
rr14 FR940104-0-00034 1 41469
pages FR940104-0-00034 1 41471
17 FR940104-0-00034 1 41472
list FR940104-0-00034 1 41474
subjects FR940104-0-00034 1 41476
21 FR940104-0-00034 4 41478 41515 41532 41592
cfr FR940104-0-00034 3 41479 41516 41533
101 FR940104-0-00034 3 41482 41518 41535
therefore FR940104-0-00034 1 41491
authority FR940104-0-00034 3 41505 41529 41542
delegated FR940104-0-00034 1 41506
commissioner FR940104-0-00034 2 41509 42292
drugs FR940104-0-00034 2 41513 42296
amended FR940104-0-00034 4 41520 41611 42225 42231
follows FR940104-0-00034 3 41522 41540 41685
: FR940104-0-00034 8 41523 41541 41543 41686 41690 42027 42120 42285
101_food FR940104-0-00034 1 41525
citation FR940104-0-00034 1 41530
continues FR940104-0-00034 1 41536
read FR940104-0-00034 2 41538 41683
secs FR940104-0-00034 2 41544 41568
5 FR940104-0-00034 2 41548 42267
6 FR940104-0-00034 3 41550 41675 42127
fair FR940104-0-00034 1 41553
packaging FR940104-0-00034 1 41554
15 FR940104-0-00034 1 41559
usc FR940104-0-00034 2 41560 41593
1453 FR940104-0-00034 1 41561
1454 FR940104-0-00034 1 41563
1455 FR940104-0-00034 1 41565
201 FR940104-0-00034 1 41570
301 FR940104-0-00034 1 41572
402 FR940104-0-00034 1 41574
409 FR940104-0-00034 1 41578
701 FR940104-0-00034 1 41580
321 FR940104-0-00034 1 41594
331 FR940104-0-00034 1 41596
342 FR940104-0-00034 1 41598
343 FR940104-0-00034 1 41600
348 FR940104-0-00034 1 41602
371 FR940104-0-00034 1 41604
2. FR940104-0-00034 1 41607
101.14 FR940104-0-00034 1 41609
revising FR940104-0-00034 2 41613 41636
paragraph FR940104-0-00034 8 41614 41626 41666 41892 42010 42063 42233 42248
adding FR940104-0-00034 2 41623 42257
paragraphs FR940104-0-00034 1 41637
b FR940104-0-00034 2 41639 41785
i FR940104-0-00034 3 41645 41797 42029
1 FR940104-0-00034 2 41652 41878
introductory FR940104-0-00034 2 41663 42007
text FR940104-0-00034 2 41664 42008
e FR940104-0-00034 4 41668 41672 41907 42079
g FR940104-0-00034 2 41680 42183
means FR940104-0-00034 2 41704 41751
specific FR940104-0-00034 1 41706
component FR940104-0-00034 3 41709 41764 41777
regardless FR940104-0-00034 4 41713 41803 42104 42205
includes FR940104-0-00034 1 41728
vitamins FR940104-0-00034 3 41729 41994 42047
minerals FR940104-0-00034 3 41731 41996 42049
herbs FR940104-0-00034 2 41733 42051
similar FR940104-0-00034 2 41737 42055
nutritional FR940104-0-00034 2 41738 42056
substances FR940104-0-00034 2 41739 42057
supplies FR940104-0-00034 1 41762
increasing FR940104-0-00034 1 41770
total FR940104-0-00034 1 41772
intake FR940104-0-00034 2 41774 42145
contribute FR940104-0-00034 1 41818
taste FR940104-0-00034 1 41819
aroma FR940104-0-00034 1 41821
nutritive FR940104-0-00034 1 41824
value FR940104-0-00034 2 41825 42150
technical FR940104-0-00034 1 41830
effect FR940104-0-00034 1 41831
listed FR940104-0-00034 1 41832
§170.3 FR940104-0-00034 1 41834
o FR940104-0-00034 1 41836
chapter FR940104-0-00034 1 41840
retain FR940104-0-00034 1 41847
attribute FR940104-0-00034 1 41849
consumed FR940104-0-00034 2 41851 42170
levels FR940104-0-00034 1 41853
justify FR940104-0-00034 1 41858
determines FR940104-0-00034 1 41882
meets FR940104-0-00034 1 41887
validity FR940104-0-00034 1 41889
c FR940104-0-00034 2 41894 42156
propose FR940104-0-00034 2 41902 41936
subpart FR940104-0-00034 1 41906
authorize FR940104-0-00034 1 41912
if FR940104-0-00034 1 41919
pertains FR940104-0-00034 1 41922
provided FR940104-0-00034 2 41927 41959
§101.9 FR940104-0-00034 2 41930 41978
§101.36 FR940104-0-00034 2 41932 42001
amending FR940104-0-00034 1 41937
declaration FR940104-0-00034 1 41942
restaurant FR940104-0-00034 1 41981
§101.10 FR940104-0-00034 1 41987
except FR940104-0-00034 2 42026 42129
reserved FR940104-0-00034 2 42032 42038
ii FR940104-0-00034 1 42035
iii FR940104-0-00034 1 42041
prohibited FR940104-0-00034 1 42081
expressed FR940104-0-00034 1 42086
unless FR940104-0-00034 1 42119
contains FR940104-0-00034 1 42136
percent FR940104-0-00034 1 42138
vitamin FR940104-0-00034 2 42152 42155
iron FR940104-0-00034 1 42158
calcium FR940104-0-00034 1 42160
protein FR940104-0-00034 1 42162
fiber FR940104-0-00034 1 42165
per FR940104-0-00034 1 42166
amount FR940104-0-00034 1 42168
customarily FR940104-0-00034 1 42169
prior FR940104-0-00034 1 42171
addition FR940104-0-00034 1 42175
applicability FR940104-0-00034 1 42185
intended FR940104-0-00034 1 42195
consumption FR940104-0-00034 1 42198
offered FR940104-0-00034 1 42201
sale FR940104-0-00034 1 42203
f FR940104-0-00034 2 42222 42235
3. FR940104-0-00034 1 42227
101.70 FR940104-0-00034 1 42229
sample FR940104-0-00034 1 42239
beginning FR940104-0-00034 1 42249
undersigned FR940104-0-00034 1 42253
words FR940104-0-00034 1 42259
after FR940104-0-00034 1 42273
dated FR940104-0-00034 1 42284
david FR940104-0-00034 1 42288
kessler FR940104-0-00034 1 42290
donna FR940104-0-00034 1 42298
e. FR940104-0-00034 1 42299
shalala FR940104-0-00034 1 42300
secretary FR940104-0-00034 1 42302
services FR940104-0-00034 1 42307
doc FR940104-0-00034 1 42311
9331815 FR940104-0-00034 1 42313
filed FR940104-0-00034 1 42314
122993 FR940104-0-00034 1 42315
8:45 FR940104-0-00034 1 42317
billing FR940104-0-00034 1 42320
code FR940104-0-00034 1 42321
416001f FR940104-0-00034 1 42322
federal FR940104-0-00035 4 0 429 671 1424
register FR940104-0-00035 3 1 672 1425
/vol FR940104-0-00035 1 2
. FR940104-0-00035 40 3 7 27 54 58 165 220 231 263 296 357 417 419 443 482 591 615 649 651 695 764 830 884 928 945 966 1000 1058 1098 1150 1167 1184 1214 1271 1282 1289 1362 1445 1500 1523
59 FR940104-0-00035 1 4
, FR940104-0-00035 84 5 9 10 52 72 89 104 109 115 151 153 155 204 214 216 230 240 247 252 256 258 261 268 279 284 289 291 294 306 324 337 361 366 372 403 405 407 431 433 459 464 535 674 680 737 740 748 758 774 841 852 894 901 915 918 939 965 987 988 999 1016 1029 1041 1042 1049 1074 1080 1100 1154 1156 1190 1231 1232 1288 1302 1324 1349 1361 1389 1392 1405 1427 1428 1498
no FR940104-0-00035 3 6 26 1193
2/tuesday FR940104-0-00035 1 8
/rules FR940104-0-00035 1 11
and FR940104-0-00035 44 12 17 21 37 42 49 63 79 129 156 205 217 249 273 281 338 386 408 434 452 460 476 545 557 580 621 655 661 692 862 890 919 989 1095 1208 1227 1251 1263 1380 1418 1439 1479 1519 1530
regulations FR940104-0-00035 7 13 469 1052 1057 1334 1352 1357
department FR940104-0-00035 1 14
of FR940104-0-00035 65 15 82 97 120 132 149 190 193 195 201 242 345 377 389 401 421 450 480 494 526 567 612 618 644 653 673 732 753 788 798 808 814 818 857 859 866 899 905 910 912 925 934 955 1012 1025 1046 1106 1113 1123 1130 1138 1164 1186 1201 1242 1249 1257 1298 1320 1337 1373 1402 1416 1426 1441
health FR940104-0-00035 22 16 35 122 180 379 451 471 687 715 768 777 1065 1090 1177 1203 1222 1244 1339 1375 1411 1465 1515
human FR940104-0-00035 2 18 453
services FR940104-0-00035 2 19 454
food FR940104-0-00035 10 20 32 48 62 248 271 280 430 1071 1261
drug FR940104-0-00035 6 22 50 64 250 282 432
administration FR940104-0-00035 5 23 51 65 251 283
[ FR940104-0-00035 1 24
docket FR940104-0-00035 1 25
93n0481 FR940104-0-00035 1 28
] FR940104-0-00035 1 29
rin FR940104-0-00035 1 30
0905ab67 FR940104-0-00035 1 31
labeling FR940104-0-00035 5 33 78 479 1440 1461
: FR940104-0-00035 11 34 47 56 60 222 236 299 1458 1467 1513 1517
claims FR940104-0-00035 10 36 208 472 604 716 1066 1340 1466 1468 1516
label FR940104-0-00035 1 38
statements FR940104-0-00035 1 39
; FR940104-0-00035 1 40
folate FR940104-0-00035 10 41 128 385 660 900 1165 1250 1417 1518 1529
neural FR940104-0-00035 4 43 133 1520 1531
tube FR940104-0-00035 4 44 134 1521 1532
defects FR940104-0-00035 4 45 135 1522 1533
agency FR940104-0-00035 7 46 697 1035 1102 1152 1169 1447
hhs FR940104-0-00035 1 53
action FR940104-0-00035 3 55 1195 1281
notice FR940104-0-00035 1 57
summary FR940104-0-00035 1 59
the FR940104-0-00035 94 61 76 85 93 100 105 118 125 130 166 171 191 199 223 346 352 362 375 382 387 424 428 438 448 456 465 474 478 495 524 537 568 592 597 610 613 616 645 665 670 696 701 708 733 751 760 766 775 792 812 831 855 885 896 902 920 930 940 956 967 978 1001 1006 1013 1026 1034 1039 1050 1060 1101 1107 1117 1151 1161 1168 1187 1199 1216 1240 1247 1255 1283 1299 1321 1328 1338 1350 1371 1403 1406 1414 1423 1437 1446
( FR940104-0-00035 71 66 84 99 110 136 161 244 276 312 315 318 321 325 328 331 334 339 342 355 367 413 437 441 455 485 488 491 497 501 504 507 551 554 558 561 564 570 574 577 581 584 587 629 632 635 638 641 675 723 726 729 779 805 848 1019 1022 1075 1266 1292 1295 1308 1311 1314 1317 1476 1483 1487 1491 1495 1524 1535
fda FR940104-0-00035 13 67 302 463 681 711 952 971 1081 1191 1233 1272 1363 1393
) FR940104-0-00035 71 68 88 103 114 139 164 246 278 314 317 320 323 327 330 333 336 341 344 360 371 416 440 446 458 487 490 493 503 506 509 510 553 556 560 563 566 576 579 583 586 589 590 634 637 640 643 648 679 725 728 731 781 807 851 1021 1024 1079 1270 1294 1297 1310 1313 1316 1319 1478 1485 1489 1493 1497 1526 1537
is FR940104-0-00035 13 69 140 186 303 392 515 539 739 762 1394 1429 1471 1504
announcing FR940104-0-00035 3 70 304 1398
that FR940104-0-00035 24 71 173 184 206 209 305 512 522 700 707 710 738 741 759 785 838 870 1032 1110 1157 1171 1326 1399 1449
in FR940104-0-00035 15 73 177 307 477 541 669 771 791 908 936 1069 1116 1259 1345 1422
accordance FR940104-0-00035 3 74 308 542
with FR940104-0-00035 8 75 309 543 823 959 981 1143 1196
nutrition FR940104-0-00035 2 77 275
education FR940104-0-00035 1 80
act FR940104-0-00035 16 81 96 102 354 436 439 496 569 614 734 933 942 969 1003 1189 1323
1990 FR940104-0-00035 12 83 86 347 422 425 593 646 957 979 1014 1027 1300
amendments FR940104-0-00035 11 87 348 423 426 594 647 958 980 1015 1028 1301
as FR940104-0-00035 6 90 349 1303 1456 1490 1511
amended FR940104-0-00035 6 91 350 1005 1304 1455 1472
by FR940104-0-00035 10 92 351 461 986 998 1305 1386 1400 1473 1480
dietary FR940104-0-00035 14 94 147 162 399 414 718 931 962 984 1212 1264 1343 1384 1442
supplement FR940104-0-00035 2 95 932
1992 FR940104-0-00035 4 98 773 935 938
ds FR940104-0-00035 7 101 353 941 968 1002 1188 1322
regulation FR940104-0-00035 8 106 145 168 225 363 397 1369 1434
proposed FR940104-0-00035 12 107 167 364 667 682 713 974 1051 1236 1280 1351 1448
on FR940104-0-00035 23 108 198 229 365 473 689 750 835 863 951 995 1073 1205 1211 1224 1230 1254 1278 1287 1335 1370 1377 1383
58 FR940104-0-00035 4 111 368 1076 1267
fr FR940104-0-00035 5 112 369 677 1077 1268
53254 FR940104-0-00035 3 113 370 1269
to FR940104-0-00035 26 116 182 373 427 467 529 599 659 683 881 961 972 976 983 990 1030 1086 1134 1198 1219 1238 1342 1408 1436 1506 1509
authorize FR940104-0-00035 8 117 374 685 1088 1175 1220 1239 1409
use FR940104-0-00035 6 119 376 1163 1200 1241 1372
a FR940104-0-00035 33 121 143 179 319 332 378 395 513 520 527 530 639 686 783 820 845 864 949 1083 1089 1140 1176 1202 1221 1235 1243 1309 1346 1367 1374 1410 1432 1525
claim FR940104-0-00035 14 123 181 380 521 538 688 761 1091 1178 1204 1223 1245 1376 1412
about FR940104-0-00035 5 124 381 1160 1246 1413
relationship FR940104-0-00035 7 126 383 525 617 1248 1415 1527
between FR940104-0-00035 3 127 384 1528
risk FR940104-0-00035 7 131 200 388 817 856 911 1137
ntd FR940104-0-00035 17 137 202 390 622 662 693 828 860 913 926 1096 1148 1209 1228 1252 1381 1419
's FR940104-0-00035 18 138 203 391 623 663 694 829 861 914 927 953 1097 1149 1210 1229 1253 1382 1420
now FR940104-0-00035 3 141 393 1430
considered FR940104-0-00035 5 142 394 1055 1355 1431
final FR940104-0-00035 13 144 224 396 992 1047 1056 1062 1084 1194 1333 1356 1368 1433
for FR940104-0-00035 12 146 232 270 398 714 717 811 1044 1064 1067 1092 1276
supplements FR940104-0-00035 12 148 163 400 415 719 963 985 1213 1265 1344 1385 1443
vitamins FR940104-0-00035 2 150 402
minerals FR940104-0-00035 2 152 404
herbs FR940104-0-00035 2 154 406
other FR940104-0-00035 6 157 409 656 827 906 1147
similar FR940104-0-00035 2 158 410
nutritional FR940104-0-00035 2 159 411
substances FR940104-0-00035 2 160 412
set FR940104-0-00035 1 169
out FR940104-0-00035 1 170
information FR940104-0-00035 4 172 234 298 867
must FR940104-0-00035 1 174
be FR940104-0-00035 4 175 1054 1354 1454
included FR940104-0-00035 1 176
such FR940104-0-00035 1 178
ensure FR940104-0-00035 1 183
it FR940104-0-00035 3 185 518 1172
an FR940104-0-00035 1 187
accurate FR940104-0-00035 1 188
representation FR940104-0-00035 1 189
effect FR940104-0-00035 1 192
intake FR940104-0-00035 2 194 898
folic FR940104-0-00035 11 196 619 690 809 839 874 1093 1131 1206 1225 1378
acid FR940104-0-00035 10 197 620 691 840 875 1094 1132 1207 1226 1379
any FR940104-0-00035 2 207 1336
are FR940104-0-00035 4 210 212 796 1121
made FR940104-0-00035 2 211 540
understandable FR940104-0-00035 1 213
informative FR940104-0-00035 1 215
not FR940104-0-00035 11 218 684 705 744 1037 1087 1174 1331 1359 1365 1469
misleading FR940104-0-00035 1 219
dates FR940104-0-00035 1 221
will FR940104-0-00035 1 226
become FR940104-0-00035 1 227
effective FR940104-0-00035 1 228
further FR940104-0-00035 1 233
contact FR940104-0-00035 1 235
judith FR940104-0-00035 1 237
w. FR940104-0-00035 1 238
riggins FR940104-0-00035 1 239
office FR940104-0-00035 1 241
policy FR940104-0-00035 1 243
hf23 FR940104-0-00035 1 245
5600 FR940104-0-00035 1 253
fishers FR940104-0-00035 1 254
lane FR940104-0-00035 1 255
rockville FR940104-0-00035 1 257
md FR940104-0-00035 1 259
20857 FR940104-0-00035 1 260
3014432831 FR940104-0-00035 1 262
or FR940104-0-00035 4 264 532 826 1146
jeanne FR940104-0-00035 1 265
i. FR940104-0-00035 2 266 300
rader FR940104-0-00035 1 267
center FR940104-0-00035 1 269
safety FR940104-0-00035 2 272 916
applied FR940104-0-00035 1 274
hfs175 FR940104-0-00035 1 277
200 FR940104-0-00035 1 285
c FR940104-0-00035 3 286 1477 1492
st. FR940104-0-00035 1 287
sw. FR940104-0-00035 1 288
washington FR940104-0-00035 1 290
dc FR940104-0-00035 1 292
20204 FR940104-0-00035 1 293
2022055375 FR940104-0-00035 1 295
supplementary FR940104-0-00035 1 297
background FR940104-0-00035 1 301
section FR940104-0-00035 9 310 483 549 630 721 1017 1290 1306 1463
3 FR940104-0-00035 6 311 555 578 631 1018 1291
b FR940104-0-00035 9 313 326 340 492 508 633 1020 1293 1315
1 FR940104-0-00035 6 316 329 489 505 636 1536
ii FR940104-0-00035 3 322 418 1318
x FR940104-0-00035 2 335 642
2 FR940104-0-00035 4 343 1023 1296 1312
pub FR940104-0-00035 2 356 442
l. FR940104-0-00035 2 358 444
102571 FR940104-0-00035 1 359
passage FR940104-0-00035 1 420
cosmetic FR940104-0-00035 1 435
101535 FR940104-0-00035 1 445
gave FR940104-0-00035 1 447
secretary FR940104-0-00035 4 449 457 598 1329
delegation FR940104-0-00035 1 462
authority FR940104-0-00035 1 466
issue FR940104-0-00035 4 468 973 991 1366
authorizing FR940104-0-00035 1 470
labels FR940104-0-00035 3 475 1256 1438
foods FR940104-0-00035 3 481 1068 1258
403 FR940104-0-00035 3 484 550 722
r FR940104-0-00035 7 486 502 552 559 575 582 724
21 FR940104-0-00035 3 498 571 1450
usc FR940104-0-00035 2 499 572
343 FR940104-0-00035 2 500 573
provides FR940104-0-00035 2 511 1325
product FR940104-0-00035 1 514
misbranded FR940104-0-00035 1 516
if FR940104-0-00035 3 517 1033 1327
bears FR940104-0-00035 1 519
characterizes FR940104-0-00035 1 523
nutrient FR940104-0-00035 1 528
disease FR940104-0-00035 1 531
healthrelated FR940104-0-00035 1 533
condition FR940104-0-00035 1 534
unless FR940104-0-00035 1 536
procedures FR940104-0-00035 1 544
standards FR940104-0-00035 1 546
established FR940104-0-00035 2 547 1040
under FR940104-0-00035 2 548 720
5 FR940104-0-00035 3 562 585 727
d FR940104-0-00035 4 565 588 730 1484
also FR940104-0-00035 2 595 1004
directed FR940104-0-00035 2 596 970
determine FR940104-0-00035 1 600
through FR940104-0-00035 3 601 1486 1494
rulemaking FR940104-0-00035 1 602
whether FR940104-0-00035 1 603
regarding FR940104-0-00035 1 605
10 FR940104-0-00035 2 606 627
nutrientdisease FR940104-0-00035 1 607
relationships FR940104-0-00035 1 608
met FR940104-0-00035 2 609 736
requirements FR940104-0-00035 1 611
was FR940104-0-00035 5 624 735 743 833 943
among FR940104-0-00035 1 625
those FR940104-0-00035 1 626
topics FR940104-0-00035 1 628
iii FR940104-0-00035 1 650
chronology FR940104-0-00035 1 652
regulatory FR940104-0-00035 1 654
activities FR940104-0-00035 1 657
related FR940104-0-00035 1 658
a. FR940104-0-00035 1 664
1991 FR940104-0-00035 1 666
rule FR940104-0-00035 3 668 1085 1237
56 FR940104-0-00035 1 676
60537 FR940104-0-00035 1 678
tentatively FR940104-0-00035 1 698
concluded FR940104-0-00035 2 699 1170
available FR940104-0-00035 2 702 755
evidence FR940104-0-00035 2 703 757
did FR940104-0-00035 3 704 1036 1364
establish FR940104-0-00035 1 706
standard FR940104-0-00035 1 709
had FR940104-0-00035 1 712
there FR940104-0-00035 1 742
significant FR940104-0-00035 1 745
scientific FR940104-0-00035 2 746 756
agreement FR940104-0-00035 1 747
based FR940104-0-00035 3 749 834 994
totality FR940104-0-00035 1 752
publicly FR940104-0-00035 1 754
valid FR940104-0-00035 1 763
b. FR940104-0-00035 1 765
public FR940104-0-00035 2 767 776
service FR940104-0-00035 2 769 778
recommendations FR940104-0-00035 1 770
september FR940104-0-00035 1 772
phs FR940104-0-00035 3 780 886 1108
issued FR940104-0-00035 1 782
recommendation FR940104-0-00035 4 784 832 887 1109
all FR940104-0-00035 2 786 1111
women FR940104-0-00035 2 787 1112
childbearing FR940104-0-00035 2 789 1114
age FR940104-0-00035 2 790 1115
united FR940104-0-00035 2 793 1118
states FR940104-0-00035 2 794 1119
who FR940104-0-00035 2 795 1120
capable FR940104-0-00035 2 797 1122
becoming FR940104-0-00035 2 799 1124
pregnant FR940104-0-00035 2 800 1125
should FR940104-0-00035 2 801 1126
consume FR940104-0-00035 2 802 1127
0.4 FR940104-0-00035 2 803 1128
milligram FR940104-0-00035 1 804
mg FR940104-0-00035 3 806 850 1129
acid/day FR940104-0-00035 1 810
purpose FR940104-0-00035 1 813
reducing FR940104-0-00035 1 815
their FR940104-0-00035 2 816 1136
having FR940104-0-00035 2 819 1139
pregnancy FR940104-0-00035 2 821 1141
affected FR940104-0-00035 2 822 1142
spina FR940104-0-00035 2 824 1144
bifida FR940104-0-00035 2 825 1145
data FR940104-0-00035 1 836
suggesting FR940104-0-00035 1 837
when FR940104-0-00035 1 842
given FR940104-0-00035 1 843
at FR940104-0-00035 2 844 876
high FR940104-0-00035 1 846
dose FR940104-0-00035 2 847 877
4 FR940104-0-00035 1 849
can FR940104-0-00035 1 853
reduce FR940104-0-00035 2 854 1135
recurrence FR940104-0-00035 1 858
synthesis FR940104-0-00035 1 865
from FR940104-0-00035 2 868 879
studies FR940104-0-00035 1 869
used FR940104-0-00035 1 871
multivitamins FR940104-0-00035 1 872
containing FR940104-0-00035 1 873
levels FR940104-0-00035 1 878
0 FR940104-0-00035 1 880
1000 FR940104-0-00035 1 882
micrograms/day FR940104-0-00035 1 883
identified FR940104-0-00035 2 888 891
approaches FR940104-0-00035 1 889
outstanding FR940104-0-00035 1 892
issues FR940104-0-00035 1 893
including FR940104-0-00035 1 895
appropriate FR940104-0-00035 1 897
potential FR940104-0-00035 1 903
role FR940104-0-00035 1 904
nutrients FR940104-0-00035 1 907
reduction FR940104-0-00035 1 909
concerns FR940104-0-00035 1 917
`` FR940104-0-00035 2 921 1008
folatepreventable FR940104-0-00035 1 922
'' FR940104-0-00035 2 923 1010
fraction FR940104-0-00035 1 924
c. FR940104-0-00035 1 929
october FR940104-0-00035 1 937
enacted FR940104-0-00035 1 944
this FR940104-0-00035 3 946 1279 1396
statute FR940104-0-00035 1 947
imposed FR940104-0-00035 1 948
moratorium FR940104-0-00035 1 950
implementation FR940104-0-00035 1 954
respect FR940104-0-00035 3 960 982 1197
until FR940104-0-00035 3 964 1179 1360
rules FR940104-0-00035 4 975 993 1048 1063
implement FR940104-0-00035 1 977
these FR940104-0-00035 2 996 1180
proposals FR940104-0-00035 1 997
socalled FR940104-0-00035 1 1007
hammer FR940104-0-00035 1 1009
provision FR940104-0-00035 1 1011
provide FR940104-0-00035 1 1031
meet FR940104-0-00035 1 1038
timeframe FR940104-0-00035 1 1043
issuance FR940104-0-00035 1 1045
would FR940104-0-00035 1 1053
d. FR940104-0-00035 1 1059
1993 FR940104-0-00035 2 1061 1217
conventional FR940104-0-00035 2 1070 1260
form FR940104-0-00035 2 1072 1262
2606 FR940104-0-00035 1 1078
published FR940104-0-00035 3 1082 1234 1421
however FR940104-0-00035 2 1099 1155
reaffirmed FR940104-0-00035 1 1103
its FR940104-0-00035 1 1104
support FR940104-0-00035 1 1105
daily FR940104-0-00035 1 1133
noted FR940104-0-00035 1 1153
unresolved FR940104-0-00035 1 1158
questions FR940104-0-00035 2 1159 1181
safe FR940104-0-00035 1 1162
remained FR940104-0-00035 1 1166
could FR940104-0-00035 1 1173
were FR940104-0-00035 1 1182
resolved FR940104-0-00035 1 1183
because FR940104-0-00035 1 1185
took FR940104-0-00035 1 1192
e. FR940104-0-00035 1 1215
proposal FR940104-0-00035 2 1218 1407
provided FR940104-0-00035 1 1273
60 FR940104-0-00035 1 1274
days FR940104-0-00035 1 1275
comment FR940104-0-00035 2 1277 1284
period FR940104-0-00035 1 1285
closed FR940104-0-00035 1 1286
202 FR940104-0-00035 1 1307
does FR940104-0-00035 1 1330
promulgate FR940104-0-00035 1 1332
applicable FR940104-0-00035 2 1341 1435
timely FR940104-0-00035 1 1347
manner FR940104-0-00035 1 1348
shall FR940104-0-00035 1 1353
but FR940104-0-00035 1 1358
december FR940104-0-00035 1 1387
31 FR940104-0-00035 1 1388
1993. FR940104-0-00035 1 1390
therefore FR940104-0-00035 1 1391
issuing FR940104-0-00035 1 1395
document FR940104-0-00035 1 1397
operation FR940104-0-00035 1 1401
law FR940104-0-00035 1 1404
only FR940104-0-00035 1 1444
cfr FR940104-0-00035 1 1451
part FR940104-0-00035 2 1452 1459
101 FR940104-0-00035 1 1453
follows FR940104-0-00035 2 1457 1512
101_food FR940104-0-00035 1 1460
2. FR940104-0-00035 1 1462
101.71 FR940104-0-00035 1 1464
authorized FR940104-0-00035 1 1470
removing FR940104-0-00035 1 1474
paragraph FR940104-0-00035 1 1475
redesignating FR940104-0-00035 1 1481
paragraphs FR940104-0-00035 1 1482
f FR940104-0-00035 1 1488
e FR940104-0-00035 2 1496 1508
respectively FR940104-0-00035 1 1499
3. FR940104-0-00035 1 1501
new FR940104-0-00035 1 1502
§101.79 FR940104-0-00035 2 1503 1514
added FR940104-0-00035 1 1505
subpart FR940104-0-00035 1 1507
read FR940104-0-00035 1 1510
_ FR940104-0-00035 1 1534
definition FR940104-0-00035 1 1538
