. FR941206-1-00134 160 56141 56164 56174 56211 56309 56325 56357 56376 56405 56432 56462 56524 56589 56663 56707 56741 56771 56833 56866 56893 56925 56955 56962 56964 56967 56996 57023 57073 57126 57179 57244 57302 57420 57463 57494 57496 57499 57575 57624 57660 57705 57714 57787 57925 57936 57985 58021 58108 58133 58153 58183 58242 58296 58327 58358 58385 58406 58438 58484 58515 58517 58522 58550 58575 58594 58641 58662 58683 58705 58728 58747 58782 58785 58812 58850 58867 58888 58973 59017 59064 59096 59203 59229 59259 59305 59337 59437 59475 59494 59513 59545 59570 59618 59649 59666 59700 59736 59774 59801 59804 59813 59839 59862 59885 59901 59944 59972 60021 60052 60079 60124 60136 60172 60198 60231 60257 60295 60309 60328 60360 60401 60422 60449 60452 60455 60502 60523 60550 60592 60621 60647 60678 60708 60753 60786 60832 60834 60840 60883 60904 60939 61004 61031 61082 61171 61221 61269 61331 61348 61433 61512 61529 61555 61599 61634 61697 61758 61805 61888 61930
in FR941206-1-00134 114 56142 56177 56200 56228 56237 56239 56340 56358 56377 56407 56435 56476 56489 56492 56525 56609 56664 56825 56880 56911 56922 56940 57024 57040 57048 57060 57327 57368 57374 57485 57583 57589 57614 57620 57642 57668 57684 57796 57884 57897 57996 58054 58116 58122 58175 58184 58275 58416 58525 58564 58667 58748 58826 58838 58992 59012 59134 59214 59253 59326 59434 59480 59487 59532 59534 59542 59588 59645 59662 59705 59712 59733 59759 59821 59881 59917 59926 60003 60018 60086 60130 60134 60165 60185 60204 60383 60399 60490 60551 60574 60585 60615 60628 60639 60665 60709 60777 60783 60827 60841 60909 60919 60927 60940 61039 61332 61513 61523 61686 61723 61768 61806 61837 61881
addition FR941206-1-00134 8 56143 56493 56665 57025 59472 60552 60710 61807
, FR941206-1-00134 239 56144 56147 56152 56203 56205 56241 56278 56290 56335 56360 56379 56393 56409 56434 56438 56479 56494 56527 56543 56551 56566 56581 56600 56608 56612 56666 56675 56710 56730 56743 56789 56792 56804 56841 56844 56883 56895 56943 57026 57076 57093 57095 57168 57231 57278 57282 57286 57304 57337 57349 57362 57386 57396 57439 57520 57523 57550 57578 57594 57597 57608 57650 57719 57750 57752 57789 57842 57848 57873 57906 57908 57962 57971 58023 58033 58037 58043 58047 58160 58202 58244 58285 58303 58440 58445 58451 58535 58540 58569 58613 58685 58708 58756 58799 58806 58819 58866 58882 58998 59019 59021 59113 59146 59187 59189 59218 59231 59237 59261 59266 59284 59288 59293 59315 59328 59330 59339 59364 59366 59371 59374 59377 59379 59382 59386 59389 59391 59393 59395 59398 59400 59408 59417 59425 59427 59445 59461 59469 59518 59524 59547 59560 59572 59675 59681 59702 59740 59742 59753 59762 59778 59782 59790 59807 59891 59906 59908 59939 59946 59950 59975 59977 59990 60009 60027 60034 60063 60065 60073 60075 60097 60101 60106 60154 60174 60208 60273 60297 60345 60370 60411 60433 60553 60559 60604 60606 60668 60680 60682 60711 60724 60729 60796 60798 60806 60844 60847 60866 60948 60969 60987 61048 61081 61098 61117 61122 61130 61138 61151 61178 61209 61211 61228 61271 61277 61334 61385 61398 61435 61438 61443 61516 61572 61574 61577 61639 61657 61672 61725 61730 61737 61744 61770 61808 61901 61904 61908 61910 61913
hazardous FR941206-1-00134 8 56145 56271 56450 56724 57240 57854 58680 58834
wastes FR941206-1-00134 3 56146 56149 56166
including FR941206-1-00134 8 56148 59285 59365 59418 59808 59874 60092 60671
containing FR941206-1-00134 13 56150 56349 56403 59193 59227 59827 60025 60689 60719 60849 60943 61319 61868
pcbs FR941206-1-00134 58 56151 56199 56324 56372 56404 56430 57072 57827 57896 57912 58677 58831 58849 58919 58935 59041 59179 59194 59228 59304 59559 59644 59699 59806 59816 59828 59853 59893 59909 59935 59940 60088 60164 60324 60332 60398 60454 60458 60468 60514 60638 60756 61077 61129 61170 61188 61200 61220 61298 61305 61320 61384 61397 61477 61612 61633 61718 61804
were FR941206-1-00134 12 56153 56167 56597 58643 58665 58710 58731 59221 59563 61470 61602 61675
generated FR941206-1-00134 1 56154
as FR941206-1-00134 30 56155 56520 56690 57082 57260 57761 57838 58036 58318 58536 58735 58999 59180 59403 59676 59823 60467 60532 60659 60663 60722 60751 60964 61658 61690 61759 61761 61786 61841 61885
a FR941206-1-00134 129 56156 56216 56224 56282 56364 56385 56390 56463 56552 56583 56598 56657 56702 56787 56799 56816 56839 56853 56867 56913 56931 56947 56963 57041 57045 57083 57099 57109 57149 57198 57201 57208 57215 57298 57355 57369 57392 57415 57440 57449 57456 57479 57509 57512 57615 57702 57706 57722 57728 57763 57783 57830 57839 57843 57900 57926 57986 57992 58004 58015 58025 58066 58084 58114 58117 58165 58199 58208 58238 58279 58287 58323 58377 58454 58475 58502 58551 58590 58624 58648 58817 58855 58946 58956 59150 59173 59240 59348 59435 59502 59535 59592 59634 59651 59663 59673 59770 59858 59882 59958 59967 59984 60004 60047 60070 60131 60196 60214 60356 60390 60519 60588 60619 60660 60759 60802 60851 60931 60941 61014 61027 61108 61359 61419 61524 61532 61827 61844 61855
result FR941206-1-00134 8 56157 57059 57373 57619 57683 58121 59405 60918
of FR941206-1-00134 204 56158 56169 56208 56253 56284 56287 56297 56323 56329 56354 56370 56400 56429 56448 56458 56513 56516 56625 56683 56696 56715 56786 56814 56838 57062 57085 57098 57123 57165 57173 57210 57266 57293 57329 57332 57351 57354 57365 57378 57394 57409 57425 57458 57492 57508 57567 57569 57592 57611 57647 57652 57657 57674 57697 57709 57801 57812 57821 57826 57911 57917 57919 57941 57994 58068 58076 58097 58113 58126 58180 58194 58215 58231 58234 58249 58261 58281 58299 58322 58336 58372 58383 58423 58460 58501 58512 58553 58568 58632 58637 58652 58655 58659 58669 58673 58676 58713 58759 58829 58848 58891 58900 58907 58948 58969 58984 58994 59006 59039 59057 59088 59102 59225 59278 59281 59406 59415 59455 59473 59482 59510 59530 59614 59622 59643 59672 59684 59697 59715 59719 59725 59745 59785 59877 59920 59929 59957 59983 59994 60013 60038 60069 60121 60140 60151 60157 60163 60195 60222 60235 60263 60291 60306 60341 60367 60396 60541 60547 60556 60571 60599 60618 60624 60637 60642 60687 60696 60716 60740 60763 60770 60790 60794 60809 60836 60898 60934 60954 60996 61043 61066 61076 61085 61142 61174 61205 61225 61236 61297 61309 61343 61369 61410 61496 61535 61551 61563 61580 61589 61607 61750 61756 61778 61926
these FR941206-1-00134 13 56159 58359 58934 59483 59573 59948 60166 60232 60593 60754 60814 61896 61924
and FR941206-1-00134 100 56160 56172 56193 56206 56232 56248 56291 56301 56346 56451 56480 56535 56582 56629 56698 56861 56884 56983 57066 57096 57140 57156 57160 57196 57214 57225 57346 57471 57544 57561 57605 57645 57655 57681 57753 57804 57809 57814 57913 57972 58014 58105 58334 58394 58495 58507 58635 58706 58771 58802 58920 58923 58939 59195 59300 59317 59331 59334 59409 59420 59422 59490 59612 59636 59791 59811 59829 59932 60035 60107 60250 60607 60674 60683 60698 60730 60742 60799 60855 60874 60890 60893 60936 60966 60988 61018 61212 61253 61311 61323 61389 61448 61537 61548 61560 61575 61591 61620 61664 61745
other FR941206-1-00134 16 56161 56977 57103 57142 57771 58312 58402 58425 59410 60427 60439 60717 60731 60879 60959 60982
manufacturing FR941206-1-00134 1 56162
processes FR941206-1-00134 3 56163 56519 60594
the FR941206-1-00134 359 56165 56178 56185 56194 56201 56209 56212 56242 56249 56270 56276 56285 56298 56306 56310 56316 56327 56330 56336 56352 56355 56361 56371 56374 56398 56401 56410 56415 56423 56441 56446 56449 56481 56514 56528 56540 56557 56563 56591 56601 56620 56623 56626 56630 56640 56713 56758 56762 56773 56782 56810 56827 56834 56859 56927 56941 56956 56999 57006 57008 57027 57033 57055 57067 57086 57120 57127 57135 57141 57157 57180 57192 57211 57218 57245 57251 57257 57263 57289 57294 57309 57314 57319 57324 57333 57342 57352 57366 57383 57387 57398 57405 57410 57421 57426 57432 57461 57464 57468 57472 57486 57504 57558 57573 57579 57584 57599 57612 57625 57631 57639 57643 57675 57685 57693 57698 57710 57716 57768 57790 57799 57805 57878 57882 57886 57904 57920 57923 57937 57942 57968 57973 57978 58000 58044 58048 58052 58056 58072 58077 58098 58102 58131 58137 58141 58148 58171 58178 58181 58185 58187 58190 58195 58203 58211 58216 58232 58245 58250 58259 58262 58268 58276 58300 58309 58320 58328 58337 58346 58421 58424 58432 58465 58492 58499 58526 58543 58556 58565 58609 58620 58630 58656 58660 58674 58699 58721 58750 58757 58778 58827 58844 58851 58869 58872 58883 58892 58908 58960 58966 58977 58982 59004 59007 59049 59058 59075 59086 59093 59121 59125 59156 59161 59166 59250 59265 59298 59314 59323 59338 59404 59453 59465 59471 59495 59508 59528 59605 59610 59615 59619 59623 59641 59646 59655 59659 59669 59682 59687 59693 59698 59706 59713 59716 59720 59723 59730 59734 59743 59748 59756 59766 59783 59788 59799 59840 59875 59887 59892 59898 59921 59930 59951 60028 60039 60067 60138 60149 60155 60161 60179 60186 60192 60226 60254 60260 60288 60292 60313 60323 60326 60331 60336 60339 60342 60384 60394 60412 60434 60476 60480 60539 60542 60545 60548 60569 60578 60582 60600 60616 60622 60625 60629 60635 60640 60643 60701 60744 60768 60778 60788 60807 60829 60887 60905 60910 60922 60950 60970 60975 60989 60997 61037 61040 61064 61071 61074 61083 61096 61105 61114 61124 61135 61140 61179 61184 61191 61202 61206 61234 61245 61292 61295 61307 61341 61353 61374 61407 61427 61493 61552 61557 61650 61687 61698 61776 61788 61882 61918
disposed FR941206-1-00134 2 56168 61749
both FR941206-1-00134 3 56170 57131 60853
on- FR941206-1-00134 1 56171
offsite FR941206-1-00134 1 56173
pcb FR941206-1-00134 102 56175 56299 56348 56498 56593 56603 56648 56660 56684 56704 56717 56738 56768 56775 56933 56985 56992 57014 57088 57137 57184 57203 57253 57300 57316 57344 57400 57418 57451 57531 57677 57725 57748 57765 57785 57807 57930 57954 58006 58017 58027 58086 58240 58264 58289 58325 58504 58518 58557 58591 58626 58638 58744 58856 58909 58921 58937 59043 59062 59079 59094 59108 59167 59212 59251 59279 59324 59343 59456 59496 59511 59522 59606 59616 59660 59670 59717 59731 59757 59767 60245 60289 60343 60435 60510 60583 60626 60688 60718 60784 60792 60830 60899 60990 61157 61350 61454 61653 61671 61876 61886 61927
contamination FR941206-1-00134 4 56176 56289 56300 56685
river FR941206-1-00134 5 56179 56210 56308 56317 56375
had FR941206-1-00134 7 56180 56214 56502 57220 57982 58787 61376
been FR941206-1-00134 13 56181 56617 56900 57276 57983 58031 58151 58168 58863 58886 61195 61216 61314
an FR941206-1-00134 31 56182 56295 56646 56693 56721 56745 56896 56950 56989 57174 57227 57375 57546 57621 57735 57850 57862 57869 57949 58081 58123 58220 58457 58928 58963 58985 58988 59036 60205 60318 61260
issue FR941206-1-00134 5 56183 57250 57391 58065 61864
since FR941206-1-00134 5 56184 56752 58868 60137 60361
late FR941206-1-00134 1 56186
1970s FR941206-1-00134 1 56187
when FR941206-1-00134 6 56188 57148 59123 60199 60478 61751
studies FR941206-1-00134 3 56189 56263 56311
conducted FR941206-1-00134 3 56190 57018 58162
by FR941206-1-00134 37 56191 56246 56414 56474 56562 56577 56619 56981 57054 57108 57116 57731 57745 57759 57782 58538 58619 58795 58804 58865 59003 59289 59312 59458 59835 59873 60066 60077 60267 60431 60537 60613 60817 60961 61101 61104 61113
epa FR941206-1-00134 63 56192 56220 56247 56380 56439 56475 56495 56548 56578 56732 56751 56803 56885 56910 56944 56968 56982 56997 57077 57117 57222 57228 57541 57547 57661 57732 57746 57760 57863 57950 58304 58386 58409 58446 58469 58485 58508 58529 58614 58670 58691 58773 58805 58811 58961 59018 59051 59131 59238 59438 59539 59973 60080 60175 60298 60487 61049 61229 61413 61640 61771 61809 61914
two FR941206-1-00134 2 56195 56957
neighboring FR941206-1-00134 1 56196
states FR941206-1-00134 9 56197 56924 58621 58642 58700 58768 58791 58820 58911
detected FR941206-1-00134 1 56198
sediments FR941206-1-00134 3 56202 60681 60797
fish FR941206-1-00134 1 56204
waters FR941206-1-00134 1 56207
facility FR941206-1-00134 32 56213 56243 56277 56337 56362 56411 56529 57181 57219 57295 57310 57325 57367 57411 57427 57441 57510 57585 57613 57699 57791 57887 57943 58057 58078 58115 58172 58196 58217 58251 58317 58455
obtained FR941206-1-00134 4 56215 56901 57957 59047
npdes FR941206-1-00134 2 56217 56584
permit FR941206-1-00134 28 56218 56388 56468 56486 56555 56585 56872 57101 57243 57357 57469 57526 57532 57601 57726 57729 57769 57803 57831 57847 57901 58099 58142 58149 58314 58338 58353 58433
from FR941206-1-00134 27 56219 56351 56539 56547 56802 56822 56902 57069 57460 57572 58229 58810 58965 59048 59446 60225 60248 60325 60335 60544 60650 60813 60872 60877 60915 60957 60980
for FR941206-1-00134 88 56221 56305 56389 56397 56556 56572 56586 56622 56635 56701 56727 56920 56929 57130 57200 57238 57414 57466 57477 57595 57666 57747 57881 57953 58051 58083 58157 58210 58237 58315 58331 58555 58580 58816 58843 58853 58878 58897 58932 58962 58987 59085 59110 59138 59177 59210 59321 59352 59452 59491 59507 59527 59558 59584 59586 59597 59603 59639 59711 59737 59776 59779 59851 59902 59947 60022 60272 60279 60310 60393 60437 60494 60512 60554 60568 60706 60749 60787 60826 60901 60992 61172 61181 61430 61700 61783 61790 61902
discharges FR941206-1-00134 2 56222 56588
into FR941206-1-00134 6 56223 59464 61134 61403 61462 61489
navigable FR941206-1-00134 1 56225
waterway FR941206-1-00134 1 56226
( FR941206-1-00134 69 56227 56256 56267 56279 56292 56455 56560 56575 56673 57162 57268 57272 57335 57518 57537 57551 57562 57733 57866 57958 58089 58109 58134 58154 58222 58273 58570 58780 58904 59014 59026 59099 59130 59143 59232 59291 59355 59628 59775 59845 59937 59965 60007 60045 60091 60486 60499 60505 60850 60858 60960 61055 61208 61274 61282 61358 61361 61364 61418 61421 61424 61501 61826 61829 61832 61835 61843 61846 61849
early FR941206-1-00134 3 56229 56477 56490
1978 FR941206-1-00134 1 56230
) FR941206-1-00134 67 56231 56258 56269 56281 56294 56457 56565 56580 56679 57172 57270 57274 57385 57527 57539 57553 57564 57739 57872 57961 58091 58111 58136 58156 58236 58295 58574 58784 58906 59016 59028 59101 59145 59236 59297 59359 59630 59802 59847 59943 59971 60020 60051 60110 60501 60507 60852 60860 60968 61057 61210 61276 61286 61360 61363 61366 61420 61423 61426 61503 61828 61831 61834 61845 61848 61851 61852
interim FR941206-1-00134 1 56233
status FR941206-1-00134 2 56234 60194
under FR941206-1-00134 29 56235 56445 56549 56650 56669 56720 56976 57019 57112 57134 57313 57576 57664 57715 57740 57833 58139 58258 58380 58398 58596 58608 58678 58720 58777 58832 59092 59361 61139
rcra FR941206-1-00134 9 56236 56461 56465 56483 56550 56652 56676 57525 57844
1980. FR941206-1-00134 1 56238
1981 FR941206-1-00134 2 56240 56341
was FR941206-1-00134 23 56244 56318 56338 56412 56472 56487 56530 56937 57326 57435 57956 57965 58143 58283 58528 58562 58599 58692 58761 58880 58975 61289 61300
required FR941206-1-00134 14 56245 56339 56413 56531 57859 57935 58189 58294 58645 58916 61009 61022 61459 61486
resident FR941206-1-00134 1 56250
state FR941206-1-00134 33 56251 56331 56416 56541 56621 56641 56723 56763 56824 56862 56868 56882 56904 56984 57110 57143 57628 57723 57737 57853 58310 58349 58429 58519 58547 58558 58586 58610 58625 58633 58679 58725 58743
department FR941206-1-00134 1 56252
environmental FR941206-1-00134 4 56254 57514 57633 57835
protection FR941206-1-00134 2 56255 61782
dep FR941206-1-00134 3 56257 56417 56542
to FR941206-1-00134 177 56259 56342 56367 56418 56425 56460 56469 56509 56532 56643 56655 56680 56733 56750 56766 56797 56818 56851 56857 56871 56890 56909 56972 57011 57038 57064 57071 57080 57119 57296 57339 57380 57412 57533 57557 57691 57700 57794 57829 57860 57877 57894 57922 57967 58042 58064 58079 58128 58164 58197 58218 58255 58369 58391 58412 58462 58473 58487 58490 58532 58583 58588 58602 58622 58646 58694 58698 58701 58723 58732 58740 58762 58766 58769 58813 58823 58861 58871 58894 58917 58951 58959 59023 59029 59034 59054 59060 59073 59082 59155 59169 59182 59245 59248 59275 59309 59370 59520 59565 59595 59608 59626 59632 59657 59667 59754 59797 59843 59854 59913 59961 60148 60182 60216 60240 60244 60253 60321 60353 60374 60386 60417 60444 60462 60515 60580 60767 60823 60912 60921 60929 60977 60984 61000 61010 61023 61052 61058 61063 61089 61164 61232 61242 61247 61266 61302 61328 61340 61378 61381 61391 61399 61440 61450 61460 61475 61487 61508 61521 61527 61617 61630 61647 61666 61677 61704 61712 61735 61795 61801 61818 61823 61861 61873 61894 61905 61922
conduct FR941206-1-00134 3 56260 56510 58392
three FR941206-1-00134 1 56261
major FR941206-1-00134 1 56262
focussing FR941206-1-00134 1 56264
on FR941206-1-00134 32 56265 58442 58498 59077 59149 59172 59230 59264 59347 59769 59857 59966 60046 60160 60287 60355 60518 60587 60634 60801 61013 61026 61073 61080 61119 61294 61546 61636 61764 61775 61813 61917
: FR941206-1-00134 4 56266 58088 60602 61190
1 FR941206-1-00134 9 56268 57538 58090 59803 60117 61362 61422 61830 61847
waste FR941206-1-00134 23 56272 56453 56725 57104 57150 57176 57185 57241 57359 57515 57634 57772 57855 58340 58355 58363 58435 58681 58835 59063 59141 59380 60497
disposal FR941206-1-00134 22 56273 56387 56499 56637 56661 56718 56769 56828 56986 57188 57754 57778 57910 58592 58627 58639 58726 58745 58847 58857 58901 58990
practices FR941206-1-00134 1 56274
at FR941206-1-00134 19 56275 56422 56970 57074 57305 58420 59159 59185 59431 60465 60609 61046 61148 61222 61306 61356 61416 61478 61692
2 FR941206-1-00134 7 56280 57552 58110 58516 60119 60451 61623
determination FR941206-1-00134 8 56283 59277 59454 59509 59714 60340 60352 60623
extent FR941206-1-00134 1 56286
onsite FR941206-1-00134 1 56288
3 FR941206-1-00134 4 56293 57563 58135 60833
assessment FR941206-1-00134 1 56296
corrective FR941206-1-00134 5 56302 56442 56484 56544 57845
action FR941206-1-00134 7 56303 56443 56485 56545 56667 57846 58483
alternatives FR941206-1-00134 1 56304
nearby FR941206-1-00134 1 56307
concluded FR941206-1-00134 1 56312
that FR941206-1-00134 63 56313 56614 56875 56881 56898 56917 57016 57206 57217 57323 57371 57570 57648 57802 57890 57902 57977 58003 58119 58316 58352 58690 58789 58912 58927 58940 58981 59031 59107 59243 59270 59342 59440 59537 59554 59562 59760 59978 59996 60057 60082 60177 60300 60691 60734 60773 60845 61091 61123 61152 61183 61244 61254 61258 61280 61288 61299 61373 61386 61444 61674 61706 61709
sediment FR941206-1-00134 1 56314
along FR941206-1-00134 1 56315
contaminated FR941206-1-00134 3 56319 59375 59402
with FR941206-1-00134 24 56320 57341 57511 57598 57721 57798 57899 57991 58177 58345 58418 59470 60577 61061 61198 61218 61317 61405 61464 61491 61542 61604 61659 61741
39000 FR941206-1-00134 1 56321
pounds FR941206-1-00134 1 56322
using FR941206-1-00134 4 56326 56988 59124 60479
authority FR941206-1-00134 9 56328 56653 56672 56765 56889 57022 57139 57147 57690
's FR941206-1-00134 19 56332 56381 56496 56764 57036 57311 57475 57489 57586 57662 57980 58410 58470 58509 58530 58671 58774 58979 59540
superfund FR941206-1-00134 1 56333
law FR941206-1-00134 2 56334 57743
install FR941206-1-00134 1 56343
groundwater FR941206-1-00134 2 56344 56356
pumps FR941206-1-00134 1 56345
remove FR941206-1-00134 2 56347 60217
oil FR941206-1-00134 6 56350 56402 60019 60094 60102 61371
top FR941206-1-00134 1 56353
1987 FR941206-1-00134 1 56359
installed FR941206-1-00134 1 56363
slurry FR941206-1-00134 1 56365
wall FR941206-1-00134 1 56366
minimize FR941206-1-00134 1 56368
migration FR941206-1-00134 1 56369
towards FR941206-1-00134 1 56373
1988 FR941206-1-00134 3 56378 56408 56437
regional FR941206-1-00134 15 56382 57034 57193 57246 57320 57388 57473 57487 57559 57686 57879 57969 57974 58049 58204
office FR941206-1-00134 1 56383
issued FR941206-1-00134 16 56384 56488 56503 56561 56576 56618 56975 57107 57436 57724 57730 57832 58032 58144 58272 58284
tsca FR941206-1-00134 54 56386 56497 56553 56567 56592 56602 56658 56703 56774 56854 56914 56932 56991 57087 57136 57202 57252 57299 57315 57343 57399 57417 57433 57450 57480 57577 57603 57665 57676 57703 57764 57784 57806 57929 58005 58016 58026 58085 58103 58200 58239 58263 58269 58288 58301 58324 58373 58384 58399 58503 58544 58729 58751 58840
high FR941206-1-00134 1 56391
temperature FR941206-1-00134 1 56392
thermal FR941206-1-00134 3 56394 56558 56627
oxidizer FR941206-1-00134 1 56395
incinerator FR941206-1-00134 3 56396 56559 56628
destruction FR941206-1-00134 1 56399
also FR941206-1-00134 13 56406 56687 56806 57989 58523 58644 58711 59207 60296 60736 60894 61484 61505
make FR941206-1-00134 3 56419 58533 59795
necessary FR941206-1-00134 1 56420
repairs FR941206-1-00134 1 56421
dam FR941206-1-00134 1 56424
decrease FR941206-1-00134 1 56426
future FR941206-1-00134 1 56427
transport FR941206-1-00134 1 56428
downstream FR941206-1-00134 1 56431
finally FR941206-1-00134 2 56433 58707
october FR941206-1-00134 1 56436
initiated FR941206-1-00134 1 56440
process FR941206-1-00134 8 56444 56928 56954 57712 58828 58852 59436 60563
provisions FR941206-1-00134 5 56447 57659 58260 61342 61409
solid FR941206-1-00134 3 56452 59140 60496
amendments FR941206-1-00134 1 56454
hswa FR941206-1-00134 1 56456
1984 FR941206-1-00134 1 56459
draft FR941206-1-00134 1 56464
part FR941206-1-00134 7 56466 59362 61044 61346 61411 61465 61497
b FR941206-1-00134 8 56467 57269 57495 59100 59629 59846 60506 60859
initiate FR941206-1-00134 2 56470 58474
cleanup FR941206-1-00134 2 56471 56522
developed FR941206-1-00134 2 56473 59564
1989 FR941206-1-00134 1 56478
final FR941206-1-00134 3 56482 57524 57530
1991. FR941206-1-00134 1 56491
permitting FR941206-1-00134 3 56500 57138 57146
program FR941206-1-00134 14 56501 56604 56649 56662 56726 57856 58138 58427 58561 58593 58598 58628 58858 58884
several FR941206-1-00134 4 56504 58663 59262 59582
r FR941206-1-00134 3 56505 56568 56631
& FR941206-1-00134 3 56506 56569 56632
d FR941206-1-00134 3 56507 56570 56633
permits FR941206-1-00134 8 56508 56538 56546 56571 56613 56634 56974 58361
pilotscale FR941206-1-00134 2 56511 56573
experiments FR941206-1-00134 2 56512 56574
effectiveness FR941206-1-00134 1 56515
various FR941206-1-00134 2 56517 59492
bioremediation FR941206-1-00134 1 56518
viable FR941206-1-00134 1 56521
technologies FR941206-1-00134 5 56523 56638 56729 56740 56874
summary FR941206-1-00134 1 56526
obtain FR941206-1-00134 8 56533 56798 56819 56852 57297 57701 57861 58198
operating FR941206-1-00134 2 56534 56554
air FR941206-1-00134 1 56536
emission FR941206-1-00134 1 56537
region FR941206-1-00134 10 56564 57462 57574 57580 57883 57924 57987 58001 58053 58188
headquarters FR941206-1-00134 1 56579
water FR941206-1-00134 41 56587 59256 59476 59531 59587 59598 59704 59726 59780 59789 59800 59880 59995 60014 60026 60030 60054 60056 60123 60127 60142 60159 60181 60203 60224 60237 60249 60265 60283 60308 60337 60385 60400 60543 60572 60648 60697 60741 60765 60772 60810
if FR941206-1-00134 11 56590 56639 57169 57303 57453 58022 59886 59980 60402 60424 61889
coordinated FR941206-1-00134 19 56594 56705 56776 56855 56915 56934 56952 56993 57029 57089 57204 57254 57317 57401 57678 58007 58028 58265 58505
approval FR941206-1-00134 45 56595 56706 56777 56801 56856 56897 56916 56935 56953 56994 57030 57090 57161 57205 57213 57255 57259 57301 57318 57334 57402 57419 57434 57452 57481 57679 57704 57766 57786 57931 58008 58018 58029 58087 58201 58241 58266 58270 58290 58302 58326 58506 58803 58896 59033
proposal FR941206-1-00134 8 56596 58514 58531 58612 59316 59952 60558 61702
reality FR941206-1-00134 1 56599
could FR941206-1-00134 16 56605 56615 56686 57058 57182 57390 57428 57442 57682 57944 57988 58447 59000 59272 59555 60269
have FR941206-1-00134 13 56606 56616 57237 57275 57793 58061 58167 58822 58860 58862 60822 61194 61215
recognized FR941206-1-00134 3 56607 56689 57758
this FR941206-1-00134 29 56610 57124 57500 58513 58576 58597 58941 59070 59103 59204 59306 59543 60125 60219 60281 60351 60371 60557 60884 61086 61175 61226 61335 61510 61637 61701 61765 61838 61863
case FR941206-1-00134 2 56611 61789
operation FR941206-1-00134 6 56624 57312 57364 57445 57610 58112
experimental FR941206-1-00134 1 56636
elected FR941206-1-00134 1 56642
either FR941206-1-00134 4 56644 57249 59580 61100
implement FR941206-1-00134 2 56645 58724
expanded FR941206-1-00134 3 56647 56722 57851
its FR941206-1-00134 8 56651 56888 57653 57658 58389 58414 58696 58833
or FR941206-1-00134 91 56654 56677 56784 56790 56812 56836 56842 56949 57102 57111 57144 57163 57187 57287 57291 57358 57363 57382 57403 57407 57423 57506 57528 57602 57609 57627 57695 57727 57734 57770 57819 57824 57849 57867 57939 57959 58012 58074 58093 58130 58147 58170 58192 58213 58247 58311 58339 58348 58354 58362 58400 58419 58428 58434 58464 58467 58478 58480 58837 58936 58971 59042 59295 59357 59413 59428 59443 59485 59590 60076 60118 60133 60597 60654 60819 60857 61107 61110 61284 61395 61455 61472 61615 61628 61681 61695 61716 61799 61853 61871 61911
establish FR941206-1-00134 5 56656 58207 58589 58623 59208
lookalike FR941206-1-00134 2 56659 58841
taken FR941206-1-00134 3 56668 59451 61754
any FR941206-1-00134 12 56670 57306 57330 58401 58443 59055 59423 59432 59703 60560 60714 61219
federal FR941206-1-00134 15 56671 56860 56978 57145 57416 57513 57626 57742 58313 58347 58404 58426 58566 58703 58873
eg FR941206-1-00134 5 56674 57336 57519 59938 60064
cercla FR941206-1-00134 3 56678 57840 58158
require FR941206-1-00134 17 56681 56781 56809 57288 57404 57692 58071 59106 59165 59276 59501 59525 59591 59849 59954 60509 60974
remediation FR941206-1-00134 3 56682 57749 57905
be FR941206-1-00134 80 56688 56831 56877 56907 57483 57638 57757 57795 57858 57934 58253 58293 58367 58370 58717 58733 58814 58824 58996 59001 59046 59083 59147 59170 59183 59273 59345 59450 59478 59556 59601 59678 59709 59819 59855 59895 59914 59962 60001 60016 60032 60042 60059 60183 60270 60354 60381 60388 60415 60418 60442 60445 60463 60516 60530 60632 60657 60775 60824 60978 61001 61008 61011 61021 61024 61162 61165 61264 61267 61326 61329 61441 61458 61485 61506 61648 61678 61684 61859 61879
not FR941206-1-00134 34 56691 56748 56780 56808 56906 56938 57154 57443 57933 58010 58039 58174 58224 58600 58666 59368 59500 59794 59998 60113 60190 60277 60349 60811 61127 61132 61214 61255 61313 61322 61325 61338 61642 61878
posing FR941206-1-00134 1 56692
unreasonable FR941206-1-00134 4 56694 57376 57622 58124
risk FR941206-1-00134 5 56695 57377 57623 58125 58459
injury FR941206-1-00134 5 56697 57063 57379 58127 58461
thus FR941206-1-00134 4 56699 59301 59945 60173
suitable FR941206-1-00134 1 56700
one FR941206-1-00134 6 56708 56903 59763 59918 60863 60946
commenter FR941206-1-00134 1 56709
although FR941206-1-00134 3 56711 56772 56926
supporting FR941206-1-00134 1 56712
concept FR941206-1-00134 2 56714 58500
regulating FR941206-1-00134 1 56716
activities FR941206-1-00134 9 56719 56770 57015 57755 57779 57955 58587 58640 58746
stationary FR941206-1-00134 3 56728 56795 56847
encouraged FR941206-1-00134 1 56731
maintain FR941206-1-00134 1 56734
centralized FR941206-1-00134 1 56735
control FR941206-1-00134 1 56736
over FR941206-1-00134 2 56737 61593
mobile FR941206-1-00134 4 56739 56788 56840 56873
however FR941206-1-00134 11 56742 56894 57438 58243 58439 59260 59546 59741 59907 59976 61656
such FR941206-1-00134 7 56744 56815 57837 58035 59650 60721 60963
approach FR941206-1-00134 7 56746 56966 57001 57498 57501 57718 58494
is FR941206-1-00134 37 56747 56918 57078 57888 58009 58019 58058 58173 58271 58376 58408 58472 59257 59631 59686 59692 59747 59787 59889 59987 60055 60129 60143 60169 60201 60846 61050 61088 61159 61230 61337 61414 61703 61772 61787 61810 61816
acceptable FR941206-1-00134 2 56749 56908
there FR941206-1-00134 6 56753 58715 59548 60200 60712 61890
are FR941206-1-00134 31 56754 56864 56959 57017 58915 59081 59549 59910 59925 59941 59997 60089 60238 60276 60333 60460 60685 60713 60952 61189 61387 61445 61519 61710 61719 61728 61732 61739 61747 61753 61891
limited FR941206-1-00134 5 56755 58041 58881 59369 60285
situations FR941206-1-00134 2 56756 59215
whereby FR941206-1-00134 1 56757
administrator FR941206-1-00134 15 56759 57035 57194 57247 57321 57389 57474 57488 57560 57687 57880 57970 57975 58050 58205
can FR941206-1-00134 8 56760 58925 58944 59727 60692 60735 60774 61263
preempt FR941206-1-00134 1 56761
regulate FR941206-1-00134 2 56767 61923
provision FR941206-1-00134 3 56778 57128 58755
would FR941206-1-00134 56 56779 56807 56886 57004 57031 57235 57248 57482 57502 57581 57618 57637 57671 57756 57792 57857 57892 57932 58060 58206 58252 58291 58305 58343 58366 58387 58615 58716 58807 58821 58859 59105 59164 59206 59600 59653 59793 59818 59848 59953 60188 60414 60441 60508 60529 60631 60656 60821 60973 61007 61020 61278 61457 61483 61504 61683
owner FR941206-1-00134 15 56783 56811 56835 57290 57406 57422 57505 57694 57938 57979 58073 58191 58212 58246 61375
operator FR941206-1-00134 13 56785 56813 56837 57292 57408 57424 57507 57696 57940 58075 58193 58214 58248
multiple FR941206-1-00134 4 56791 56820 56843 56923
but FR941206-1-00134 5 56793 56845 58038 59367 59561
identical FR941206-1-00134 2 56794 56846
unit FR941206-1-00134 5 56796 56817 56848 60666 61223
single FR941206-1-00134 1 56800
it FR941206-1-00134 10 56805 57447 57454 58407 58786 58974 59271 59691 59792 61815
approvals FR941206-1-00134 1 56821
each FR941206-1-00134 8 56823 59955 59981 60036 60878 60958 60981 60993
which FR941206-1-00134 16 56826 57232 57617 57885 58055 58140 59078 59114 59118 59447 60087 60469 60473 60564 61469 61608
technology FR941206-1-00134 1 56829
will FR941206-1-00134 9 56830 56876 59449 59462 59677 59894 60211 60315 61324
used FR941206-1-00134 5 56832 56878 58734 59519 59557
may FR941206-1-00134 15 56849 56869 56905 58120 58954 59010 59477 59579 59764 60000 60015 60058 60363 60380 60757
want FR941206-1-00134 1 56850
ensure FR941206-1-00134 3 56858 59633 61705
requirements FR941206-1-00134 17 56863 57092 57348 57607 57811 58107 58161 58371 58704 58968 59091 59209 59320 59611 61429 61495 61562
harmonized FR941206-1-00134 1 56865
chose FR941206-1-00134 1 56870
exclusively FR941206-1-00134 1 56879
respect FR941206-1-00134 1 56887
do FR941206-1-00134 4 56891 59499 60112 60348
so FR941206-1-00134 1 56892
has FR941206-1-00134 7 56899 58030 58145 58150 58885 60284 61312
developing FR941206-1-00134 1 56912
intended FR941206-1-00134 1 56919
use FR941206-1-00134 8 56921 59005 59035 59056 60068 60213 60317 61912
implementing FR941206-1-00134 1 56930
mechanism FR941206-1-00134 3 56936 56995 58549
discussed FR941206-1-00134 3 56939 56960 59679
anprm FR941206-1-00134 2 56942 58527
considered FR941206-1-00134 4 56945 60389 60416 60443
establishing FR941206-1-00134 2 56946 58854
selfimplementing FR941206-1-00134 3 56948 57497 57717
interactive FR941206-1-00134 6 56951 56965 56990 57000 57028 58493
approaches FR941206-1-00134 1 56958
below FR941206-1-00134 3 56961 57003 59680
proposes FR941206-1-00134 6 56969 58486 59022 59072 59318 60373
761.77 FR941206-1-00134 4 56971 57075 57267 58489
recognize FR941206-1-00134 3 56973 58308 61090
laws FR941206-1-00134 3 56979 58836 58842
administered FR941206-1-00134 3 56980 57115 57744
authorities FR941206-1-00134 2 56987 58415
believes FR941206-1-00134 2 56998 60176
described FR941206-1-00134 2 57002 60664
provide FR941206-1-00134 5 57005 57874 58647 58763 61059
agency FR941206-1-00134 6 57007 57629 58350 58430 58978 59656
best FR941206-1-00134 1 57009
opportunity FR941206-1-00134 1 57010
effectively FR941206-1-00134 1 57012
oversee FR941206-1-00134 1 57013
another FR941206-1-00134 4 57020 57113 57741 57834
statutory FR941206-1-00134 1 57021
maximize FR941206-1-00134 1 57032
ability FR941206-1-00134 1 57037
serve FR941206-1-00134 1 57039
preventative FR941206-1-00134 1 57042
rather FR941206-1-00134 1 57043
than FR941206-1-00134 18 57044 58226 59198 59599 59832 59923 60116 60406 60862 60945 61167 61480 61582 61614 61622 61627 61798 61870
reactive FR941206-1-00134 1 57046
role FR941206-1-00134 1 57047
those FR941206-1-00134 11 57049 57590 57669 57777 57997 58790 59310 60438 61401 61592 61673
instances FR941206-1-00134 4 57050 57591 57670 57998
where FR941206-1-00134 9 57051 57999 58278 58453 58468 59216 59255 60949 61156
unintentional FR941206-1-00134 1 57052
negligence FR941206-1-00134 1 57053
regulated FR941206-1-00134 2 57056 59360
community FR941206-1-00134 1 57057
risks FR941206-1-00134 1 57061
health FR941206-1-00134 4 57065 57381 58129 58463
environment FR941206-1-00134 4 57068 57384 58132 58466
exposure FR941206-1-00134 1 57070
proposing FR941206-1-00134 4 57079 61051 61231 61415
include FR941206-1-00134 3 57081 57672 60595
condition FR941206-1-00134 1 57084
all FR941206-1-00134 9 57091 59282 59353 59878 60598 61153 61256 61406 61492
conditions FR941206-1-00134 8 57094 57167 57285 57353 57800 58034 58100 58179
limitations FR941206-1-00134 1 57097
nona FR941206-1-00134 5 57100 57212 57258 57356 57600
management FR941206-1-00134 12 57105 57151 57177 57242 57360 57516 57635 57773 58341 58356 58364 58436
document FR941206-1-00134 11 57106 57152 57178 57361 57517 57636 57649 57774 58342 58357 58437
statute FR941206-1-00134 3 57114 57836 58405
prior FR941206-1-00134 3 57118 59053 60983
effective FR941206-1-00134 2 57121 61203
date FR941206-1-00134 2 57122 61204
rule FR941206-1-00134 11 57125 59071 59104 59163 59205 59242 59268 59544 60372 60972 61840
allows FR941206-1-00134 1 57129
simultaneous FR941206-1-00134 1 57132
coordination FR941206-1-00134 1 57133
does FR941206-1-00134 4 57153 61126 61131 61641
exist FR941206-1-00134 2 57155 58046
subsequent FR941206-1-00134 2 57158 58094
review FR941206-1-00134 1 57159
inclusion FR941206-1-00134 1 57164
additional FR941206-1-00134 3 57166 57280 57284
deemed FR941206-1-00134 2 57170 58368
appropriate FR941206-1-00134 5 57171 58013 59050 59602 61920
existing FR941206-1-00134 3 57175 57870 61824
commence FR941206-1-00134 4 57183 57444 57534 57945
storage FR941206-1-00134 4 57186 57751 57907 58845
operations FR941206-1-00134 6 57189 57430 57535 57587 57946 58257
only FR941206-1-00134 3 57190 57588 59303
after FR941206-1-00134 9 57191 57536 58024 58297 61036 61070 61095 61201 61291
received FR941206-1-00134 5 57195 57226 57448 57455 57984
reviewed FR941206-1-00134 1 57197
request FR941206-1-00134 5 57199 57279 58422 58895 58958
included FR941206-1-00134 2 57207 60184
copy FR941206-1-00134 1 57209
verification FR941206-1-00134 1 57216
submitted FR941206-1-00134 1 57221
form FR941206-1-00134 2 57223 57542
771053 FR941206-1-00134 2 57224 57543
id FR941206-1-00134 3 57229 57864 57951
number FR941206-1-00134 6 57230 57549 57865 57871 57952 60715
most FR941206-1-00134 6 57233 58792 59441 59694 60083 61919
facilities FR941206-1-00134 3 57234 57720 57822
already FR941206-1-00134 1 57236
their FR941206-1-00134 4 57239 61539 61726 61906
accepting FR941206-1-00134 1 57256
written FR941206-1-00134 8 57261 57490 57555 57875 57915 57963 58957 59032
provided FR941206-1-00134 3 57262 57767 61103
relevant FR941206-1-00134 1 57264
standards FR941206-1-00134 1 57265
through FR941206-1-00134 7 57271 57816 58542 58629 59120 60475 60652
g FR941206-1-00134 3 57273 61056 61275
met FR941206-1-00134 1 57277
information FR941206-1-00134 2 57281 58444
impose FR941206-1-00134 1 57283
time FR941206-1-00134 2 57307 61308
during FR941206-1-00134 3 57308 60228 60338
determined FR941206-1-00134 8 57322 59084 59148 59171 59346 59856 60531 61002
violation FR941206-1-00134 2 57328 57350
requirement FR941206-1-00134 3 57331 58893 60579
failure FR941206-1-00134 1 57338
comply FR941206-1-00134 1 57340
reporting FR941206-1-00134 7 57345 57604 57808 58104 59869 60533 60828
recordkeeping FR941206-1-00134 4 57347 57606 57810 58106
manner FR941206-1-00134 7 57370 57616 58118 59665 61525 61689 61884
might FR941206-1-00134 1 57372
notice FR941206-1-00134 13 57393 57457 57491 57964 57993 58067 58233 58280 58552 58577 58875 59307 59340
deficiency FR941206-1-00134 7 57395 57459 57493 57995 58069 58235 58282
revoke FR941206-1-00134 1 57397
apply FR941206-1-00134 2 57413 59658
continue FR941206-1-00134 3 57429 58256 58603
until FR941206-1-00134 3 57431 57446 58267
; FR941206-1-00134 3 57437 59751 61655
deadline FR941206-1-00134 2 57465 58209
submitting FR941206-1-00134 1 57467
application FR941206-1-00134 5 57470 58082 58221 58801 58986
rationale FR941206-1-00134 1 57476
requiring FR941206-1-00134 2 57478 61779
reflected FR941206-1-00134 1 57484
allow FR941206-1-00134 1 57503
signed FR941206-1-00134 1 57521
rod FR941206-1-00134 4 57522 57841 58166 58182
stateissued FR941206-1-00134 1 57529
filing FR941206-1-00134 1 57540
obtaining FR941206-1-00134 1 57545
identification FR941206-1-00134 1 57548
providing FR941206-1-00134 1 57554
notification FR941206-1-00134 5 57556 57571 57876 57921 57981
receiving FR941206-1-00134 1 57565
confirmation FR941206-1-00134 2 57566 57916
receipt FR941206-1-00134 3 57568 57918 58230
intervene FR941206-1-00134 1 57582
none FR941206-1-00134 14 57593 60122 60126 60141 60158 60180 60202 60223 60236 60264 60282 60307 60764 60771
example FR941206-1-00134 3 57596 59777 61903
issuing FR941206-1-00134 3 57630 58351 58431
underlying FR941206-1-00134 2 57632 58360
lead FR941206-1-00134 1 57640
organization FR941206-1-00134 1 57641
development FR941206-1-00134 2 57644 58631
issuance FR941206-1-00134 2 57646 58298
monitoring FR941206-1-00134 2 57651 58333
implementation FR941206-1-00134 2 57654 58511
enforcement FR941206-1-00134 4 57656 57673 58335 58396
responsibility FR941206-1-00134 3 57663 58330 58697
oversight FR941206-1-00134 1 57667
rules FR941206-1-00134 3 57680 59095 59661
exercising FR941206-1-00134 1 57688
his/her FR941206-1-00134 1 57689
detailed FR941206-1-00134 1 57707
description FR941206-1-00134 1 57708
proposed FR941206-1-00134 18 57711 58510 59097 59158 59162 59181 59241 59267 59341 59624 59841 60461 60503 60971 61176 61272 61766 61839
follows FR941206-1-00134 1 57713
authorized FR941206-1-00134 2 57736 58776
director FR941206-1-00134 1 57738
having FR941206-1-00134 1 57762
generally FR941206-1-00134 3 57775 58223 60189
addresses FR941206-1-00134 2 57776 57903
normally FR941206-1-00134 5 57780 60212 60275 60316 60781
covered FR941206-1-00134 1 57781
additionally FR941206-1-00134 2 57788 58684
compliance FR941206-1-00134 6 57797 58176 58332 61404 61463 61490
761.180 FR941206-1-00134 2 57813 61736
761.202 FR941206-1-00134 1 57815
761.218. FR941206-1-00134 1 57817
owners FR941206-1-00134 2 57818 61368
operators FR941206-1-00134 1 57820
storing FR941206-1-00134 1 57823
disposing FR941206-1-00134 1 57825
pursuant FR941206-1-00134 3 57828 58163 61734
rcraauthorized FR941206-1-00134 1 57852
confirm FR941206-1-00134 1 57868
located FR941206-1-00134 2 57889 58059
they FR941206-1-00134 7 57891 59924 60274 61530 61738 61746 61752
like FR941206-1-00134 1 57893
handle FR941206-1-00134 1 57895
accordance FR941206-1-00134 1 57898
and/or FR941206-1-00134 6 57909 58070 58101 58846 60566 60838
receive FR941206-1-00134 2 57914 58808
separate FR941206-1-00134 6 57927 59217 60870 60913 60994 61856
formal FR941206-1-00134 1 57928
immediately FR941206-1-00134 1 57947
once FR941206-1-00134 1 57948
confirmed FR941206-1-00134 2 57960 57976
given FR941206-1-00134 1 57966
respond FR941206-1-00134 1 57990
determines FR941206-1-00134 1 58002
available FR941206-1-00134 2 58011 58541
needed FR941206-1-00134 1 58020
necessarily FR941206-1-00134 1 58040
following FR941206-1-00134 2 58045 60601
sufficient FR941206-1-00134 2 58062 61817
basis FR941206-1-00134 19 58063 59076 59153 59176 59351 59638 59652 59773 59861 59866 59970 60050 60359 60522 60527 60591 60805 61017 61030
submit FR941206-1-00134 3 58080 58219 58955
current FR941206-1-00134 7 58092 58585 59497 61149 61354 61536 61549
substantive FR941206-1-00134 1 58095
violations FR941206-1-00134 1 58096
expired FR941206-1-00134 1 58146
revoked FR941206-1-00134 1 58152
4 FR941206-1-00134 1 58155
actions FR941206-1-00134 2 58159 58397
completed FR941206-1-00134 2 58169 58864
event FR941206-1-00134 1 58186
less FR941206-1-00134 3 58225 61581 61621
30 FR941206-1-00134 2 58227 61587
days FR941206-1-00134 1 58228
able FR941206-1-00134 1 58254
except FR941206-1-00134 1 58274
instance FR941206-1-00134 1 58277
then FR941206-1-00134 1 58286
first FR941206-1-00134 1 58292
no FR941206-1-00134 8 58306 59116 59196 59830 60471 61187 61199 61304
longer FR941206-1-00134 1 58307
being FR941206-1-00134 2 58319 60955
equivalent FR941206-1-00134 2 58321 58950
primary FR941206-1-00134 1 58329
reside FR941206-1-00134 1 58344
documents FR941206-1-00134 1 58365
whose FR941206-1-00134 1 58374
breach FR941206-1-00134 1 58375
prohibited FR941206-1-00134 1 58378
act FR941206-1-00134 3 58379 58448 58779
section FR941206-1-00134 6 58381 58545 58752 58902 61042 61499
15 FR941206-1-00134 1 58382
reserve FR941206-1-00134 1 58388
rights FR941206-1-00134 1 58390
inspections FR941206-1-00134 1 58393
take FR941206-1-00134 1 58395
applicable FR941206-1-00134 4 58403 59090 61408 61494
intent FR941206-1-00134 5 58411 58471 58758 58980 59613
exercise FR941206-1-00134 1 58413
consultation FR941206-1-00134 2 58417 58450
based FR941206-1-00134 6 58441 60103 60633 61118 61545 61635
without FR941206-1-00134 1 58449
especially FR941206-1-00134 1 58452
poses FR941206-1-00134 1 58456
immediate FR941206-1-00134 1 58458
criminal FR941206-1-00134 2 58476 58479
investigation FR941206-1-00134 1 58477
civil FR941206-1-00134 1 58481
judicial FR941206-1-00134 1 58482
add FR941206-1-00134 3 58488 61053 61820
reflect FR941206-1-00134 2 58491 61509
solicits FR941206-1-00134 1 58496
comments FR941206-1-00134 6 58497 59263 59311 61763 61774 61812
enhancement FR941206-1-00134 2 58520 58559
grants FR941206-1-00134 3 58521 58722 58730
cited FR941206-1-00134 1 58524
resources FR941206-1-00134 1 58534
appropriated FR941206-1-00134 1 58537
congress FR941206-1-00134 2 58539 58760
28 FR941206-1-00134 2 58546 58753
grant FR941206-1-00134 5 58548 58560 58611 58754 58818
availability FR941206-1-00134 1 58554
published FR941206-1-00134 2 58563 59239
register FR941206-1-00134 2 58567 58874
56 FR941206-1-00134 1 58571
fr FR941206-1-00134 2 58572 59234
9008 FR941206-1-00134 1 58573
solicited FR941206-1-00134 1 58578
applications FR941206-1-00134 2 58579 58877
financial FR941206-1-00134 2 58581 58764
assistance FR941206-1-00134 4 58582 58765 58809 58879
support FR941206-1-00134 1 58584
funding FR941206-1-00134 2 58595 58719
anticipated FR941206-1-00134 1 58601
beyond FR941206-1-00134 1 58604
fiscal FR941206-1-00134 1 58605
year FR941206-1-00134 1 58606
1992. FR941206-1-00134 1 58607
partially FR941206-1-00134 1 58616
fund FR941206-1-00134 1 58617
efforts FR941206-1-00134 2 58618 58775
legislation FR941206-1-00134 1 58634
regulations FR941206-1-00134 4 58636 58910 59498 59617
`` FR941206-1-00134 15 58649 58736 59009 59135 59814 59863 60419 60446 60456 60491 60524 60669 61143 61237 61248
match FR941206-1-00134 1 58650
'' FR941206-1-00134 15 58651 58738 59011 59142 59817 59867 60423 60450 60459 60498 60528 60676 61147 61241 61250
25 FR941206-1-00134 1 58653
percent FR941206-1-00134 7 58654 59200 59834 60120 60408 61610 61624
total FR941206-1-00134 1 58657
cost FR941206-1-00134 1 58658
project FR941206-1-00134 1 58661
commenters FR941206-1-00134 3 58664 58687 58709
favor FR941206-1-00134 1 58668
encouragement FR941206-1-00134 1 58672
listing FR941206-1-00134 2 58675 58830
programs FR941206-1-00134 2 58682 58727
some FR941206-1-00134 6 58686 59481 59550 59991 60010 60596
voiced FR941206-1-00134 1 58688
concern FR941206-1-00134 4 58689 59685 59746 59786
trying FR941206-1-00134 1 58693
delegate FR941206-1-00134 1 58695
enforce FR941206-1-00134 1 58702
skeptical FR941206-1-00134 1 58712
whether FR941206-1-00134 3 58714 61814 61854
adequate FR941206-1-00134 1 58718
seed FR941206-1-00134 1 58737
money FR941206-1-00134 1 58739
complement FR941206-1-00134 2 58741 58770
ongoing FR941206-1-00134 1 58742
creating FR941206-1-00134 1 58749
selected FR941206-1-00134 1 58767
augment FR941206-1-00134 1 58772
ref FR941206-1-00134 1 58781
55 FR941206-1-00134 2 58783 59233
envisioned FR941206-1-00134 1 58788
heavily FR941206-1-00134 1 58793
impacted FR941206-1-00134 1 58794
chemical FR941206-1-00134 18 58796 59411 59459 59504 59515 59551 59576 59870 59933 60209 60229 60255 60346 60534 60561 60867 60881 60985
pollution FR941206-1-00134 1 58797
problems FR941206-1-00134 2 58798 60892
upon FR941206-1-00134 2 58800 61568
eligible FR941206-1-00134 1 58815
engaged FR941206-1-00134 1 58825
adopting FR941206-1-00134 1 58839
response FR941206-1-00134 2 58870 60247
soliciting FR941206-1-00134 4 58876 61762 61773 61811
discontinued FR941206-1-00134 1 58887
l. FR941206-1-00134 1 58889
clarification FR941206-1-00134 4 58890 59069 61060 61087
alternate FR941206-1-00134 5 58898 58929 58942 58989 59037
methods FR941206-1-00134 3 58899 59137 60493
761.60 FR941206-1-00134 4 58903 58972 59013 59025
e FR941206-1-00134 3 58905 59015 59027
persons FR941206-1-00134 1 58913
who FR941206-1-00134 2 58914 58924
incinerate FR941206-1-00134 1 58918
items FR941206-1-00134 3 58922 58938 59044
demonstrate FR941206-1-00134 1 58926
method FR941206-1-00134 10 58930 58943 58991 59038 59059 59129 59132 59506 60485 60488
exists FR941206-1-00134 1 58931
destroying FR941206-1-00134 2 58933 59040
achieve FR941206-1-00134 1 58945
level FR941206-1-00134 2 58947 61654
performance FR941206-1-00134 1 58949
761.70 FR941206-1-00134 2 58952 58970
incinerators FR941206-1-00134 1 58953
exemption FR941206-1-00134 1 58964
incineration FR941206-1-00134 2 58967 58995
never FR941206-1-00134 1 58976
submission FR941206-1-00134 1 58983
lieu FR941206-1-00134 1 58993
optional FR941206-1-00134 1 58997
construed FR941206-1-00134 1 59002
word FR941206-1-00134 1 59008
therefore FR941206-1-00134 4 59020 59571 59701 59752
amend FR941206-1-00134 2 59024 61233
clarify FR941206-1-00134 4 59030 59074 59246 61279
must FR941206-1-00134 7 59045 60031 60041 60917 61161 61193 61213
official FR941206-1-00134 1 59052
destroy FR941206-1-00134 1 59061
m. FR941206-1-00134 1 59065
wet FR941206-1-00134 9 59066 59174 59771 59859 59864 59968 60048 60725 61028
weight/dry FR941206-1-00134 1 59067
weight FR941206-1-00134 22 59068 59152 59175 59350 59772 59836 59860 59865 59876 59969 60049 60358 60521 60526 60540 60546 60590 60636 60641 60804 61016 61029
concentrations FR941206-1-00134 13 59080 59109 59213 59280 59344 59457 59512 59523 59850 60436 60511 60793 60900
purpose FR941206-1-00134 4 59087 59621 60395 61084
identifying FR941206-1-00134 1 59089
761.1 FR941206-1-00134 6 59098 59627 59844 60504 61047 61273
nond FR941206-1-00134 12 59111 59201 59688 59837 60409 60453 60457 60513 60630 60755 60815 60937
materials FR941206-1-00134 7 59112 59202 59226 59401 59838 60369 60938
contain FR941206-1-00134 17 59115 60114 60364 60470 60693 60737 60758 61128 61303 61379 61392 61451 61476 61585 61667 61713 61796
liquids FR941206-1-00134 24 59117 59299 59327 59358 59810 60085 60168 60227 60429 60440 60472 60483 60670 60673 60704 60747 60780 60837 60856 60873 60876 60916 60925 61019
pass FR941206-1-00134 4 59119 60474 60700 60743
filter FR941206-1-00134 7 59122 59127 60477 60482 60703 60746 60924
paint FR941206-1-00134 5 59126 60481 60702 60745 60923
test FR941206-1-00134 8 59128 59136 60484 60492 60705 60748 60926 61120
9095 FR941206-1-00134 2 59133 60489
evaluating FR941206-1-00134 2 59139 60495
sw846 FR941206-1-00134 2 59144 60500
dry FR941206-1-00134 8 59151 59349 60357 60520 60525 60589 60803 61015
according FR941206-1-00134 1 59154
definition FR941206-1-00134 3 59157 61141 61235
761.3. FR941206-1-00134 1 59160
concentration FR941206-1-00134 18 59168 59252 59325 59607 59642 59671 59718 59732 59758 59768 60162 60290 60344 60584 60627 60831 60991 61158
liquid FR941206-1-00134 20 59178 59286 59738 59749 59805 59815 59852 59884 59888 59904 59960 59985 60023 60153 60207 60294 60392 60661 60864 60935
defined FR941206-1-00134 4 59184 59820 60464 60517
761.3 FR941206-1-00134 4 59186 59822 60466 61150
ie FR941206-1-00134 2 59188 60008
homogeneous FR941206-1-00134 2 59190 59883
flowable FR941206-1-00134 2 59191 59825
material FR941206-1-00134 4 59192 59689 59826 60379
more FR941206-1-00134 9 59197 59567 59574 59831 59911 59915 60115 60861 60944
0.5 FR941206-1-00134 3 59199 59833 60407
determining FR941206-1-00134 6 59211 59322 59604 59640 60397 60791
distinct FR941206-1-00134 2 59219 59319
phases FR941206-1-00134 3 59220 60951 60976
present FR941206-1-00134 5 59222 59258 59479 60382 60573
within FR941206-1-00134 1 59223
samples FR941206-1-00134 18 59224 59283 59287 59336 59448 59533 59589 59739 59781 59905 59949 60024 60302 60312 60785 60816 60843 60848
12866 FR941206-1-00134 1 59235
sought FR941206-1-00134 1 59244
how FR941206-1-00134 2 59247 60376
determine FR941206-1-00134 6 59249 59521 59668 59755 59765 60581
media FR941206-1-00134 3 59254 60690 60720
indicated FR941206-1-00134 1 59269
read FR941206-1-00134 1 59274
removing FR941206-1-00134 1 59290
drying FR941206-1-00134 1 59292
evaporating FR941206-1-00134 1 59294
condensing FR941206-1-00134 1 59296
leaving FR941206-1-00134 1 59302
responds FR941206-1-00134 1 59308
clarifying FR941206-1-00134 1 59313
nons FR941206-1-00134 15 59329 59356 59959 60410 60575 60586 60646 60651 60707 60750 60839 60854 60871 60914 61006
multiphasic FR941206-1-00134 4 59332 60420 60447 60842
liquid/liquid FR941206-1-00134 2 59333 60448
liquid/nond FR941206-1-00134 2 59335 60421
substances FR941206-1-00134 5 59354 59412 59416 59442 59484
761 FR941206-1-00134 3 59363 61045 61347
dielectric FR941206-1-00134 2 59372 60095
fluids FR941206-1-00134 4 59373 59385 59388 61318
solvents FR941206-1-00134 2 59376 60109
oils FR941206-1-00134 2 59378 59381
heat FR941206-1-00134 2 59383 60098
transfer FR941206-1-00134 2 59384 60099
hydraulic FR941206-1-00134 2 59387 60104
paints FR941206-1-00134 1 59390
sludges FR941206-1-00134 3 59392 60684 60800
slurries FR941206-1-00134 1 59394
dredge FR941206-1-00134 1 59396
spoils FR941206-1-00134 1 59397
soils FR941206-1-00134 3 59399 60679 60795
spills FR941206-1-00134 1 59407
combination FR941206-1-00134 1 59414
impurities FR941206-1-00134 1 59419
byproducts FR941206-1-00134 1 59421
byproduct FR941206-1-00134 1 59424
intermediate FR941206-1-00134 1 59426
impurity FR941206-1-00134 1 59429
manufactured FR941206-1-00134 7 59430 61035 61069 61094 61197 61290 61603
point FR941206-1-00134 1 59433
assumes FR941206-1-00134 1 59439
mixtures FR941206-1-00134 3 59444 59486 60835
analysis FR941206-1-00134 11 59460 59516 59552 59577 59871 60187 60230 60535 60562 60882 60986
fall FR941206-1-00134 2 59463 61133
categories FR941206-1-00134 1 59466
listed FR941206-1-00134 1 59467
above FR941206-1-00134 4 59468 60677 61649 61668
wastewater FR941206-1-00134 10 59474 59812 60301 60311 60327 60362 60403 60413 60425 60675
varying FR941206-1-00134 3 59488 60694 60738
amounts FR941206-1-00134 7 59489 59993 60234 60262 60366 60695 60739
reasons FR941206-1-00134 2 59493 61893
specific FR941206-1-00134 1 59503
analytical FR941206-1-00134 1 59505
many FR941206-1-00134 3 59514 61514 61644
procedures FR941206-1-00134 4 59517 59553 59578 60962
accounting FR941206-1-00134 2 59526 59585
presence FR941206-1-00134 2 59529 60617
way FR941206-1-00134 3 59536 59594 61921
accomplishes FR941206-1-00134 1 59538
objectives FR941206-1-00134 2 59541 59569
address FR941206-1-00134 2 59566 61862
general FR941206-1-00134 3 59568 59575 61769
offer FR941206-1-00134 1 59581
options FR941206-1-00134 1 59583
different FR941206-1-00134 1 59593
account FR941206-1-00134 1 59596
meet FR941206-1-00134 1 59609
overall FR941206-1-00134 1 59620
revisions FR941206-1-00134 2 59625 59842
consistent FR941206-1-00134 2 59635 59664
reproducible FR941206-1-00134 1 59637
pcbcontaining FR941206-1-00134 1 59647
medium FR941206-1-00134 6 59648 59683 59744 59761 59784 59899
enable FR941206-1-00134 1 59654
nonliquid FR941206-1-00134 1 59674
because FR941206-1-00134 5 59690 59722 59928 60280 61865
likely FR941206-1-00134 2 59695 59912
repository FR941206-1-00134 1 59696
sample FR941206-1-00134 11 59707 59721 59735 59922 59986 60040 60197 60549 60662 60942 60999
should FR941206-1-00134 4 59708 61321 61858 61877
accounted FR941206-1-00134 4 59710 60271 60278 60825
amount FR941206-1-00134 10 59724 60012 60139 60150 60221 60570 60762 60769 60808 61534
significantly FR941206-1-00134 1 59728
bias FR941206-1-00134 1 59729
itself FR941206-1-00134 1 59750
sense FR941206-1-00134 1 59796
exclude FR941206-1-00134 1 59798
organic FR941206-1-00134 9 59809 60084 60152 60167 60206 60293 60319 60672 60779
homogenous FR941206-1-00134 3 59824 59890 60391
means FR941206-1-00134 2 59868 61251
results FR941206-1-00134 2 59872 60536
dissolved FR941206-1-00134 1 59879
distributed FR941206-1-00134 1 59896
throughout FR941206-1-00134 1 59897
evenly FR941206-1-00134 1 59900
nonhomogenous FR941206-1-00134 1 59903
concentrated FR941206-1-00134 1 59916
component FR941206-1-00134 1 59919
others FR941206-1-00134 1 59927
physical FR941206-1-00134 1 59931
properties FR941206-1-00134 1 59934
possess FR941206-1-00134 1 59936
hydrophobic FR941206-1-00134 1 59942
phase FR941206-1-00134 7 59956 59982 60006 60037 60865 60947 60995
separately FR941206-1-00134 3 59963 59988 60043
analyzed FR941206-1-00134 5 59964 59989 60044 61012 61025
recognizes FR941206-1-00134 1 59974
even FR941206-1-00134 4 59979 60218 60258 60329
small FR941206-1-00134 7 59992 60011 60171 60220 60233 60261 61533
separable FR941206-1-00134 4 59999 60029 60053 60430
found FR941206-1-00134 9 60002 60017 60090 61390 61449 61665 61676 61711 61794
particular FR941206-1-00134 1 60005
removed FR941206-1-00134 4 60033 60239 60266 60334
readily FR941206-1-00134 1 60060
physically FR941206-1-00134 1 60061
separated FR941206-1-00134 6 60062 60649 60812 60956 60979 61005
separatory FR941206-1-00134 1 60071
funnel FR941206-1-00134 1 60072
filtration FR941206-1-00134 5 60074 60603 60653 60818 60967
decantation FR941206-1-00134 6 60078 60432 60605 60655 60820 60965
notes FR941206-1-00134 2 60081 60299
mineral FR941206-1-00134 3 60093 61283 61370
fluid FR941206-1-00134 6 60096 60100 60105 61561 61590 61606
rinse FR941206-1-00134 1 60108
usually FR941206-1-00134 4 60111 60128 60144 60869
suspension FR941206-1-00134 1 60132
solution FR941206-1-00134 1 60135
very FR941206-1-00134 1 60145
low FR941206-1-00134 2 60146 60610
compared FR941206-1-00134 2 60147 60766
effect FR941206-1-00134 2 60156 61079
relatively FR941206-1-00134 2 60170 60760
allowing FR941206-1-00134 1 60178
affect FR941206-1-00134 1 60191
regulatory FR941206-1-00134 2 60193 60902
analysts FR941206-1-00134 3 60210 60347 60868
desiccant FR941206-1-00134 2 60215 60620
avoid FR941206-1-00134 1 60241
potential FR941206-1-00134 3 60242 60251 60888
interference FR941206-1-00134 1 60243
instrumental FR941206-1-00134 1 60246
damage FR941206-1-00134 1 60252
instrumentation FR941206-1-00134 1 60256
though FR941206-1-00134 3 60259 60330 61556
desiccation FR941206-1-00134 1 60268
influence FR941206-1-00134 1 60286
consist FR941206-1-00134 1 60303
almost FR941206-1-00134 1 60304
entirely FR941206-1-00134 1 60305
analyst FR941206-1-00134 1 60314
solvent FR941206-1-00134 1 60320
extract FR941206-1-00134 1 60322
consider FR941206-1-00134 1 60350
significant FR941206-1-00134 1 60365
suspended FR941206-1-00134 2 60368 60378
identify FR941206-1-00134 1 60375
much FR941206-1-00134 1 60377
still FR941206-1-00134 2 60387 60699
contains FR941206-1-00134 3 60404 61186 61259
greater FR941206-1-00134 12 60405 61166 61396 61456 61479 61613 61626 61682 61696 61717 61797 61869
contained FR941206-1-00134 4 60426 60776 61611 61625
immiscible FR941206-1-00134 2 60428 60875
excluding FR941206-1-00134 1 60538
purposes FR941206-1-00134 4 60555 60789 60903 61173
removes FR941206-1-00134 1 60565
accounts FR941206-1-00134 1 60567
complies FR941206-1-00134 1 60576
heating FR941206-1-00134 1 60608
temperatures FR941206-1-00134 1 60611
followed FR941206-1-00134 1 60612
cooling FR941206-1-00134 1 60614
resulting FR941206-1-00134 1 60644
dried FR941206-1-00134 1 60645
treated FR941206-1-00134 3 60658 61685 61880
iiim1. FR941206-1-00134 1 60667
examples FR941206-1-00134 1 60686
paper FR941206-1-00134 1 60723
automobile FR941206-1-00134 1 60726
shredder FR941206-1-00134 1 60727
fluff FR941206-1-00134 1 60728
fiber FR941206-1-00134 1 60732
products FR941206-1-00134 1 60733
well FR941206-1-00134 2 60752 61760
large FR941206-1-00134 1 60761
encountered FR941206-1-00134 1 60782
before FR941206-1-00134 1 60880
separation FR941206-1-00134 3 60885 60906 60933
eliminates FR941206-1-00134 1 60886
consistency FR941206-1-00134 1 60889
reproducability FR941206-1-00134 1 60891
provides FR941206-1-00134 1 60895
meaningful FR941206-1-00134 1 60896
comparisons FR941206-1-00134 1 60897
techniques FR941206-1-00134 1 60907
employed FR941206-1-00134 1 60908
laboratory FR941206-1-00134 1 60911
equivalency FR941206-1-00134 1 60920
order FR941206-1-00134 1 60928
assume FR941206-1-00134 1 60930
complete FR941206-1-00134 1 60932
capable FR941206-1-00134 1 60953
mixture FR941206-1-00134 1 60998
individually FR941206-1-00134 1 61003
n. FR941206-1-00134 1 61032
oilfilled FR941206-1-00134 6 61033 61067 61092 61154 61249 61281
equipment FR941206-1-00134 12 61034 61068 61093 61125 61146 61155 61192 61240 61257 61287 61336 61929
ban FR941206-1-00134 5 61038 61072 61097 61207 61293
applicability FR941206-1-00134 1 61041
paragraph FR941206-1-00134 1 61054
regard FR941206-1-00134 1 61062
classification FR941206-1-00134 1 61065
manufacture FR941206-1-00134 3 61075 61296 61310
took FR941206-1-00134 1 61078
accompanied FR941206-1-00134 1 61099
documentation FR941206-1-00134 1 61102
manufacturer FR941206-1-00134 3 61106 61115 61576
label FR941206-1-00134 1 61109
mark FR941206-1-00134 1 61111
affixed FR941206-1-00134 1 61112
certifying FR941206-1-00134 1 61116
data FR941206-1-00134 2 61121 61638
assumption FR941206-1-00134 1 61136
category FR941206-1-00134 1 61137
pcbcontaminated FR941206-1-00134 5 61144 61238 61268 61330 61442
electrical FR941206-1-00134 4 61145 61239 61781 61928
unknown FR941206-1-00134 1 61160
assumed FR941206-1-00134 5 61163 61265 61327 61377 61439
50 FR941206-1-00134 3 61168 61380 61618
ppm FR941206-1-00134 14 61169 61383 61394 61453 61482 61619 61632 61652 61670 61680 61694 61715 61803 61875
rulemaking FR941206-1-00134 1 61177
criteria FR941206-1-00134 1 61180
demonstrating FR941206-1-00134 1 61182
transformer FR941206-1-00134 1 61185
originally FR941206-1-00134 1 61196
serviced FR941206-1-00134 2 61217 61316
iiic FR941206-1-00134 1 61224
preamble FR941206-1-00134 1 61227
indicate FR941206-1-00134 1 61243
reference FR941206-1-00134 1 61246
mineraloil FR941206-1-00134 4 61252 61605 61660 61791
oily FR941206-1-00134 1 61261
substance FR941206-1-00134 1 61262
similarly FR941206-1-00134 1 61270
otherwise FR941206-1-00134 2 61285 61473
certified FR941206-1-00134 1 61301
subsequently FR941206-1-00134 1 61315
fact FR941206-1-00134 1 61333
subject FR941206-1-00134 1 61339
40 FR941206-1-00134 1 61344
cfr FR941206-1-00134 1 61345
o. FR941206-1-00134 1 61349
voltage FR941206-1-00134 17 61351 61431 61436 61467 61517 61541 61547 61564 61570 61578 61600 61645 61707 61784 61821 61866 61897
regulators FR941206-1-00134 14 61352 61432 61437 61468 61518 61565 61579 61601 61646 61708 61785 61822 61867 61898
regulation FR941206-1-00134 1 61355
761.30 FR941206-1-00134 5 61357 61417 61500 61825 61842
xv FR941206-1-00134 2 61365 61833
requires FR941206-1-00134 1 61367
transformers FR941206-1-00134 6 61372 61528 61661 61691 61792 61887
499 FR941206-1-00134 1 61382
tested FR941206-1-00134 3 61388 61447 61663
500 FR941206-1-00134 11 61393 61452 61481 61631 61651 61669 61679 61693 61714 61802 61874
bring FR941206-1-00134 1 61400
units FR941206-1-00134 1 61402
761. FR941206-1-00134 3 61412 61466 61498
xvi FR941206-1-00134 2 61425 61850
same FR941206-1-00134 3 61428 61688 61883
accordingly FR941206-1-00134 1 61434
later FR941206-1-00134 3 61446 61662 61793
come FR941206-1-00134 2 61461 61488
marked FR941206-1-00134 3 61471 61721 61729
known FR941206-1-00134 1 61474
h FR941206-1-00134 1 61502
revised FR941206-1-00134 1 61507
change FR941206-1-00134 2 61511 61767
respects FR941206-1-00134 1 61515
designed FR941206-1-00134 1 61520
function FR941206-1-00134 1 61522
similar FR941206-1-00134 1 61526
consume FR941206-1-00134 1 61531
adjust FR941206-1-00134 1 61538
output FR941206-1-00134 1 61540
precise FR941206-1-00134 2 61543 61569
limits FR941206-1-00134 1 61544
needs FR941206-1-00134 1 61550
power FR941206-1-00134 1 61553
system FR941206-1-00134 1 61554
actual FR941206-1-00134 1 61558
size FR941206-1-00134 2 61559 61907
vary FR941206-1-00134 1 61566
depending FR941206-1-00134 1 61567
rating FR941206-1-00134 1 61571
age FR941206-1-00134 1 61573
100 FR941206-1-00134 2 61583 61594
kva FR941206-1-00134 2 61584 61595
approximately FR941206-1-00134 2 61586 61596
gallons FR941206-1-00134 2 61588 61598
200 FR941206-1-00134 1 61597
14 FR941206-1-00134 1 61609
equal FR941206-1-00134 4 61616 61629 61800 61872
expect FR941206-1-00134 1 61643
impetus FR941206-1-00134 1 61699
properly FR941206-1-00134 2 61720 61748
while FR941206-1-00134 1 61722
service FR941206-1-00134 2 61724 61757
locations FR941206-1-00134 1 61727
records FR941206-1-00134 1 61731
kept FR941206-1-00134 1 61733
registered FR941206-1-00134 1 61740
fire FR941206-1-00134 1 61742
departments FR941206-1-00134 1 61743
out FR941206-1-00134 1 61755
appropriateness FR941206-1-00134 1 61777
enhanced FR941206-1-00134 1 61780
simply FR941206-1-00134 1 61819
renumbered FR941206-1-00134 1 61836
subparagraph FR941206-1-00134 1 61857
added FR941206-1-00134 1 61860
compelling FR941206-1-00134 1 61892
treat FR941206-1-00134 1 61895
differently FR941206-1-00134 1 61899
due FR941206-1-00134 1 61900
location FR941206-1-00134 1 61909
welcomes FR941206-1-00134 1 61915
suggestions FR941206-1-00134 1 61916
pieces FR941206-1-00134 1 61925
p. FR941206-1-00134 1 61931
