thermal FR941206-1-00134 1 6498
desorber FR941206-1-00134 1 6499
and FR941206-1-00134 101 6500 6504 6510 6527 6537 6650 6656 6716 6809 6898 6983 7034 7103 7126 7139 7149 7192 7210 7256 7259 7329 7394 7433 7437 7516 7566 7646 7669 7734 7815 7841 7961 7973 8169 8230 8234 8253 8264 8273 8473 8508 8526 8595 8682 8693 8851 9141 9292 9351 9512 9519 9523 9603 9822 10023 10100 10105 10111 10141 10145 10168 10191 10309 10351 10376 10424 10435 10475 10533 10755 10808 10866 10993 11050 11076 11124 11175 11193 11222 11256 11293 11334 11373 11404 11414 11434 11445 11477 11624 11638 11657 11665 11671 11676 11690 11702 11763 11850 12044 12059 12102
fluidized FR941206-1-00134 1 6501
bed FR941206-1-00134 1 6502
) FR941206-1-00134 71 6503 6513 6529 6722 6783 6792 6829 6867 7076 7128 7165 7174 7182 7190 7200 7254 7518 7654 7768 7776 7782 7834 7845 7847 7911 7938 7963 8103 8135 8198 8298 8553 8573 8594 8667 8691 8753 8768 8864 8918 8992 9353 9401 9778 9868 9876 10267 10294 10323 10362 10413 10454 10492 10525 10570 10675 10696 10807 10832 11140 11147 11165 11238 11384 11422 11451 11510 11537 11596 11994 12117
solvent FR941206-1-00134 1 6505
extraction FR941206-1-00134 1 6506
( FR941206-1-00134 70 6507 6520 6718 6781 6784 6825 6856 7070 7119 7163 7172 7180 7188 7198 7249 7515 7649 7743 7765 7780 7824 7832 7843 7909 7936 7957 8098 8130 8187 8292 8546 8571 8591 8664 8685 8749 8766 8860 8914 8990 9346 9399 9775 9862 9866 10255 10280 10321 10360 10411 10452 10490 10523 10568 10673 10694 10795 10824 11138 11145 11163 11236 11382 11420 11449 11508 11529 11588 11982 12114
soil FR941206-1-00134 21 6508 7050 7209 7729 8119 8202 8317 8340 8360 8403 8408 8779 8787 8855 8910 8962 9232 9276 9390 9458 11625
washing FR941206-1-00134 1 6509
liquified FR941206-1-00134 1 6511
gas FR941206-1-00134 1 6512
; FR941206-1-00134 13 6514 6530 6533 6536 6558 7421 7432 8086 8261 8272 9715 11275 11292
solidification/stabilization FR941206-1-00134 1 6515
such FR941206-1-00134 12 6516 6900 6948 7884 8159 8369 9295 9727 9999 10578 10899 11553
as FR941206-1-00134 55 6517 6609 6694 6734 6766 7057 7082 7486 7541 7543 7662 7677 7885 7904 7926 8160 8206 8328 8419 8467 8581 8659 8848 8944 9004 9042 9055 9164 9208 9210 9264 9294 9334 9340 9382 9451 9500 9639 9655 9780 9782 9795 9885 9897 10047 10049 10493 10579 10900 11363 11365 11416 11554 11976 12027
chemical FR941206-1-00134 5 6518 6538 7185 10534 11405
fixation FR941206-1-00134 1 6519
encapsulation FR941206-1-00134 1 6521
, FR941206-1-00134 232 6522 6526 6586 6602 6603 6615 6622 6677 6689 6691 6703 6724 6751 6754 6756 6801 6821 6824 6830 6835 6838 6848 6851 6858 6866 6868 6897 6912 6924 6960 6982 7000 7039 7074 7075 7095 7100 7102 7111 7121 7123 7125 7129 7138 7166 7175 7183 7191 7201 7231 7242 7255 7274 7343 7372 7377 7424 7464 7477 7489 7540 7547 7637 7651 7661 7672 7691 7709 7730 7733 7758 7797 7805 7835 7839 7844 7874 7883 7896 7912 7940 7951 7953 8020 8044 8057 8101 8111 8155 8182 8216 8281 8307 8314 8356 8371 8390 8397 8446 8447 8453 8457 8486 8525 8537 8548 8564 8607 8619 8641 8655 8692 8709 8751 8754 8780 8795 8827 8869 8873 8876 8898 8927 8943 9020 9058 9078 9103 9118 9126 9168 9184 9207 9221 9233 9293 9296 9319 9344 9381 9385 9419 9489 9503 9535 9540 9555 9596 9692 9717 9756 9779 9801 9821 9840 9858 9869 9873 9874 9884 9888 10004 10046 10064 10084 10120 10176 10187 10207 10218 10225 10227 10236 10257 10382 10466 10528 10532 10554 10595 10676 10685 10697 10706 10754 10763 10767 10783 10797 10813 10883 10933 10946 11013 11017 11024 11033 11071 11077 11080 11130 11144 11156 11161 11239 11264 11278 11325 11389 11392 11408 11427 11430 11472 11481 11593 11597 11616 11631 11648 11668 11670 11812 11882 11893 11923 11938 11950 11968 11997 12065 12128
inu FR941206-1-00134 2 6523 6531
inorganic FR941206-1-00134 1 6524
polymer FR941206-1-00134 1 6525
silicates FR941206-1-00134 1 6528
vitrification FR941206-1-00134 1 6532
biological FR941206-1-00134 1 6534
treatment FR941206-1-00134 6 6535 6546 10530 11480 11494 12130
dechlorination FR941206-1-00134 1 6539
. FR941206-1-00134 185 6540 6571 6608 6633 6658 6686 6710 6747 6788 6793 6795 6813 6849 6881 6918 6943 6976 7017 7036 7077 7079 7081 7144 7213 7272 7306 7341 7361 7383 7406 7447 7485 7511 7576 7600 7614 7616 7624 7659 7687 7705 7742 7762 7775 7823 7846 7863 7925 7964 7990 8015 8042 8075 8096 8104 8174 8299 8338 8367 8382 8429 8431 8443 8479 8511 8556 8587 8617 8639 8653 8705 8736 8759 8793 8823 8865 8896 8919 8950 8966 8976 9026 9054 9076 9101 9122 9154 9181 9219 9253 9281 9314 9354 9379 9416 9438 9470 9526 9553 9586 9625 9665 9695 9739 9752 9794 9861 9875 9909 9943 9945 9956 9993 10008 10061 10094 10116 10150 10184 10210 10295 10324 10340 10363 10395 10414 10427 10449 10480 10509 10537 10565 10621 10640 10679 10731 10737 10747 10781 10845 10854 10880 10931 10961 10999 11053 11086 11108 11178 11197 11227 11259 11305 11321 11342 11349 11385 11423 11452 11493 11511 11533 11538 11571 11573 11576 11609 11629 11680 11709 11729 11754 11794 11831 11862 11909 11935 11964 11995 12011 12033 12054 12082 12107 12141
these FR941206-1-00134 8 6541 6980 7710 7848 8077 9494 10563 11054
are FR941206-1-00134 23 6542 6560 6700 7564 7787 7807 7850 7866 7876 8090 8205 8379 8500 8533 8687 9279 9481 9496 10033 10260 10847 10872 11184
not FR941206-1-00134 27 6543 6591 6870 7633 7640 7970 8036 8293 8540 8603 9303 9701 10040 10068 10153 10249 10826 11242 11360 11437 11816 11845 11917 11953 11971 12019 12103
the FR941206-1-00134 362 6544 6553 6561 6579 6594 6601 6606 6619 6638 6671 6704 6714 6729 6775 6805 6814 6876 6879 6882 6886 6906 6916 6928 6932 6973 6987 6993 7015 7018 7029 7046 7064 7085 7088 7098 7112 7130 7140 7159 7167 7176 7184 7193 7214 7232 7243 7257 7262 7275 7282 7307 7327 7364 7415 7419 7422 7430 7434 7449 7465 7472 7480 7492 7507 7513 7551 7556 7560 7577 7581 7584 7591 7609 7626 7716 7784 7791 7816 7828 7857 7870 7901 7914 7932 7941 7965 7988 7994 8003 8008 8013 8017 8021 8046 8058 8083 8093 8107 8112 8123 8136 8148 8153 8161 8175 8183 8209 8224 8245 8301 8320 8325 8357 8384 8411 8416 8445 8460 8481 8509 8518 8558 8576 8608 8620 8642 8656 8710 8737 8743 8786 8817 8825 8831 8836 8839 8884 8904 8928 8933 8945 8952 8981 8986 9009 9024 9035 9043 9049 9062 9067 9079 9092 9097 9104 9109 9127 9135 9143 9150 9158 9185 9196 9202 9227 9235 9243 9254 9259 9308 9316 9321 9343 9362 9374 9386 9410 9433 9439 9452 9460 9472 9490 9515 9531 9556 9562 9565 9580 9588 9591 9600 9606 9626 9635 9646 9652 9660 9671 9679 9682 9696 9711 9718 9721 9740 9761 9766 9798 9802 9806 9824 9828 9832 9852 9877 9882 9891 9910 9919 9972 9979 9994 10020 10024 10030 10044 10073 10088 10131 10147 10181 10188 10197 10202 10232 10258 10288 10318 10354 10377 10380 10388 10405 10422 10431 10446 10463 10471 10494 10501 10516 10552 10622 10641 10653 10659 10665 10689 10699 10708 10716 10720 10723 10729 10732 10748 10769 10776 10779 10785 10804 10816 10834 10840 10843 10855 10867 10873 10877 10884 10889 10912 10920 10922 10940 10947 10965 10971 10977 10982 10994 11006 11062 11082 11100 11120 11134 11214 11218 11223 11230 11285 11294 11302 11332 11343 11350 11366 11371 11376 11386 11394 11411 11424 11439 11459 11465 11491 11523 11543 11577 11583 11611 11639 11655 11663 11666 11688 11697 11700 11706 11718 11722 11730 11735 11758 11766 11772 11789 11796 11806 11813 11826 11840 11854 11875 11880 11884 11984 12012 12015 12034 12039 12045 12052 12057 12062 12083 12100 12139 12144
only FR941206-1-00134 3 6545 6840 11918
methods FR941206-1-00134 4 6547 6562 6653 10170
that FR941206-1-00134 67 6548 6599 6637 6663 6693 6947 6964 7054 7503 7527 7555 7583 7806 7979 8028 8038 8050 8127 8141 8178 8492 8514 8527 8601 8830 8835 8882 8979 9029 9107 9170 9198 9257 9301 9360 9393 9480 9493 9543 9559 9599 9670 9725 9823 9848 9974 9997 10019 10155 10214 10273 10300 10387 10684 10894 10916 11003 11029 11044 11057 11181 11244 11354 11621 11644 11674 11839
could FR941206-1-00134 15 6549 6759 6951 8720 10297 10345 10400 10540 10571 11060 11309 11518 11895 11947 11961
be FR941206-1-00134 70 6550 6627 6667 6761 6873 7026 7455 7529 7906 7944 8063 8073 8080 8220 8520 8627 8650 8663 8714 8721 8846 9002 9116 9249 9284 9327 9358 9405 9545 9571 9613 9668 9733 9814 9929 10076 10238 10241 10263 10303 10331 10346 10367 10391 10401 10419 10438 10470 10541 10549 10573 10631 10682 10864 10907 11031 11046 11310 11347 11361 11456 11497 11627 11651 11740 11948 11962 12004 12104 12110
approved FR941206-1-00134 2 6551 11457
by FR941206-1-00134 23 6552 7133 7158 7987 8324 8335 8364 8415 8426 8932 9066 9195 9205 9514 10091 10333 10586 10892 10939 11011 11266 11458 12112
regional FR941206-1-00134 3 6554 6620 11460
administrator FR941206-1-00134 3 6555 6621 11461
upon FR941206-1-00134 3 6556 6616 7228
application FR941206-1-00134 4 6557 6617 10302 11177
but FR941206-1-00134 6 6559 10383 10825 11157 11924 11951
currently FR941206-1-00134 2 6563 10071
being FR941206-1-00134 3 6564 6680 11220
used FR941206-1-00134 13 6565 6701 7470 7530 7852 8064 8644 8658 8740 8847 9147 10542 10574
with FR941206-1-00134 34 6566 6991 7052 7396 7737 7754 8285 8341 8633 8669 8789 9008 9530 10012 10085 10369 10421 10614 10688 10851 11025 11068 11109 11153 11171 11189 11319 11470 11563 11904 11959 12022 12030 12092
varying FR941206-1-00134 1 6567
degrees FR941206-1-00134 1 6568
of FR941206-1-00134 161 6569 6581 6588 6605 6654 6673 6698 6713 6732 6744 6789 6844 6854 6878 6884 6934 6979 6986 7011 7032 7084 7087 7105 7115 7142 7222 7245 7261 7267 7319 7331 7363 7386 7418 7441 7462 7474 7482 7501 7524 7559 7574 7622 7700 7790 7795 7813 7859 7917 7922 7949 7967 7993 7997 8005 8012 8030 8114 8125 8250 8288 8290 8303 8359 8386 8400 8436 8462 8494 8730 8785 8813 8879 8988 9088 9217 9238 9462 9550 9561 9564 9582 9643 9681 9818 9889 9918 9968 10038 10066 10087 10128 10199 10217 10243 10253 10266 10278 10291 10307 10312 10335 10372 10430 10462 10661 10664 10692 10719 10725 10765 10778 10815 10842 10909 10926 10953 10959 10970 10984 11008 11036 11048 11084 11104 11122 11289 11336 11375 11396 11402 11447 11484 11522 11534 11545 11659 11673 11692 11699 11732 11734 11765 11791 11801 11828 11860 11879 11886 11987 12014 12041 12047 12061 12068 12086 12106 12120 12124 12131 12135
success FR941206-1-00134 2 6570 7408
commenters FR941206-1-00134 7 6572 6635 6926 6945 10963 11001 11055
suggested FR941206-1-00134 4 6573 6636 6946 11056
several FR941206-1-00134 9 6574 6925 7694 9120 10006 10166 10336 11000 11306
potentially FR941206-1-00134 3 6575 7264 7642
viable FR941206-1-00134 1 6576
alternatives FR941206-1-00134 6 6577 7862 7978 10337 10666 11330
for FR941206-1-00134 129 6578 6799 6893 6909 6968 6997 7009 7049 7206 7234 7286 7300 7317 7338 7358 7538 7571 7608 7620 7655 7715 7726 7728 7801 7856 7977 8033 8060 8116 8163 8194 8199 8228 8262 8274 8305 8352 8388 8434 8470 8584 8588 8596 8613 8622 8636 8665 8679 8701 8706 8741 8774 8778 8811 8854 8887 8890 8907 8939 8948 8959 8997 9040 9046 9072 9113 9119 9123 9231 9324 9337 9367 9389 9414 9447 9455 9459 9484 9498 9615 9641 9707 9788 9836 9846 9900 9925 9935 9951 9966 9986 10005 10036 10053 10126 10164 10171 10305 10526 10619 10644 10650 10876 10904 10915 10935 11020 11027 11034 11040 11099 11115 11119 11229 11284 11312 11331 11601 11645 11742 11747 11760 11771 11786 11788 11823 11825 11856 11936
disposal FR941206-1-00134 30 6580 6597 6643 6675 10223 10311 10518 10610 10617 10874 10890 10905 10913 11103 11191 11195 11225 11257 11335 11391 11400 11429 11516 11793 11800 11830 11842 12046 12119 12142
large FR941206-1-00134 4 6582 7384 7411 7522
volume FR941206-1-00134 1 6583
pcb FR941206-1-00134 73 6584 6817 6895 6941 6957 6970 7091 7106 7216 7277 7287 7309 7320 7367 7387 7445 7593 7628 7755 7771 8024 8099 8109 8211 8218 8819 8841 8935 9011 9068 9435 9473 9566 9607 9619 9683 9768 9789 9808 9854 9893 9921 9952 9982 9988 10013 10174 10314 10327 10397 10545 10625 10709 10741 10758 10787 10802 10886 10917 10942 10991 11105 11337 11515 11584 11612 11930 12048 12063 12069 12076 12094 12125
wastes FR941206-1-00134 6 6585 10316 10329 10986 11037 11107
some FR941206-1-00134 2 6587 6634
which FR941206-1-00134 14 6589 6862 8069 8718 9536 9926 10247 10647 11316 11467 11598 11725 11778 11894
were FR941206-1-00134 9 6590 6869 8611 9302 9394 10559 10929 10967 11768
listed FR941206-1-00134 2 6592 8955
in FR941206-1-00134 111 6593 6611 6748 6763 6779 6915 6919 6977 6984 7014 7037 7063 7135 7208 7322 7373 7410 7429 7471 7479 7589 7680 7688 7721 7783 7853 7869 7900 8007 8092 8118 8152 8179 8201 8300 8350 8368 8383 8444 8480 8517 8528 8557 8598 8629 8764 8824 8838 8856 8901 8909 8911 8956 8961 8999 9096 9148 9169 9182 9242 9306 9342 9396 9417 9457 9573 9579 9587 9605 9617 9645 9650 9659 9687 9735 9748 9753 9765 9770 9797 9805 9816 9831 9937 9971 10029 10062 10130 10201 10220 10244 10287 10341 10440 10445 10562 10611 10686 10803 10881 11014 11078 11234 11272 11322 11561 11712 11721 11906 11965 11979
draft FR941206-1-00134 1 6595
alternative FR941206-1-00134 11 6596 6652 11345 11378 11388 11426 11540 11579 11619 11642 12088
document FR941206-1-00134 4 6598 10293 11436 11570
accompanied FR941206-1-00134 1 6600
publication FR941206-1-00134 1 6604
anprm FR941206-1-00134 4 6607 6917 6929 10966
indicated FR941206-1-00134 1 6610
this FR941206-1-00134 26 6612 6790 6922 7147 7407 8803 8973 9527 9548 9744 10095 10292 10364 10415 10538 10735 11015 11058 11323 11535 11539 11617 11713 11755 11966 12087
proposed FR941206-1-00134 35 6613 6624 6796 7065 7606 8432 8448 8513 8559 8566 8612 8797 8866 9375 9387 9397 9592 9864 9948 10283 10319 10338 10357 10408 10521 10593 10669 11233 11311 11380 11417 11506 11618 11640 11985
rule FR941206-1-00134 4 6614 8452 8563 11016
to FR941206-1-00134 106 6618 6640 6648 6669 6739 6774 6841 6865 6872 6875 6921 6962 7044 7117 7156 7224 7236 7269 7290 7303 7349 7400 7414 7444 7454 7457 7499 7531 7597 7719 7809 7827 7899 7905 7947 8065 8106 8157 8165 8167 8170 8223 8247 8331 8405 8422 8502 8506 8522 8645 8717 8798 8802 8870 8923 8985 9033 9173 9215 9226 9331 9373 9404 9407 9422 9431 9590 9629 9633 9720 9759 9841 9931 10138 10195 10235 10240 10262 10348 10478 10504 10514 10633 10792 10859 10964 10975 10980 11093 11111 11201 11251 11370 11410 11662 11705 11739 11805 11847 11869 11900 11921 11928 12003 12072 12096
each FR941206-1-00134 3 6623 7802 11453
option FR941206-1-00134 4 6625 10660 11575 12036
would FR941206-1-00134 36 6626 7025 8539 8662 8713 9022 9270 9283 9326 9402 9427 9611 9812 9826 10135 10237 10330 10366 10385 10418 10437 10455 10468 10487 10548 10629 10656 11030 11045 11346 11359 11455 11496 11541 11844 12001
considered FR941206-1-00134 6 6628 7676 7907 8074 9305 11972
on FR941206-1-00134 36 6629 6682 6823 6927 6939 7211 7506 7748 7819 7879 8002 8122 8244 8723 8971 9134 9191 9201 9315 9443 9674 9678 9881 9915 10080 10179 10459 10715 10911 10988 11297 11499 11696 11717 11874 11919
a FR941206-1-00134 92 6630 6642 6683 6782 6890 6901 6949 7005 7078 7151 7297 7335 7604 7634 7641 7663 7746 8031 8055 8248 8329 8398 8420 8487 8497 8504 8549 8623 8630 8670 8681 8694 8715 8724 8734 8769 8790 8868 8913 8958 9174 9285 9421 9736 9843 9961 10000 10081 10118 10205 10221 10245 10251 10271 10276 10361 10370 10441 10576 10580 10589 10597 10602 10612 10615 10645 10738 11139 11149 11167 11172 11237 11383 11432 11474 11500 11514 11546 11555 11564 11726 11748 11780 11818 11857 11939 11957 11973 12042 12073 12121 12132
casebycase FR941206-1-00134 2 6631 10082
basis FR941206-1-00134 3 6632 8726 10083
need FR941206-1-00134 2 6639 9403
obtain FR941206-1-00134 1 6641
permit FR941206-1-00134 2 6644 11559
was FR941206-1-00134 12 6645 6913 7055 7452 8746 8963 9188 10584 10648 10701 10773 10837
an FR941206-1-00134 16 6646 6936 7058 7497 7652 8800 9165 9265 9429 9703 10301 10703 11632 11743 11783 12020
impediment FR941206-1-00134 1 6647
developing FR941206-1-00134 5 6649 6935 7681 7860 9307
utilizing FR941206-1-00134 1 6651
destruction FR941206-1-00134 1 6655
containment FR941206-1-00134 2 6657 11764
epa FR941206-1-00134 43 6659 6687 6937 7001 7040 7096 7157 7202 7374 7692 8458 8512 8538 8565 8760 8796 8806 8828 8899 8920 8967 8977 9027 9597 9757 9957 10009 10092 10151 10211 10269 10296 10375 10510 10587 11004 11087 11131 11179 11240 11260 11326 11355
's FR941206-1-00134 13 6660 6989 7375 7553 7890 8761 9445 9947 10010 10973 11808 11911 12024
position FR941206-1-00134 1 6661
is FR941206-1-00134 55 6662 7002 7041 7296 7355 7409 7632 7639 7999 8040 8052 8128 8322 8348 8362 8413 8968 9031 9061 9084 9132 9224 9528 9958 9975 10002 10051 10152 10157 10212 10275 10511 10712 10761 10789 10820 10858 10870 11205 11210 11261 11317 11327 11393 11431 11468 11580 11643 11715 11737 11838 11970 11978 12018 12029
adequate FR941206-1-00134 3 6664 6741 7811
controls FR941206-1-00134 3 6665 6743 8378
must FR941206-1-00134 6 6666 8626 8649 10075 10862 10906
imposed FR941206-1-00134 1 6668
ensure FR941206-1-00134 2 6670 6740
safety FR941206-1-00134 1 6672
all FR941206-1-00134 9 6674 7012 9969 10325 10481 10544 10756 11041 11298
technologies FR941206-1-00134 7 6676 6699 6726 6746 6755 10531 11401
especially FR941206-1-00134 1 6678
those FR941206-1-00134 13 6679 6735 6861 6944 6963 7442 7985 10313 10936 11270 11512 11907 11933
operated FR941206-1-00134 1 6681
commercial FR941206-1-00134 2 6684 11942
scale FR941206-1-00134 1 6685
does FR941206-1-00134 6 6688 7969 8035 10248 11241 11815
however FR941206-1-00134 10 6690 7660 8794 8897 9102 9554 9716 10782 10932 11630
anticipate FR941206-1-00134 1 6692
individual FR941206-1-00134 2 6695 10114
or FR941206-1-00134 43 6696 6757 6772 7252 7403 7644 7798 7887 7894 7908 7913 7954 7975 8133 8188 8282 8375 8554 9693 9933 10161 10228 10555 10671 10830 10902 10928 10955 11096 11102 11128 11162 11249 11280 11287 11482 11486 11560 11567 11751 11888 12115 12129
combinations FR941206-1-00134 1 6697
repeatedly FR941206-1-00134 1 6702
permitting FR941206-1-00134 1 6705
process FR941206-1-00134 13 6706 7520 7873 7939 8014 8085 9714 10149 11152 11170 11413 11433 11444
will FR941206-1-00134 2 6707 6727
become FR941206-1-00134 1 6708
streamlined FR941206-1-00134 1 6709
once FR941206-1-00134 2 6711 8045
out FR941206-1-00134 4 6712 8140 8903 10925
research FR941206-1-00134 1 6715
development FR941206-1-00134 3 6717 7086 7972
r FR941206-1-00134 1 6719
& FR941206-1-00134 1 6720
d FR941206-1-00134 6 6721 8767 8991 9400 9867 9944
phase FR941206-1-00134 1 6723
new FR941206-1-00134 11 6725 6910 6969 6998 7459 9434 9962 9987 10189 10416 11752
receive FR941206-1-00134 1 6728
same FR941206-1-00134 7 6730 8018 9136 9144 9159 9653 10786
level FR941206-1-00134 31 6731 7048 7061 7921 7996 8700 8712 8906 8947 8954 9039 9045 9083 9094 9112 9131 9167 9187 9237 9263 9267 9286 9310 9323 9366 9413 9437 9454 9533 9845 10861
scrutiny FR941206-1-00134 1 6733
already FR941206-1-00134 3 6736 8808 10600
fully FR941206-1-00134 1 6737
developed FR941206-1-00134 3 6738 7203 9189
environmental FR941206-1-00134 7 6742 7160 7381 7886 8172 10162 11849
specific FR941206-1-00134 9 6745 6752 7788 9916 10025 11021 11116 11142 11182
certain FR941206-1-00134 10 6749 6842 9299 9370 9485 10342 11848 11866 12122 12133
instances FR941206-1-00134 1 6750
standards FR941206-1-00134 14 6753 8810 8837 8853 9839 10448 11019 11114 11143 11155 11183 11374 11415 11600
procedures FR941206-1-00134 5 6758 7439 10112 10193 11372
also FR941206-1-00134 14 6760 7021 7468 7602 7851 9156 9357 9912 10469 10512 10572 10657 11519 11925
promulgated FR941206-1-00134 2 6762 8574
future FR941206-1-00134 4 6764 8232 9520 11877
rulemakings FR941206-1-00134 2 6765 9751
additional FR941206-1-00134 3 6767 7927 11253
decontamination FR941206-1-00134 2 6768 10674
activities FR941206-1-00134 2 6769 11075
at FR941206-1-00134 39 6770 6832 6955 7265 7684 7702 7739 7751 8054 8068 8214 8256 8295 8311 8319 8394 8410 8476 9015 9466 9791 10113 10358 10409 10722 10744 10775 10839 10919 11213 11379 11418 11490 11505 11774 11992 12078 12099 12138
761.79 FR941206-1-00134 2 6771 10672
added FR941206-1-00134 1 6773
selfimplementing FR941206-1-00134 13 6776 7416 10355 11254 11348 11352 11574 11578 11641 11797 11841 12025 12035
remediation FR941206-1-00134 39 6777 6797 7699 7724 7778 8088 8185 8304 8475 8555 8812 9690 9949 10308 10315 10328 10381 10398 10546 10557 10606 10710 10759 10818 10985 11035 11074 11106 11121 11338 11368 11488 11802 12016 12049 12070 12090 12126 12136
techniques FR941206-1-00134 1 6778
761.61 FR941206-1-00134 13 6780 10320 10359 10410 10451 10489 10522 10567 10670 11235 11381 11419 11507
see FR941206-1-00134 8 6785 7744 7825 9347 9863 10281 11530 11983
unit FR941206-1-00134 3 6786 10749 11531
iia3 FR941206-1-00134 1 6787
preamble FR941206-1-00134 8 6791 7020 7826 8826 9100 9589 9719 11536
4 FR941206-1-00134 1 6794
strategy FR941206-1-00134 7 6798 7006 9950 9963 10001 10125 10190
pcbs FR941206-1-00134 68 6800 6845 6855 7013 7024 7053 7118 7207 7223 7238 7246 7271 7305 7463 7502 7539 7575 7623 7701 7727 7738 8034 8061 8117 8164 8200 8291 8318 8347 8404 8409 8437 8686 8815 8908 8949 8960 8998 9041 9206 9218 9368 9415 9456 9644 9675 9847 9970 10039 10067 10129 10200 10215 10259 10344 10484 10620 10721 10895 10923 10960 11039 11123 11320 11471 11660 11708 12000
including FR941206-1-00134 5 6802 8592 11301 11473 11883
cleanup FR941206-1-00134 85 6803 6819 6891 6995 7010 7093 7143 7153 7204 7218 7221 7241 7279 7289 7311 7318 7369 7426 7473 7500 7536 7569 7595 7621 7630 7682 8435 8821 8843 8852 8929 8937 9013 9063 9070 9082 9216 9475 9568 9577 9601 9609 9642 9685 9729 9773 9786 9810 9838 9844 9856 9895 9902 9923 9939 9967 9984 10026 10037 10059 10065 10089 10109 10127 10148 10583 10627 10651 10853 10944 11009 11083 11101 11255 11333 11547 11586 11614 11685 11711 11872 12040 12055 12084 12108
under FR941206-1-00134 39 6804 6972 7007 7028 8203 8438 8575 8816 9048 9268 9288 9312 9621 9904 9941 9954 9964 10015 10043 10072 10078 10133 10185 10317 10353 10404 10433 10443 10485 10497 10520 10592 10652 10668 10822 11091 11340 11357 11550
rcra FR941206-1-00134 27 6806 7033 7066 7517 7610 8439 8449 8477 8482 8560 8857 9050 9114 9151 9269 9313 9467 9583 9622 9737 9750 9792 9905 9942 10423 10434 11556
corrective FR941206-1-00134 17 6807 7067 7611 8440 8450 8483 8550 8561 8858 9051 9464 9584 9623 9647 9712 9906 11557
action FR941206-1-00134 52 6808 7060 7068 7612 8039 8051 8071 8441 8451 8464 8484 8523 8535 8562 8582 8615 8647 8660 8711 8744 8776 8849 8888 8946 8953 8995 9044 9052 9093 9152 9166 9236 9266 9277 9309 9335 9365 9391 9436 9453 9501 9532 9585 9648 9713 9907 10090 11442 11548 11558 11785 11822
cercla FR941206-1-00134 21 6810 7035 7483 7514 7585 7617 7695 7717 7902 8023 8047 8108 8204 8296 8312 8395 9799 10016 10425 10436 11565
remedial FR941206-1-00134 14 6811 7030 7519 7749 7861 7871 7933 8196 8488 10507 11273 11290 11307 11441
programs FR941206-1-00134 3 6812 10426 11043
1987 FR941206-1-00134 12 6815 6974 6994 7089 7365 7450 7508 7561 7592 9636 9980 10031
tsca FR941206-1-00134 40 6816 7008 7090 7215 7276 7308 7366 7509 7562 7627 8210 8818 8840 8934 9010 9036 9080 9130 9186 9260 9322 9807 9853 9892 9920 9955 9965 9981 10079 10134 10186 10444 10498 10616 10624 10823 10941 11092 11341 11358
spill FR941206-1-00134 44 6818 6958 7092 7152 7217 7229 7278 7288 7310 7368 7594 7629 8212 8820 8842 8936 9012 9069 9081 9474 9567 9608 9637 9684 9809 9855 9894 9922 9983 10182 10626 10646 10654 10943 11585 11613 11684 11701 11710 11727 11736 11745 11753 11767
policy FR941206-1-00134 48 6820 6880 6892 6902 6908 6938 6950 6975 6996 7094 7219 7280 7312 7370 7420 7431 7451 7466 7510 7563 7596 7619 7631 7665 8213 8822 8844 8938 9014 9071 9476 9569 9610 9638 9686 9811 9857 9896 9924 9985 10032 10045 10074 10628 10655 10945 11587 11615
published FR941206-1-00134 1 6822
52 FR941206-1-00134 1 6826
fr FR941206-1-00134 9 6827 7072 7837 7959 8455 8862 8916 9349 9871
10688 FR941206-1-00134 1 6828
codified FR941206-1-00134 3 6831 7664 10289
part FR941206-1-00134 7 6833 7083 7412 8871 9016 9423 11591
761 FR941206-1-00134 3 6834 9017 11592
subpart FR941206-1-00134 17 6836 8874 9018 9098 9244 9376 9425 9593 9697 9833 11594 11636 11681 11836 11863 11980 12031
g FR941206-1-00134 9 6837 9019 11595 11637 11682 11837 11864 11981 12032
applied FR941206-1-00134 1 6839
releases FR941206-1-00134 2 6843 9620
occurring FR941206-1-00134 1 6846
after FR941206-1-00134 7 6847 7145 7240 9978 11582 11606 11871
thus FR941206-1-00134 5 6850 7273 9077 10136 10499
other FR941206-1-00134 19 6852 7544 7707 7891 7955 7983 8235 8265 8376 8589 9211 9275 9317 9478 10142 10326 10828 11125 11276
spills FR941206-1-00134 22 6853 6896 6911 6942 6971 6999 7107 7134 7321 7388 7446 7461 7476 7573 8219 9953 9989 10175 10636 11204 11604 11647
ie FR941206-1-00134 7 6857 7120 7650 8547 8750 10256 10796
most FR941206-1-00134 7 6859 7283 8180 10472 10962 11185 11206
notably FR941206-1-00134 1 6860
occurred FR941206-1-00134 3 6863 10183 11728
prior FR941206-1-00134 2 6864 10234
intended FR941206-1-00134 3 6871 7453 8922
subject FR941206-1-00134 1 6874
provisions FR941206-1-00134 9 6877 7708 9563 9835 9917 10356 10407 10691 11026
issue FR941206-1-00134 3 6883 9745 12021
whether FR941206-1-00134 1 6885
agency FR941206-1-00134 19 6887 6988 7552 8634 8832 9105 9197 9255 9440 9491 9516 9557 9627 9741 9825 9878 9911 9995 10972
should FR941206-1-00134 7 6888 8062 8072 8845 9356 9667 10681
develop FR941206-1-00134 1 6889
historic FR941206-1-00134 5 6894 6940 6956 7475 7572
how FR941206-1-00134 4 6899 7023 9274 11955
might FR941206-1-00134 3 6903 11944 11952
differ FR941206-1-00134 1 6904
from FR941206-1-00134 14 6905 7108 8147 8496 9273 9851 9990 10551 10637 10702 10997 11269 11835 12051
existing FR941206-1-00134 3 6907 11810 12080
addressed FR941206-1-00134 8 6914 7027 10042 10070 10077 10332 10938 11221
response FR941206-1-00134 3 6920 7657 8070
discussion FR941206-1-00134 2 6923 7579
strongly FR941206-1-00134 1 6930
supported FR941206-1-00134 2 6931 11265
idea FR941206-1-00134 1 6933
achieve FR941206-1-00134 1 6952
considerable FR941206-1-00134 2 6953 10098
benefits FR941206-1-00134 1 6954
sites FR941206-1-00134 11 6959 7686 7704 7741 7753 8297 8313 8396 10115 11085 11216
similar FR941206-1-00134 2 6961 7605
have FR941206-1-00134 6 6965 7389 8604 10658 11896 12002
been FR941206-1-00134 7 6966 7390 7469 7550 7675 9657 11897
obtained FR941206-1-00134 1 6967
light FR941206-1-00134 2 6978 9817
comments FR941206-1-00134 2 6981 11263
consideration FR941206-1-00134 3 6985 7948 7974
experience FR941206-1-00134 4 6990 7554 10011 11248
implementing FR941206-1-00134 2 6992 9463
today FR941206-1-00134 8 7003 7042 9444 9946 9959 10339 11910 12023
proposing FR941206-1-00134 6 7004 7043 9960 10213 10513 11328
environment FR941206-1-00134 11 7016 7817 8510 8519 9973 10132 10203 10233 10553 10730 11664
following FR941206-1-00134 8 7019 7578 8225 8609 8982 10733 11135 11303
discusses FR941206-1-00134 1 7022
authorities FR941206-1-00134 3 7031 8442 9908
addition FR941206-1-00134 4 7038 9183 9418 10063
clarify FR941206-1-00134 1 7045
concentration FR941206-1-00134 15 7047 7244 7251 8113 8621 8716 8880 8905 10766 10918 11656 11689 11720 11811 12077
contaminated FR941206-1-00134 6 7051 7736 8788 10878 11318 11469
identified FR941206-1-00134 4 7056 9095 9241 9658
`` FR941206-1-00134 16 7059 7458 7532 7745 7770 7915 8076 8189 8463 8994 9161 9783 11063 11397 11524 11988
'' FR941206-1-00134 16 7062 7460 7535 7757 7773 7919 8097 8193 8466 9021 9163 9785 11065 11399 11527 11991
regulations FR941206-1-00134 4 7069 9378 9595 10831
55 FR941206-1-00134 8 7071 7836 7958 8454 8861 8915 9348 9870
30798 FR941206-1-00134 2 7073 8456
background FR941206-1-00134 1 7080
evaluated FR941206-1-00134 1 7097
frequency FR941206-1-00134 1 7099
amount FR941206-1-00134 5 7101 11658 11691 12123 12134
nature FR941206-1-00134 5 7104 7258 7328 7417 11669
electrical FR941206-1-00134 5 7109 7195 8276 9991 10638
equipment FR941206-1-00134 3 7110 9992 10639
different FR941206-1-00134 3 7113 7136 7225
routes FR941206-1-00134 1 7114
exposure FR941206-1-00134 21 7116 7235 7268 7340 7803 7950 8126 8738 8782 9145 9524 10254 10279 10998 11022 11117 11704 11851 11861 11905 11927
ingestion FR941206-1-00134 2 7122 8752
dermal FR941206-1-00134 1 7124
inhalation FR941206-1-00134 1 7127
risks FR941206-1-00134 3 7131 9203 10464
posed FR941206-1-00134 5 7132 8334 8425 9204 10465
locations FR941206-1-00134 1 7137
costs FR941206-1-00134 3 7141 10144 11066
evaluating FR941206-1-00134 1 7146
information FR941206-1-00134 12 7148 7526 7822 7882 7895 7928 9511 9552 9820 11250 11268 11653
considering FR941206-1-00134 1 7150
proposal FR941206-1-00134 14 7154 8762 9246 9345 9446 9699 9722 11304 11714 11798 11814 11912 11967 12026
submitted FR941206-1-00134 2 7155 10304
defense FR941206-1-00134 2 7161 7170
fund FR941206-1-00134 1 7162
edf FR941206-1-00134 1 7164
natural FR941206-1-00134 1 7168
resources FR941206-1-00134 1 7169
council FR941206-1-00134 1 7171
nrdc FR941206-1-00134 1 7173
edison FR941206-1-00134 1 7177
electric FR941206-1-00134 1 7178
institute FR941206-1-00134 1 7179
eei FR941206-1-00134 1 7181
manufacturers FR941206-1-00134 2 7186 7196
association FR941206-1-00134 2 7187 7197
cma FR941206-1-00134 1 7189
national FR941206-1-00134 3 7194 7829 11018
nema FR941206-1-00134 1 7199
goals FR941206-1-00134 13 7205 7427 7725 7779 7849 8078 8089 8186 9691 9730 9774 10027 10110
surfaces FR941206-1-00134 1 7212
requires FR941206-1-00134 4 7220 9369 9537 11620
levels FR941206-1-00134 47 7226 7683 7800 7982 8197 8226 8465 8469 8493 8516 8524 8532 8536 8570 8583 8616 8648 8661 8745 8777 8850 8881 8889 8996 9153 9278 9336 9392 9495 9502 9542 9578 9602 9787 9803 9903 9940 10350 10432 10558 11010 11495 11626 11868 11915 11931 12095
depending FR941206-1-00134 2 7227 8121
location FR941206-1-00134 3 7230 11698 12081
potential FR941206-1-00134 10 7233 7299 7337 7357 8162 9525 11703 11855 11876 11926
residual FR941206-1-00134 6 7237 7270 11867 11914 11929 12075
remaining FR941206-1-00134 1 7239
initially FR941206-1-00134 1 7247
spilled FR941206-1-00134 8 7248 7304 8814 10226 10930 10954 11693 11707
high FR941206-1-00134 2 7250 11858
low FR941206-1-00134 1 7253
size FR941206-1-00134 2 7260 12013
population FR941206-1-00134 1 7263
risk FR941206-1-00134 16 7266 7799 7920 7981 7998 8637 8678 8699 8729 9180 10252 10277 10996 11475 11502 11859
applies FR941206-1-00134 2 7281 7313
stringent FR941206-1-00134 3 7284 7315 7346
requirements FR941206-1-00134 9 7285 7316 7347 10875 10914 11052 11098 11686 11843
nond FR941206-1-00134 2 7291 8236
access FR941206-1-00134 9 7292 7324 7351 8237 8267 11892 11920 11941 11960
areas FR941206-1-00134 9 7293 7325 7352 8067 8238 8268 11908 11922 11934
where FR941206-1-00134 11 7294 7326 7353 8339 8530 8805 10543 10556 10575 10596 10677
there FR941206-1-00134 7 7295 7354 10156 10274 10846 11209 11649
greater FR941206-1-00134 4 7298 8343 9090 11741
human FR941206-1-00134 3 7301 7332 7359
exposures FR941206-1-00134 2 7302 7360
less FR941206-1-00134 4 7314 7345 8240 10798
restricted FR941206-1-00134 5 7323 7350 8266 8391 11940
degree FR941206-1-00134 1 7330
contact FR941206-1-00134 4 7333 8337 8428 8748
present FR941206-1-00134 3 7334 8503 10250
lower FR941206-1-00134 1 7336
significant FR941206-1-00134 2 7339 11833
finally FR941206-1-00134 2 7342 9220
even FR941206-1-00134 1 7344
apply FR941206-1-00134 2 7348 11846
little FR941206-1-00134 2 7356 11211
implementation FR941206-1-00134 2 7362 11286
has FR941206-1-00134 12 7371 7467 7495 7549 7587 7674 8807 9656 10017 11088 11132 11246
estimation FR941206-1-00134 1 7376
yielded FR941206-1-00134 1 7378
highly FR941206-1-00134 1 7379
favorable FR941206-1-00134 1 7380
results FR941206-1-00134 2 7382 7570
numbers FR941206-1-00134 2 7385 9479
cleaned FR941206-1-00134 4 7391 8221 10402 10865
up FR941206-1-00134 5 7392 8222 10173 10403 11603
expeditiously FR941206-1-00134 1 7393
safely FR941206-1-00134 2 7395 10264
minimum FR941206-1-00134 2 7397 10371
administrative FR941206-1-00134 3 7398 10140 10192
burdens FR941206-1-00134 1 7399
regulatory FR941206-1-00134 4 7401 9290 9705 10717
agencies FR941206-1-00134 1 7402
responsible FR941206-1-00134 5 7404 10106 10643 11283 11770
parties FR941206-1-00134 2 7405 10107
attributable FR941206-1-00134 1 7413
clear FR941206-1-00134 1 7423
numeric FR941206-1-00134 1 7425
specified FR941206-1-00134 7 7428 9395 9804 10349 10389 12074 12093
straightforward FR941206-1-00134 1 7435
sampling FR941206-1-00134 1 7436
notification FR941206-1-00134 1 7438
required FR941206-1-00134 2 7440 8041
responding FR941206-1-00134 1 7443
although FR941206-1-00134 3 7448 7512 9471
applicable FR941206-1-00134 3 7456 7643 10678
particularly FR941206-1-00134 1 7478
context FR941206-1-00134 3 7481 9581 9738
remediations FR941206-1-00134 1 7484
discussed FR941206-1-00134 5 7487 9057 9341 9383 9663
below FR941206-1-00134 4 7488 8258 8534 9250
since FR941206-1-00134 1 7490
1990 FR941206-1-00134 4 7491 7690 7767 8022
superfund FR941206-1-00134 15 7493 7598 7656 7685 7703 7740 7752 7785 8326 8417 9661 9672 9767 10486 11440
program FR941206-1-00134 14 7494 7586 7613 7618 7718 7786 7903 8048 8327 8418 8485 9053 9291 9649
adopted FR941206-1-00134 1 7496
approach FR941206-1-00134 9 7498 7582 7607 8433 8804 9763 10022 10209 11059
relies FR941206-1-00134 1 7504
heavily FR941206-1-00134 1 7505
generates FR941206-1-00134 1 7521
volumes FR941206-1-00134 1 7523
sitespecific FR941206-1-00134 14 7525 8142 8365 9510 9551 9819 10055 10460 10506 10995 11159 11176 11199 11501
can FR941206-1-00134 3 7528 9544 10096
fine FR941206-1-00134 1 7533
tune FR941206-1-00134 1 7534
decisions FR941206-1-00134 3 7537 9575 10060
well FR941206-1-00134 3 7542 9209 9781
hazardous FR941206-1-00134 5 7545 8624 8791 8894 11126
substances FR941206-1-00134 2 7546 11127
it FR941206-1-00134 17 7548 7601 7638 7673 9030 9155 9171 9282 9355 9666 9927 10384 10467 10680 11245 11977 12028
essential FR941206-1-00134 1 7557
features FR941206-1-00134 1 7558
workable FR941206-1-00134 1 7565
yield FR941206-1-00134 1 7567
protective FR941206-1-00134 1 7568
summarizes FR941206-1-00134 1 7580
taken FR941206-1-00134 1 7588
adapting FR941206-1-00134 1 7590
cleanups FR941206-1-00134 2 7599 10014
outlines FR941206-1-00134 1 7603
b FR941206-1-00134 8 7615 8683 8689 10524 10569 10695 11146 11421
because FR941206-1-00134 5 7625 7864 9504 10768 10833
binding FR941206-1-00134 2 7635 11032
regulation FR941206-1-00134 1 7636
relevant FR941206-1-00134 3 7645 9212 10495
appropriate FR941206-1-00134 15 7647 7995 8372 9032 9117 9483 9572 9614 9734 9777 9860 9930 10035 11186 11207
requirement FR941206-1-00134 3 7648 10496 11759
arar FR941206-1-00134 2 7653 7889
actions FR941206-1-00134 9 7658 7750 8859 9465 9624 10482 10508 11274 11291
reflecting FR941206-1-00134 1 7666
substantial FR941206-1-00134 3 7667 9192 9509
scientific FR941206-1-00134 1 7668
technical FR941206-1-00134 4 7670 7952 10160 11267
evaluation FR941206-1-00134 2 7671 7872
important FR941206-1-00134 2 7678 11633
guidance FR941206-1-00134 15 7679 7696 7711 7893 8025 8110 8137 8154 8176 9640 9662 9673 9769 9800 9899
august FR941206-1-00134 2 7689 7766
issued FR941206-1-00134 1 7693
documents FR941206-1-00134 4 7697 7712 8026 8138
regarding FR941206-1-00134 2 7698 9576
among FR941206-1-00134 2 7706 11217
establish FR941206-1-00134 2 7713 11252
guidelines FR941206-1-00134 2 7714 8635
follow FR941206-1-00134 1 7720
setting FR941206-1-00134 6 7722 7854 8195 8902 9708 11141
preliminary FR941206-1-00134 7 7723 7777 7820 8184 9689 9728 9772
ground FR941206-1-00134 4 7731 8585 8599 9338
water FR941206-1-00134 5 7732 8579 8586 8600 9339
sediment FR941206-1-00134 1 7735
guide FR941206-1-00134 3 7747 7772 8100
contamination FR941206-1-00134 5 7756 8495 9790 10700 10863
oswer FR941206-1-00134 1 7759
directive FR941206-1-00134 1 7760
no FR941206-1-00134 1 7761
9355.401 FR941206-1-00134 1 7763
fs FR941206-1-00134 1 7764
[ FR941206-1-00134 1 7769
] FR941206-1-00134 1 7774
prgs FR941206-1-00134 7 7781 7865 7942 7968 8059 9694 9709
statements FR941206-1-00134 1 7789
desired FR941206-1-00134 1 7792
endpoint FR941206-1-00134 1 7793
concentrations FR941206-1-00134 5 7794 8342 8657 10992 12064
contaminants FR941206-1-00134 1 7796
route FR941206-1-00134 1 7804
believed FR941206-1-00134 1 7808
provide FR941206-1-00134 3 7810 9702 10456
protection FR941206-1-00134 1 7812
health FR941206-1-00134 2 7814 8507
based FR941206-1-00134 15 7818 7878 8001 9133 9190 10177 10458 10714 10910 10987 11498 11695 11716 11873 11916
site FR941206-1-00134 11 7821 8056 10603 11315 11466 11492 11881 12043 12053 12101 12140
contingency FR941206-1-00134 1 7830
plan FR941206-1-00134 2 7831 10607
ncp FR941206-1-00134 1 7833
8666 FR941206-1-00134 1 7838
8712 FR941206-1-00134 1 7840
8713 FR941206-1-00134 2 7842 7960
parameters FR941206-1-00134 1 7855
purpose FR941206-1-00134 2 7858 9461
formulated FR941206-1-00134 1 7867
early FR941206-1-00134 1 7868
they FR941206-1-00134 3 7875 9505 11607
typically FR941206-1-00134 1 7877
readily FR941206-1-00134 1 7880
available FR941206-1-00134 5 7881 7930 10632 10667 11224
healthbased FR941206-1-00134 1 7888
reliable FR941206-1-00134 1 7892
commonly FR941206-1-00134 1 7897
referred FR941206-1-00134 1 7898
tbcs FR941206-1-00134 1 7910
point FR941206-1-00134 3 7916 8139 10736
departure FR941206-1-00134 2 7918 8146
10 FR941206-1-00134 8 7923 8251 8254 8259 8401 8673 8697 9175
-6 FR941206-1-00134 2 7924 8674
becomes FR941206-1-00134 1 7929
during FR941206-1-00134 3 7931 8733 9710
investigation/feasibility FR941206-1-00134 1 7934
study FR941206-1-00134 4 7935 8472 8545 8552
ri/fs FR941206-1-00134 2 7937 8084
may FR941206-1-00134 15 7943 8079 8144 8490 9115 9247 9297 9506 9570 9731 9742 9849 9928 11650 12109
modified FR941206-1-00134 1 7945
due FR941206-1-00134 2 7946 8156
factors FR941206-1-00134 4 7956 8158 9213 9300
8717 FR941206-1-00134 1 7962
use FR941206-1-00134 21 7966 8310 8355 8393 8758 8942 9047 9075 9139 9487 9499 9522 9616 9634 9680 9760 9936 10488 10705 11395 11878
preclude FR941206-1-00134 1 7971
selection FR941206-1-00134 4 7976 7992 8010 8095
attain FR941206-1-00134 1 7980
than FR941206-1-00134 8 7984 8241 8344 8892 9091 10799 11746 12007
represented FR941206-1-00134 1 7986
prg FR941206-1-00134 4 7989 8032 8330 8421
final FR941206-1-00134 4 7991 8087 9784 10058
made FR941206-1-00134 1 8000
balancing FR941206-1-00134 1 8004
criteria FR941206-1-00134 5 8006 8610 8773 8886 9388
remedy FR941206-1-00134 2 8009 8094
step FR941206-1-00134 2 8011 11454
along FR941206-1-00134 1 8016
lines FR941206-1-00134 1 8019
explain FR941206-1-00134 1 8027
exceedance FR941206-1-00134 1 8029
mean FR941206-1-00134 1 8037
rather FR941206-1-00134 2 8043 12006
decides FR941206-1-00134 1 8049
necessary FR941206-1-00134 3 8053 10503 11362
identify FR941206-1-00134 3 8066 9409 9432
refined FR941206-1-00134 1 8081
throughout FR941206-1-00134 1 8082
determined FR941206-1-00134 3 8091 8363 8834
p.2 FR941206-1-00134 1 8102
according FR941206-1-00134 3 8105 11409 11804
concern FR941206-1-00134 1 8115
differs FR941206-1-00134 1 8120
type FR941206-1-00134 2 8124 9549
expected FR941206-1-00134 2 8129 8294
eg FR941206-1-00134 1 8131
residential FR941206-1-00134 8 8132 8233 8306 8353 8756 8940 9073 9137
industrial FR941206-1-00134 3 8134 8263 8389
conditions FR941206-1-00134 4 8143 8366 10056 10390
warrant FR941206-1-00134 1 8145
basic FR941206-1-00134 1 8149
framework FR941206-1-00134 2 8150 9706
outlined FR941206-1-00134 3 8151 9764 9886
migrate FR941206-1-00134 1 8166
groundwater FR941206-1-00134 1 8168
affect FR941206-1-00134 1 8171
receptors FR941206-1-00134 1 8173
recommends FR941206-1-00134 2 8177 8217
cases FR941206-1-00134 2 8181 8370
analytical FR941206-1-00134 2 8190 9228
starting FR941206-1-00134 1 8191
points FR941206-1-00134 1 8192
follows FR941206-1-00134 1 8207
: FR941206-1-00134 7 8208 8227 8239 8269 8278 8993 11137
761.120 FR941206-1-00134 1 8215
current FR941206-1-00134 9 8229 9518 10623 10885 10948 10978 10990 11719 11809
reasonablyexpected FR941206-1-00134 1 8231
1 FR941206-1-00134 16 8242 8315 8345 8671 8695 8925 9005 9037 9059 9110 9128 9222 9261 9363 9411 9449
ppm FR941206-1-00134 24 8243 8255 8271 8280 8284 8316 8346 8402 8407 8926 8965 9006 9038 9060 9111 9129 9223 9240 9262 9364 9412 9450 10746 10801
surface FR941206-1-00134 6 8246 8321 8412 11623 11975 11990
depth FR941206-1-00134 2 8249 8358
inches FR941206-1-00134 2 8252 8260
depths FR941206-1-00134 1 8257
25 FR941206-1-00134 3 8270 8279 8406
outdoor FR941206-1-00134 1 8275
substations FR941206-1-00134 1 8277
50 FR941206-1-00134 2 8283 10800
labelling FR941206-1-00134 1 8286
warning FR941206-1-00134 1 8287
presence FR941206-1-00134 1 8289
case FR941206-1-00134 3 8302 8385 9755
unrestricted FR941206-1-00134 1 8308
land FR941206-1-00134 10 8309 8354 8392 8757 8941 9074 9138 9486 9521 10222
recommended FR941206-1-00134 4 8323 8414 8931 9065
address FR941206-1-00134 7 8332 8423 9743 10196 10634 10888 11005
threats FR941206-1-00134 2 8333 8424
direct FR941206-1-00134 3 8336 8427 8747
left FR941206-1-00134 1 8349
place FR941206-1-00134 1 8351
cover FR941206-1-00134 1 8361
deed FR941206-1-00134 1 8373
restrictions FR941206-1-00134 2 8374 11890
institutional FR941206-1-00134 2 8377 11889
generally FR941206-1-00134 5 8380 9482 9612 9813 10034
implemented FR941206-1-00134 1 8381
remediating FR941206-1-00134 1 8387
range FR941206-1-00134 1 8399
c FR941206-1-00134 8 8430 8703 10322 10412 10453 10491 11164 11509
introduced FR941206-1-00134 1 8459
concept FR941206-1-00134 4 8461 9311 9534 9883
trigger FR941206-1-00134 1 8468
further FR941206-1-00134 2 8471 8544
subsequent FR941206-1-00134 3 8474 9749 11678
facilities FR941206-1-00134 3 8478 9469 9793
investigation FR941206-1-00134 1 8489
indicate FR941206-1-00134 1 8491
past FR941206-1-00134 1 8498
release FR941206-1-00134 3 8499 10727 11675
unlikely FR941206-1-00134 1 8501
threat FR941206-1-00134 1 8505
measured FR941206-1-00134 2 8515 8531
compared FR941206-1-00134 1 8521
situations FR941206-1-00134 1 8529
normally FR941206-1-00134 1 8541
require FR941206-1-00134 7 8542 9428 9508 10097 10299 10386 10950
either FR941206-1-00134 2 8543 12113
measures FR941206-1-00134 1 8551
using FR941206-1-00134 6 8567 9332 9890 10662 11148 11166
maximum FR941206-1-00134 1 8568
contaminant FR941206-1-00134 1 8569
mcls FR941206-1-00134 3 8572 8606 9333
safe FR941206-1-00134 1 8577
drinking FR941206-1-00134 1 8578
act FR941206-1-00134 3 8580 11790 11827
media FR941206-1-00134 1 8590
soils FR941206-1-00134 3 8593 9000 9325
constituents FR941206-1-00134 3 8597 8895 11129
do FR941206-1-00134 1 8602
established FR941206-1-00134 8 8605 8809 9287 9546 10560 10582 10601 11683
establishing FR941206-1-00134 11 8614 8772 8775 9688 9726 9771 9837 9901 9938 11012 11112
first FR941206-1-00134 5 8618 10790 10856 11344 11377
constituent FR941206-1-00134 2 8625 8792
derived FR941206-1-00134 1 8628
manner FR941206-1-00134 3 8631 9654 10246
consistent FR941206-1-00134 2 8632 9007
assessment FR941206-1-00134 4 8638 10461 11476 11503
second FR941206-1-00134 3 8640 10868 11387
studies FR941206-1-00134 2 8643 9193
derive FR941206-1-00134 1 8646
scientifically FR941206-1-00134 1 8651
valid FR941206-1-00134 1 8652
third FR941206-1-00134 2 8654 11425
carcinogens FR941206-1-00134 4 8666 8684 8690 8704
associated FR941206-1-00134 3 8668 10850 11067
× FR941206-1-00134 2 8672 8696
upperbound FR941206-1-00134 1 8675
excess FR941206-1-00134 2 8676 9177
cancer FR941206-1-00134 2 8677 9179
class FR941206-1-00134 3 8680 8688 8702
-5 FR941206-1-00134 2 8698 9176
systemic FR941206-1-00134 1 8707
toxicants FR941206-1-00134 1 8708
humans FR941206-1-00134 1 8719
exposed FR941206-1-00134 3 8722 11949 11963
daily FR941206-1-00134 1 8725
without FR941206-1-00134 3 8727 9547 10393
appreciable FR941206-1-00134 1 8728
adverse FR941206-1-00134 1 8731
effects FR941206-1-00134 1 8732
lifetime FR941206-1-00134 2 8735 9178
scenario FR941206-1-00134 2 8739 9140
calculating FR941206-1-00134 1 8742
assuming FR941206-1-00134 2 8755 8781
included FR941206-1-00134 1 8763
264.521 FR941206-1-00134 3 8765 8989 9398
separate FR941206-1-00134 2 8770 10167
provision FR941206-1-00134 4 8771 10417 11528 11773
through FR941206-1-00134 4 8783 10204 10588 10897
consumption FR941206-1-00134 1 8784
make FR941206-1-00134 1 8799
exception FR941206-1-00134 1 8801
explained FR941206-1-00134 2 8829 9796
had FR941206-1-00134 3 8833 8921 10599
30819 FR941206-1-00134 2 8863 9350
appendix FR941206-1-00134 4 8867 8912 8957 9420
264 FR941206-1-00134 2 8872 9424
s FR941206-1-00134 8 8875 9099 9245 9377 9426 9594 9698 9834
provided FR941206-1-00134 2 8877 10052
examples FR941206-1-00134 1 8878
meet FR941206-1-00134 1 8883
above FR941206-1-00134 4 8885 9384 9664 9887
more FR941206-1-00134 4 8891 9746 10121 11749
150 FR941206-1-00134 1 8893
erred FR941206-1-00134 1 8900
30867 FR941206-1-00134 1 8917
list FR941206-1-00134 1 8924
goal FR941206-1-00134 3 8930 9064 11174
instead FR941206-1-00134 1 8951
0.09 FR941206-1-00134 2 8964 9239
requesting FR941206-1-00134 1 8969
comment FR941206-1-00134 4 8970 9442 9880 9914
correcting FR941206-1-00134 1 8972
erroneous FR941206-1-00134 1 8974
listing FR941206-1-00134 1 8975
believes FR941206-1-00134 7 8978 9028 9106 9492 9558 9996 11180
adding FR941206-1-00134 1 8980
clarifying FR941206-1-00134 1 8983
language FR941206-1-00134 1 8984
end FR941206-1-00134 1 8987
shall FR941206-1-00134 1 9001
defined FR941206-1-00134 1 9003
correct FR941206-1-00134 1 9023
error FR941206-1-00134 1 9025
adopt FR941206-1-00134 1 9034
previously FR941206-1-00134 1 9056
approximately FR941206-1-00134 1 9085
one FR941206-1-00134 4 9086 9124 10334 10663
order FR941206-1-00134 1 9087
magnitude FR941206-1-00134 1 9089
adopting FR941206-1-00134 7 9108 9258 9320 9361 9448 9998 10117
reasons FR941206-1-00134 2 9121 10007
thing FR941206-1-00134 1 9125
essentially FR941206-1-00134 2 9142 9651
assumptions FR941206-1-00134 1 9146
deriving FR941206-1-00134 1 9149
represents FR941206-1-00134 1 9157
general FR941206-1-00134 8 9160 9762 9898 10021 10882 11079 11173 11295
conservativeness FR941206-1-00134 1 9162
equates FR941206-1-00134 1 9172
conducted FR941206-1-00134 3 9194 10368 11549
focused FR941206-1-00134 2 9199 9676
specifically FR941206-1-00134 2 9200 9380
relating FR941206-1-00134 1 9214
close FR941206-1-00134 1 9225
detection FR941206-1-00134 2 9229 9251
limit FR941206-1-00134 3 9230 11945 11954
whereas FR941206-1-00134 1 9234
often FR941206-1-00134 3 9248 9507 9732
limits FR941206-1-00134 1 9252
recognizes FR941206-1-00134 1 9256
depart FR941206-1-00134 2 9271 9850
somewhat FR941206-1-00134 1 9272
set FR941206-1-00134 1 9280
another FR941206-1-00134 3 9289 11551 11832
reflect FR941206-1-00134 1 9298
otherwise FR941206-1-00134 3 9304 10229 10956
hand FR941206-1-00134 1 9318
very FR941206-1-00134 2 9328 10968
much FR941206-1-00134 2 9329 11956
analogous FR941206-1-00134 1 9330
30853 FR941206-1-00134 1 9352
noted FR941206-1-00134 3 9359 9669 10683
explicit FR941206-1-00134 2 9371 9704
revisions FR941206-1-00134 1 9372
revised FR941206-1-00134 2 9406 10284
explicitly FR941206-1-00134 1 9408
amendment FR941206-1-00134 1 9430
solicits FR941206-1-00134 3 9441 9879 9913
regulated FR941206-1-00134 5 9468 10713 10762 10774 10821
identifies FR941206-1-00134 1 9477
settings FR941206-1-00134 1 9488
inappropriate FR941206-1-00134 1 9497
determinations FR941206-1-00134 1 9513
about FR941206-1-00134 1 9517
inconsistent FR941206-1-00134 2 9529 10169
identifying FR941206-1-00134 1 9538
conservative FR941206-1-00134 1 9539
presumptive FR941206-1-00134 1 9541
many FR941206-1-00134 1 9560
making FR941206-1-00134 1 9574
stated FR941206-1-00134 1 9598
practices FR941206-1-00134 1 9604
addressing FR941206-1-00134 3 9618 10483 11687
wishes FR941206-1-00134 1 9628
reaffirm FR941206-1-00134 1 9630
its FR941206-1-00134 3 9631 10751 12079
intention FR941206-1-00134 1 9632
primarily FR941206-1-00134 1 9677
did FR941206-1-00134 2 9700 9723
acknowledge FR941206-1-00134 1 9724
thoroughly FR941206-1-00134 1 9747
any FR941206-1-00134 8 9754 10158 10396 10428 10852 11313 11478 11677
intends FR941206-1-00134 1 9758
when FR941206-1-00134 5 9776 9859 10180 11187 11208
examined FR941206-1-00134 1 9815
preserve FR941206-1-00134 1 9827
flexibility FR941206-1-00134 4 9829 10050 10457 10502
inherent FR941206-1-00134 1 9830
select FR941206-1-00134 1 9842
264.525 FR941206-1-00134 1 9865
30877 FR941206-1-00134 1 9872
modify FR941206-1-00134 1 9932
supplement FR941206-1-00134 1 9934
closely FR941206-1-00134 1 9976
modeled FR941206-1-00134 1 9977
warranted FR941206-1-00134 1 10003
shown FR941206-1-00134 1 10018
expressed FR941206-1-00134 1 10028
directly FR941206-1-00134 3 10041 10069 11902
long FR941206-1-00134 2 10048 11364
factoring FR941206-1-00134 1 10054
into FR941206-1-00134 3 10057 10231 10728
oversight FR941206-1-00134 2 10086 11288
regions FR941206-1-00134 1 10093
paperwork FR941206-1-00134 1 10099
lengthy FR941206-1-00134 1 10101
negotiations FR941206-1-00134 2 10102 11070
between FR941206-1-00134 4 10103 10374 11635 12038
regulators FR941206-1-00134 1 10104
over FR941206-1-00134 2 10108 11464
simpler FR941206-1-00134 1 10119
uniform FR941206-1-00134 4 10122 11113 11150 11168
yet FR941206-1-00134 1 10123
flexible FR941206-1-00134 2 10124 10206
serve FR941206-1-00134 1 10137
reduce FR941206-1-00134 2 10139 11061
transactional FR941206-1-00134 2 10143 11064
accelerate FR941206-1-00134 1 10146
convinced FR941206-1-00134 1 10154
compelling FR941206-1-00134 1 10159
rationale FR941206-1-00134 1 10163
having FR941206-1-00134 3 10165 11462 11853
cleaning FR941206-1-00134 2 10172 11602
simply FR941206-1-00134 1 10178
propose FR941206-1-00134 1 10194
problem FR941206-1-00134 1 10198
tiered FR941206-1-00134 1 10208
disposed FR941206-1-00134 6 10216 10242 10265 10908 10958 12105
placed FR941206-1-00134 1 10219
facility FR941206-1-00134 2 10224 10613
released FR941206-1-00134 2 10230 11661
presumed FR941206-1-00134 2 10239 10261
unless FR941206-1-00134 1 10268
makes FR941206-1-00134 1 10270
finding FR941206-1-00134 1 10272
761.60 FR941206-1-00134 1 10282
introductory FR941206-1-00134 1 10285
text FR941206-1-00134 1 10286
portion FR941206-1-00134 2 10290 12085
then FR941206-1-00134 2 10298 10707
approval FR941206-1-00134 7 10306 10591 10618 11356 11412 11517 11526
proper FR941206-1-00134 1 10310
scenarios FR941206-1-00134 7 10343 10937 11023 11118 11192 11232 11852
remediated FR941206-1-00134 1 10347
treated FR941206-1-00134 2 10352 11485
activity FR941206-1-00134 1 10365
interaction FR941206-1-00134 1 10373
party FR941206-1-00134 2 10378 10642
conducting FR941206-1-00134 1 10379
followed FR941206-1-00134 2 10392 12111
variance FR941206-1-00134 1 10394
waste FR941206-1-00134 16 10399 10535 10547 10711 10760 10819 11339 11406 11489 11803 11807 12050 12071 12091 12127 12137
riskbased FR941206-1-00134 3 10406 11428 11622
harmonized FR941206-1-00134 1 10420
changes FR941206-1-00134 1 10429
reflected FR941206-1-00134 1 10439
change FR941206-1-00134 1 10442
target FR941206-1-00134 2 10447 11154
while FR941206-1-00134 2 10450 11795
resource FR941206-1-00134 1 10473
intensive FR941206-1-00134 1 10474
time FR941206-1-00134 6 10476 10724 10777 10841 10921 11667
consuming FR941206-1-00134 1 10477
implement FR941206-1-00134 2 10479 10505
providing FR941206-1-00134 1 10500
retain FR941206-1-00134 1 10515
traditional FR941206-1-00134 2 10517 11398
options FR941206-1-00134 5 10519 11136 11196 11226 11258
incineration FR941206-1-00134 2 10527 11403
alternate FR941206-1-00134 1 10529
landfilling FR941206-1-00134 2 10536 11407
section FR941206-1-00134 3 10539 10566 11324
removed FR941206-1-00134 2 10550 12005
elsewhere FR941206-1-00134 1 10561
rules FR941206-1-00134 4 10564 10887 10949 10979
mechanism FR941206-1-00134 1 10577
state FR941206-1-00134 5 10581 10598 11049 11095 11279
recognized FR941206-1-00134 1 10585
coordinated FR941206-1-00134 2 10590 11525
761.77 FR941206-1-00134 1 10594
characterization FR941206-1-00134 1 10604
and/or FR941206-1-00134 2 10605 12066
requiring FR941206-1-00134 1 10608
offsite FR941206-1-00134 2 10609 12118
still FR941206-1-00134 1 10630
recent FR941206-1-00134 2 10635 11750
eligible FR941206-1-00134 1 10649
accordance FR941206-1-00134 1 10687
antin FR941206-1-00134 1 10690
761.1 FR941206-1-00134 1 10693
if FR941206-1-00134 2 10698 10784
authorized FR941206-1-00134 1 10704
status FR941206-1-00134 2 10718 10794
their FR941206-1-00134 2 10726 10989
illustrates FR941206-1-00134 1 10734
transformer FR941206-1-00134 2 10739 10788
contains FR941206-1-00134 1 10740
dielectric FR941206-1-00134 6 10742 10752 10771 10805 10810 10835
fluid FR941206-1-00134 6 10743 10753 10772 10806 10811 10836
1000 FR941206-1-00134 1 10745
leaks FR941206-1-00134 2 10750 10812
resulting FR941206-1-00134 2 10757 10817
regardless FR941206-1-00134 1 10764
original FR941206-1-00134 1 10770
leak FR941206-1-00134 2 10780 10844
reclassified FR941206-1-00134 1 10791
nonb FR941206-1-00134 2 10793 10809
none FR941206-1-00134 1 10814
necessarily FR941206-1-00134 1 10827
laws FR941206-1-00134 1 10829
unregulated FR941206-1-00134 1 10838
two FR941206-1-00134 1 10848
questions FR941206-1-00134 1 10849
question FR941206-1-00134 4 10857 10869 10891 11007
what FR941206-1-00134 2 10860 10871
material FR941206-1-00134 2 10879 11723
stating FR941206-1-00134 1 10893
diluted FR941206-1-00134 1 10896
acts FR941206-1-00134 1 10898
spilling FR941206-1-00134 1 10901
processing FR941206-1-00134 1 10903
came FR941206-1-00134 1 10924
service FR941206-1-00134 1 10927
except FR941206-1-00134 2 10934 11228
complete FR941206-1-00134 1 10951
removal FR941206-1-00134 2 10952 12067
improperly FR941206-1-00134 1 10957
supportive FR941206-1-00134 1 10969
desire FR941206-1-00134 1 10974
amend FR941206-1-00134 1 10976
allow FR941206-1-00134 2 10981 11542
management FR941206-1-00134 1 10983
asked FR941206-1-00134 1 11002
variances FR941206-1-00134 2 11028 11160
containing FR941206-1-00134 2 11038 11999
federal FR941206-1-00134 2 11042 11277
preemptive FR941206-1-00134 1 11047
local FR941206-1-00134 3 11051 11097 11281
sitebysite FR941206-1-00134 1 11069
promote FR941206-1-00134 1 11072
voluntary FR941206-1-00134 1 11073
speed FR941206-1-00134 1 11081
limited FR941206-1-00134 4 11089 11194 11231 11652
authority FR941206-1-00134 2 11090 11552
preempt FR941206-1-00134 1 11094
regard FR941206-1-00134 1 11110
contemplated FR941206-1-00134 1 11133
decisionmaking FR941206-1-00134 3 11151 11169 11443
allowing FR941206-1-00134 1 11158
dealing FR941206-1-00134 1 11188
common FR941206-1-00134 1 11190
favoring FR941206-1-00134 1 11198
approaches FR941206-1-00134 3 11200 11300 11308
remediate FR941206-1-00134 1 11202
old FR941206-1-00134 2 11203 11744
commonality FR941206-1-00134 1 11212
various FR941206-1-00134 1 11215
problems FR941206-1-00134 1 11219
believe FR941206-1-00134 1 11243
sufficient FR941206-1-00134 1 11247
seeking FR941206-1-00134 2 11262 11513
engaged FR941206-1-00134 1 11271
entities FR941206-1-00134 1 11282
public FR941206-1-00134 1 11296
three FR941206-1-00134 2 11299 11329
given FR941206-1-00134 1 11314
term FR941206-1-00134 1 11351
means FR941206-1-00134 3 11353 12056 12143
entire FR941206-1-00134 1 11367
conformed FR941206-1-00134 1 11369
performancebased FR941206-1-00134 1 11390
decision FR941206-1-00134 3 11435 11448 11569
unlike FR941206-1-00134 1 11438
record FR941206-1-00134 1 11446
rod FR941206-1-00134 2 11450 11566
jurisdiction FR941206-1-00134 1 11463
onsite FR941206-1-00134 1 11479
redisposition FR941206-1-00134 1 11483
untreated FR941206-1-00134 1 11487
described FR941206-1-00134 1 11504
avail FR941206-1-00134 1 11520
themselves FR941206-1-00134 1 11521
iiik1 FR941206-1-00134 1 11532
recognition FR941206-1-00134 1 11544
compliance FR941206-1-00134 1 11562
enforcement FR941206-1-00134 3 11568 11784 11821
i FR941206-1-00134 1 11572
patterned FR941206-1-00134 1 11581
40 FR941206-1-00134 2 11589 11775
cfr FR941206-1-00134 2 11590 11776
sets FR941206-1-00134 1 11599
shortly FR941206-1-00134 1 11605
occur FR941206-1-00134 1 11608
like FR941206-1-00134 1 11610
achieved FR941206-1-00134 1 11628
distinction FR941206-1-00134 1 11634
nont FR941206-1-00134 1 11646
concerning FR941206-1-00134 1 11654
extent FR941206-1-00134 2 11672 11731
migration FR941206-1-00134 2 11679 11733
materials FR941206-1-00134 1 11694
onto FR941206-1-00134 1 11724
likely FR941206-1-00134 1 11738
difference FR941206-1-00134 2 11756 11834
plus FR941206-1-00134 1 11757
rapid FR941206-1-00134 1 11761
initiation FR941206-1-00134 1 11762
partly FR941206-1-00134 1 11769
761.135 FR941206-1-00134 1 11777
creates FR941206-1-00134 1 11779
presumption FR941206-1-00134 2 11781 11819
against FR941206-1-00134 2 11782 11820
penalties FR941206-1-00134 2 11787 11824
illegal FR941206-1-00134 1 11792
allows FR941206-1-00134 3 11799 11865 12089
create FR941206-1-00134 1 11817
unauthorized FR941206-1-00134 1 11829
remain FR941206-1-00134 2 11870 12097
imposition FR941206-1-00134 1 11885
physical FR941206-1-00134 1 11887
limiting FR941206-1-00134 1 11891
incorrectly FR941206-1-00134 1 11898
assumed FR941206-1-00134 1 11899
always FR941206-1-00134 1 11901
correlate FR941206-1-00134 1 11903
addresses FR941206-1-00134 1 11913
within FR941206-1-00134 1 11932
example FR941206-1-00134 1 11937
area FR941206-1-00134 2 11943 12017
who FR941206-1-00134 1 11946
person FR941206-1-00134 1 11958
concrete FR941206-1-00134 2 11969 11998
nons FR941206-1-00134 2 11974 11989
definition FR941206-1-00134 1 11986
761.3 FR941206-1-00134 1 11993
consequently FR941206-1-00134 1 11996
just FR941206-1-00134 1 12008
wiped FR941206-1-00134 1 12009
off FR941206-1-00134 1 12010
differentiates FR941206-1-00134 1 12037
identification FR941206-1-00134 1 12058
reduction FR941206-1-00134 1 12060
undisturbed FR941206-1-00134 1 12098
both FR941206-1-00134 1 12116
movement FR941206-1-00134 1 12145
