plates FR941206-1-00134 1 27776
. FR941206-1-00134 116 27777 27797 27799 27802 27827 27870 27906 27948 27983 28019 28081 28112 28172 28178 28182 28237 28268 28381 28409 28464 28575 28618 28645 28720 28759 28801 28827 28844 28876 28904 29001 29041 29058 29081 29118 29206 29259 29308 29359 29417 29441 29468 29501 29515 29541 29566 29600 29620 29660 29662 29668 29685 29702 29746 29773 29845 29881 29964 29969 29995 30016 30039 30063 30096 30124 30155 30173 30194 30343 30380 30427 30455 30487 30489 30492 30543 30571 30573 30578 30591 30612 30672 30716 30747 30790 30838 30865 30867 30874 30915 30952 30967 30984 31000 31024 31068 31095 31140 31160 31183 31195 31257 31310 31331 31350 31406 31438 31444 31479 31509 31576 31611 31632 31648 31707 31710
the FR941206-1-00134 216 27778 27786 27807 27813 27825 27834 27871 27896 27902 27915 27969 27996 28028 28117 28150 28200 28226 28234 28257 28281 28356 28366 28371 28383 28387 28410 28430 28441 28552 28555 28578 28597 28601 28612 28621 28631 28635 28652 28655 28667 28684 28692 28695 28698 28717 28723 28728 28755 28787 28790 28798 28809 28818 28824 28830 28841 28865 28872 28886 28892 28897 28931 28982 28986 28992 28998 29011 29028 29036 29042 29046 29054 29062 29077 29106 29120 29190 29199 29208 29220 29232 29248 29257 29260 29266 29302 29323 29348 29366 29372 29377 29389 29392 29408 29412 29423 29431 29453 29494 29502 29543 29585 29590 29596 29613 29658 29674 29678 29689 29704 29712 29732 29738 29753 29760 29771 29785 29806 29828 29836 29857 29869 29873 29876 29879 29917 29936 29945 29981 29990 30005 30057 30060 30069 30090 30107 30163 30201 30280 30304 30369 30381 30386 30405 30411 30436 30449 30452 30456 30461 30493 30530 30540 30545 30554 30558 30566 30592 30613 30629 30675 30679 30704 30717 30758 30787 30795 30822 30836 30846 30851 30858 30885 30893 30897 30931 30943 30953 30958 31001 31021 31025 31038 31041 31046 31071 31075 31127 31214 31221 31232 31236 31239 31269 31277 31311 31337 31362 31371 31379 31409 31414 31457 31473 31482 31491 31521 31537 31604 31609 31629 31636 31666 31690 31711 31725
navy FR941206-1-00134 2 27779 28039
's FR941206-1-00134 5 27780 27898 28939 28942 30099
current FR941206-1-00134 7 27781 29124 30541 30630 30705 30859 31538
policy FR941206-1-00134 1 27782
is FR941206-1-00134 31 27783 27986 28270 28543 29216 29510 29570 29624 29860 29891 29959 29971 30036 30044 30188 30306 30389 30395 30407 30414 30429 30458 30751 30889 30919 30945 31003 31043 31062 31080 31241
to FR941206-1-00134 80 27784 28016 28100 28147 28213 28250 28265 28279 28302 28349 28428 28512 28565 28595 28620 28650 28716 28733 28765 28768 28778 28803 28858 28984 28990 28996 29009 29052 29178 29255 29296 29319 29347 29405 29414 29532 29736 29748 29825 29832 29835 29944 29973 29979 30004 30080 30133 30138 30147 30183 30221 30346 30351 30416 30529 30608 30650 30662 30703 30756 30833 30891 30904 30939 30949 30963 31006 31070 31148 31152 31212 31305 31344 31396 31506 31524 31545 31550 31601 31651
remove FR941206-1-00134 4 27785 28429 28997 29256
material FR941206-1-00134 26 27787 27885 28010 28122 28165 28372 28431 28443 28591 28605 28617 28656 28670 28693 28699 28748 28814 28873 28898 29379 29393 29433 30323 30505 30577 30601
only FR941206-1-00134 6 27788 28242 28551 29237 30085 31247
when FR941206-1-00134 6 27789 29380 29847 31040 31054 31431
necessary FR941206-1-00134 1 27790
( FR941206-1-00134 65 27791 27882 27933 27943 27966 28033 28152 28159 28202 28276 28296 28482 28485 28488 28492 28496 28521 28557 28673 28700 28919 28930 28940 28966 29112 29272 29394 29578 29581 29635 29638 29781 29790 29953 29976 30010 30013 30103 30152 30170 30243 30255 30285 30402 30514 30634 30637 30640 30707 30710 30713 31106 31198 31209 31243 31273 31283 31326 31384 31387 31433 31451 31529 31542 31705
ie FR941206-1-00134 5 27792 28558 29273 30256 30403
, FR941206-1-00134 202 27793 27841 27846 27848 27852 27854 27857 27910 27961 27963 27999 28037 28040 28043 28047 28052 28056 28060 28067 28069 28072 28075 28077 28094 28096 28102 28104 28123 28128 28138 28169 28174 28175 28184 28256 28298 28303 28305 28307 28309 28311 28317 28320 28323 28327 28330 28332 28337 28340 28352 28354 28386 28476 28491 28499 28515 28532 28559 28577 28657 28663 28675 28677 28680 28683 28687 28694 28702 28707 28722 28774 28777 28784 28829 28927 28989 28994 29004 29060 29071 29093 29095 29127 29141 29154 29159 29166 29181 29183 29224 29228 29274 29280 29285 29325 29349 29396 29462 29464 29472 29492 29522 29527 29550 29568 29622 29708 29766 29768 29775 29793 29817 29889 29893 29900 29923 29988 30106 30186 30206 30208 30257 30328 30331 30334 30337 30364 30404 30447 30497 30500 30523 30547 30618 30646 30649 30668 30674 30749 30771 30775 30780 30794 30805 30809 30812 30814 30853 30927 30934 30979 30981 30986 31010 31012 31031 31036 31049 31077 31089 31111 31120 31126 31134 31136 31143 31197 31203 31219 31224 31290 31292 31294 31302 31333 31342 31346 31367 31408 31448 31463 31469 31481 31497 31503 31547 31553 31568 31588 31592 31595 31603 31607 31614 31635 31657 31665 31681 31694 31721 31728 31739
during FR941206-1-00134 5 27794 29065 29076 29171 30565
maintenance FR941206-1-00134 1 27795
) FR941206-1-00134 65 27796 27884 27936 27945 27972 28051 28161 28181 28204 28278 28345 28484 28487 28490 28494 28498 28531 28564 28682 28706 28922 28943 28950 28971 29117 29288 29416 29580 29583 29637 29640 29783 29792 29968 29978 30012 30015 30105 30154 30172 30250 30267 30287 30409 30516 30636 30639 30642 30709 30712 30715 31110 31202 31211 31246 31275 31285 31349 31386 31389 31435 31453 31531 31544 31709
c FR941206-1-00134 1 27798
agency FR941206-1-00134 4 27800 27897 30070 30457
experience FR941206-1-00134 4 27801 27803 29816 30176
gained FR941206-1-00134 2 27804 30177
in FR941206-1-00134 89 27805 27812 27838 27886 27907 27919 27995 28008 28091 28108 28125 28132 28185 28199 28225 28253 28285 28346 28394 28396 28417 28454 28469 28479 28503 28538 28545 28554 28671 28741 28743 28817 28881 29002 29087 29146 29187 29225 29356 29400 29452 29525 29564 29601 29849 29856 29872 29932 30031 30041 30052 30075 30089 30097 30119 30150 30168 30248 30251 30293 30311 30316 30344 30361 30440 30467 30509 30596 30656 30884 30930 30971 30992 30998 31082 31100 31122 31132 31141 31218 31262 31464 31495 31548 31618 31628 31633 31649 31662
implementing FR941206-1-00134 1 27806
pcb FR941206-1-00134 37 27808 28006 28421 28442 28466 28474 28590 28685 28736 28799 28842 28909 29130 29134 29191 29214 29222 29908 29927 29947 30520 30593 30620 30653 30670 30680 30690 30695 30723 30761 30898 30965 31307 31399 31573 31593 31658
requirements FR941206-1-00134 11 27809 29099 29193 29201 29680 29747 29949 30007 30556 31373 31381
has FR941206-1-00134 5 27810 29443 29794 30549 31098
resulted FR941206-1-00134 1 27811
identification FR941206-1-00134 2 27814 29516
of FR941206-1-00134 151 27815 27818 27836 27861 27874 27895 27901 27914 27917 27959 28031 28035 28120 28145 28206 28218 28229 28233 28246 28260 28287 28358 28368 28379 28412 28419 28519 28582 28589 28600 28603 28615 28630 28634 28642 28654 28660 28666 28669 28691 28697 28727 28754 28757 28789 28812 28820 28833 28840 28853 28894 28896 28908 28917 28934 28954 28981 29027 29030 29089 29108 29122 29136 29186 29211 29219 29231 29269 29278 29282 29301 29305 29328 29376 29391 29403 29422 29430 29455 29496 29504 29519 29537 29560 29592 29598 29604 29615 29664 29676 29691 29699 29706 29715 29750 29759 29779 29808 29823 29839 29878 29903 29920 29939 29955 29965 29983 30002 30026 30059 30109 30141 30203 30279 30397 30438 30451 30460 30463 30495 30562 30569 30575 30652 30732 30760 30766 30831 30857 30869 30879 30925 31067 31086 31180 31216 31223 31229 31235 31364 31401 31420 31445 31460 31475 31484 31501 31536 31599 31639 31692
other FR941206-1-00134 14 27816 27862 28780 29091 29163 29342 29741 30370 30441 30468 30689 30807 31418 31583
uses FR941206-1-00134 6 27817 27864 30193 30372 30482 31591
pcbs FR941206-1-00134 48 27819 27837 27892 27905 27918 27991 28196 28215 28292 28369 28750 28758 28791 28949 29153 29235 29258 29297 29415 29448 29491 29509 29544 29587 29619 29648 29725 29833 29846 30422 30439 30464 30507 30570 30611 30626 30873 30883 30978 31217 31230 31256 31325 31424 31487 31558 31587 31627
that FR941206-1-00134 48 27820 27890 27925 27957 27990 28116 28195 28365 28471 28610 28712 28807 28974 29034 29048 29144 29251 29437 29447 29473 29588 29644 29711 29859 30028 30131 30385 30480 30534 30582 30616 30628 30643 30678 30720 30745 30821 30841 30855 30888 30988 31187 31286 31315 31370 31417 31427 31686
are FR941206-1-00134 21 27821 27893 27952 28404 28568 29310 29341 29345 29361 29545 29853 29886 30199 30535 30622 30989 30995 31057 31511 31687 31729
not FR941206-1-00134 18 27822 28140 28300 28374 28424 28501 29085 29386 29398 29555 29646 29820 30472 30536 30826 30990 31303 31429
authorized FR941206-1-00134 4 27823 28267 30358 31356
by FR941206-1-00134 19 27824 27929 28027 28517 28823 28901 29016 29263 29411 29657 30527 30539 30786 30850 30977 31074 31268 31413 31732
regulations FR941206-1-00134 4 27826 28843 29223 30542
issues FR941206-1-00134 4 27828 29351 30491 30533
have FR941206-1-00134 9 27829 28004 28857 29177 29992 30137 31176 31192 31623
arisen FR941206-1-00134 1 27830
over FR941206-1-00134 2 27831 30263
time FR941206-1-00134 4 27832 29597 30926 31105
concerning FR941206-1-00134 3 27833 28786 29688
use FR941206-1-00134 29 27835 28119 28254 28259 28282 28347 28414 28453 28470 28588 28614 28662 28672 28811 28832 29210 29268 29304 29327 29574 29632 29838 30437 30462 31101 31215 31340 31358 31459
paint FR941206-1-00134 3 27839 28528 29161
formulations FR941206-1-00134 1 27840
coatings FR941206-1-00134 2 27842 28344
for FR941206-1-00134 49 27843 27904 28084 28162 28355 28407 28451 28704 28864 28888 28899 28923 28947 29105 29265 29322 29371 29584 29612 29630 29641 29681 29724 29731 29805 29897 29913 30200 30260 30273 30289 30359 30373 30391 30435 30557 30589 30742 30922 31020 31102 31231 31336 31357 31392 31499 31612 31644 31677
ceiling FR941206-1-00134 2 27844 28342
tiles FR941206-1-00134 1 27845
roofing FR941206-1-00134 4 27847 27876 27921 28333
and FR941206-1-00134 87 27849 27858 27868 27877 27880 27922 27937 27946 27950 27978 28002 28024 28061 28078 28086 28097 28110 28129 28283 28334 28341 28393 28400 28415 28436 28508 28549 28572 28606 28708 28773 28792 28848 28861 28868 28937 29142 29162 29167 29184 29198 29243 29331 29338 29374 29383 29434 29517 29677 29740 29800 29827 29864 29924 30050 30114 30128 30144 30313 30338 30410 30478 30512 30627 30699 30736 30854 30935 30947 30974 30982 31013 31093 31112 31157 31167 31220 31276 31295 31378 31490 31493 31569 31596 31608 31702 31735
siding FR941206-1-00134 6 27850 27878 27923 27955 28164 28335
materials FR941206-1-00134 30 27851 27879 27924 27956 28205 28228 28289 28316 28336 28389 28422 28467 28835 29000 29131 29143 29165 29169 29215 29307 29330 29521 29549 30499 30586 30621 30671 30724 31485 31567
adhesives FR941206-1-00134 1 27853
waterproofing FR941206-1-00134 2 27855 28338
compounds FR941206-1-00134 2 27856 28339
any FR941206-1-00134 12 27859 28294 28709 28769 28779 28793 29090 29729 30156 31227 31393 31582
number FR941206-1-00134 2 27860 28676
chemical FR941206-1-00134 4 27863 28070 30567 30772
such FR941206-1-00134 21 27865 28064 28261 28458 28465 28586 28604 28616 28813 28821 28834 29100 29129 29381 29458 29480 30228 30324 30501 31559 31698
as FR941206-1-00134 45 27866 27939 28065 28105 28107 28459 28477 28739 28751 29101 29298 29459 29481 29499 29655 29842 29894 29916 29935 30166 30213 30219 30229 30234 30241 30258 30269 30300 30320 30325 30350 30465 30502 30532 30587 30687 30728 30740 30911 31032 31297 31439 31488 31560 31699
additives FR941206-1-00134 1 27867
plasticizers FR941206-1-00134 2 27869 28310
recent FR941206-1-00134 1 27872
discovery FR941206-1-00134 4 27873 27916 28602 28643
asbestos FR941206-1-00134 3 27875 27920 27975
insulating FR941206-1-00134 5 27881 28201 28227 30504 30600
potting FR941206-1-00134 3 27883 28203 28315
fluorescent FR941206-1-00134 3 27887 28207 28312
light FR941206-1-00134 3 27888 28208 28313
ballasts FR941206-1-00134 5 27889 28209 28235 28247 28262
contain FR941206-1-00134 4 27891 28291 31306 31397
illustrations FR941206-1-00134 1 27894
expanding FR941206-1-00134 1 27899
knowledge FR941206-1-00134 1 27900
applications FR941206-1-00134 2 27903 31139
november FR941206-1-00134 1 27908
1992 FR941206-1-00134 1 27909
epa FR941206-1-00134 31 27911 28188 28269 28902 29012 29264 29442 29551 29569 29607 29623 29669 29774 29818 29890 29970 30017 30022 30064 30187 30365 30428 30548 30583 30750 30839 30878 31204 31368 31515 31577
was FR941206-1-00134 9 27912 28874 31130 31146 31260 31355 31436 31675 31715
informed FR941206-1-00134 2 27913 30877
had FR941206-1-00134 1 27926
been FR941206-1-00134 6 27927 29795 29993 30730 31099 31624
manufactured FR941206-1-00134 5 27928 28211 28248 30664 31625
h. FR941206-1-00134 2 27930 27931
robertson FR941206-1-00134 2 27932 27940
circa FR941206-1-00134 1 27934
1917 FR941206-1-00134 1 27935
marketed FR941206-1-00134 1 27938
protected FR941206-1-00134 2 27941 28569
metal FR941206-1-00134 2 27942 30944
rpm FR941206-1-00134 3 27944 27949 28085
galbestos FR941206-1-00134 4 27947 27951 28087 28163
multilayered FR941206-1-00134 1 27953
steel FR941206-1-00134 3 27954 27960 28073
consist FR941206-1-00134 1 27958
asphalt FR941206-1-00134 1 27962
or FR941206-1-00134 45 27964 28149 28221 28439 28462 28495 28526 28529 28533 28580 28638 28725 28951 28995 29019 29068 29096 29139 29151 29173 29204 29286 29407 29466 29484 29720 29751 29769 29871 30083 30209 30231 30319 30443 30781 30815 30818 30835 31045 31059 31065 31137 31175 31532 31683
zinc FR941206-1-00134 1 27965
depending FR941206-1-00134 1 27967
on FR941206-1-00134 16 27968 29313 29364 29672 29814 29875 30020 30067 30175 30368 30810 31196 31264 31513 31581 31724
product FR941206-1-00134 2 27970 31128
line FR941206-1-00134 1 27971
; FR941206-1-00134 14 27973 27977 29651 30212 30218 30233 30240 30268 30272 30288 30292 30299 30318 30896
asphaltimpregnated FR941206-1-00134 1 27974
felt FR941206-1-00134 1 27976
an FR941206-1-00134 10 27979 28142 28376 28426 28524 28664 29031 29895 30800 30828
asphaltic FR941206-1-00134 1 27980
waterproof FR941206-1-00134 1 27981
coating FR941206-1-00134 1 27982
although FR941206-1-00134 3 27984 31113 31351
there FR941206-1-00134 2 27985 29340
limited FR941206-1-00134 2 27987 28301
evidence FR941206-1-00134 4 27988 28609 28806 29277
available FR941206-1-00134 2 27989 28767
were FR941206-1-00134 10 27992 28022 28089 28197 28223 29449 29488 30132 30524 31428
ever FR941206-1-00134 1 27993
introduced FR941206-1-00134 1 27994
manufacturing FR941206-1-00134 2 27997 28082
process FR941206-1-00134 1 27998
preliminary FR941206-1-00134 2 28000 28113
sampling FR941206-1-00134 1 28001
analysis FR941206-1-00134 2 28003 30568
indicated FR941206-1-00134 1 28005
concentrations FR941206-1-00134 3 28007 28217 31594
this FR941206-1-00134 20 28009 28121 28239 28506 29082 29357 29605 29700 29815 29966 30375 30597 30792 30842 30968 31096 31258 31316 31352 31446
ranging FR941206-1-00134 1 28011
from FR941206-1-00134 13 28012 28191 28370 28432 28570 29294 29830 29862 30178 30603 30624 30902 31037
< FR941206-1-00134 1 28013
2 FR941206-1-00134 6 28014 28351 28970 29582 30638 31388
ppm FR941206-1-00134 15 28015 28018 28220 29138 29150 29922 29941 30607 30610 30701 30906 30914 31255 31324 31405
30000 FR941206-1-00134 1 28017
these FR941206-1-00134 15 28020 28420 29270 29306 29329 29497 29505 29520 29548 29757 29883 30362 30481 30585 30721
products FR941206-1-00134 5 28021 28088 29457 29479 30211
purchased FR941206-1-00134 1 28023
used FR941206-1-00134 8 28025 29170 29451 30890 31081 31131 31147 31617
internationally FR941206-1-00134 1 28026
us FR941206-1-00134 7 28029 28038 28041 28044 28048 28053 31637
department FR941206-1-00134 2 28030 28034
defense FR941206-1-00134 1 28032
war FR941206-1-00134 1 28036
army FR941206-1-00134 1 28042
air FR941206-1-00134 8 28045 28553 28845 28905 28918 30297 30444 30469
force FR941206-1-00134 1 28046
marine FR941206-1-00134 2 28049 29485
corps FR941206-1-00134 1 28050
coast FR941206-1-00134 1 28054
guard FR941206-1-00134 1 28055
tennessee FR941206-1-00134 1 28057
valley FR941206-1-00134 1 28058
authority FR941206-1-00134 1 28059
various FR941206-1-00134 1 28062
industries FR941206-1-00134 1 28063
airlines FR941206-1-00134 1 28066
railroads FR941206-1-00134 2 28068 30232
plants FR941206-1-00134 1 28071
mills FR941206-1-00134 1 28074
mines FR941206-1-00134 3 28076 31621 31640
industrial/manufacturing FR941206-1-00134 1 28079
facilities FR941206-1-00134 4 28080 28083 31171 31186
located FR941206-1-00134 2 28090 29855
beaver FR941206-1-00134 1 28092
falls FR941206-1-00134 1 28093
pa FR941206-1-00134 2 28095 28103
subsequently FR941206-1-00134 2 28098 28437
relocated FR941206-1-00134 1 28099
ambridge FR941206-1-00134 1 28101
well FR941206-1-00134 1 28106
canada FR941206-1-00134 1 28109
england FR941206-1-00134 1 28111
data FR941206-1-00134 3 28114 28190 28240
suggests FR941206-1-00134 3 28115 30719 31416
continued FR941206-1-00134 12 28118 28258 28413 28452 28831 29209 29267 29303 29326 29631 29837 31458
if FR941206-1-00134 4 28124 29061 29339 29562
good FR941206-1-00134 1 28126
condition FR941206-1-00134 2 28127 28696
subsequent FR941206-1-00134 1 28130
disposal FR941206-1-00134 24 28131 28408 29200 29599 29614 29679 29690 29803 30006 30181 30490 30494 30555 30574 30590 30743 30759 30783 30802 30823 30868 30973 31372 31502
a FR941206-1-00134 47 28133 28243 28445 28455 28460 28540 28546 28560 28583 28587 28658 28735 28744 28752 28838 28882 28924 29066 29109 29133 29217 29299 29401 29420 29557 29572 29609 29627 29686 29777 30011 30053 30076 30087 30214 30261 30264 30432 30572 30694 30782 30993 31007 31265 31398 31465 31670
municipal FR941206-1-00134 3 28134 30657 30776
solid FR941206-1-00134 4 28135 30598 30777 31279
waste FR941206-1-00134 5 28136 30563 30773 30778 31280
landfill FR941206-1-00134 3 28137 30774 30779
would FR941206-1-00134 30 28139 28263 28449 28500 28509 28592 28624 28647 28730 28761 28856 28878 28972 29006 29044 29049 29084 29176 29252 29289 29554 30093 30116 30136 30377 30825 30844 30861 31454 31504
present FR941206-1-00134 1 28141
unreasonable FR941206-1-00134 5 28143 28377 29292 29844 30829
risk FR941206-1-00134 9 28144 28378 28795 29293 29402 29536 29559 30486 30830
injury FR941206-1-00134 5 28146 28380 29404 29824 30832
health FR941206-1-00134 6 28148 28794 28938 29406 29826 30834
environment FR941206-1-00134 5 28151 29409 29829 30837 31610
see FR941206-1-00134 2 28153 29113
`` FR941206-1-00134 3 28154 30688 31678
toxic FR941206-1-00134 1 28155
characteristic FR941206-1-00134 1 28156
leaching FR941206-1-00134 1 28157
procedure FR941206-1-00134 2 28158 31673
tclp FR941206-1-00134 2 28160 29659
'' FR941206-1-00134 3 28166 30692 31682
mri FR941206-1-00134 1 28167
report FR941206-1-00134 1 28168
project FR941206-1-00134 1 28170
no FR941206-1-00134 5 28171 29291 29444 30484 31016
98023001 FR941206-1-00134 1 28173
[ FR941206-1-00134 2 28176 31655
ref FR941206-1-00134 3 28177 31330 31706
45 FR941206-1-00134 1 28179
] FR941206-1-00134 2 28180 31661
also FR941206-1-00134 13 28183 28762 29362 29427 29625 30161 30189 30430 30525 30550 31191 31578 31668
august/september FR941206-1-00134 1 28186
1993 FR941206-1-00134 1 28187
received FR941206-1-00134 3 28189 29670 30551
several FR941206-1-00134 2 28192 30191
sources FR941206-1-00134 1 28193
indicating FR941206-1-00134 3 28194 29446 30820
found FR941206-1-00134 6 28198 28224 29848 30508 31118 31395
generally FR941206-1-00134 4 28210 29854 30045 31319
prior FR941206-1-00134 3 28212 28249 28348
1978. FR941206-1-00134 1 28214
at FR941206-1-00134 30 28216 28272 28293 28444 28885 29119 29194 29202 29244 29576 29595 29633 29649 29696 29719 29950 29961 30008 30047 30101 30237 30632 30754 31018 31374 31382 31402 31441 31527 31540
50 FR941206-1-00134 11 28219 29137 29149 29652 29921 30606 30698 30903 31254 31323 31404
greater FR941206-1-00134 6 28222 28958 29140 29152 29904 30485
approximately FR941206-1-00134 1 28230
70 FR941206-1-00134 1 28231
percent FR941206-1-00134 1 28232
analyzed FR941206-1-00134 1 28236
while FR941206-1-00134 4 28238 29207 29534 30034
represents FR941206-1-00134 1 28241
small FR941206-1-00134 4 28244 28324 30560 30654
portion FR941206-1-00134 1 28245
1978 FR941206-1-00134 1 28251
still FR941206-1-00134 1 28252
today FR941206-1-00134 3 28255 29621 30098
need FR941206-1-00134 1 28264
be FR941206-1-00134 44 28266 28502 28510 28513 28593 28625 28648 28714 28731 28763 28837 28859 28879 28976 29007 29050 29074 29086 29179 29238 29253 29317 29336 29354 29439 30000 30030 30081 30094 30117 30134 30139 30357 30378 30417 30660 30685 30726 30738 30863 31117 31390 31507 31525
proposing FR941206-1-00134 8 28271 29571 29626 29892 29972 30190 30431 30752
40 FR941206-1-00134 5 28273 29114 29195 31206 31375
cfr FR941206-1-00134 5 28274 29115 29196 31207 31376
761.30 FR941206-1-00134 13 28275 28481 29577 29634 29975 30102 30151 31208 31383 31432 31450 31528 31541
q FR941206-1-00134 5 28277 28483 29579 31452 31530
authorize FR941206-1-00134 3 28280 29980 31213
distribution FR941206-1-00134 6 28284 28416 31085 31124 31155 31494
commerce FR941206-1-00134 3 28286 28418 31496
nond FR941206-1-00134 6 28288 29586 29642 30496 30617 30667
which FR941206-1-00134 9 28290 28539 29344 29352 29487 30374 30394 31674 31722
concentration FR941206-1-00134 7 28295 28686 29135 30594 30696 31228 31400
including FR941206-1-00134 5 28297 29155 31121 31244 31589
but FR941206-1-00134 3 28299 28448 29727
gaskets FR941206-1-00134 1 28304
insulation FR941206-1-00134 6 28306 30683 30871 31489 31566 31631
plastics FR941206-1-00134 1 28308
ballast FR941206-1-00134 1 28314
electrical FR941206-1-00134 11 28318 30510 31300 31338 31421 31461 31518 31555 31561 31584 31646
cable FR941206-1-00134 31 28319 30517 30870 30881 30918 31002 31042 31055 31061 31079 31097 31115 31145 31182 31194 31225 31237 31240 31296 31318 31354 31394 31422 31462 31519 31552 31556 31562 31571 31585 31616
dried FR941206-1-00134 1 28321
paints FR941206-1-00134 3 28322 29461 29486
rubber FR941206-1-00134 1 28325
parts FR941206-1-00134 1 28326
adhesive FR941206-1-00134 1 28328
tape FR941206-1-00134 1 28329
caulking FR941206-1-00134 2 28331 29467
tile FR941206-1-00134 1 28343
july FR941206-1-00134 1 28350
1979 FR941206-1-00134 1 28353
remainder FR941206-1-00134 1 28357
their FR941206-1-00134 3 28359 28397 29123
useful FR941206-1-00134 6 28360 28689 28715 29125 31233 31477
life FR941206-1-00134 5 28361 28690 29126 31234 31478
where FR941206-1-00134 3 28362 30303 30942
monitoring FR941206-1-00134 3 28363 28846 28906
indicates FR941206-1-00134 2 28364 31314
migration FR941206-1-00134 2 28367 28475
does FR941206-1-00134 2 28373 29819
pose FR941206-1-00134 5 28375 29529 29556 30483 30827
under FR941206-1-00134 8 28382 29103 29513 29776 30225 30744 30791 31520
proposed FR941206-1-00134 11 28384 28480 29262 29367 29424 29610 30149 30167 30196 31449 31522
authorization FR941206-1-00134 12 28385 28411 28427 28507 29350 29368 29425 29575 29629 30434 31523 31539
pcbcontaining FR941206-1-00134 4 28388 29160 29378 31026
must FR941206-1-00134 2 28390 29999
remain FR941206-1-00134 1 28391
intact FR941206-1-00134 1 28392
place FR941206-1-00134 3 28395 29565 30999
existing FR941206-1-00134 3 28398 28434 29221
application FR941206-1-00134 3 28399 28457 28800
location FR941206-1-00134 6 28401 28435 28447 28653 28746 28884
unless FR941206-1-00134 1 28402
they FR941206-1-00134 3 28403 28760 29553
being FR941206-1-00134 5 28405 29843 30037 30848 31411
removed FR941206-1-00134 6 28406 28514 28875 29994 29997 30946
do FR941206-1-00134 2 28423 29645
include FR941206-1-00134 4 28425 28651 31517 31546
its FR941206-1-00134 7 28433 28661 30964 31365 31476 31534 31590
reassemble FR941206-1-00134 1 28438
install FR941206-1-00134 1 28440
different FR941206-1-00134 1 28446
allow FR941206-1-00134 3 28450 29370 31456
mobile FR941206-1-00134 2 28456 31693
vehicle FR941206-1-00134 1 28461
vessel FR941206-1-00134 1 28463
currently FR941206-1-00134 3 28468 29511 31173
exhibit FR941206-1-00134 1 28472
significant FR941206-1-00134 2 28473 31178
discussed FR941206-1-00134 3 28478 29608 29960
1 FR941206-1-00134 1 28486
iii FR941206-1-00134 1 28489
iv FR941206-1-00134 1 28493
v FR941206-1-00134 1 28497
compliance FR941206-1-00134 2 28504 29057
with FR941206-1-00134 22 28505 28523 28535 28585 28797 29132 29148 29189 29240 29490 29764 29784 29942 30276 30448 30474 30519 30907 31015 31248 31564 31626
required FR941206-1-00134 9 28511 28594 28626 28649 28732 28764 29008 29254 31369
contained FR941206-1-00134 3 28516 30991 31320
means FR941206-1-00134 1 28518
encapsulation FR941206-1-00134 3 28520 29164 29287
either FR941206-1-00134 2 28522 31172
epoxybased FR941206-1-00134 1 28525
equivalent FR941206-1-00134 3 28527 29919 29938
sealant FR941206-1-00134 1 28530
equipped FR941206-1-00134 1 28534
release FR941206-1-00134 7 28536 28542 28987 29033 29063 29107 29283
controls FR941206-1-00134 3 28537 28988 29284
continual FR941206-1-00134 1 28541
collected FR941206-1-00134 2 28544 29861
closed FR941206-1-00134 1 28547
container FR941206-1-00134 2 28548 28556
displaces FR941206-1-00134 1 28550
leak FR941206-1-00134 3 28561 29156 31030
collection FR941206-1-00134 3 28562 29157 29884
system FR941206-1-00134 2 28563 30062
ensure FR941206-1-00134 2 28566 29290
personnel FR941206-1-00134 1 28567
dermal FR941206-1-00134 1 28571
inhalation FR941206-1-00134 1 28573
exposures FR941206-1-00134 1 28574
additionally FR941206-1-00134 1 28576
owner FR941206-1-00134 2 28579 28724
operator FR941206-1-00134 2 28581 28726
facility FR941206-1-00134 4 28584 28729 28887 29055
notify FR941206-1-00134 2 28596 29010
regional FR941206-1-00134 8 28598 28622 28718 28825 29013 30453 30788 30796
administrator FR941206-1-00134 7 28599 28623 28719 28826 30454 30789 30797
submit FR941206-1-00134 1 28607
documentary FR941206-1-00134 2 28608 28805
established FR941206-1-00134 1 28611
historical FR941206-1-00134 2 28613 28810
notification FR941206-1-00134 5 28619 29043 29072 29083 29098
within FR941206-1-00134 4 28627 28639 28978 29024
30 FR941206-1-00134 2 28628 28640
days FR941206-1-00134 2 28629 28641
effective FR941206-1-00134 1 28632
date FR941206-1-00134 2 28633 28893
final FR941206-1-00134 1 28636
rule FR941206-1-00134 2 28637 31341
thereafter FR941206-1-00134 2 28644 28870
it FR941206-1-00134 4 28646 29469 31360 31471
description FR941206-1-00134 1 28659
estimate FR941206-1-00134 1 28665
amount FR941206-1-00134 1 28668
eg FR941206-1-00134 4 28674 28701 29395 31656
square FR941206-1-00134 5 28678 28964 29911 29930 30425
footage FR941206-1-00134 1 28679
pounds FR941206-1-00134 1 28681
expected FR941206-1-00134 1 28688
potential FR941206-1-00134 2 28703 31597
exposure FR941206-1-00134 8 28705 28945 29295 29413 29538 29561 29831 31600
additional FR941206-1-00134 3 28710 29333 30192
information FR941206-1-00134 5 28711 28785 29445 31072 31580
might FR941206-1-00134 3 28713 28815 28836
secondly FR941206-1-00134 1 28721
post FR941206-1-00134 1 28734
mark FR941206-1-00134 1 28737
ml FR941206-1-00134 1 28738
described FR941206-1-00134 2 28740 31287
761.40 FR941206-1-00134 1 28742
prominent FR941206-1-00134 1 28745
near FR941206-1-00134 1 28747
containing FR941206-1-00134 15 28749 29234 29508 29618 30506 30666 30872 30882 31226 31251 31423 31486 31557 31572 31586
warning FR941206-1-00134 1 28753
presence FR941206-1-00134 1 28756
make FR941206-1-00134 1 28766
potentially FR941206-1-00134 3 28770 28781 30920
exposed FR941206-1-00134 2 28771 28782
employee FR941206-1-00134 1 28772
upon FR941206-1-00134 2 28775 29276
request FR941206-1-00134 1 28776
individual FR941206-1-00134 1 28783
identity FR941206-1-00134 1 28788
associated FR941206-1-00134 3 28796 29763 30473
failure FR941206-1-00134 1 28802
provide FR941206-1-00134 4 28804 29428 30222 30845
substantiated FR941206-1-00134 1 28808
result FR941206-1-00134 4 28816 29300 29399 30970
rejection FR941206-1-00134 1 28819
claims FR941206-1-00134 1 28822
consequently FR941206-1-00134 1 28828
violation FR941206-1-00134 2 28839 29218
readings FR941206-1-00134 1 28847
standard FR941206-1-00134 1 28849
wipe FR941206-1-00134 2 28850 28952
test FR941206-1-00134 3 28851 31672 31714
samples FR941206-1-00134 2 28852 28953
exterior FR941206-1-00134 2 28854 28956
surfaces FR941206-1-00134 2 28855 28957
taken FR941206-1-00134 2 28860 29051
recorded FR941206-1-00134 1 28862
quarterly FR941206-1-00134 1 28863
first FR941206-1-00134 1 28866
year FR941206-1-00134 1 28867
annually FR941206-1-00134 1 28869
until FR941206-1-00134 3 28871 31359 31470
records FR941206-1-00134 1 28877
maintained FR941206-1-00134 1 28880
central FR941206-1-00134 1 28883
3 FR941206-1-00134 5 28889 28921 29639 30014 30488
years FR941206-1-00134 2 28890 31109
beyond FR941206-1-00134 1 28891
removal FR941206-1-00134 5 28895 29230 29275 29518 29540
review FR941206-1-00134 1 28900
officials FR941206-1-00134 1 28903
results FR941206-1-00134 1 28907
levels FR941206-1-00134 7 28910 29038 29650 29723 29902 30899 30909
above FR941206-1-00134 4 28911 29040 29721 31094
0.001 FR941206-1-00134 1 28912
milligram FR941206-1-00134 1 28913
per FR941206-1-00134 5 28914 28962 29909 29928 30423
cubic FR941206-1-00134 1 28915
meter FR941206-1-00134 1 28916
mg/m FR941206-1-00134 1 28920
10hour FR941206-1-00134 1 28925
workday FR941206-1-00134 1 28926
40hour FR941206-1-00134 1 28928
workweek FR941206-1-00134 1 28929
national FR941206-1-00134 1 28932
institute FR941206-1-00134 2 28933 31272
occupational FR941206-1-00134 2 28935 28944
safety FR941206-1-00134 1 28936
niosh FR941206-1-00134 1 28941
limit FR941206-1-00134 1 28946
all FR941206-1-00134 9 28948 29128 29168 29726 29996 30398 31019 31162 31554
accessible FR941206-1-00134 1 28955
than FR941206-1-00134 8 28959 29905 30245 30308 30419 30605 31253 31322
10 FR941206-1-00134 3 28960 28967 29906
micrograms FR941206-1-00134 4 28961 29907 29926 30421
100 FR941206-1-00134 7 28963 29910 29925 29929 30420 30424 31108
centimeters FR941206-1-00134 4 28965 29912 29931 30426
m FR941206-1-00134 6 28968 29653 31210 31385 31434 31543
g/100cm FR941206-1-00134 1 28969
require FR941206-1-00134 3 28973 30024 30072
action FR941206-1-00134 2 28975 29037
initiated FR941206-1-00134 1 28977
24 FR941206-1-00134 2 28979 29025
hours FR941206-1-00134 2 28980 29026
occurrence FR941206-1-00134 2 28983 29029
modify FR941206-1-00134 1 28985
ree FR941206-1-00134 1 28991
surface FR941206-1-00134 4 28993 29901 30406 30412
pcbimpregnated FR941206-1-00134 2 28999 31565
addition FR941206-1-00134 4 29003 30345 31549 31650
individuals FR941206-1-00134 1 29005
toxics FR941206-1-00134 1 29014
office FR941206-1-00134 1 29015
facsimile FR941206-1-00134 1 29017
machine FR941206-1-00134 1 29018
overnight FR941206-1-00134 1 29020
delivery FR941206-1-00134 1 29021
mail FR941206-1-00134 1 29022
services FR941206-1-00134 1 29023
environmental FR941206-1-00134 3 29032 30813 31052
exceeded FR941206-1-00134 1 29035
listed FR941206-1-00134 1 29039
indicate FR941206-1-00134 1 29045
actions FR941206-1-00134 1 29047
bring FR941206-1-00134 1 29053
into FR941206-1-00134 2 29056 29547
however FR941206-1-00134 4 29059 29471 30748 31480
occurred FR941206-1-00134 1 29064
weekend FR941206-1-00134 1 29067
federal FR941206-1-00134 3 29069 29092 29786
holiday FR941206-1-00134 1 29070
could FR941206-1-00134 5 29073 29236 29475 29528 30798
made FR941206-1-00134 1 29075
next FR941206-1-00134 1 29078
business FR941206-1-00134 1 29079
day FR941206-1-00134 1 29080
lieu FR941206-1-00134 1 29088
state FR941206-1-00134 1 29094
local FR941206-1-00134 1 29097
those FR941206-1-00134 1 29102
cercla FR941206-1-00134 1 29104
hazardous FR941206-1-00134 1 29110
substance FR941206-1-00134 1 29111
302.6 FR941206-1-00134 1 29116
end FR941206-1-00134 5 29121 30049 31023 31363 31474
came FR941206-1-00134 1 29145
contact FR941206-1-00134 1 29147
systems FR941206-1-00134 9 29158 29987 30123 30227 30298 30302 30446 30471 31156
decontamination FR941206-1-00134 3 29172 29807 30164
cleanup FR941206-1-00134 1 29174
procedures FR941206-1-00134 2 29175 30148
handled FR941206-1-00134 1 29180
stored FR941206-1-00134 3 29182 30921 31064
disposed FR941206-1-00134 3 29185 30001 31066
accordance FR941206-1-00134 1 29188
storage FR941206-1-00134 5 29192 30033 30043 30078 30091
761.65 FR941206-1-00134 1 29197
761.60 FR941206-1-00134 5 29203 30009 30633 30706 31377
761.62 FR941206-1-00134 2 29205 30755
unauthorized FR941206-1-00134 3 29212 29506 31508
prea FR941206-1-00134 1 29213
most FR941206-1-00134 2 29226 31168
cases FR941206-1-00134 1 29227
premature FR941206-1-00134 1 29229
media FR941206-1-00134 1 29233
achieved FR941206-1-00134 1 29239
great FR941206-1-00134 1 29241
difficulty FR941206-1-00134 1 29242
enormous FR941206-1-00134 1 29245
expense FR941206-1-00134 1 29246
given FR941206-1-00134 2 29247 29318
extraordinary FR941206-1-00134 1 29249
efforts FR941206-1-00134 1 29250
conditions FR941206-1-00134 1 29261
items FR941206-1-00134 5 29271 29498 29507 29643 30665
deterioration FR941206-1-00134 1 29279
installation FR941206-1-00134 2 29281 31483
comments FR941206-1-00134 9 29309 29360 29418 29671 30019 30367 30552 31345 31510
therefore FR941206-1-00134 4 29311 29567 30862 31407
solicited FR941206-1-00134 3 29312 29363 31512
whether FR941206-1-00134 8 29314 29332 29365 30021 30068 30084 30352 31514
consideration FR941206-1-00134 1 29315
should FR941206-1-00134 15 29316 29335 29353 29369 29426 29438 30023 30071 30356 30383 30659 30684 30725 30737 31516
developing FR941206-1-00134 1 29320
authorizations FR941206-1-00134 1 29321
conditional FR941206-1-00134 1 29324
restrictions FR941206-1-00134 1 29334
imposed FR941206-1-00134 1 29337
situations FR941206-1-00134 2 29343 30254
similar FR941206-1-00134 1 29346
addressed FR941206-1-00134 3 29355 29440 30538
rulemaking FR941206-1-00134 3 29358 31312 31328
movement FR941206-1-00134 2 29373 29382
reassembly FR941206-1-00134 2 29375 29384
will FR941206-1-00134 3 29385 29397 31028
adversely FR941206-1-00134 1 29387
impact FR941206-1-00134 1 29388
integrity FR941206-1-00134 1 29390
caused FR941206-1-00134 1 29410
supporting FR941206-1-00134 1 29419
modification FR941206-1-00134 1 29421
examples FR941206-1-00134 1 29429
specific FR941206-1-00134 2 29432 30371
reuse FR941206-1-00134 10 29435 29663 29675 29705 29737 29982 30108 30197 30360 30387
scenarios FR941206-1-00134 3 29436 30198 30363
routinely FR941206-1-00134 1 29450
formulation FR941206-1-00134 1 29454
consumer FR941206-1-00134 1 29456
household FR941206-1-00134 3 29460 29593 29616
sealants FR941206-1-00134 1 29463
finishes FR941206-1-00134 1 29465
believes FR941206-1-00134 4 29470 29552 30479 30840
consumers FR941206-1-00134 1 29474
now FR941206-1-00134 1 29476
occasionally FR941206-1-00134 1 29477
obtain FR941206-1-00134 1 29478
industrial FR941206-1-00134 3 29482 30321 31170
enamels FR941206-1-00134 1 29483
formulated FR941206-1-00134 1 29489
through FR941206-1-00134 2 29493 29539
purchase FR941206-1-00134 1 29495
surplus FR941206-1-00134 1 29500
sale FR941206-1-00134 1 29503
prohibited FR941206-1-00134 1 29512
tsca FR941206-1-00134 2 29514 29946
once FR941206-1-00134 1 29523
installed FR941206-1-00134 1 29524
households FR941206-1-00134 1 29526
considerable FR941206-1-00134 1 29530
costs FR941206-1-00134 1 29531
homeowners FR941206-1-00134 1 29533
increasing FR941206-1-00134 1 29535
because FR941206-1-00134 2 29542 31718
bound FR941206-1-00134 6 29546 30498 30619 30669 30681 30722
serious FR941206-1-00134 1 29558
left FR941206-1-00134 1 29563
general FR941206-1-00134 3 29573 29628 31605
meet FR941206-1-00134 2 29589 30162
definition FR941206-1-00134 1 29591
wastes FR941206-1-00134 3 29594 29617 30763
unit FR941206-1-00134 4 29602 29697 29962 31442
iia FR941206-1-00134 1 29603
preamble FR941206-1-00134 4 29606 29701 29967 31447
exemption FR941206-1-00134 3 29611 30631 30860
g FR941206-1-00134 1 29636
leach FR941206-1-00134 1 29647
g/l FR941206-1-00134 1 29654
measured FR941206-1-00134 1 29656
d FR941206-1-00134 2 29661 30171
natural FR941206-1-00134 15 29665 29682 29692 29716 29733 29742 29850 29956 29984 30111 30120 30125 30157 30353 30475
gas FR941206-1-00134 15 29666 29683 29693 29717 29734 29743 29851 29957 29985 30112 30121 30126 30158 30354 30476
pipeline FR941206-1-00134 22 29667 29684 29694 29707 29718 29744 29797 29809 29841 29852 29870 29958 29986 30061 30113 30122 30127 30129 30159 30184 30217 30355
both FR941206-1-00134 1 29673
discussion FR941206-1-00134 1 29687
appears FR941206-1-00134 1 29695
iid3.e FR941206-1-00134 1 29698
regarding FR941206-1-00134 1 29703
commenters FR941206-1-00134 3 29709 30347 30528
contend FR941206-1-00134 1 29710
inadvertent FR941206-1-00134 1 29713
contamination FR941206-1-00134 3 29714 30413 30976
regulated FR941206-1-00134 1 29722
eliminates FR941206-1-00134 1 29728
opportunity FR941206-1-00134 1 29730
industry FR941206-1-00134 1 29735
pipe FR941206-1-00134 9 29739 29880 29915 29934 30027 30040 30074 30305 30376
appurtenances FR941206-1-00134 3 29745 30115 30130
dispose FR941206-1-00134 2 29749 30651
decontaminate FR941206-1-00134 1 29752
equipment FR941206-1-00134 9 29754 29772 30270 30393 31301 31339 31647 31697 31733
often FR941206-1-00134 5 29755 29887 30996 31029 31730
deprive FR941206-1-00134 1 29756
companies FR941206-1-00134 2 29758 30185
economic FR941206-1-00134 1 29761
benefits FR941206-1-00134 1 29762
recycling FR941206-1-00134 2 29765 30950
reusing FR941206-1-00134 1 29767
selling FR941206-1-00134 1 29770
memorandum FR941206-1-00134 1 29778
understanding FR941206-1-00134 1 29780
mou FR941206-1-00134 1 29782
energy FR941206-1-00134 1 29787
regulatory FR941206-1-00134 4 29788 29918 29937 29948
commission FR941206-1-00134 1 29789
ferc FR941206-1-00134 1 29791
reviewing FR941206-1-00134 1 29796
abandonment FR941206-1-00134 1 29798
plans FR941206-1-00134 1 29799
issuing FR941206-1-00134 2 29801 30179
alternate FR941206-1-00134 3 29802 30180 30801
permits FR941206-1-00134 1 29804
since FR941206-1-00134 3 29810 29882 30544
late FR941206-1-00134 1 29811
1987. FR941206-1-00134 1 29812
based FR941206-1-00134 4 29813 30174 30804 31261
view FR941206-1-00134 1 29821
risks FR941206-1-00134 2 29822 31598
due FR941206-1-00134 1 29834
pcbcontaminated FR941206-1-00134 2 29840 30110
condensate FR941206-1-00134 1 29858
drips FR941206-1-00134 1 29863
geographical FR941206-1-00134 1 29865
low FR941206-1-00134 1 29866
points FR941206-1-00134 2 29867 29885
along FR941206-1-00134 2 29868 30056
moisture FR941206-1-00134 1 29874
interior FR941206-1-00134 1 29877
dry FR941206-1-00134 4 29888 29914 29933 30408
alternative FR941206-1-00134 1 29896
characterization FR941206-1-00134 2 29898 29954
purposes FR941206-1-00134 2 29899 31500
500 FR941206-1-00134 4 29940 30609 30700 30905
regard FR941206-1-00134 2 29943 30962
part FR941206-1-00134 2 29951 31263
761 FR941206-1-00134 1 29952
iib4 FR941206-1-00134 1 29963
amend FR941206-1-00134 1 29974
i FR941206-1-00134 3 29977 30104 30153
provided FR941206-1-00134 2 29989 31238
liquids FR941206-1-00134 3 29991 29998 30143
pursuant FR941206-1-00134 3 30003 30146 30702
solicits FR941206-1-00134 3 30018 30065 30366
marking FR941206-1-00134 1 30025
may FR941206-1-00134 5 30029 30160 30969 31425 31622
temporary FR941206-1-00134 4 30032 30042 30077 30235
testing FR941206-1-00134 1 30035
conducted FR941206-1-00134 2 30038 31267
capped FR941206-1-00134 1 30046
each FR941206-1-00134 2 30048 30073
stacked FR941206-1-00134 1 30051
restricted FR941206-1-00134 1 30054
area FR941206-1-00134 3 30055 30079 30092
perimeter FR941206-1-00134 1 30058
comment FR941206-1-00134 1 30066
marked FR941206-1-00134 1 30082
posting FR941206-1-00134 1 30086
sign FR941206-1-00134 3 30088 30329 30340
adequate FR941206-1-00134 1 30095
notice FR941206-1-00134 1 30100
allowed FR941206-1-00134 1 30118
reused FR941206-1-00134 1 30135
drained FR941206-1-00134 3 30140 30396 30731
freeflowing FR941206-1-00134 1 30142
decontaminated FR941206-1-00134 1 30145
level FR941206-1-00134 1 30165
761.79 FR941206-1-00134 1 30169
approvals FR941206-1-00134 1 30182
acceptable FR941206-1-00134 1 30195
transport FR941206-1-00134 1 30202
bulk FR941206-1-00134 1 30204
hydrocarbons FR941206-1-00134 1 30205
chemicals FR941206-1-00134 1 30207
petroleum FR941206-1-00134 1 30210
coal FR941206-1-00134 2 30215 31620
slurry FR941206-1-00134 1 30216
casing FR941206-1-00134 1 30220
secondary FR941206-1-00134 1 30223
containment FR941206-1-00134 1 30224
transportation FR941206-1-00134 1 30226
highways FR941206-1-00134 1 30230
flume FR941206-1-00134 1 30236
construction FR941206-1-00134 1 30238
sites FR941206-1-00134 1 30239
culverts FR941206-1-00134 1 30242
less FR941206-1-00134 6 30244 30307 30418 30604 31252 31321
80 FR941206-1-00134 1 30246
feet FR941206-1-00134 1 30247
length FR941206-1-00134 2 30249 30317
intermittent FR941206-1-00134 1 30252
flow FR941206-1-00134 1 30253
culvert FR941206-1-00134 1 30259
driveway FR941206-1-00134 1 30262
roadside FR941206-1-00134 1 30265
ditch FR941206-1-00134 1 30266
skids FR941206-1-00134 1 30271
sewage FR941206-1-00134 1 30274
service FR941206-1-00134 2 30275 30291
written FR941206-1-00134 1 30277
consent FR941206-1-00134 2 30278 30450
publicly FR941206-1-00134 1 30281
owned FR941206-1-00134 2 30282 31177
treatment FR941206-1-00134 1 30283
works FR941206-1-00134 1 30284
potw FR941206-1-00134 1 30286
steam FR941206-1-00134 1 30290
totally FR941206-1-00134 2 30294 31466
enclosed FR941206-1-00134 2 30295 31467
compressed FR941206-1-00134 1 30296
irrigation FR941206-1-00134 1 30301
20 FR941206-1-00134 1 30309
inches FR941206-1-00134 1 30310
diameter FR941206-1-00134 1 30312
200 FR941206-1-00134 1 30314
miles FR941206-1-00134 1 30315
structural FR941206-1-00134 1 30322
fence FR941206-1-00134 1 30326
posts FR941206-1-00134 3 30327 30330 30333
gate FR941206-1-00134 1 30332
bridge FR941206-1-00134 1 30335
supports FR941206-1-00134 1 30336
overhead FR941206-1-00134 2 30339 31123
cross FR941206-1-00134 1 30341
members FR941206-1-00134 1 30342
' FR941206-1-00134 1 30348
reactions FR941206-1-00134 1 30349
suitable FR941206-1-00134 1 30379
reader FR941206-1-00134 1 30382
remember FR941206-1-00134 1 30384
provision FR941206-1-00134 4 30388 30793 30843 31259
intended FR941206-1-00134 1 30390
contaminated FR941206-1-00134 1 30392
free FR941206-1-00134 3 30399 30733 31033
flowing FR941206-1-00134 3 30400 30734 31034
liquid FR941206-1-00134 4 30401 30625 30735 31654
demonstrated FR941206-1-00134 1 30415
parallel FR941206-1-00134 1 30433
pipelines FR941206-1-00134 2 30442 30477
compressor FR941206-1-00134 2 30445 30470
aware FR941206-1-00134 1 30459
lubricants FR941206-1-00134 1 30466
plastic FR941206-1-00134 3 30503 30599 30682
cabling FR941206-1-00134 1 30511
lead FR941206-1-00134 8 30513 30917 31078 31114 31144 31181 31193 31570
pb FR941206-1-00134 1 30515
insulated FR941206-1-00134 1 30518
oilsoaked FR941206-1-00134 3 30521 30886 31574
paper FR941206-1-00134 5 30522 30887 30960 31039 31575
identified FR941206-1-00134 1 30526
anprm FR941206-1-00134 2 30531 30546
adequately FR941206-1-00134 1 30537
addressing FR941206-1-00134 1 30553
relatively FR941206-1-00134 1 30559
quantity FR941206-1-00134 1 30561
generated FR941206-1-00134 1 30564
pcbbound FR941206-1-00134 1 30576
one FR941206-1-00134 2 30579 30765
commenter FR941206-1-00134 8 30580 30614 30676 30718 30852 30876 31076 31415
requested FR941206-1-00134 1 30581
designate FR941206-1-00134 1 30584
unregulated FR941206-1-00134 2 30588 30741
encased FR941206-1-00134 2 30595 31563
ranges FR941206-1-00134 1 30602
argues FR941206-1-00134 2 30615 30677
distinct FR941206-1-00134 1 30623
b FR941206-1-00134 3 30635 30708 30866
ii FR941206-1-00134 2 30641 30714
allows FR941206-1-00134 1 30644
persons FR941206-1-00134 1 30645
except FR941206-1-00134 2 30647 31498
manufacturers FR941206-1-00134 1 30648
capacitors FR941206-1-00134 1 30655
landfills FR941206-1-00134 1 30658
extended FR941206-1-00134 1 30661
cover FR941206-1-00134 1 30663
alternatively FR941206-1-00134 1 30673
treated FR941206-1-00134 2 30686 30739
articles FR941206-1-00134 1 30691
having FR941206-1-00134 2 30693 30729
between FR941206-1-00134 1 30697
5 FR941206-1-00134 1 30711
viewed FR941206-1-00134 1 30727
section FR941206-1-00134 1 30746
provisions FR941206-1-00134 1 30753
address FR941206-1-00134 1 30757
nonn FR941206-1-00134 1 30762
using FR941206-1-00134 1 30764
four FR941206-1-00134 1 30767
options FR941206-1-00134 1 30768
: FR941206-1-00134 1 30769
incineration FR941206-1-00134 1 30770
method FR941206-1-00134 3 30784 30803 30824
approved FR941206-1-00134 1 30785
approve FR941206-1-00134 1 30799
among FR941206-1-00134 1 30806
things FR941206-1-00134 1 30808
technical FR941206-1-00134 1 30811
wastespecific FR941206-1-00134 1 30816
characteristics FR941206-1-00134 1 30817
considerations FR941206-1-00134 1 30819
flexibility FR941206-1-00134 1 30847
sought FR941206-1-00134 1 30849
expansion FR941206-1-00134 1 30856
unnecessary FR941206-1-00134 1 30864
another FR941206-1-00134 1 30875
leadsheathed FR941206-1-00134 1 30880
wrap FR941206-1-00134 1 30892
copper FR941206-1-00134 1 30894
conductors FR941206-1-00134 1 30895
typically FR941206-1-00134 3 30900 31090 31129
range FR941206-1-00134 1 30901
some FR941206-1-00134 2 30908 31104
reported FR941206-1-00134 1 30910
exceeding FR941206-1-00134 1 30912
100000 FR941206-1-00134 1 30913
discarded FR941206-1-00134 1 30916
long FR941206-1-00134 1 30923
periods FR941206-1-00134 1 30924
pending FR941206-1-00134 1 30928
changes FR941206-1-00134 1 30929
metals FR941206-1-00134 1 30932
market FR941206-1-00134 1 30933
then FR941206-1-00134 2 30936 30956
ultimately FR941206-1-00134 1 30937
sent FR941206-1-00134 1 30938
scrap FR941206-1-00134 2 30940 30954
yards FR941206-1-00134 2 30941 30955
sold FR941206-1-00134 1 30948
operations FR941206-1-00134 1 30951
burn FR941206-1-00134 1 30957
pcbsoaked FR941206-1-00134 1 30959
without FR941206-1-00134 1 30961
content FR941206-1-00134 1 30966
illegal FR941206-1-00134 1 30972
site FR941206-1-00134 1 30975
dioxins FR941206-1-00134 1 30980
dibenzofurans FR941206-1-00134 1 30983
further FR941206-1-00134 1 30985
cables FR941206-1-00134 4 30987 31680 31685 31720
conduit FR941206-1-00134 1 30994
abandoned FR941206-1-00134 3 30997 31014 31058
ripped FR941206-1-00134 1 31004
out FR941206-1-00134 3 31005 31689 31738
convenient FR941206-1-00134 1 31008
point FR941206-1-00134 1 31009
cut FR941206-1-00134 3 31011 31022 31044
protection FR941206-1-00134 1 31017
oil FR941206-1-00134 2 31027 31035
covering FR941206-1-00134 1 31047
damaged FR941206-1-00134 2 31048 31731
thereby FR941206-1-00134 1 31050
creating FR941206-1-00134 1 31051
concerns FR941206-1-00134 1 31053
runs FR941206-1-00134 1 31056
old FR941206-1-00134 1 31060
improperly FR941206-1-00134 1 31063
according FR941206-1-00134 1 31069
submitted FR941206-1-00134 1 31073
high FR941206-1-00134 1 31083
voltage FR941206-1-00134 2 31084 31288
electric FR941206-1-00134 3 31087 31271 31684
power FR941206-1-00134 3 31088 31151 31190
5000 FR941206-1-00134 1 31091
volts FR941206-1-00134 1 31092
quite FR941206-1-00134 1 31103
about FR941206-1-00134 1 31107
can FR941206-1-00134 2 31116 31736
everywhere FR941206-1-00134 1 31119
lines FR941206-1-00134 1 31125
underground FR941206-1-00134 3 31133 31619 31645
submerged FR941206-1-00134 1 31135
submersible FR941206-1-00134 1 31138
particular FR941206-1-00134 1 31142
supply FR941206-1-00134 1 31149
primary FR941206-1-00134 2 31150 31189
vaulted FR941206-1-00134 1 31153
network FR941206-1-00134 1 31154
subway FR941206-1-00134 1 31158
transformers FR941206-1-00134 2 31159 31664
almost FR941206-1-00134 1 31161
utilities FR941206-1-00134 2 31163 31278
serving FR941206-1-00134 1 31164
metropolitan FR941206-1-00134 1 31165
areas FR941206-1-00134 1 31166
large FR941206-1-00134 2 31169 31184
own FR941206-1-00134 1 31174
quantities FR941206-1-00134 1 31179
commercial FR941206-1-00134 1 31185
distribute FR941206-1-00134 1 31188
47 FR941206-1-00134 1 31199
fr FR941206-1-00134 1 31200
37352 FR941206-1-00134 1 31201
promulgated FR941206-1-00134 2 31205 31437
servicing FR941206-1-00134 2 31222 31380
serviced FR941206-1-00134 1 31242
rebuilding FR941206-1-00134 1 31245
dielectric FR941206-1-00134 3 31249 31308 31659
fluid FR941206-1-00134 3 31250 31309 31660
study FR941206-1-00134 1 31266
edison FR941206-1-00134 1 31270
eei FR941206-1-00134 1 31274
activities FR941206-1-00134 1 31281
group FR941206-1-00134 1 31282
uswag FR941206-1-00134 1 31284
regulators FR941206-1-00134 1 31289
switches FR941206-1-00134 1 31291
electromagnets FR941206-1-00134 1 31293
mineral FR941206-1-00134 1 31298
oilfilled FR941206-1-00134 4 31299 31317 31353 31551
designed FR941206-1-00134 1 31304
record FR941206-1-00134 2 31313 31329
previous FR941206-1-00134 1 31327
6 FR941206-1-00134 1 31332
support FR941206-1-00134 1 31334
document FR941206-1-00134 1 31335
response FR941206-1-00134 1 31343
august FR941206-1-00134 1 31347
1982 FR941206-1-00134 1 31348
reached FR941206-1-00134 2 31361 31472
lifecycle FR941206-1-00134 1 31366
followed FR941206-1-00134 1 31391
least FR941206-1-00134 1 31403
issue FR941206-1-00134 1 31410
raised FR941206-1-00134 1 31412
types FR941206-1-00134 1 31419
exist FR941206-1-00134 1 31426
anticipated FR941206-1-00134 1 31430
reflected FR941206-1-00134 1 31440
iid2 FR941206-1-00134 1 31443
expressly FR941206-1-00134 1 31455
manner FR941206-1-00134 1 31468
processing FR941206-1-00134 1 31492
continue FR941206-1-00134 1 31505
inserted FR941206-1-00134 1 31526
expand FR941206-1-00134 1 31533
interpretation FR941206-1-00134 1 31535
welcomes FR941206-1-00134 1 31579
workers FR941206-1-00134 1 31602
public FR941206-1-00134 1 31606
example FR941206-1-00134 1 31613
highvoltage FR941206-1-00134 2 31615 31695
conductor FR941206-1-00134 1 31630
1954 FR941206-1-00134 1 31634
bureau FR941206-1-00134 2 31638 31667
published FR941206-1-00134 2 31641 31669
fireresistance FR941206-1-00134 1 31642
standards FR941206-1-00134 1 31643
requiring FR941206-1-00134 1 31652
none FR941206-1-00134 1 31653
liquidfilled FR941206-1-00134 1 31663
fire FR941206-1-00134 2 31671 31712
mandatory FR941206-1-00134 1 31676
trailing FR941206-1-00134 2 31679 31719
reeled FR941206-1-00134 1 31688
back FR941206-1-00134 1 31691
mining FR941206-1-00134 1 31696
continuous FR941206-1-00134 1 31700
miners FR941206-1-00134 1 31701
shuttle FR941206-1-00134 1 31703
cars FR941206-1-00134 1 31704
56 FR941206-1-00134 1 31708
resistance FR941206-1-00134 1 31713
considered FR941206-1-00134 1 31716
prudent FR941206-1-00134 1 31717
lie FR941206-1-00134 1 31723
mine FR941206-1-00134 1 31726
floor FR941206-1-00134 1 31727
travel FR941206-1-00134 1 31734
short FR941206-1-00134 1 31737
causing FR941206-1-00134 1 31740
